instance mcsplit-si-ll mcsplit-si-dom mcsplit-si-dom-D1 mcsplit-si-dom-D2 mcsplit-si-static mcsplit-si-adjmat-dom glasgow glasgow-nosupp ri ri-ds vf3
grid2-2-knight4-SAT 0 0 0 0 0 0 0 0 0 0 0
grid2-3-knight4-UNSAT 0 0 0 0 0 0 0 0 0 0 0
grid2-5-knight5-SAT 0 0 0 0 0 0 0 0 0 0 0
grid2-6-knight5-UNSAT 0 0 0 0 0 0 0 0 0 0 0
grid2-8-knight6-SAT 0 0 0 0 0 0 0 0 0 0 0
grid2-9-knight6-UNSAT 0 1 1 1 1 1 2 3 3 2 4
grid2-8-knight7-SAT 0 0 0 0 0 0 0 0 0 0 0
grid2-9-knight7-UNSAT 4 5 4 4 8 10 11 16 15 12 20
grid2-10-knight8-SAT 0 0 0 0 0 0 2 1 0 0 0
grid2-11-knight8-UNSAT 16 20 20 20 20 25 44 56 59 55 87
grid2-12-knight9-SAT 1 1 2 2 1 2 2 2 1 1 0
grid2-13-knight9-UNSAT 63 80 122 135 139 103 346 266 328 213 347
grid2-15-knight10-SAT 9 12 12 12 13 16 96 38 15 15 29
grid2-16-knight10-UNSAT 271 332 378 370 393 477 1018 1214 904 628 1372
grid2-19-knight11-SAT 20 25 25 25 27 34 657 69 31 21 0
grid2-20-knight11-UNSAT 1304 1688 1684 1664 1754 2255 5842 7114 4306 2893 6633
grid2-24-knight12-SAT 4823 6064 6012 6044 5442 8751 22606 20984 361 143 209
grid2-25-knight12-UNSAT 7755 9771 9761 9729 9863 13926 46025 54991 26015 17022 38226
grid2-28-knight13-SAT 6292 8244 8382 8273 7593 12092 60227 45293 1540 1011 2280
grid2-29-knight13-UNSAT 58981 74643 75882 74393 74414 110116 397118 469075 200569 126200 292810
grid2-32-knight14-SAT 2785 3764 3816 3751 3448 5455 1908 255703 112666 69164 158409
grid2-33-knight14-UNSAT 554312 708512 712057 712763 689843 1057102 4218985 5085722 1948045 1181060 2784494
grid2-36-knight15-SAT 3866617 5121895 5131685 5194282 4446032 7825426 10000560 10000923 79608 50529 2
grid2-37-knight15-UNSAT 6078311 7752565 7729771 7746493 7472274 10000000 10000576 10002317 TIMEOUT TIMEOUT TIMEOUT
grid2-40-knight16-SAT 528770 726421 727209 720910 648404 1097532 10001221 8081209 45975 27932 9641
grid2-41-knight16-UNSAT 10000000 10000000 10000000 10000000 10000000 10000000 10000614 10001004 TIMEOUT TIMEOUT TIMEOUT
grid2-46-knight17-SAT 6858293 9458240 9417425 9414033 8319798 10000000 10001211 10002142 TIMEOUT TIMEOUT TIMEOUT
grid2-47-knight17-UNSAT 10000000 10000000 10000000 10000000 10000000 10000000 10000579 10002044 TIMEOUT TIMEOUT TIMEOUT
grid2-52-knight18-SAT 10000000 10000000 10000000 10000000 10000000 10000000 10001004 10001887 TIMEOUT TIMEOUT TIMEOUT
grid2-53-knight18-UNSAT 10000000 10000000 10000000 10000000 10000000 10000000 10001069 10001901 TIMEOUT TIMEOUT TIMEOUT
grid3-1-knight4-SAT 0 0 0 0 0 0 0 0 0 0 0
grid3-2-knight4-UNSAT 0 0 0 0 0 0 0 0 0 0 0
grid3-3-knight5-SAT 0 0 0 0 0 0 0 0 0 0 0
grid3-4-knight5-UNSAT 0 0 0 0 0 0 0 0 0 0 0
grid3-4-knight6-SAT 0 0 0 0 0 0 0 0 0 0 0
grid3-5-knight6-UNSAT 0 0 0 0 0 1 1 1 1 1 2
grid3-5-knight7-SAT 0 0 0 0 0 0 0 0 0 0 1
grid3-6-knight7-UNSAT 1 2 3 3 2 3 4 9 8 6 19
grid3-6-knight8-SAT 0 0 0 0 0 0 1 1 1 1 2
grid3-7-knight8-UNSAT 7 8 13 8 15 11 27 21 27 25 98
grid3-7-knight9-SAT 1 0 1 1 1 1 1 0 2 1 11
grid3-8-knight9-UNSAT 31 25 25 25 25 38 49 74 71 52 676
grid3-10-knight10-SAT 28 13 13 13 11 21 43 82 6 4 495
grid3-11-knight10-UNSAT 132 72 109 72 103 151 276 268 263 169 18366
grid3-11-knight11-SAT 336 190 249 153 157 244 138 316 7 7 2846
grid3-12-knight11-UNSAT 366 214 215 216 202 324 428 675 452 300 144804
grid3-12-knight12-SAT 101 44 73 43 70 69 15 10 20 9 16318
grid3-13-knight12-UNSAT 882 456 469 472 413 753 1185 1730 1072 718 1068134
grid3-14-knight13-SAT 266 152 157 159 162 178 103 266 23 24 339317
grid3-15-knight13-UNSAT 1744 1041 960 961 939 1600 3217 4382 2308 1616 TIMEOUT
grid3-16-knight14-SAT 51 22 13 13 28 37 401 332 540 322 TIMEOUT
grid3-17-knight14-UNSAT 3396 2350 2345 2401 2266 4062 9446 11866 5952 3952 TIMEOUT
grid3-20-knight15-SAT 34 17 17 17 99 31 107 964 257 144 TIMEOUT
grid3-21-knight15-UNSAT 6870 5899 5877 5878 5742 10696 31605 37561 15769 9861 TIMEOUT
grid3-21-knight16-SAT 8 12 12 12 2 13 12 10 117 115 TIMEOUT
grid3-22-knight16-UNSAT 15705 15858 16135 15869 15638 30149 87891 101664 43569 26497 TIMEOUT
grid3-25-knight17-SAT 169 173 167 196 459 208 654 6053 367 175 TIMEOUT
grid3-26-knight17-UNSAT 40087 48187 48621 47632 47474 94907 353674 402606 130581 79294 TIMEOUT
grid3-28-knight18-SAT 1500 1637 1877 1689 3367 3217 497 6070 472 351 TIMEOUT
grid3-29-knight18-UNSAT 126546 169260 166915 165983 162944 340829 1323311 1502699 458452 274748 TIMEOUT
grid3-32-knight19-SAT 4404 4699 4721 4732 11058 9319 9487 19636 1248 668 TIMEOUT
grid3-33-knight19-UNSAT 508981 706358 709651 709018 695556 1477335 6068927 6848586 1855510 1131217 TIMEOUT
grid3-34-knight20-SAT 20240 22487 22429 22623 49976 44650 50483 17377 3619 2075 TIMEOUT
grid3-35-knight20-UNSAT 2542585 3613463 3591735 3588088 3398732 7477294 10000830 10001274 8834137 5579385 TIMEOUT
grid3-41-knight21-SAT 10000000 10000000 10000000 10000000 10000000 10000000 633200 10001175 247357 151094 TIMEOUT
grid3-42-knight21-UNSAT 10000000 10000000 10000000 10000000 10000000 10000000 10000684 10001068 TIMEOUT TIMEOUT TIMEOUT
grid3-44-knight22-SAT 413213 454428 452434 453735 1159404 946761 10000654 10001162 1444944 867017 TIMEOUT
grid3-45-knight22-UNSAT 10000000 10000000 10000000 10000000 10000000 10000001 10000655 10001189 TIMEOUT TIMEOUT TIMEOUT
grid3-49-knight23-SAT 10000000 10000000 10000000 10000000 10000000 10000001 10000723 10000982 TIMEOUT TIMEOUT TIMEOUT
grid3-50-knight23-UNSAT 10000000 10000000 10000000 10000000 10000000 10000001 10000652 10001008 TIMEOUT TIMEOUT TIMEOUT
grid3-53-knight24-SAT 10000000 10000000 10000000 10000000 10000000 10000001 10000673 10000921 TIMEOUT TIMEOUT TIMEOUT
grid3-54-knight24-UNSAT 10000000 10000000 10000000 10000000 10000000 10000001 10000614 10000992 TIMEOUT TIMEOUT TIMEOUT
grid4-1-knight4-SAT 0 0 0 0 0 0 0 0 0 0 0
grid4-2-knight4-UNSAT 0 0 0 0 0 0 0 0 0 0 0
grid4-2-knight5-SAT 0 0 0 0 0 0 0 0 0 0 0
grid4-3-knight5-UNSAT 0 0 0 0 0 0 0 0 0 0 0
grid4-4-knight6-SAT 0 0 0 0 0 0 0 0 0 0 0
grid4-5-knight6-UNSAT 0 0 0 0 0 0 0 0 0 0 1
grid4-4-knight7-SAT 0 0 0 0 0 0 0 0 0 0 0
grid4-5-knight7-UNSAT 1 1 1 1 1 1 2 3 6 4 7
grid4-5-knight8-SAT 0 0 0 0 0 0 0 0 1 0 1
grid4-6-knight8-UNSAT 4 5 5 5 5 8 8 13 24 17 26
grid4-6-knight9-SAT 0 0 0 0 0 0 0 0 3 2 5
grid4-7-knight9-UNSAT 13 16 16 16 17 29 29 51 67 50 100
grid4-8-knight10-SAT 9 12 12 7 6 22 7 16 9 6 17
grid4-9-knight10-UNSAT 36 45 45 46 44 79 91 170 169 125 394
grid4-8-knight11-SAT 0 0 0 0 0 0 3 2 10 7 52
grid4-9-knight11-UNSAT 143 109 142 180 151 188 252 388 405 294 1136
grid4-10-knight12-SAT 25 50 30 30 37 54 55 38 288 155 970
grid4-11-knight12-UNSAT 244 275 330 292 300 478 945 1062 1033 982 5302
grid4-12-knight13-SAT 0 0 0 0 2 0 3 2 82 34 1110
grid4-13-knight13-UNSAT 403 543 525 527 617 905 1450 2315 2367 1614 27878
grid4-12-knight14-SAT 0 0 0 0 4 0 16 41 148 62 1751
grid4-13-knight14-UNSAT 824 1001 972 1003 1380 1797 3046 4490 5712 3886 77787
grid4-14-knight15-SAT 0 0 0 0 9 0 248 149 225 143 13544
grid4-15-knight15-UNSAT 1632 1857 1832 1863 3137 3585 7334 10091 15342 9944 513539
grid4-15-knight16-SAT 0 0 0 0 13 1 293 144 564 339 47322
grid4-16-knight16-UNSAT 3341 3644 3655 3656 7478 7495 16426 21315 41115 26731 2297811
grid4-17-knight17-SAT 1 0 1 0 33 1 198 1353 1525 927 333687
grid4-18-knight17-UNSAT 6724 7609 7883 7563 17891 16265 45710 56621 123495 77695 TIMEOUT
grid4-18-knight18-SAT 1 1 1 1 135 4 202 8662 3578 2138 1272063
grid4-19-knight18-UNSAT 14147 16050 16084 16196 45638 36655 108657 129768 401570 251600 TIMEOUT
grid4-20-knight19-SAT 5 5 3 5 213 7 3856 2397 11622 6835 TIMEOUT
grid4-21-knight19-UNSAT 30548 35978 35774 35796 127516 88864 271776 324167 1506207 947159 TIMEOUT
grid4-20-knight20-SAT 11 6 12 6 152 27 2847 962 25748 15672 TIMEOUT
grid4-21-knight20-UNSAT 68930 82096 82264 82649 398107 207721 621080 732090 5228512 3219790 TIMEOUT
grid4-22-knight21-SAT 27 15 15 27 1624 38 28491 4966 88504 54620 TIMEOUT
grid4-23-knight21-UNSAT 157069 193109 191769 192421 1527225 520803 1613904 1895183 TIMEOUT TIMEOUT TIMEOUT
grid4-24-knight22-SAT 61 34 34 34 5991 144 147058 55318 396498 242499 TIMEOUT
grid4-25-knight22-UNSAT 363375 462445 458684 457588 7037636 1315925 4209590 4984433 TIMEOUT TIMEOUT TIMEOUT
grid4-25-knight23-SAT 331 346 319 334 20786 822 34704 1272 1276995 746605 TIMEOUT
grid4-26-knight23-UNSAT 858442 1091449 1095927 1094781 10000000 3264003 10000473 10000566 TIMEOUT TIMEOUT TIMEOUT
grid4-26-knight24-SAT 186 243 234 234 68188 551 3214 20840 4581373 2743297 TIMEOUT
grid4-27-knight24-UNSAT 2018516 2632793 2657685 2662594 10000000 8268135 10000441 10000544 TIMEOUT TIMEOUT TIMEOUT
grid4-28-knight25-SAT 486 437 481 504 402278 1390 17448 305491 TIMEOUT TIMEOUT TIMEOUT
grid4-29-knight25-UNSAT 4868020 6336935 6299984 6334158 10000000 10000001 10000383 10000620 TIMEOUT TIMEOUT TIMEOUT
grid4-29-knight26-SAT 1124 1051 1046 1050 1529241 3345 170542 93151 TIMEOUT TIMEOUT TIMEOUT
grid4-30-knight26-UNSAT 10000000 10000000 10000000 10000000 10000000 10000002 10000375 10000545 TIMEOUT TIMEOUT TIMEOUT
grid4-31-knight27-SAT 2381 2357 2385 2548 10000000 8337 197953 1114497 TIMEOUT TIMEOUT TIMEOUT
grid4-32-knight27-UNSAT 10000000 10000000 10000000 10000000 10000000 10000002 10000309 10000468 TIMEOUT TIMEOUT TIMEOUT
grid4-32-knight28-SAT 22160 22721 21311 21434 10000000 78312 752200 333909 TIMEOUT TIMEOUT TIMEOUT
grid4-33-knight28-UNSAT 10000000 10000000 10000000 10000000 10000000 10000002 10000297 10000435 TIMEOUT TIMEOUT TIMEOUT
grid4-34-knight29-SAT 51108 51004 51112 50565 10000000 199046 1317400 4011045 TIMEOUT TIMEOUT TIMEOUT
grid4-35-knight29-UNSAT 10000000 10000000 10000000 10000000 10000000 10000002 10000257 10000387 TIMEOUT TIMEOUT TIMEOUT
grid4-35-knight30-SAT 30902 30297 30515 30158 10000000 124429 5172184 8910976 TIMEOUT TIMEOUT TIMEOUT
grid4-36-knight30-UNSAT 10000000 10000000 10000000 10000000 10000000 10000003 10000236 10000377 TIMEOUT TIMEOUT TIMEOUT
grid4-37-knight31-SAT 72381 70627 71318 70117 10000000 308661 7624052 4995648 TIMEOUT TIMEOUT TIMEOUT
grid4-38-knight31-UNSAT 10000000 10000000 10000000 10000000 10000000 10000003 10000202 10000333 TIMEOUT TIMEOUT TIMEOUT
grid4-38-knight32-SAT 171593 164913 165542 169890 10000000 760179 1253562 10000341 TIMEOUT TIMEOUT TIMEOUT
grid4-39-knight32-UNSAT 10000000 10000000 10000000 10000000 10000000 10000004 10000228 10000341 TIMEOUT TIMEOUT TIMEOUT
grid4-40-knight33-SAT 402037 388281 387420 389722 10000000 1896598 10000108 3851296 TIMEOUT TIMEOUT TIMEOUT
grid4-41-knight33-UNSAT 10000000 10000000 10000000 10000000 10000000 10000005 10000102 10000137 TIMEOUT TIMEOUT TIMEOUT
grid4-41-knight34-SAT 3913425 3907806 3868497 3879922 10000000 10000005 10000104 10000119 TIMEOUT TIMEOUT TIMEOUT
grid4-42-knight34-UNSAT 10000000 10000000 10000000 10000000 10000000 10000005 10000103 10000141 TIMEOUT TIMEOUT TIMEOUT
grid4-43-knight35-SAT 9386931 9180659 9183612 9198019 10000000 10000007 10000091 10000139 TIMEOUT TIMEOUT TIMEOUT
grid4-44-knight35-UNSAT 10000000 10000000 10000000 10000000 10000000 10000006 10000077 10000130 TIMEOUT TIMEOUT TIMEOUT
grid4-44-knight36-SAT 5134664 5001884 5108463 4985288 10000000 10000006 10000084 10000139 TIMEOUT TIMEOUT TIMEOUT
grid4-45-knight36-UNSAT 10000000 10000000 10000000 10000000 10000000 10000006 10000065 10000113 TIMEOUT TIMEOUT TIMEOUT
