instance mcsplit-mcis-sparse kdown2017 kdown2019 kdown2019-restarts family
phase-30-150-0.34-0.36-0.42-1 1000000 1000000 1000000 1000031 12
phase-30-150-0.34-0.36-0.42-2 1000000 1000000 1000000 1000041 12
phase-30-150-0.34-0.36-0.42-3 1000000 1000000 1000000 1000038 12
phase-30-150-0.34-0.36-0.42-4 1000000 1000000 1000000 1000037 12
phase-30-150-0.34-0.36-0.42-5 1000000 1000000 1000000 1000038 12
phase-30-150-0.34-0.36-0.42-6 1000000 1000000 1000000 1000024 12
phase-30-150-0.34-0.36-0.42-7 1000000 1000000 1000000 1000040 12
phase-30-150-0.34-0.36-0.42-8 1000000 1000000 1000000 1000038 12
phase-30-150-0.38-0.38-0.44-1 1000000 1000000 1000000 1000035 12
phase-30-150-0.38-0.38-0.44-2 1000000 1000000 1000000 1000034 12
phase-30-150-0.38-0.38-0.44-3 1000000 1000000 1000000 1000036 12
phase-30-150-0.38-0.38-0.44-4 1000000 1000000 1000000 1000037 12
phase-30-150-0.38-0.38-0.44-5 1000000 1000000 1000000 1000006 12
phase-30-150-0.38-0.38-0.44-6 1000000 1000000 1000000 1000035 12
phase-30-150-0.38-0.38-0.44-7 1000000 1000000 1000000 1000016 12
phase-30-150-0.38-0.38-0.44-8 1000000 1000000 1000000 1000040 12
phase-30-150-0.40-0.46-0.48-1 1000000 1000000 1000000 1000028 12
phase-30-150-0.40-0.46-0.48-2 1000000 1000000 1000000 1000031 12
phase-30-150-0.40-0.46-0.48-3 1000000 1000000 1000000 1000030 12
phase-30-150-0.40-0.46-0.48-4 1000000 1000000 1000000 1000032 12
phase-30-150-0.40-0.46-0.48-5 1000000 1000000 1000000 1000028 12
phase-30-150-0.40-0.46-0.48-6 1000000 1000000 1000000 1000029 12
phase-30-150-0.40-0.46-0.48-7 1000000 1000000 1000000 1000032 12
phase-30-150-0.40-0.46-0.48-8 1000000 1000000 1000000 1000031 12
phase-30-150-0.42-0.46-0.50-1 1000000 1000000 1000000 1000029 12
phase-30-150-0.42-0.46-0.50-2 1000000 1000000 1000000 1000030 12
phase-30-150-0.42-0.46-0.50-3 1000000 1000000 1000000 1000026 12
phase-30-150-0.42-0.46-0.50-4 1000000 1000000 1000000 1000026 12
phase-30-150-0.42-0.46-0.50-5 1000000 1000000 1000000 1000029 12
phase-30-150-0.42-0.46-0.50-6 1000000 1000000 1000000 1000031 12
phase-30-150-0.42-0.46-0.50-7 1000000 1000000 1000000 1000030 12
phase-30-150-0.42-0.46-0.50-8 1000000 1000000 1000000 1000029 12
phase-30-150-0.44-0.46-0.50-1 1000000 1000000 1000000 1000028 12
phase-30-150-0.44-0.46-0.50-2 1000000 1000000 1000000 1000035 12
phase-30-150-0.44-0.46-0.50-3 1000000 1000000 1000000 1000031 12
phase-30-150-0.44-0.46-0.50-4 1000000 1000000 1000000 1000033 12
phase-30-150-0.44-0.46-0.50-5 1000000 1000000 1000000 1000033 12
phase-30-150-0.44-0.46-0.50-6 1000000 1000000 1000000 1000031 12
phase-30-150-0.44-0.46-0.50-7 1000000 1000000 1000000 1000027 12
phase-30-150-0.44-0.46-0.50-8 1000000 1000000 1000000 1000027 12
phase-30-150-0.46-0.50-0.52-1 1000000 1000000 1000000 1000029 12
phase-30-150-0.46-0.50-0.52-2 1000000 1000000 1000000 1000029 12
phase-30-150-0.46-0.50-0.52-3 1000000 1000000 1000000 1000026 12
phase-30-150-0.46-0.50-0.52-4 1000000 1000000 1000000 1000028 12
phase-30-150-0.46-0.50-0.52-5 1000000 1000000 1000000 1000027 12
phase-30-150-0.46-0.50-0.52-6 1000000 1000000 1000000 1000025 12
phase-30-150-0.46-0.50-0.52-7 1000000 1000000 1000000 1000030 12
phase-30-150-0.46-0.50-0.52-8 1000000 1000000 1000000 1000028 12
phase-30-150-0.48-0.50-0.54-1 1000000 1000000 1000000 1000028 12
phase-30-150-0.48-0.50-0.54-2 1000000 1000000 1000000 1000026 12
phase-30-150-0.48-0.50-0.54-3 1000000 1000000 1000000 1000025 12
phase-30-150-0.48-0.50-0.54-4 1000000 1000000 1000000 1000020 12
phase-30-150-0.48-0.50-0.54-5 1000000 1000000 1000000 1000027 12
phase-30-150-0.48-0.50-0.54-6 1000000 1000000 1000000 1000026 12
phase-30-150-0.48-0.50-0.54-7 1000000 1000000 1000000 1000031 12
phase-30-150-0.48-0.50-0.54-8 1000000 1000000 1000000 1000028 12
phase-30-150-0.50-0.52-0.54-1 1000000 1000000 1000000 1000027 12
phase-30-150-0.50-0.52-0.54-2 1000000 1000000 1000000 1000027 12
phase-30-150-0.50-0.52-0.54-3 1000000 1000000 1000000 1000029 12
phase-30-150-0.50-0.52-0.54-4 1000000 1000000 1000000 1000023 12
phase-30-150-0.50-0.52-0.54-5 1000000 1000000 1000000 1000026 12
phase-30-150-0.50-0.52-0.54-6 1000000 1000000 1000000 1000023 12
phase-30-150-0.50-0.52-0.54-7 1000000 1000000 1000000 1000028 12
phase-30-150-0.50-0.52-0.54-8 1000000 1000000 1000000 1000026 12
phase-30-150-0.52-0.54-0.56-1 1000000 1000000 1000000 1000032 12
phase-30-150-0.52-0.54-0.56-2 1000000 1000000 1000000 1000029 12
phase-30-150-0.52-0.54-0.56-3 1000000 1000000 1000000 1000024 12
phase-30-150-0.52-0.54-0.56-4 1000000 1000000 1000000 1000029 12
phase-30-150-0.52-0.54-0.56-5 1000000 1000000 1000000 1000033 12
phase-30-150-0.52-0.54-0.56-6 1000000 1000000 1000000 1000024 12
phase-30-150-0.52-0.54-0.56-7 1000000 1000000 1000000 1000031 12
phase-30-150-0.52-0.54-0.56-8 1000000 1000000 1000000 1000037 12
phase-30-150-0.54-0.56-0.58-1 1000000 1000000 1000000 1000027 12
phase-30-150-0.54-0.56-0.58-2 1000000 1000000 1000000 1000019 12
phase-30-150-0.54-0.56-0.58-3 1000000 1000000 1000000 1000027 12
phase-30-150-0.54-0.56-0.58-4 1000000 1000000 1000000 1000026 12
phase-30-150-0.54-0.56-0.58-5 1000000 1000000 1000000 1000024 12
phase-30-150-0.54-0.56-0.58-6 1000000 1000000 1000000 1000028 12
phase-30-150-0.54-0.56-0.58-7 1000000 1000000 1000000 1000034 12
phase-30-150-0.54-0.56-0.58-8 1000000 1000000 1000000 1000032 12
phase-30-150-0.56-0.56-0.60-1 1000000 1000000 1000000 1000028 12
phase-30-150-0.56-0.56-0.60-2 1000000 1000000 1000000 1000028 12
phase-30-150-0.56-0.56-0.60-3 1000000 1000000 1000000 1000029 12
phase-30-150-0.56-0.56-0.60-4 1000000 1000000 1000000 1000027 12
phase-30-150-0.56-0.56-0.60-5 1000000 1000000 1000000 1000027 12
phase-30-150-0.56-0.56-0.60-6 1000000 1000000 1000000 1000030 12
phase-30-150-0.56-0.56-0.60-7 1000000 1000000 1000000 1000030 12
phase-30-150-0.56-0.56-0.60-8 1000000 1000000 1000000 1000030 12
phase-30-150-0.60-0.58-0.62-1 1000000 1000000 1000000 1000037 12
phase-30-150-0.60-0.58-0.62-2 1000000 1000000 1000000 1000029 12
phase-30-150-0.60-0.58-0.62-3 1000000 1000000 1000000 1000035 12
phase-30-150-0.60-0.58-0.62-4 1000000 1000000 1000000 1000036 12
phase-30-150-0.60-0.58-0.62-5 1000000 1000000 1000000 1000029 12
phase-30-150-0.60-0.58-0.62-6 1000000 1000000 1000000 1000034 12
phase-30-150-0.60-0.58-0.62-7 1000000 1000000 1000000 1000028 12
phase-30-150-0.60-0.58-0.62-8 1000000 1000000 1000000 1000025 12
phase-30-150-0.64-0.62-0.64-1 1000000 1000000 1000000 1000027 12
phase-30-150-0.64-0.62-0.64-2 1000000 1000000 1000000 1000030 12
phase-30-150-0.64-0.62-0.64-3 1000000 1000000 1000000 1000032 12
phase-30-150-0.64-0.62-0.64-4 1000000 1000000 1000000 1000038 12
phase-30-150-0.64-0.62-0.64-5 1000000 1000000 1000000 1000034 12
phase-30-150-0.64-0.62-0.64-6 1000000 1000000 1000000 1000037 12
phase-30-150-0.64-0.62-0.64-7 1000000 1000000 1000000 1000035 12
phase-30-150-0.64-0.62-0.64-8 1000000 1000000 1000000 1000030 12
phase-30-150-0.66-0.64-0.66-1 1000000 1000000 1000000 1000034 12
phase-30-150-0.66-0.64-0.66-2 1000000 1000000 1000000 1000008 12
phase-30-150-0.66-0.64-0.66-3 1000000 1000000 1000000 1000037 12
phase-30-150-0.66-0.64-0.66-4 1000000 1000000 1000000 1000019 12
phase-30-150-0.66-0.64-0.66-5 1000000 1000000 1000000 1000029 12
phase-30-150-0.66-0.64-0.66-6 1000000 1000000 1000000 1000037 12
phase-30-150-0.66-0.64-0.66-7 1000000 1000000 1000000 1000030 12
phase-30-150-0.66-0.64-0.66-8 1000000 1000000 1000000 1000032 12
phase-30-150-0.68-0.64-0.68-1 1000000 1000000 1000000 1000015 12
phase-30-150-0.68-0.64-0.68-2 1000000 1000000 1000000 1000020 12
phase-30-150-0.68-0.64-0.68-3 1000000 1000000 1000000 1000004 12
phase-30-150-0.68-0.64-0.68-4 1000000 1000000 1000000 1000009 12
phase-30-150-0.68-0.64-0.68-5 1000000 1000000 1000000 1000032 12
phase-30-150-0.68-0.64-0.68-6 1000000 1000000 1000000 1000037 12
phase-30-150-0.68-0.64-0.68-7 1000000 1000000 1000000 1000034 12
phase-30-150-0.68-0.64-0.68-8 1000000 1000000 1000000 1000031 12
phase-30-150-0.70-0.66-0.70-1 1000000 1000000 1000000 1000027 12
phase-30-150-0.70-0.66-0.70-2 1000000 1000000 1000000 1000032 12
phase-30-150-0.70-0.66-0.70-3 1000000 1000000 1000000 1000015 12
phase-30-150-0.70-0.66-0.70-4 1000000 1000000 1000000 1000015 12
phase-30-150-0.70-0.66-0.70-5 1000000 1000000 1000000 1000023 12
phase-30-150-0.70-0.66-0.70-6 1000000 1000000 1000000 1000016 12
phase-30-150-0.70-0.66-0.70-7 1000000 1000000 1000000 1000012 12
phase-30-150-0.70-0.66-0.70-8 1000000 1000000 1000000 1000029 12
phase-30-150-0.72-0.66-0.70-1 1000000 1000000 1000000 1000029 12
phase-30-150-0.72-0.66-0.70-2 1000000 1000000 1000000 1000009 12
phase-30-150-0.72-0.66-0.70-3 1000000 1000000 1000000 1000020 12
phase-30-150-0.72-0.66-0.70-4 1000000 1000000 1000000 1000041 12
phase-30-150-0.72-0.66-0.70-5 1000000 1000000 1000000 1000044 12
phase-30-150-0.72-0.66-0.70-6 1000000 1000000 1000000 1000033 12
phase-30-150-0.72-0.66-0.70-7 1000000 1000000 1000000 1000033 12
phase-30-150-0.72-0.66-0.70-8 1000000 1000000 1000000 1000039 12
phase-30-150-0.74-0.68-0.70-1 1000000 1000000 1000000 1000024 12
phase-30-150-0.74-0.68-0.70-2 1000000 1000000 1000000 1000025 12
phase-30-150-0.74-0.68-0.70-3 1000000 1000000 1000000 1000004 12
phase-30-150-0.74-0.68-0.70-4 1000000 1000000 1000000 1000026 12
phase-30-150-0.74-0.68-0.70-5 1000000 1000000 1000000 1000042 12
phase-30-150-0.74-0.68-0.70-6 1000000 1000000 1000000 1000042 12
phase-30-150-0.74-0.68-0.70-7 1000000 1000000 1000000 1000030 12
phase-30-150-0.74-0.68-0.70-8 1000000 1000000 1000000 1000039 12
phase-30-150-0.76-0.70-0.72-1 1000000 1000000 1000000 1000055 12
phase-30-150-0.76-0.70-0.72-2 1000000 1000000 1000000 1000037 12
phase-30-150-0.76-0.70-0.72-3 1000000 1000000 1000000 1000025 12
phase-30-150-0.76-0.70-0.72-4 1000000 1000000 1000000 1000032 12
phase-30-150-0.76-0.70-0.72-5 1000000 1000000 1000000 1000029 12
phase-30-150-0.76-0.70-0.72-6 1000000 1000000 1000000 1000003 12
phase-30-150-0.76-0.70-0.72-7 1000000 1000000 1000000 1000036 12
phase-30-150-0.76-0.70-0.72-8 1000000 1000000 1000000 1000041 12
phase-30-150-0.78-0.72-0.74-1 1000000 1000000 1000000 1000037 12
phase-30-150-0.78-0.72-0.74-2 1000000 1000000 1000000 1000036 12
phase-30-150-0.78-0.72-0.74-3 1000000 1000000 1000000 1000005 12
phase-30-150-0.78-0.72-0.74-4 1000000 1000000 1000000 1000018 12
phase-30-150-0.78-0.72-0.74-5 1000000 1000000 1000000 1000028 12
phase-30-150-0.78-0.72-0.74-6 1000000 1000000 1000000 1000034 12
phase-30-150-0.78-0.72-0.74-7 1000000 1000000 1000000 1000037 12
phase-30-150-0.78-0.72-0.74-8 1000000 1000000 1000000 1000041 12
phase-30-150-0.80-0.72-0.74-1 1000000 1000000 1000000 1000033 12
phase-30-150-0.80-0.72-0.74-2 1000000 1000000 1000000 1000037 12
phase-30-150-0.80-0.72-0.74-3 1000000 1000000 1000000 1000033 12
phase-30-150-0.80-0.72-0.74-4 1000000 1000000 1000000 1000037 12
phase-30-150-0.80-0.72-0.74-5 1000000 1000000 1000000 1000035 12
phase-30-150-0.80-0.72-0.74-6 1000000 1000000 1000000 1000042 12
phase-30-150-0.80-0.72-0.74-7 1000000 1000000 1000000 1000024 12
phase-30-150-0.80-0.72-0.74-8 1000000 1000000 1000000 1000005 12
phase-30-150-0.82-0.74-0.76-1 1000000 1000000 1000000 1000007 12
phase-30-150-0.82-0.74-0.76-2 1000000 1000000 1000000 1000027 12
phase-30-150-0.82-0.74-0.76-3 1000000 1000000 1000000 1000020 12
phase-30-150-0.82-0.74-0.76-4 1000000 1000000 1000000 1000037 12
phase-30-150-0.82-0.74-0.76-5 1000000 1000000 1000000 1000033 12
phase-30-150-0.82-0.74-0.76-6 1000000 1000000 1000000 1000036 12
phase-30-150-0.82-0.74-0.76-7 1000000 1000000 1000000 1000037 12
phase-30-150-0.82-0.74-0.76-8 1000000 1000000 1000000 1000022 12
phase-30-150-0.84-0.74-0.76-1 1000000 1000000 1000000 1000027 12
phase-30-150-0.84-0.74-0.76-2 1000000 1000000 1000000 1000011 12
phase-30-150-0.84-0.74-0.76-3 1000000 1000000 1000000 1000036 12
phase-30-150-0.84-0.74-0.76-4 1000000 1000000 1000000 1000037 12
phase-30-150-0.84-0.74-0.76-5 1000000 1000000 1000000 1000022 12
phase-30-150-0.84-0.74-0.76-6 1000000 1000000 1000000 1000035 12
phase-30-150-0.84-0.74-0.76-7 1000000 1000000 1000000 1000031 12
phase-30-150-0.84-0.74-0.76-8 1000000 1000000 1000000 1000040 12
phase-30-150-0.84-0.76-0.76-1 1000000 1000000 1000000 1000033 12
phase-30-150-0.84-0.76-0.76-2 1000000 1000000 1000000 1000012 12
phase-30-150-0.84-0.76-0.76-3 1000000 1000000 1000000 1000034 12
phase-30-150-0.84-0.76-0.76-4 1000000 1000000 1000000 1000040 12
phase-30-150-0.84-0.76-0.76-5 1000000 1000000 1000000 1000035 12
phase-30-150-0.84-0.76-0.76-6 1000000 1000000 1000000 1000033 12
phase-30-150-0.84-0.76-0.76-7 1000000 1000000 1000000 1000042 12
phase-30-150-0.84-0.76-0.76-8 1000000 1000000 1000000 1000035 12
phase-30-150-0.86-0.76-0.78-1 1000000 1000000 1000000 1000036 12
phase-30-150-0.86-0.76-0.78-2 1000000 1000000 1000000 1000045 12
phase-30-150-0.86-0.76-0.78-3 1000000 1000000 1000000 1000035 12
phase-30-150-0.86-0.76-0.78-4 1000000 1000000 1000000 1000036 12
phase-30-150-0.86-0.76-0.78-5 1000000 1000000 1000000 1000034 12
phase-30-150-0.86-0.76-0.78-6 1000000 1000000 1000000 1000036 12
phase-30-150-0.86-0.76-0.78-7 1000000 1000000 1000000 1000046 12
phase-30-150-0.86-0.76-0.78-8 1000000 1000000 1000000 1000034 12
