instance n1 density1 n2 density2 mcsplit mcsplit+f mcsplit+bigf
r-831 30 0.0666667 30 0.0666667 496 496 496
r-363 49 0.331633 49 0.331633 -1 -1 -1
r-190 13 0.461538 13 0.461538 208 209 196
r-17 16 0.458333 16 0.458333 104 101 108
r-899 13 0.461538 13 0.461538 913 876 816
r-696 39 0.472335 39 0.472335 240210411 227521777 179898808
r-86 19 0.350877 19 0.350877 10524 9760 8972
r-366 35 0.393277 35 0.393277 140750643 153450935 113899417
r-565 40 0.492308 40 0.492308 99213068 97256141 69129931
r-291 40 0.45 40 0.45 1781932 1464637 1308955
r-709 42 0.315912 42 0.315912 -1 -1 -1
r-823 39 0.364372 39 0.364372 19760 23213 24675
r-597 13 0.384615 13 0.384615 103 96 94
r-866 50 0.372245 50 0.372245 -1 -1 -1
r-166 15 0.247619 15 0.247619 3261 3297 1795
r-6 20 0.521053 20 0.521053 7910 8321 9094
r-293 32 0.352823 32 0.352823 524 566 465
r-815 24 0.289855 24 0.289855 570 544 545
r-299 17 0.220588 17 0.220588 157 157 157
r-893 11 0.545455 11 0.545455 63 64 64
r-834 20 0.394737 20 0.394737 54675 48049 47599
r-715 35 0.292437 35 0.292437 962 998 939
r-684 28 0.452381 28 0.452381 25312 21084 17753
r-277 44 0.485201 44 0.485201 144496322 141043790 68080264
r-193 20 0.521053 20 0.521053 5415 5056 5992
r-172 16 0.125 16 0.125 153 153 153
r-206 45 0.511111 45 0.511111 286632772 353501312 195167801
r-182 38 0.341394 38 0.341394 372382690 343078598 233226157
r-93 26 0.409231 26 0.409231 2755898 2737878 2240296
r-327 36 0.0555556 36 0.0555556 703 703 703
r-108 11 0.509091 11 0.509091 234 204 189
r-637 49 0.278912 49 0.278912 -1 -1 -1
r-380 35 0.329412 35 0.329412 121591218 142609398 101846598
r-415 41 0.460976 41 0.460976 416103932 398892180 244857959
r-743 13 0.538462 13 0.538462 495 535 628
r-727 13 0.282051 13 0.282051 95 95 95
r-940 30 0.434483 30 0.434483 14496617 14153096 11001130
r-272 40 0.480769 40 0.480769 11956326 11421924 9827458
r-375 35 0.393277 35 0.393277 179016209 183335708 139180014
r-508 15 0.514286 15 0.514286 2273 1959 1186
r-334 40 0.224359 40 0.224359 1335 1404 1371
r-69 29 0.487685 29 0.487685 65608 73998 77261
r-15 28 0.388889 28 0.388889 1790 1741 1144
r-156 37 0.105105 37 0.105105 7019566 14352442 20436303
r-579 40 0.384615 40 0.384615 45007 40717 21121
r-413 39 0.510121 39 0.510121 52380448 65788060 39283196
r-532 45 0.165657 45 0.165657 778 778 778
r-813 16 0.125 16 0.125 153 153 153
r-768 12 0.484848 12 0.484848 93 101 97
r-325 16 0.233333 16 0.233333 2209 2309 1842
r-817 12 0.166667 12 0.166667 91 91 91
r-905 47 0.194265 47 0.194265 852 852 854
r-23 46 0.0434783 46 0.0434783 1128 1128 1128
r-294 32 0.314516 32 0.314516 20385551 21917628 12628352
r-560 39 0.504723 39 0.504723 12823156 16676575 12900972
r-223 43 0.504983 43 0.504983 45483081 56544707 34317306
r-464 26 0.147692 26 0.147692 86469 140297 825616
r-323 20 0.442105 20 0.442105 293 313 255
r-750 12 0.409091 12 0.409091 1862 1618 1308
r-393 20 0.478947 20 0.478947 1192 1182 946
r-676 38 0.462304 38 0.462304 158969636 156192334 125508692
r-153 35 0.0571429 35 0.0571429 666 666 666
r-780 34 0.513369 34 0.513369 2404488 2591093 1655984
r-281 25 0.52 25 0.52 142677 172956 127659
r-46 19 0.409357 19 0.409357 119 118 120
r-528 23 0.403162 23 0.403162 499 563 544
r-339 47 0.159112 47 0.159112 1795 1757 1794
r-892 34 0.114082 34 0.114082 7218918 6121959 2983464
r-922 50 0.21551 50 0.21551 -1 -1 -1
r-113 48 0.509752 48 0.509752 766016566 1009113404 534576903
r-521 48 0.50266 48 0.50266 1211556378 1456745079 880452463
r-308 22 0.506494 22 0.506494 13991 13294 10298
r-42 24 0.228261 24 0.228261 181770 205804 146740
r-155 47 0.316374 47 0.316374 8924 9065 8823
r-687 42 0.344948 42 0.344948 -1 -1 -1
r-198 44 0.510571 44 0.510571 67577309 87186470 54097261
r-702 12 0.409091 12 0.409091 89 83 81
r-626 18 0.522876 18 0.522876 18684 14668 11680
r-160 48 0.507092 48 0.507092 474674197 555224777 298250810
r-509 16 0.458333 16 0.458333 4555 3505 2480
r-950 16 0.525 16 0.525 2895 2609 3634
r-621 43 0.33887 43 0.33887 11650 9862 8090
r-360 31 0.232258 31 0.232258 13136194 17076386 14899185
r-873 50 0.509388 50 0.509388 1395752863 2059506534 1029907113
r-951 18 0.424837 18 0.424837 34059 32545 27248
r-230 29 0.46798 29 0.46798 81405 74264 90820
r-874 31 0.395699 31 0.395699 1989 2078 1800
r-176 19 0.105263 19 0.105263 210 210 210
r-580 42 0.0929152 42 0.0929152 907 907 907
r-553 49 0.355442 49 0.355442 -1 -1 -1
r-617 39 0.267206 39 0.267206 376879706 501826823 457293848
r-382 10 0.555556 10 0.555556 94 94 102
r-248 39 0.415655 39 0.415655 620825144 725969556 566034072
r-803 42 0.437863 42 0.437863 1888451057 1995310136 1428646617
r-636 36 0.436508 36 0.436508 109032 97800 99989
r-492 38 0.513514 38 0.513514 36313745 45045701 26038977
r-591 21 0.428571 21 0.428571 384 403 355
r-55 49 0.462585 49 0.462585 20236067 19779807 13569799
r-929 18 0.522876 18 0.522876 557 618 572
r-170 49 0.153061 49 0.153061 -1 -1 -1
r-123 11 0.436364 11 0.436364 64 64 64
r-839 25 0.453333 25 0.453333 19836 19558 25381
r-389 13 0.461538 13 0.461538 391 399 336
r-80 18 0.503268 18 0.503268 5939 5343 4270
r-678 41 0.256098 41 0.256098 1306 1338 1229
r-762 30 0.404598 30 0.404598 30294966 31941082 20533159
r-22 47 0.316374 47 0.316374 32171 63589 66768
r-698 18 0.470588 18 0.470588 1001 1017 899
r-700 46 0.29372 46 0.29372 -1 -1 -1
r-912 26 0.212308 26 0.212308 293 293 293
r-494 48 0.31117 48 0.31117 -1 -1 -1
r-785 16 0.525 16 0.525 2278 2374 1141
r-657 47 0.194265 47 0.194265 -1 -1 -1
r-165 21 0.428571 21 0.428571 146696 142593 111314
r-479 46 0.511111 46 0.511111 159825105 210997992 91676287
r-904 23 0.521739 23 0.521739 147691 135868 90013
r-690 44 0.206131 44 0.206131 1197 1192 1226
r-932 28 0.42328 28 0.42328 6577 6097 5646
r-981 29 0.246305 29 0.246305 4813152 4796964 2577530
r-270 41 0.47561 41 0.47561 326675122 301554185 233982571
r-409 19 0.350877 19 0.350877 35321 30670 23285
r-755 12 0.409091 12 0.409091 75 75 75
r-673 15 0.247619 15 0.247619 124 124 124
r-344 25 0.333333 25 0.333333 1466752 1559457 1086822
r-168 24 0.521739 24 0.521739 198217 189012 134132
r-437 12 0.409091 12 0.409091 75 83 81
r-876 35 0.420168 35 0.420168 19641 20944 17408
r-188 14 0.494505 14 0.494505 192 207 153
r-573 33 0.0606061 33 0.0606061 595 595 595
r-134 18 0.294118 18 0.294118 11288 9776 7236
r-303 13 0.153846 13 0.153846 105 105 105
r-423 21 0.428571 21 0.428571 1206 1226 1097
r-101 35 0.504202 35 0.504202 6209490 6056629 3378827
r-158 48 0.43883 48 0.43883 16239383 23958372 8909752
r-365 19 0.280702 19 0.280702 180 180 180
r-254 40 0.0974359 40 0.0974359 106970588 328740995 104752789
r-651 25 0.5 25 0.5 57533 47556 37983
r-209 28 0.388889 28 0.388889 7037652 7020734 5784285
r-84 42 0.047619 42 0.047619 946 946 946
r-195 13 0.512821 13 0.512821 385 399 421
r-477 25 0.153333 25 0.153333 329 329 329
r-286 42 0.176539 42 0.176539 564874654 661719054 405061912
r-506 44 0.494715 44 0.494715 97532063 83690853 56638067
r-215 28 0.388889 28 0.388889 5825265 5974042 4549861
r-177 47 0.388529 47 0.388529 2283533 1591391 1130899
r-282 47 0.499537 47 0.499537 346706611 360521656 253580790
r-109 49 0.44898 49 0.44898 -1 -1 -1
r-104 43 0.389812 43 0.389812 1653809028 1779056430 1306420561
r-249 24 0.431159 24 0.431159 348028 284701 234217
r-251 38 0.0526316 38 0.0526316 780 780 780
r-833 18 0.20915 18 0.20915 175 175 175
r-680 50 0.480816 50 0.480816 90477745 82840065 65135118
r-542 18 0.424837 18 0.424837 26853 25260 22875
r-26 15 0.419048 15 0.419048 255 254 237
r-797 19 0.526316 19 0.526316 7177 6080 5323
r-371 20 0.336842 20 0.336842 24203 18704 15693
r-98 24 0.431159 24 0.431159 1387 1409 1084
r-65 48 0.507092 48 0.507092 208057897 318240601 180905431
r-916 49 0.505102 49 0.505102 1371101172 1665297288 982917160
r-458 47 0.259019 47 0.259019 4793 4351 4056
r-775 45 0.490909 45 0.490909 602862481 583715178 429284952
r-760 30 0.434483 30 0.434483 10395694 10421156 8269986
r-328 27 0.518519 27 0.518519 1287994 1101360 654737
r-738 46 0.371981 46 0.371981 446505 339506 293112
r-137 43 0.27907 43 0.27907 1939 2043 1976
r-301 35 0.161345 35 0.161345 63057225 53258626 21782748
r-381 11 0.509091 11 0.509091 598 634 464
r-33 37 0.495495 37 0.495495 2164151 2567428 1757913
r-889 10 0.355556 10 0.355556 288 331 318
r-936 11 0.181818 11 0.181818 78 78 78
r-534 48 0.467199 48 0.467199 87489037 74873009 58962984
r-115 25 0.48 25 0.48 10432 10817 9320
r-463 32 0.497984 32 0.497984 356477 439193 418585
r-449 46 0.510145 46 0.510145 142556437 199287734 119472474
r-471 17 0.529412 17 0.529412 3178 3206 3523
r-535 25 0.153333 25 0.153333 1161186 1402519 332911
r-854 49 0.153061 49 0.153061 -1 -1 -1
r-793 19 0.280702 19 0.280702 208 195 193
r-850 48 0.467199 48 0.467199 -1 -1 -1
r-297 30 0.496552 30 0.496552 151153 147012 130657
r-983 40 0.45 40 0.45 611545823 584082657 446537749
r-329 50 0.0783673 50 0.0783673 -1 -1 -1
r-61 11 0.509091 11 0.509091 378 450 541
r-349 36 0.203175 36 0.203175 937 934 963
r-402 41 0.290244 41 0.290244 2934 2992 2844
r-214 21 0.380952 21 0.380952 354 394 337
r-484 10 0.466667 10 0.466667 294 235 305
r-578 49 0.331633 49 0.331633 41538 37265 41585
r-894 13 0.461538 13 0.461538 93 93 97
r-731 36 0.436508 36 0.436508 134791443 124706324 97427710
r-758 12 0.545455 12 0.545455 833 772 416
r-500 24 0.344203 24 0.344203 360357 417327 263796
r-105 20 0.521053 20 0.521053 7480 7773 7687
r-985 10 0.555556 10 0.555556 93 99 107
r-197 18 0.470588 18 0.470588 22321 17634 14992
r-246 24 0.521739 24 0.521739 187151 169155 101077
r-615 19 0.45614 19 0.45614 1135 1147 1078
r-537 18 0.424837 18 0.424837 305 323 301
r-497 49 0.25 49 0.25 2199 2283 2188
r-967 33 0.265152 33 0.265152 631 630 631
r-886 34 0.508021 34 0.508021 2599019 2817016 2124385
r-453 21 0.52381 21 0.52381 16067 13860 13176
r-995 22 0.311688 22 0.311688 280662 312057 229413
r-997 11 0.509091 11 0.509091 391 458 622
r-545 32 0.272177 32 0.272177 1190 1240 1147
r-788 31 0.124731 31 0.124731 4476265 4354416 1348866
r-999 41 0.509756 41 0.509756 70564945 87771014 41435779
r-699 32 0.508065 32 0.508065 862510 1103281 773832
r-719 48 0.0416667 48 0.0416667 1225 1225 1225
r-330 40 0.430769 40 0.430769 531324905 523806629 421500925
r-790 44 0.359408 44 0.359408 37091 33421 46302
r-391 19 0.45614 19 0.45614 54290 48414 41189
r-683 33 0.511364 33 0.511364 9888333 11168800 7842296
r-733 20 0.336842 20 0.336842 44687 52366 37198
r-517 18 0.424837 18 0.424837 309 334 324
r-448 17 0.220588 17 0.220588 6311 7178 4838
r-377 14 0.43956 14 0.43956 106 100 99
r-34 43 0.245847 43 0.245847 1782 1855 1825
r-359 38 0.193457 38 0.193457 614 614 615
r-515 50 0.245714 50 0.245714 3595 3612 2802
r-287 37 0.315315 37 0.315315 1925 2111 1882
r-99 27 0.518519 27 0.518519 577535 649335 514948
r-913 24 0.344203 24 0.344203 431 485 424
r-949 18 0.470588 18 0.470588 365 391 363
r-902 24 0.48913 24 0.48913 15605 12544 10325
r-802 13 0.384615 13 0.384615 103 96 94
r-19 45 0.490909 45 0.490909 30493419 25604906 18468721
r-147 25 0.153333 25 0.153333 329 329 329
r-367 34 0.258467 34 0.258467 1165 1197 1186
r-456 40 0.501282 40 0.501282 294183840 270828366 168542764
r-688 31 0.490323 31 0.490323 11948028 10573471 8820272
r-16 49 0.377551 49 0.377551 -1 -1 -1
r-770 35 0.420168 35 0.420168 89793 75115 78538
r-888 24 0.391304 24 0.391304 1035 1104 931
r-964 11 0.327273 11 0.327273 302 352 298
r-148 33 0.344697 33 0.344697 2194 2196 2184
r-141 40 0.224359 40 0.224359 364711574 517627452 331894176
r-159 41 0.443902 41 0.443902 3367622 2770672 1811162
r-261 46 0.476329 46 0.476329 74221212 58813073 58394438
r-550 13 0.461538 13 0.461538 870 625 612
r-824 32 0.272177 32 0.272177 626 679 610
r-765 34 0.370766 34 0.370766 7169 6678 4952
r-820 37 0.510511 37 0.510511 15184808 16747149 9486328
r-3 19 0.350877 19 0.350877 49475 52755 45716
r-527 48 0.0416667 48 0.0416667 1225 1225 1225
r-806 39 0.48583 39 0.48583 146248190 150489615 101809701
r-459 11 0.509091 11 0.509091 94 88 96
r-829 50 0.0783673 50 0.0783673 1279 1279 1279
r-736 33 0.378788 33 0.378788 7259 6658 5688
r-531 43 0.172757 43 0.172757 1595052719 1878599204 951114152
r-119 26 0.507692 26 0.507692 126255 123780 93474
r-372 37 0.483483 37 0.483483 129432104 119022242 70741816
r-443 14 0.538462 14 0.538462 334 347 419
r-29 26 0.323077 26 0.323077 2461405 2439722 1715085
r-273 39 0.188934 39 0.188934 866965111 751973179 287857801
r-135 20 0.394737 20 0.394737 540 507 476
r-609 20 0.521053 20 0.521053 20606 19898 15424
r-161 13 0.282051 13 0.282051 95 95 95
r-58 44 0.332981 44 0.332981 -1 -1 1894491318
r-966 38 0.443812 38 0.443812 221438568 217063753 165899466
r-691 14 0.538462 14 0.538462 1885 1942 1715
r-640 47 0.508788 47 0.508788 217378329 273260064 171001943
r-229 21 0.257143 21 0.257143 8262 6717 5116
r-594 35 0.208403 35 0.208403 40744992 49494746 64702309
r-697 16 0.458333 16 0.458333 246 268 214
r-547 21 0.0952381 21 0.0952381 253 253 253
r-522 24 0.431159 24 0.431159 1129 1170 1050
r-421 29 0.192118 29 0.192118 10949189 9881892 4533079
r-118 26 0.470769 26 0.470769 17889 21996 24106
r-748 23 0.513834 23 0.513834 11585 12053 10752
r-726 35 0.510924 35 0.510924 14810477 16690289 11519427
r-510 33 0.117424 33 0.117424 565 565 565
r-955 12 0.30303 12 0.30303 82 82 82
r-569 38 0.308677 38 0.308677 679555981 768909628 558798015
r-143 33 0.117424 33 0.117424 565 565 565
r-256 20 0.505263 20 0.505263 5329 4634 3109
r-773 46 0.43285 46 0.43285 -1 -1 -1
r-828 17 0.382353 17 0.382353 111 110 111
r-208 18 0.424837 18 0.424837 24976 21027 17445
r-40 13 0.384615 13 0.384615 1035 945 718
r-212 36 0.457143 36 0.457143 568927 588495 571642
r-90 42 0.418118 42 0.418118 1630048590 1670173232 1261008528
r-846 15 0.342857 15 0.342857 5012 4897 4210
r-24 24 0.15942 24 0.15942 304 304 304
r-745 21 0.495238 21 0.495238 15697 14176 13479
r-300 47 0.227567 47 0.227567 -1 -1 -1
r-739 36 0.285714 36 0.285714 92916017 118638654 95686558
r-403 34 0.515152 34 0.515152 4915436 5860705 3723526
r-226 30 0.496552 30 0.496552 5478588 4575474 3582763
r-875 31 0.395699 31 0.395699 15485602 16081065 10366430
r-956 26 0.212308 26 0.212308 892672 1051696 1137314
r-185 20 0.1 20 0.1 231 231 231
r-742 31 0.425806 31 0.425806 20484689 19353065 15466750
r-799 50 0.457959 50 0.457959 -1 -1 -1
r-776 13 0.282051 13 0.282051 451 503 331
r-10 44 0.40592 44 0.40592 -1 -1 -1
r-525 47 0.444033 47 0.444033 -1 -1 -1
r-336 19 0.51462 19 0.51462 45268 39804 38167
r-596 40 0.511538 40 0.511538 16140499 19094317 16218471
r-821 47 0.458834 47 0.458834 34940217 30755316 19155510
r-938 35 0.252101 35 0.252101 38467623 45125162 26774088
r-342 31 0.322581 31 0.322581 23632464 24942166 17170801
r-979 15 0.514286 15 0.514286 552 523 632
r-488 34 0.258467 34 0.258467 78481338 60318342 36134880
r-549 39 0.504723 39 0.504723 75910163 94893516 59781627
r-200 10 0.533333 10 0.533333 423 475 278
r-504 16 0.4 16 0.4 85 85 85
r-12 23 0.300395 23 0.300395 620368 665753 501517
r-627 30 0.404598 30 0.404598 12722761 12481169 9969550
r-682 26 0.443077 26 0.443077 5849 5922 4321
r-954 38 0.422475 38 0.422475 125980 111139 78756
r-566 10 0.355556 10 0.355556 281 184 245
r-520 27 0.205128 27 0.205128 317 317 317
r-523 39 0.496626 39 0.496626 174042133 154216503 134580364
r-27 37 0.348348 37 0.348348 8462 7716 6788
r-963 31 0.473118 31 0.473118 170452 165621 203983
r-543 40 0.0974359 40 0.0974359 824 824 824
r-401 28 0.494709 28 0.494709 3027459 2850128 2102567
r-976 17 0.485294 17 0.485294 607 633 541
r-373 15 0.247619 15 0.247619 5286 5741 6452
r-124 48 0.496454 48 0.496454 483281022 488058038 305005986
r-347 17 0.514706 17 0.514706 944 1236 1044
r-358 39 0.510121 39 0.510121 92087759 101989958 68413918
r-805 45 0.505051 45 0.505051 330557762 397280839 249150004
r-412 24 0.521739 24 0.521739 240231 252442 199402
r-572 38 0.371266 38 0.371266 8181 8609 8596
r-761 16 0.125 16 0.125 153 153 153
r-125 26 0.0769231 26 0.0769231 378 378 378
r-970 10 0.533333 10 0.533333 231 318 201
r-312 24 0.463768 24 0.463768 15028 12458 8252
r-754 29 0.246305 29 0.246305 586 587 606
r-530 15 0.419048 15 0.419048 86 85 86
r-85 45 0.49899 45 0.49899 98026007 97377663 67215654
r-173 30 0.508046 30 0.508046 1293564 1232073 659977
r-505 49 0.5 49 0.5 1502187567 1367498989 733220705
r-778 35 0.463866 35 0.463866 807722 686648 547385
r-280 23 0.513834 23 0.513834 416570 346908 160436
r-980 23 0.513834 23 0.513834 478258 446270 319286
r-357 38 0.308677 38 0.308677 415534293 496942290 458632021
r-825 44 0.359408 44 0.359408 -1 -1 -1
r-175 17 0.514706 17 0.514706 14188 12462 11289
r-289 18 0.503268 18 0.503268 2629 3174 1815
r-559 21 0.514286 21 0.514286 52139 53836 45474
r-909 29 0.37931 29 0.37931 13290092 12860104 8809833
r-275 34 0.427807 34 0.427807 64748995 67618878 54149803
r-96 43 0.33887 43 0.33887 -1 -1 -1
r-348 22 0.367965 22 0.367965 243006 265878 200571
r-732 16 0.458333 16 0.458333 75 75 75
r-611 31 0.36129 31 0.36129 27288189 29939834 19691284
r-429 23 0.474308 23 0.474308 20053 19025 14493
r-236 23 0.498024 23 0.498024 553553 471576 314555
r-686 19 0.491228 19 0.491228 4445 4203 4344
r-990 26 0.147692 26 0.147692 355 355 355
r-915 43 0.21041 43 0.21041 1615749202 1871836595 1104659201
r-650 17 0.117647 17 0.117647 171 171 171
r-462 10 0.2 10 0.2 66 66 66
r-276 27 0.512821 27 0.512821 98564 98912 122208
r-228 20 0.521053 20 0.521053 20380 24174 24489
r-237 45 0.268687 45 0.268687 -1 -1 -1
r-557 37 0.24024 37 0.24024 1769 1811 1723
r-907 38 0.193457 38 0.193457 533 533 533
r-112 43 0.27907 43 0.27907 2041 2234 2318
r-953 46 0.162319 46 0.162319 817 817 817
r-255 44 0.40592 44 0.40592 561135 434480 391310
r-564 46 0.124638 46 0.124638 2040634690 1488204860 375041774
r-313 35 0.463866 35 0.463866 65001702 61794285 47482602
r-106 41 0.139024 41 0.139024 1276733281 1091535430 393397261
r-590 43 0.365449 43 0.365449 -1 -1 -1
r-316 13 0.153846 13 0.153846 105 105 105
r-145 35 0.161345 35 0.161345 33995501 32972939 14318867
r-830 20 0.1 20 0.1 231 231 231
r-672 40 0.408974 40 0.408974 711202517 717375709 543766036
r-11 15 0.419048 15 0.419048 228 220 221
r-920 20 0.336842 20 0.336842 101899 111520 84922
r-968 21 0.514286 21 0.514286 28714 29082 25407
r-561 49 0.508503 49 0.508503 879879586 1053775169 509753262
r-183 20 0.394737 20 0.394737 75050 65693 50901
r-427 37 0.45045 37 0.45045 362708 331373 260163
r-39 34 0.213904 34 0.213904 11646107 15474998 12386371
r-867 46 0.29372 46 0.29372 -1 -1 -1
r-224 23 0.237154 23 0.237154 145005 190259 169439
r-720 43 0.0908084 43 0.0908084 950 950 950
r-370 49 0.0408163 49 0.0408163 1275 1275 1275
r-322 12 0.530303 12 0.530303 118 93 144
r-681 41 0.512195 41 0.512195 52541287 70786288 39524173
r-314 36 0.512698 36 0.512698 4899155 5550596 3372306
r-589 11 0.545455 11 0.545455 339 297 132
r-606 21 0.180952 21 0.180952 235 235 235
r-992 42 0.250871 42 0.250871 1357 1431 1325
r-570 17 0.308824 17 0.308824 20250 19459 13972
r-203 26 0.470769 26 0.470769 1868826 1691241 1426136
r-675 33 0.409091 33 0.409091 94908 85864 79804
r-552 26 0.516923 26 0.516923 252284 312711 227070
r-716 27 0.0740741 27 0.0740741 406 406 406
r-730 46 0.507246 46 0.507246 544753139 740471547 420748230
r-396 41 0.219512 41 0.219512 920905301 1052493427 626651539
r-729 44 0.130021 44 0.130021 219343349 497130942 315301472
r-418 37 0.495495 37 0.495495 44986317 40806314 33187049
r-487 15 0.247619 15 0.247619 1801 1697 1737
r-568 46 0.43285 46 0.43285 1151653 1166569 990654
r-474 26 0.516923 26 0.516923 61445 63271 59580
r-538 45 0.438384 45 0.438384 -1 -1 -1
r-152 15 0.533333 15 0.533333 1731 1441 1438
r-735 22 0.454545 22 0.454545 471 479 419
r-862 49 0.219388 49 0.219388 -1 -1 -1
r-341 42 0.470383 42 0.470383 450279091 411021038 313107173
r-544 20 0.189474 20 0.189474 60398 69279 44727
r-882 10 0.466667 10 0.466667 370 335 199
r-791 10 0.466667 10 0.466667 45 45 45
r-43 23 0.237154 23 0.237154 227 227 227
r-238 25 0.08 25 0.08 351 351 351
r-575 15 0.533333 15 0.533333 3579 3411 3100
r-414 11 0.509091 11 0.509091 131 133 226
r-430 12 0.30303 12 0.30303 82 82 82
r-713 23 0.513834 23 0.513834 187505 184872 147375
r-711 35 0.514286 35 0.514286 5458520 6202614 4781009
r-482 11 0.509091 11 0.509091 85 83 88
r-868 29 0.44335 29 0.44335 8596423 7973506 5508363
r-111 46 0.29372 46 0.29372 3402 3574 3463
r-87 40 0.408974 40 0.408974 1016614659 1092743843 831545418
r-757 38 0.422475 38 0.422475 323321976 346867214 280873481
r-422 23 0.442688 23 0.442688 3972 4137 4637
r-777 19 0.350877 19 0.350877 36404 36028 40045
r-944 19 0.105263 19 0.105263 210 210 210
r-394 20 0.394737 20 0.394737 56926 48006 41432
r-896 17 0.485294 17 0.485294 12784 10062 8566
r-623 50 0.444082 50 0.444082 63856618 59170634 50109347
r-801 28 0.42328 28 0.42328 6760956 6836306 5288257
r-870 38 0.371266 38 0.371266 9748 8268 7988
r-706 39 0.22942 39 0.22942 911 910 936
r-259 34 0.45098 34 0.45098 99875298 96423866 75657917
r-880 42 0.176539 42 0.176539 1938763018 1542120051 669567758
r-662 50 0.183673 50 0.183673 -1 -1 -1
r-701 37 0.315315 37 0.315315 2072 2118 1641
r-753 10 0.466667 10 0.466667 64 60 58
r-957 12 0.409091 12 0.409091 1283 1113 1059
r-306 38 0.490754 38 0.490754 70540721 65475418 51918810
r-473 47 0.366327 47 0.366327 40563 35411 39106
r-52 34 0.508021 34 0.508021 3541072 3801141 2751137
r-245 34 0.515152 34 0.515152 4883218 4796115 2840254
r-74 30 0.186207 30 0.186207 2637495 3416148 3357356
r-895 41 0.42439 41 0.42439 1019771411 1008858663 756697665
r-695 41 0.0487805 41 0.0487805 903 903 903
r-890 39 0.267206 39 0.267206 398794588 361537394 202091048
r-89 36 0.5 36 0.5 41481509 38833112 25274729
r-296 25 0.453333 25 0.453333 1751309 1595295 980966
r-670 38 0.398293 38 0.398293 401339966 419354135 318765172
r-871 33 0.515152 33 0.515152 10997783 12298053 8125265
r-146 43 0.41196 43 0.41196 -1 -1 -1
r-44 48 0.509752 48 0.509752 528113733 897063783 394319460
r-717 50 0.372245 50 0.372245 -1 -1 -1
r-460 48 0.119681 48 0.119681 1508559673 1901074692 845086321
r-849 30 0.45977 30 0.45977 11685502 10501482 8423940
r-973 46 0.510145 46 0.510145 265712152 310101841 228618445
r-863 27 0.31339 27 0.31339 695 713 701
r-677 17 0.220588 17 0.220588 8705 7652 4279
r-192 47 0.122109 47 0.122109 -1 -1 2199355900
r-856 14 0.527473 14 0.527473 3562 3057 3501
r-622 33 0.511364 33 0.511364 3786661 4604872 2687663
r-703 38 0.14936 38 0.14936 796617229 335459918 46873073
r-952 10 0.355556 10 0.355556 32 31 38
r-783 14 0.494505 14 0.494505 2099 1487 1459
r-103 34 0.499109 34 0.499109 1652348 1392751 1324808
r-436 19 0.51462 19 0.51462 958 935 737
r-689 36 0.5 36 0.5 17527363 15923738 11162735
r-455 11 0.545455 11 0.545455 172 157 172
r-95 25 0.28 25 0.28 251 250 251
r-184 14 0.494505 14 0.494505 1735 1827 1768
r-647 28 0.0714286 28 0.0714286 435 435 435
r-918 16 0.458333 16 0.458333 232 249 214
r-786 38 0.443812 38 0.443812 187311332 192317410 147575729
r-852 45 0.0868687 45 0.0868687 -1 -1 -1
r-142 42 0.0929152 42 0.0929152 907 907 907
r-610 15 0.514286 15 0.514286 542 418 385
r-36 44 0.511628 44 0.511628 75692503 98098442 63097387
r-789 42 0.315912 42 0.315912 7116 7511 6707
r-987 32 0.483871 32 0.483871 129118 107144 110705
r-581 38 0.507824 38 0.507824 40564488 43014550 32962718
r-79 14 0.527473 14 0.527473 1594 1313 1485
r-526 44 0.169133 44 0.169133 740 740 740
r-288 37 0.468468 37 0.468468 104966400 101486564 79534171
r-368 25 0.513333 25 0.513333 171710 141753 113475
r-878 12 0.545455 12 0.545455 705 649 672
r-483 15 0.514286 15 0.514286 802 754 809
r-493 46 0.394203 46 0.394203 -1 -1 -1
r-639 10 0.355556 10 0.355556 59 59 59
r-434 17 0.220588 17 0.220588 157 157 157
r-994 43 0.48948 43 0.48948 569898361 512642178 329556089
r-440 50 0.497143 50 0.497143 1372190043 1382859644 1031030083
r-667 50 0.350204 50 0.350204 185110 168140 240382
r-604 39 0.510121 39 0.510121 49810091 52030576 36598747
r-204 18 0.366013 18 0.366013 31933 33784 24697
r-766 41 0.460976 41 0.460976 568785484 552169005 406426194
r-903 44 0.502114 44 0.502114 442028059 460763278 252925528
r-705 12 0.30303 12 0.30303 576 635 788
r-131 12 0.166667 12 0.166667 91 91 91
r-53 20 0.526316 20 0.526316 17992 17495 15262
r-338 32 0.465726 32 0.465726 18734995 18395224 15448697
r-343 18 0.20915 18 0.20915 6832 7792 4023
r-54 30 0.48046 30 0.48046 6543147 5532926 4411928
r-478 16 0.125 16 0.125 153 153 153
r-737 23 0.442688 23 0.442688 376584 345159 250351
r-211 11 0.509091 11 0.509091 115 115 103
r-666 20 0.521053 20 0.521053 7715 7798 5248
r-284 23 0.166008 23 0.166008 280 280 280
r-194 16 0.4 16 0.4 7278 6754 4881
r-385 31 0.180645 31 0.180645 423 423 423
r-891 30 0.0666667 30 0.0666667 496 496 496
r-502 43 0.431894 43 0.431894 1578858 1264282 1016014
r-498 33 0.409091 33 0.409091 23915 21986 19926
r-816 49 0.219388 49 0.219388 1694 1761 1651
r-20 50 0.326531 50 0.326531 231482 163137 253837
r-465 13 0.538462 13 0.538462 374 373 488
r-501 43 0.21041 43 0.21041 1210959091 1352897046 760813467
r-157 42 0.396051 42 0.396051 119846 103052 48419
r-279 45 0.353535 45 0.353535 -1 -1 -1
r-196 15 0.133333 15 0.133333 136 136 136
r-376 50 0.457959 50 0.457959 27945314 22709056 16542776
r-671 16 0.4 16 0.4 137 134 143
r-235 45 0.454545 45 0.454545 -1 -1 1697099274
r-654 21 0.428571 21 0.428571 391 409 364
r-77 22 0.311688 22 0.311688 191 190 191
r-83 17 0.382353 17 0.382353 255 263 226
r-728 18 0.20915 18 0.20915 175 175 175
r-274 10 0.533333 10 0.533333 123 107 121
r-186 35 0.510924 35 0.510924 89660689 99555230 60833948
r-605 14 0.43956 14 0.43956 3493 3263 3279
r-496 30 0.23908 30 0.23908 331 331 331
r-782 42 0.047619 42 0.047619 946 946 946
r-257 47 0.194265 47 0.194265 695 695 695
r-855 41 0.095122 41 0.095122 865 865 865
r-519 31 0.395699 31 0.395699 19640632 17913750 12594518
r-295 14 0.494505 14 0.494505 368 441 398
r-220 18 0.522876 18 0.522876 2593 2588 3819
r-910 40 0.384615 40 0.384615 40494 36912 37335
r-962 37 0.510511 37 0.510511 6030400 6848253 5056707
r-129 25 0.5 25 0.5 12853 11547 8830
r-827 35 0.504202 35 0.504202 2676602 3033618 1969126
r-986 50 0.392653 50 0.392653 -1 -1 -1
r-924 35 0.393277 35 0.393277 129362639 140725774 108992549
r-232 21 0.495238 21 0.495238 109848 84426 68147
r-539 26 0.212308 26 0.212308 334 334 334
r-353 21 0.32381 21 0.32381 150 150 150
r-68 28 0.388889 28 0.388889 7521128 8280569 6409738
r-252 44 0.0887949 44 0.0887949 2224765358 1286574870 785081182
r-988 26 0.409231 26 0.409231 1307 1382 1231
r-76 38 0.371266 38 0.371266 9230 9035 7612
r-625 12 0.530303 12 0.530303 313 256 337
r-603 45 0.236364 45 0.236364 -1 -1 -1
r-804 34 0.165775 34 0.165775 62409299 68484353 37145847
r-8 48 0.403369 48 0.403369 -1 -1 -1
r-945 18 0.20915 18 0.20915 175 175 175
r-859 47 0.482886 47 0.482886 1273791965 1248636430 916774037
r-62 27 0.48433 27 0.48433 52900 49132 38861
r-324 27 0.0740741 27 0.0740741 406 406 406
r-384 16 0.325 16 0.325 10377 11029 9785
r-447 33 0.0606061 33 0.0606061 595 595 595
r-648 29 0.502463 29 0.502463 243668 233385 178244
r-392 21 0.495238 21 0.495238 14011 12400 11231
r-71 42 0.047619 42 0.047619 946 946 946
r-491 27 0.501425 27 0.501425 144001 137576 85764
r-425 33 0.511364 33 0.511364 1783786 1916900 1457159
r-674 37 0.0540541 37 0.0540541 741 741 741
r-857 12 0.30303 12 0.30303 592 569 461
r-645 43 0.431894 43 0.431894 722909196 695377548 544201639
r-231 25 0.28 25 0.28 1264582 1543298 851061
r-121 26 0.507692 26 0.507692 849517 742464 549698
r-315 42 0.483159 42 0.483159 13425882 12950579 10689815
r-307 41 0.402439 41 0.402439 902558155 919828370 597882746
r-926 36 0.157143 36 0.157143 701 671 669
r-4 22 0.454545 22 0.454545 276187 254286 216278
r-548 12 0.530303 12 0.530303 512 435 359
r-407 20 0.1 20 0.1 231 231 231
r-210 33 0.435606 33 0.435606 73388 77864 65592
r-326 19 0.409357 19 0.409357 281 296 284
r-930 18 0.470588 18 0.470588 289 328 280
r-250 10 0.2 10 0.2 66 66 66
r-475 13 0.282051 13 0.282051 537 580 462
r-354 35 0.510924 35 0.510924 8244646 8531710 4343331
r-247 44 0.383721 44 0.383721 -1 -1 1767745827
r-441 28 0.452381 28 0.452381 3401606 3026758 2360136
r-51 43 0.504983 43 0.504983 759864409 986572386 661169404
r-881 47 0.482886 47 0.482886 1815198321 1968792740 1460314356
r-480 37 0.153153 37 0.153153 106875744 136317333 44407112
r-853 33 0.117424 33 0.117424 565 565 565
r-723 46 0.495652 46 0.495652 578919503 567775785 344560540
r-240 21 0.180952 21 0.180952 235 235 235
r-879 11 0.545455 11 0.545455 1033 1098 999
r-181 36 0.488889 36 0.488889 3437977 2694799 2197797
r-490 38 0.193457 38 0.193457 1086 1058 1089
r-207 20 0.189474 20 0.189474 25732 43561 62266
r-28 29 0.37931 29 0.37931 6895323 7222456 5306328
r-218 26 0.369231 26 0.369231 550 594 526
r-840 36 0.512698 36 0.512698 17076751 20145052 12489966
r-584 31 0.180645 31 0.180645 4634333 3025105 1733769
r-814 45 0.377778 45 0.377778 100968 104336 102225
r-692 29 0.44335 29 0.44335 32600 27031 19477
r-390 35 0.510924 35 0.510924 11164469 12535521 8239030
r-659 38 0.422475 38 0.422475 326527617 333013133 260615552
r-586 25 0.22 25 0.22 513321 546574 306219
r-169 26 0.443077 26 0.443077 4007 3874 3534
r-991 17 0.308824 17 0.308824 5701 6766 4792
r-388 43 0.33887 43 0.33887 -1 -1 -1
r-977 22 0.519481 22 0.519481 12006 10821 11882
r-576 12 0.166667 12 0.166667 91 91 91
r-476 31 0.0645161 31 0.0645161 528 528 528
r-798 19 0.526316 19 0.526316 9012 8040 9395
r-219 17 0.382353 17 0.382353 2530 1787 1901
r-984 41 0.290244 41 0.290244 1093376252 1126569851 660634781
r-845 50 0.326531 50 0.326531 -1 -1 -1
r-583 16 0.5 16 0.5 587 614 737
r-933 23 0.521739 23 0.521739 149825 148428 132990
r-221 14 0.538462 14 0.538462 812 1112 767
r-818 49 0.25 49 0.25 -1 -1 -1
r-861 18 0.522876 18 0.522876 15802 16136 22705
r-633 25 0.42 25 0.42 3854 4037 4064
r-398 46 0.394203 46 0.394203 919467 644398 582438
r-577 39 0.188934 39 0.188934 212429277 313656930 214471778
r-439 23 0.521739 23 0.521739 68025 66320 49326
r-395 37 0.378378 37 0.378378 31713 26240 20788
r-144 44 0.332981 44 0.332981 -1 -1 -1
r-117 13 0.512821 13 0.512821 306 309 337
r-127 20 0.189474 20 0.189474 214 214 214
r-974 15 0.47619 15 0.47619 14333 12108 10696
r-908 38 0.234708 38 0.234708 242293025 273214912 147324484
r-503 11 0.181818 11 0.181818 78 78 78
r-562 36 0.474603 36 0.474603 51462881 50193045 37445159
r-744 33 0.503788 33 0.503788 1697338 1882377 1183641
r-602 35 0.514286 35 0.514286 4964587 5753602 3882163
r-472 24 0.391304 24 0.391304 712 766 572
r-921 26 0.470769 26 0.470769 6015 5378 4088
r-941 46 0.495652 46 0.495652 588788618 582781962 398090849
r-378 39 0.472335 39 0.472335 317942661 272506621 186244458
r-718 46 0.449275 46 0.449275 1795887748 1793276514 1467315146
r-808 39 0.302294 39 0.302294 2241 2311 1997
r-555 14 0.142857 14 0.142857 120 120 120
r-865 30 0.370115 30 0.370115 18363265 19595953 15869021
r-179 40 0.142308 40 0.142308 249252004 251765726 104224106
r-972 27 0.262108 27 0.262108 1441978 1696245 1366203
r-989 43 0.13289 43 0.13289 204604584 347262868 292166941
r-712 44 0.473573 44 0.473573 35239478 34858878 32512704
r-310 41 0.219512 41 0.219512 935 988 874
r-877 40 0.296154 40 0.296154 419053243 493071705 378438167
r-239 45 0.438384 45 0.438384 5866047 4886558 4332921
r-305 35 0.480672 35 0.480672 612709 603387 477444
r-446 19 0.491228 19 0.491228 35855 31493 31143
r-582 29 0.246305 29 0.246305 5406304 5257352 3263196
r-75 16 0.233333 16 0.233333 4244 4718 2737
r-751 50 0.457959 50 0.457959 -1 -1 -1
r-13 41 0.504878 41 0.504878 44141085 66819081 41130093
r-49 46 0.507246 46 0.507246 377914849 432950319 275573117
r-796 21 0.180952 21 0.180952 235 235 235
r-397 38 0.234708 38 0.234708 161170868 127249468 62025572
r-233 21 0.495238 21 0.495238 10324 9466 9293
r-646 31 0.232258 31 0.232258 777 760 710
r-885 44 0.383721 44 0.383721 106847 111168 123115
r-35 31 0.451613 31 0.451613 9945466 8878026 7272595
r-759 23 0.521739 23 0.521739 69190 70040 51621
r-258 13 0.282051 13 0.282051 2346 2828 1651
r-779 28 0.494709 28 0.494709 2762817 2035570 1312021
r-795 49 0.278912 49 0.278912 -1 -1 -1
r-470 27 0.461538 27 0.461538 3621300 3358563 2649846
r-513 46 0.507246 46 0.507246 423249826 596619887 337943084
r-457 48 0.510638 48 0.510638 563339388 690553898 431474871
r-787 30 0.287356 30 0.287356 6986629 7573205 4820540
r-180 42 0.344948 42 0.344948 61131 48009 62039
r-635 14 0.362637 14 0.362637 1891 2124 1231
r-781 30 0.48046 30 0.48046 135264 113041 105612
r-541 26 0.443077 26 0.443077 6789 6304 5356
r-546 27 0.0740741 27 0.0740741 406 406 406
r-628 11 0.545455 11 0.545455 749 702 546
r-435 13 0.512821 13 0.512821 1748 1776 1779
r-982 24 0.391304 24 0.391304 435998 419808 366305
r-592 17 0.485294 17 0.485294 26382 25331 24350
r-554 47 0.366327 47 0.366327 -1 -1 -1
r-234 16 0.233333 16 0.233333 1256 1365 1436
r-67 23 0.442688 23 0.442688 2097 2067 1270
r-724 15 0.47619 15 0.47619 295 302 290
r-361 42 0.176539 42 0.176539 953604046 1397885298 511527271
r-285 44 0.494715 44 0.494715 39100539 43375935 27173294
r-794 37 0.45045 37 0.45045 259052572 244497430 192554103
r-386 28 0.304233 28 0.304233 995 1025 947
r-946 49 0.510204 49 0.510204 424610531 570800761 310458604
r-431 43 0.245847 43 0.245847 992 965 1000
r-958 17 0.514706 17 0.514706 3386 2674 2366
r-567 39 0.302294 39 0.302294 2691 2761 2287
r-836 16 0.125 16 0.125 153 153 153
r-9 35 0.480672 35 0.480672 3042903 2579597 1903915
r-352 34 0.370766 34 0.370766 6515 6367 6699
r-149 30 0.404598 30 0.404598 27030515 21605270 12686151
r-835 18 0.503268 18 0.503268 57088 55253 46615
r-362 45 0.490909 45 0.490909 48004502 45037574 33408420
r-417 14 0.362637 14 0.362637 4768 5406 4202
r-629 15 0.533333 15 0.533333 596 581 546
r-283 28 0.47619 28 0.47619 5147217 4461580 3440241
r-928 35 0.504202 35 0.504202 1813561 1880609 1534999
r-452 29 0.295567 29 0.295567 2542897 3005286 2351891
r-50 11 0.545455 11 0.545455 160 183 170
r-467 21 0.495238 21 0.495238 2136 2209 1628
r-292 37 0.405405 37 0.405405 172537484 162826008 125256963
r-792 44 0.332981 44 0.332981 46126 36352 55172
r-887 20 0.394737 20 0.394737 533 543 519
r-668 13 0.384615 13 0.384615 72 72 72
r-317 33 0.306818 33 0.306818 36664139 46038085 36635562
r-600 49 0.25 49 0.25 2960 3239 3010
r-350 13 0.538462 13 0.538462 1887 1442 1625
r-126 33 0.435606 33 0.435606 122662 114260 91028
r-612 12 0.484848 12 0.484848 806 569 719
r-656 11 0.327273 11 0.327273 1338 1159 890
r-634 22 0.311688 22 0.311688 197487 209627 161000
r-162 44 0.169133 44 0.169133 332684355 405973878 258962635
r-189 23 0.521739 23 0.521739 52147 54685 44660
r-507 18 0.366013 18 0.366013 34706 31564 24635
r-420 39 0.512821 39 0.512821 17695263 20060143 13625778
r-88 33 0.458333 33 0.458333 475565 387656 296681
r-268 20 0.336842 20 0.336842 20662 20410 17894
r-919 48 0.336879 48 0.336879 -1 -1 -1
r-601 24 0.521739 24 0.521739 122594 121768 86202
r-551 10 0.555556 10 0.555556 89 91 93
r-263 11 0.545455 11 0.545455 326 289 338
r-433 19 0.105263 19 0.105263 210 210 210
r-201 42 0.470383 42 0.470383 303743095 280315308 216949775
r-222 42 0.511034 42 0.511034 136455370 160782126 93378953
r-37 46 0.449275 46 0.449275 1976397255 1930362062 1483188477
r-216 35 0.514286 35 0.514286 9331742 10469862 7071841
r-661 42 0.511034 42 0.511034 28780674 36943041 22673662
r-199 30 0.517241 30 0.517241 1758764 1881196 1355884
r-937 36 0.0555556 36 0.0555556 703 703 703
r-369 14 0.263736 14 0.263736 2676 3952 2399
r-756 38 0.0526316 38 0.0526316 780 780 780
r-60 29 0.46798 29 0.46798 80631 73105 69717
r-769 33 0.477273 33 0.477273 183086 170534 132875
r-934 32 0.120968 32 0.120968 532 532 532
r-426 28 0.388889 28 0.388889 609 659 693
r-243 34 0.508021 34 0.508021 2376661 2785356 1744510
r-302 45 0.20202 45 0.20202 -1 -1 -1
r-693 48 0.156028 48 0.156028 2116111633 -1 -1
r-72 35 0.329412 35 0.329412 220184778 217591243 151400662
r-7 47 0.388529 47 0.388529 447337 405517 425648
r-411 12 0.409091 12 0.409091 1349 1418 960
r-332 41 0.487805 41 0.487805 212553055 191271080 148632262
r-685 22 0.367965 22 0.367965 141749 131630 103090
r-660 11 0.181818 11 0.181818 78 78 78
r-620 36 0.512698 36 0.512698 23752214 31321239 19569223
r-556 40 0.430769 40 0.430769 462423323 475636659 368450829
r-869 11 0.509091 11 0.509091 45 45 45
r-21 33 0.306818 33 0.306818 1136 1196 1151
r-400 31 0.511828 31 0.511828 1356135 1429126 957506
r-631 12 0.545455 12 0.545455 1398 1340 871
r-444 24 0.463768 24 0.463768 4781 4830 4660
r-618 19 0.280702 19 0.280702 153 153 153
r-178 23 0.474308 23 0.474308 1024006 874711 723935
r-262 19 0.491228 19 0.491228 35025 30252 30999
r-772 48 0.467199 48 0.467199 -1 -1 -1
r-749 19 0.491228 19 0.491228 877 870 799
r-319 43 0.504983 43 0.504983 133114570 138675000 105947493
r-132 21 0.257143 21 0.257143 251 236 234
r-931 43 0.389812 43 0.389812 571936 449915 333671
r-585 11 0.181818 11 0.181818 78 78 78
r-410 34 0.0588235 34 0.0588235 630 630 630
r-136 49 0.117347 49 0.117347 1098 1098 1098
r-511 10 0.533333 10 0.533333 73 78 78
r-624 16 0.525 16 0.525 900 805 1152
r-599 39 0.302294 39 0.302294 2458 2656 2498
r-524 37 0.348348 37 0.348348 143407888 162039197 117210643
r-734 50 0.509388 50 0.509388 1145063745 1627404462 928981933
r-128 22 0.17316 22 0.17316 257 257 257
r-571 23 0.355731 23 0.355731 561 577 531
r-138 30 0.287356 30 0.287356 567 604 556
r-116 28 0.304233 28 0.304233 889 892 892
r-217 44 0.494715 44 0.494715 75354476 62531289 34759437
r-746 18 0.20915 18 0.20915 175 175 175
r-364 14 0.494505 14 0.494505 1653 1405 2155
r-432 23 0.513834 23 0.513834 44030 54397 67340
r-489 11 0.509091 11 0.509091 253 195 322
r-710 45 0.327273 45 0.327273 10286 9891 8235
r-2 12 0.484848 12 0.484848 79 79 82
r-97 12 0.30303 12 0.30303 82 82 82
r-837 21 0.466667 21 0.466667 1215 1354 1202
r-942 20 0.268421 20 0.268421 170 170 170
r-450 21 0.52381 21 0.52381 75036 68018 43736
r-5 20 0.336842 20 0.336842 24718 25465 22454
r-638 43 0.245847 43 0.245847 784 855 749
r-842 29 0.192118 29 0.192118 368 368 368
r-844 32 0.314516 32 0.314516 33792886 34100567 23699689
r-100 46 0.321739 46 0.321739 -1 -1 -1
r-721 10 0.466667 10 0.466667 45 45 45
r-309 47 0.427382 47 0.427382 -1 -1 -1
r-784 43 0.21041 43 0.21041 1230630751 1571732438 1098078839
r-811 22 0.52381 22 0.52381 62053 49755 34440
r-851 28 0.515873 28 0.515873 849715 916416 628900
r-91 27 0.501425 27 0.501425 3351269 3150473 2427143
r-495 23 0.355731 23 0.355731 387 419 337
r-826 46 0.495652 46 0.495652 94151106 92373122 43758978
r-810 23 0.513834 23 0.513834 60711 60102 55600
r-614 35 0.480672 35 0.480672 54957321 51024792 42360507
r-574 39 0.472335 39 0.472335 17941399 14096110 10309722
r-31 12 0.166667 12 0.166667 91 91 91
r-838 11 0.509091 11 0.509091 223 207 317
r-971 41 0.321951 41 0.321951 2562 2908 2828
r-187 43 0.478405 43 0.478405 749808535 717260967 548978968
r-864 21 0.257143 21 0.257143 27598 27796 20156
r-355 24 0.463768 24 0.463768 921190 941252 811163
r-587 41 0.256098 41 0.256098 1168747122 1204080865 630518326
r-174 46 0.347826 46 0.347826 48960 36686 27336
r-641 48 0.496454 48 0.496454 1256314242 1250960955 869549592
r-558 22 0.415584 22 0.415584 230355 206972 137837
r-607 49 0.306122 49 0.306122 -1 -1 -1
r-171 36 0.385714 36 0.385714 131919205 130254830 98385613
r-438 36 0.157143 36 0.157143 14264502 26099875 23770521
r-616 30 0.331034 30 0.331034 1682 1774 1757
r-996 16 0.4 16 0.4 174 177 175
r-897 47 0.505088 47 0.505088 454928142 520654621 337301242
r-906 17 0.382353 17 0.382353 102 101 102
r-593 17 0.382353 17 0.382353 9815 9835 7617
r-356 47 0.408881 47 0.408881 -1 -1 -1
r-809 50 0.245714 50 0.245714 -1 -1 -1
r-56 40 0.45 40 0.45 4764605 4100529 4320016
r-114 47 0.194265 47 0.194265 -1 -1 -1
r-998 44 0.494715 44 0.494715 365851035 340254327 260178919
r-379 43 0.27907 43 0.27907 1574004637 2169828552 1653831970
r-38 14 0.527473 14 0.527473 1713 2001 2402
r-771 21 0.0952381 21 0.0952381 253 253 253
r-419 10 0.533333 10 0.533333 184 166 188
r-213 20 0.336842 20 0.336842 256 245 258
r-911 30 0.45977 30 0.45977 12289270 10795104 8305135
r-82 35 0.252101 35 0.252101 716 716 735
r-304 31 0.322581 31 0.322581 1613 1637 1461
r-253 38 0.507824 38 0.507824 8162811 8646267 5566254
r-466 27 0.31339 27 0.31339 2072435 1904581 1250144
r-25 33 0.435606 33 0.435606 33703 28432 21270
r-900 40 0.224359 40 0.224359 556823286 737744245 590302535
r-884 13 0.384615 13 0.384615 87 96 94
r-848 21 0.380952 21 0.380952 243714 258658 186254
r-73 46 0.162319 46 0.162319 2088 2018 2019
r-613 19 0.45614 19 0.45614 28019 20704 22055
r-960 25 0.153333 25 0.153333 243111 323944 387159
r-30 35 0.480672 35 0.480672 38359153 30197775 20469876
r-405 37 0.513514 37 0.513514 25195524 36611911 22138093
r-331 40 0.507692 40 0.507692 52668565 60869431 35509122
r-41 36 0.246032 36 0.246032 171229955 212454165 128906372
r-70 46 0.263768 46 0.263768 -1 -1 -1
r-461 17 0.529412 17 0.529412 5439 4733 4363
r-151 47 0.316374 47 0.316374 -1 -1 -1
r-445 43 0.0908084 43 0.0908084 950 950 950
r-271 26 0.270769 26 0.270769 528 527 525
r-481 39 0.496626 39 0.496626 138274360 136496905 91082547
r-993 40 0.480769 40 0.480769 7639780 5739834 3251088
r-486 10 0.555556 10 0.555556 449 378 338
r-260 31 0.180645 31 0.180645 423 423 423
r-102 36 0.385714 36 0.385714 176199007 213529305 155669984
r-872 32 0.352823 32 0.352823 674 690 599
r-807 15 0.342857 15 0.342857 95 95 95
r-832 16 0.125 16 0.125 153 153 153
r-655 28 0.198413 28 0.198413 217163 314717 308649
r-267 42 0.493612 42 0.493612 20717220 17658263 12897787
r-764 37 0.405405 37 0.405405 173391837 194238558 142168177
r-694 19 0.51462 19 0.51462 63621 61132 38255
r-843 43 0.13289 43 0.13289 837 837 837
r-819 28 0.0714286 28 0.0714286 435 435 435
r-406 15 0.533333 15 0.533333 1752 1689 1306
r-812 39 0.267206 39 0.267206 850065177 875184146 451776319
r-311 44 0.0887949 44 0.0887949 317147733 524640193 241908130
r-763 17 0.441176 17 0.441176 8981 9296 8841
r-608 49 0.433673 49 0.433673 -1 -1 -1
r-598 11 0.545455 11 0.545455 165 165 147
r-860 13 0.461538 13 0.461538 3791 3811 2310
r-122 19 0.19883 19 0.19883 8321 9094 7107
r-133 14 0.263736 14 0.263736 109 109 109
r-669 10 0.466667 10 0.466667 232 241 143
r-164 38 0.512091 38 0.512091 27537722 29980277 16542712
r-752 27 0.501425 27 0.501425 1299488 1432229 1074159
r-652 26 0.369231 26 0.369231 577934 615252 455162
r-18 20 0.442105 20 0.442105 208404 199343 167701
r-708 40 0.384615 40 0.384615 559423176 560192913 475604702
r-66 17 0.529412 17 0.529412 16166 15727 15184
r-800 32 0.272177 32 0.272177 631 611 632
r-81 23 0.474308 23 0.474308 378084 298602 266825
r-927 16 0.525 16 0.525 3258 3550 3140
r-48 35 0.292437 35 0.292437 1458 1673 1553
r-404 45 0.480808 45 0.480808 28783439 23539387 16168005
r-387 45 0.4 45 0.4 -1 -1 -1
r-278 26 0.443077 26 0.443077 5589 5097 3525
r-45 31 0.36129 31 0.36129 5660803 5781196 4171157
r-269 24 0.521739 24 0.521739 136746 136618 90247
r-948 16 0.525 16 0.525 11943 12703 11575
r-290 17 0.382353 17 0.382353 97 97 97
r-740 22 0.484848 22 0.484848 3758 4171 3743
r-346 43 0.245847 43 0.245847 1407 1470 1384
r-167 25 0.453333 25 0.453333 5320 5041 4038
r-265 19 0.51462 19 0.51462 7266 7578 4641
r-14 50 0.428571 50 0.428571 18009688 13807625 13148294
r-150 35 0.110924 35 0.110924 634 634 634
r-318 17 0.514706 17 0.514706 4032 2864 2269
r-191 13 0.512821 13 0.512821 801 715 691
r-644 32 0.514113 32 0.514113 2253943 2194982 1649008
r-130 29 0.512315 29 0.512315 561987 517680 339255
r-154 47 0.194265 47 0.194265 1865 1938 1851
r-917 42 0.507549 42 0.507549 29789169 36785858 19503679
r-1000 31 0.232258 31 0.232258 7315113 7349628 5008316
r-961 22 0.311688 22 0.311688 190 190 191
r-774 10 0.555556 10 0.555556 239 238 113
r-110 18 0.20915 18 0.20915 175 175 175
r-649 15 0.133333 15 0.133333 136 136 136
r-202 33 0.344697 33 0.344697 24247607 27834679 20929177
r-533 24 0.48913 24 0.48913 410415 333367 265064
r-529 37 0.24024 37 0.24024 1250 1271 1197
r-841 14 0.263736 14 0.263736 109 109 109
r-242 48 0.453901 48 0.453901 134343409 105838733 70853091
r-120 31 0.503226 31 0.503226 431979 573165 299888
r-92 34 0.213904 34 0.213904 16676987 21719798 35107812
r-901 23 0.513834 23 0.513834 60342 70583 61236
r-969 21 0.52381 21 0.52381 15963 14496 12425
r-266 50 0.04 50 0.04 1326 1326 1326
r-78 28 0.494709 28 0.494709 3441205 2788606 2264274
r-244 19 0.45614 19 0.45614 45898 39453 34035
r-485 24 0.15942 24 0.15942 304 304 304
r-767 36 0.474603 36 0.474603 1674824 1523910 1275260
r-424 10 0.355556 10 0.355556 59 59 59
r-454 11 0.436364 11 0.436364 234 309 213
r-965 38 0.513514 38 0.513514 16997593 22391389 14654816
r-978 25 0.513333 25 0.513333 25755 21235 14115
r-451 30 0.287356 30 0.287356 514 513 514
r-630 43 0.478405 43 0.478405 906047120 843355536 596104708
r-516 11 0.327273 11 0.327273 225 290 368
r-512 41 0.509756 41 0.509756 90117924 125897225 94594404
r-679 13 0.512821 13 0.512821 1658 1349 1108
r-320 32 0.120968 32 0.120968 1351549 1245788 594158
r-499 14 0.494505 14 0.494505 64 64 60
r-632 30 0.434483 30 0.434483 22755 21728 20146
r-642 25 0.22 25 0.22 309 309 309
r-663 15 0.419048 15 0.419048 3042 2400 2432
r-416 11 0.545455 11 0.545455 253 269 371
r-747 12 0.530303 12 0.530303 99 90 94
r-959 10 0.355556 10 0.355556 59 59 59
r-64 22 0.519481 22 0.519481 189030 195102 138364
r-935 23 0.355731 23 0.355731 255 244 258
r-57 45 0.268687 45 0.268687 3674 3616 3029
r-653 42 0.135889 42 0.135889 262842973 345723242 242094400
r-442 28 0.507937 28 0.507937 2598909 2603114 2121201
r-337 30 0.23908 30 0.23908 417 417 418
r-847 13 0.282051 13 0.282051 1322 1003 1255
r-664 48 0.509752 48 0.509752 397800943 517798863 226900720
r-428 39 0.504723 39 0.504723 88219622 102067463 71441356
r-333 41 0.139024 41 0.139024 829 829 829
r-468 32 0.120968 32 0.120968 43868947 53620646 80295202
r-540 45 0.29899 45 0.29899 -1 -1 -1
r-925 23 0.403162 23 0.403162 1438 1394 1129
r-725 41 0.095122 41 0.095122 2948012683 2497891759 609166620
r-139 12 0.409091 12 0.409091 412 309 333
r-163 17 0.529412 17 0.529412 6502 5472 5208
r-563 11 0.327273 11 0.327273 202 188 258
r-975 49 0.306122 49 0.306122 -1 -1 -1
r-665 36 0.512698 36 0.512698 11209193 12038274 5156264
r-47 38 0.14936 38 0.14936 58205430 53743152 17475159
r-59 48 0.223404 48 0.223404 -1 -1 -1
r-536 50 0.183673 50 0.183673 -1 -1 -1
r-205 50 0.274286 50 0.274286 -1 -1 -1
r-351 24 0.48913 24 0.48913 658457 548885 370386
r-883 27 0.501425 27 0.501425 60433 63789 52137
r-225 17 0.514706 17 0.514706 2853 3105 2228
r-714 48 0.507092 48 0.507092 255562794 333094329 161714275
r-469 42 0.135889 42 0.135889 797 797 797
r-1 33 0.503788 33 0.503788 3024490 2598232 1733297
r-399 15 0.47619 15 0.47619 4025 3272 3286
r-321 11 0.545455 11 0.545455 256 253 242
r-335 38 0.507824 38 0.507824 9917706 11348731 7198217
r-107 19 0.409357 19 0.409357 57820 57516 50533
r-947 45 0.29899 45 0.29899 -1 -1 -1
r-643 38 0.512091 38 0.512091 22962820 29764873 20376261
r-914 10 0.533333 10 0.533333 136 133 121
r-923 36 0.285714 36 0.285714 1581 1537 1573
r-858 45 0.236364 45 0.236364 -1 -1 -1
r-227 14 0.494505 14 0.494505 4116 3538 4444
r-704 24 0.15942 24 0.15942 47309 57044 27177
r-63 14 0.362637 14 0.362637 1346 1234 1737
r-298 12 0.484848 12 0.484848 70 76 74
r-822 39 0.48583 39 0.48583 273976868 253101801 188745200
r-619 39 0.099865 39 0.099865 117120669 162710035 82439492
r-94 17 0.382353 17 0.382353 19293 23109 11983
r-741 41 0.321951 41 0.321951 1872029756 2381830179 2028314778
r-383 28 0.137566 28 0.137566 410 410 410
r-722 39 0.302294 39 0.302294 716971187 767332165 555923746
r-408 29 0.512315 29 0.512315 264032 275595 212633
r-241 22 0.484848 22 0.484848 10027 10402 5295
r-658 29 0.37931 29 0.37931 8950640 10602415 11102464
r-518 14 0.527473 14 0.527473 1379 931 898
r-939 49 0.484694 49 0.484694 -1 -1 -1
r-32 37 0.24024 37 0.24024 1559 1604 1546
r-707 37 0.45045 37 0.45045 1549536 1089820 1124001
r-340 13 0.512821 13 0.512821 236 216 185
r-588 36 0.157143 36 0.157143 40924056 47650832 24910594
r-374 45 0.377778 45 0.377778 125963 127416 202441
r-345 38 0.500711 38 0.500711 5507908 6218717 4011942
r-943 41 0.402439 41 0.402439 136100 123611 115616
r-140 47 0.388529 47 0.388529 808585 681593 589690
r-898 38 0.512091 38 0.512091 48637926 57231038 31761266
r-264 27 0.0740741 27 0.0740741 406 406 406
r-595 36 0.512698 36 0.512698 20710287 26643917 17457312
r-514 32 0.175403 32 0.175403 3672252 5594881 5718779
