instance n1 density1 n2 density2 mcsplit mcsplit-swapped mcsplit-smart-swapped mcsplit+f mcsplit+bigf mcsplit-b mcsplit-b-swapped mcsplit-b-smart-swapped mcsplit-nosort mcsplit-nosort-swapped mcsplit-nosort-smart-swapped
r-73 15 0.27619 38 0.28734 50539 204686 50539 183998 52524 50395 223669 50395 65999 100274 65999
r-220 39 0.302294 23 0.320158 48268735 14808125 14808125 50233756 15060219 80879757 21858717 21858717 46943801 22648957 22648957
r-934 28 0.312169 25 0.29 8932369 9319329 9319329 10421779 8349725 15278923 14868296 14868296 11485606 11890286 11890286
r-948 10 0.222222 27 0.270655 118 181 118 175 118 99 182 99 56 33 56
r-853 43 0.302326 15 0.342857 561081 47699 47699 572840 48794 656003 53604 53604 497819 66485 66485
r-64 45 0.319192 27 0.327635 -1 -1 -1 -1 -1 -1 -1 -1 -1 -1 -1
r-612 25 0.306667 25 0.306667 2738739 2545076 2738739 2998602 2275954 4440541 4198249 4440541 3632602 3486842 3632602
r-469 13 0.397436 16 0.275 4102 14160 4102 11178 4150 5420 19902 5420 5258 8661 5258
r-131 49 0.295918 15 0.361905 829894 55092 55092 854281 58348 1007082 62902 62902 760665 93656 93656
r-564 39 0.287449 13 0.269231 143356 7991 7991 143357 8602 143384 8019 8019 118075 11947 11947
r-858 42 0.277584 16 0.333333 2320599 234958 234958 2365806 244542 3084463 281120 281120 1474862 779225 779225
r-861 48 0.296986 41 0.282927 -1 -1 -1 -1 -1 -1 -1 -1 -1 -1 -1
r-56 15 0.27619 26 0.236923 17722 119504 17722 101507 19374 21236 158661 21236 23873 108363 23873
r-529 33 0.285985 29 0.275862 107403191 78156274 78156274 119444146 75095899 183111382 127657677 127657677 141656988 112652922 112652922
r-593 47 0.295097 32 0.296371 -1 -1 -1 -1 -1 -1 -1 -1 -1 -1 -1
r-559 11 0.236364 50 0.315102 251 252 251 257 251 216 264 216 153 100 153
r-870 47 0.292322 10 0.222222 56 119 119 53 121 79 105 105 33 103 103
r-790 13 0.320513 32 0.318548 30855 182641 30855 165159 30917 33913 222345 33913 41502 145782 41502
r-266 24 0.278986 24 0.289855 1697946 1386972 1697946 1904452 1224964 2752184 2147896 2752184 2260483 1696703 2260483
r-232 39 0.28475 30 0.305747 -1 -1 -1 -1 -1 -1 -1 -1 -1 -1 -1
r-809 19 0.350877 12 0.287879 6592 3355 3355 7069 3113 8325 3813 3813 8201 3992 3992
r-962 41 0.262195 27 0.290598 -1 154729290 154729290 -1 165502235 -1 231038998 231038998 -1 -1 -1
r-7 34 0.290553 25 0.33 32219471 18508725 18508725 32845319 19552596 56593057 29193363 29193363 28318365 18817151 18817151
r-311 28 0.312169 42 0.29036 213844596 -1 213844596 -1 218035902 -1 -1 -1 -1 -1 -1
r-750 48 0.31117 10 0.2 37 103 103 37 103 75 103 103 70 126 126
r-765 15 0.295238 28 0.312169 75492 307801 75492 295036 74854 79396 416280 79396 81051 266652 81051
r-673 17 0.308824 23 0.312253 74569 197206 74569 204766 75130 97761 299488 97761 131538 169354 131538
r-724 33 0.285985 39 0.321188 -1 -1 -1 -1 -1 -1 -1 -1 -1 -1 -1
r-771 30 0.337931 29 0.32266 39853925 47138687 47138687 46942298 39369518 71798946 85261958 85261958 35095974 38862050 38862050
r-656 29 0.248768 20 0.294737 1643719 327548 327548 1665981 358140 2541355 443124 443124 1698609 1107003 1107003
r-848 25 0.3 32 0.304435 19185822 28667427 19185822 29298129 18586321 30383213 48535633 30383213 22681979 28132555 22681979
r-883 33 0.320076 22 0.255411 10178334 4828476 4828476 11229831 4665220 16401896 7185515 7185515 8980248 6833254 6833254
r-825 26 0.313846 31 0.307527 20639309 22374796 20639309 23741889 20639490 33560163 39316009 33560163 20332256 21971092 20332256
r-351 47 0.285846 30 0.266667 -1 -1 -1 -1 -1 -1 -1 -1 -1 -1 -1
r-595 28 0.309524 38 0.295875 125923659 -1 125923659 -1 129319506 205534926 -1 205534926 176746143 -1 176746143
r-445 19 0.280702 26 0.323077 309152 478869 309152 486485 281201 428914 740284 428914 507369 610279 507369
r-582 36 0.307937 28 0.304233 135020215 82394211 82394211 146809863 81336203 242174612 137306938 137306938 184034897 113845382 113845382
r-805 38 0.334282 11 0.218182 100 129 129 99 132 103 106 106 396 325 325
r-401 45 0.311111 27 0.279202 -1 -1 -1 -1 -1 -1 -1 -1 -1 -1 -1
r-384 17 0.323529 32 0.292339 169816 797092 169816 722041 171667 223095 1152928 223095 338430 705785 338430
r-785 10 0.333333 19 0.292398 331 3442 331 2899 370 385 3621 385 313 2660 313
r-801 26 0.276923 25 0.313333 5707642 3411325 3411325 5981017 3371319 9488884 5426704 5426704 6012667 4368989 4368989
r-859 17 0.213235 22 0.268398 32125 47413 32125 48085 27910 40802 65622 40802 50613 89281 50613
r-629 15 0.219048 49 0.313776 170283 1127105 170283 1109667 170498 162073 1121205 162073 214526 790633 214526
r-31 30 0.291954 33 0.291667 109426988 121137321 109426988 134388198 102930440 183722800 211635794 183722800 160069212 143704001 160069212
r-834 14 0.230769 15 0.32381 7804 3078 7804 5277 5996 10772 3940 10772 7909 6505 7909
r-212 33 0.285985 25 0.296667 38899350 16408113 16408113 40592173 16411000 65117319 25051106 25051106 34043702 26966797 26966797
r-665 34 0.279857 14 0.252747 77982 21758 21758 78298 23630 79478 23687 23687 64199 21927 21927
r-276 48 0.297872 41 0.30122 -1 -1 -1 -1 -1 -1 -1 -1 -1 -1 -1
r-823 48 0.314716 37 0.294294 -1 -1 -1 -1 -1 -1 -1 -1 -1 -1 -1
r-376 26 0.267692 19 0.345029 450396 153281 153281 452787 157171 743868 219709 219709 368364 307872 307872
r-59 12 0.348485 36 0.303175 5090 91384 5090 81226 5286 4951 90191 4951 7168 50970 7168
r-354 42 0.311266 26 0.258462 -1 209725321 209725321 -1 205069487 -1 -1 -1 -1 -1 -1
r-544 10 0.4 50 0.310204 164 137 164 132 164 151 166 151 274 450 274
r-110 32 0.342742 45 0.30303 -1 -1 -1 -1 -1 -1 -1 -1 -1 -1 -1
r-28 40 0.280769 18 0.326797 8390087 1367930 1367930 8644801 1447145 12731101 1764002 1764002 6975313 3128301 3128301
r-560 12 0.318182 39 0.287449 2422 7453 2422 6427 2463 2308 7218 2308 3971 37175 3971
r-418 38 0.288762 25 0.25 66495541 35601107 35601107 74161827 35059095 109592638 52501544 52501544 83322166 77539143 77539143
r-133 31 0.296774 48 0.308511 -1 -1 -1 -1 -1 -1 -1 -1 -1 -1 -1
r-705 36 0.307937 26 0.316923 104173644 51803934 51803934 110378662 52016183 183828342 83864447 83864447 103479700 69345845 69345845
r-416 49 0.307823 35 0.319328 -1 -1 -1 -1 -1 -1 -1 -1 -1 -1 -1
r-412 24 0.300725 10 0.244444 12571 1121 1121 12580 1287 12524 1053 1053 8162 2179 2179
r-684 18 0.366013 19 0.251462 43658 125632 43658 91216 45601 58370 197908 58370 51402 114878 51402
r-508 33 0.295455 49 0.286565 -1 -1 -1 -1 -1 -1 -1 -1 -1 -1 -1
r-279 47 0.299722 16 0.208333 976994 61686 61686 982653 63686 1014282 62176 62176 559419 45606 45606
r-121 29 0.275862 16 0.258333 343623 65714 65714 356477 69015 455613 77538 77538 277848 96953 96953
r-163 44 0.280127 27 0.310541 -1 -1 -1 -1 -1 -1 -1 -1 -1 -1 -1
r-981 47 0.296947 42 0.30662 -1 -1 -1 -1 -1 -1 -1 -1 -1 -1 -1
r-757 19 0.309942 14 0.263736 18781 8893 8893 19494 8230 24701 10753 10753 22514 12957 12957
r-644 25 0.263333 23 0.264822 2117569 900421 900421 2325978 932198 2795432 1240151 1240151 1823174 1769321 1769321
r-456 22 0.311688 45 0.289899 12538232 71255997 12538232 67303796 12615573 17222124 112120133 17222124 23225647 26428499 23225647
r-415 48 0.274823 45 0.30404 -1 -1 -1 -1 -1 -1 -1 -1 -1 -1 -1
r-591 36 0.287302 21 0.342857 12805874 2821931 2821931 13135650 2890208 20846352 3852029 3852029 10338428 3650070 3650070
r-871 40 0.303846 36 0.3 -1 -1 -1 -1 -1 -1 -1 -1 -1 -1 -1
r-630 33 0.318182 45 0.270707 -1 -1 -1 -1 -1 -1 -1 -1 -1 -1 -1
r-532 22 0.367965 25 0.283333 698123 2177188 698123 1768263 793336 1083415 3797255 1083415 1349915 1783914 1349915
r-542 36 0.309524 26 0.323077 101751942 48346556 48346556 105571669 48028574 183126732 78956836 78956836 100747895 86621342 86621342
r-792 16 0.366667 15 0.27619 9995 11164 11164 12689 8932 12283 16184 16184 15244 10529 10529
r-404 16 0.266667 15 0.2 2071 4165 4165 2447 3396 2085 5453 5453 2907 3275 3275
r-95 33 0.276515 45 0.313131 -1 -1 -1 -1 -1 -1 -1 -1 -1 -1 -1
r-774 23 0.300395 50 0.310204 36996900 213767329 36996900 202372142 36758085 51182059 -1 51182059 112870849 195237997 112870849
r-865 48 0.263298 14 0.340659 1022098 109709 109709 1038620 113377 1213546 126588 126588 726497 204785 204785
r-228 22 0.285714 44 0.308668 30507534 114362032 30507534 110582943 30372662 42339342 184394088 42339342 52264255 101471816 52264255
r-484 27 0.310541 15 0.409524 201775 44411 44411 209184 46631 313197 59551 59551 171857 95898 95898
r-657 48 0.29344 15 0.314286 2351059 173873 173873 2399681 184864 2791633 191432 191432 1779356 530433 530433
r-762 16 0.4 34 0.319073 191148 1025441 191148 945117 191460 245109 1543000 245109 328345 655832 328345
r-465 22 0.285714 15 0.247619 30966 10053 10053 31866 9699 43053 12337 12337 44373 15277 15277
r-395 32 0.328629 11 0.345455 424 245 245 425 257 407 207 207 7518 1960 1960
r-63 34 0.317291 31 0.303226 209413960 168048112 168048112 247429018 147645092 -1 -1 -1 235506517 -1 -1
r-306 24 0.318841 29 0.293103 5177550 10485691 5177550 9471206 5194668 8239283 17793527 8239283 7066005 10284637 7066005
r-203 28 0.314815 37 0.285285 71379330 192557122 71379330 182102324 78387036 114228542 -1 114228542 122532855 188236506 122532855
r-440 31 0.292473 30 0.305747 154279090 122768777 122768777 164590460 116288166 -1 206822825 206822825 180041521 159116551 159116551
r-795 33 0.291667 35 0.322689 -1 -1 -1 -1 -1 -1 -1 -1 -1 -1 -1
r-769 26 0.301538 42 0.303136 100991533 -1 100991533 260404292 102444484 159787964 -1 159787964 115494544 237716318 115494544
r-126 13 0.448718 19 0.245614 3550 14523 3550 12207 3379 4487 22913 4487 6633 10535 6633
r-101 19 0.251462 24 0.271739 286048 612113 286048 653719 280104 387462 905896 387462 238916 304794 238916
r-824 31 0.28172 32 0.308468 203173135 110549960 203173135 146214097 167776734 -1 192401517 -1 134734591 129699211 134734591
r-168 22 0.25974 35 0.29916 5384571 13779827 5384571 13620471 5310092 7732944 21938866 7732944 6263699 14877556 6263699
r-74 35 0.295798 15 0.266667 320461 72037 72037 328837 75338 390833 83790 83790 245736 48371 48371
r-959 30 0.333333 25 0.356667 15577316 9076266 9076266 16284515 8655778 28121644 14804825 14804825 15042453 12549873 12549873
r-251 50 0.296327 32 0.292339 -1 -1 -1 -1 -1 -1 -1 -1 -1 -1 -1
r-983 47 0.302498 42 0.321719 -1 -1 -1 -1 -1 -1 -1 -1 -1 -1 -1
r-761 18 0.366013 10 0.355556 3909 754 754 4016 780 4385 743 743 2130 1114 1114
r-816 33 0.299242 19 0.321637 2770463 614261 614261 2897356 625381 4408694 776720 776720 1996149 743541 743541
r-36 13 0.25641 36 0.31746 26022 164073 26022 156439 26305 26701 166136 26701 25557 121495 25557
r-66 42 0.293844 32 0.300403 -1 -1 -1 -1 -1 -1 -1 -1 -1 -1 -1
r-419 48 0.279255 12 0.409091 94178 5405 5405 94189 5407 94428 5684 5684 71855 7279 7279
r-782 42 0.304297 28 0.293651 -1 -1 -1 -1 -1 -1 -1 -1 -1 -1 -1
r-552 34 0.319073 13 0.320513 57815 4596 4596 58171 4682 60148 4741 4741 50328 21771 21771
r-573 20 0.284211 30 0.321839 597829 1911843 597829 1981826 562801 737830 2716991 737830 1202444 1874023 1202444
r-719 10 0.177778 48 0.316489 135 70 135 76 136 118 97 118 204 278 204
r-129 22 0.290043 41 0.295122 16959149 66862563 16959149 61814545 17037540 24784904 110717440 24784904 27731855 55367663 27731855
r-457 16 0.3 12 0.318182 6045 1763 1763 6296 1433 8417 2173 2173 2846 2262 2262
r-272 22 0.329004 23 0.252964 453087 1090153 453087 889759 512319 676389 1765565 676389 678751 1003315 678751
r-406 32 0.314516 24 0.322464 19000528 8168842 8168842 20416329 8128035 33183372 12916467 12916467 15541849 10190620 10190620
r-368 23 0.312253 18 0.24183 85831 67657 67657 94827 61534 129042 94457 94457 181263 102635 102635
r-664 31 0.301075 20 0.289474 2799998 880053 880053 2933526 866793 4545806 1258956 1258956 2404215 1107344 1107344
r-957 18 0.313725 44 0.295983 814025 6729548 814025 6181016 819803 1017073 9600868 1017073 1558041 5820998 1558041
r-189 26 0.301538 13 0.282051 69975 9364 9364 71544 9285 83753 10376 10376 59988 24957 24957
r-786 31 0.339785 22 0.285714 6664973 4778190 4778190 7504958 4499086 11480831 7287863 7287863 7568159 5900155 5900155
r-481 34 0.301248 27 0.31339 90742798 51936892 51936892 98019034 50896341 157925334 82567074 82567074 94636974 69455476 69455476
r-990 18 0.267974 20 0.294737 81338 93481 81338 96546 72816 111493 134283 111493 97980 148249 97980
r-687 12 0.287879 36 0.298413 9367 92282 9367 82607 9505 9072 91802 9072 14333 69694 14333
r-918 37 0.303303 25 0.28 70461069 51707553 51707553 76269060 51117252 122054537 81372708 81372708 70388799 59508559 59508559
r-637 10 0.444444 19 0.269006 660 5499 660 4618 823 787 7143 787 1509 3827 1509
r-868 39 0.322537 19 0.274854 11024919 2800012 2800012 11401394 2804532 16602647 3756178 3756178 10234751 4033706 4033706
r-240 12 0.30303 41 0.264634 10812 76469 10812 69051 10887 10758 76460 10758 6286 73954 6286
r-884 49 0.278061 32 0.288306 -1 -1 -1 -1 -1 -1 -1 -1 -1 -1 -1
r-69 31 0.316129 43 0.3134 -1 -1 -1 -1 -1 -1 -1 -1 -1 -1 -1
r-313 50 0.298776 28 0.256614 -1 -1 -1 -1 -1 -1 -1 -1 -1 -1 -1
r-980 42 0.311266 15 0.32381 755835 88576 88576 772741 90917 916067 100517 100517 498897 106837 106837
r-638 48 0.294326 47 0.277521 -1 -1 -1 -1 -1 -1 -1 -1 -1 -1 -1
r-777 27 0.290598 46 0.300483 -1 -1 -1 -1 -1 -1 -1 -1 -1 -1 -1
r-320 46 0.305314 12 0.348485 22263 5910 5910 22266 5935 22086 5737 5737 6195 34097 34097
r-512 25 0.276667 31 0.260215 9924698 13617286 9924698 13484141 10801471 14998415 22566360 14998415 12340108 13378007 12340108
r-40 48 0.297872 17 0.286765 3915280 490424 490424 4003440 515829 4803304 542459 542459 4062837 202767 202767
r-813 16 0.333333 44 0.320296 399050 3610607 399050 3284894 402800 458341 4867261 458341 618391 2782334 618391
r-136 23 0.296443 13 0.24359 40784 9827 9827 42174 10603 51632 11147 11147 27753 26713 26713
r-554 43 0.283499 33 0.30303 -1 -1 -1 -1 -1 -1 -1 -1 -1 -1 -1
r-365 32 0.304435 42 0.300813 -1 -1 -1 -1 -1 -1 -1 -1 -1 -1 -1
r-51 28 0.31746 36 0.268254 124495262 -1 124495262 284185110 132336028 201268680 -1 201268680 185322909 -1 185322909
r-697 42 0.28223 14 0.21978 86696 7248 7248 86762 7516 84437 4668 4668 5673 4079 4079
r-821 23 0.296443 29 0.300493 4163050 7934775 4163050 7610011 4195547 6378473 12959999 6378473 7175263 8504388 7175263
r-159 41 0.291463 11 0.327273 480 259 259 480 244 490 226 226 228 242 242
r-608 33 0.318182 31 0.294624 173174571 -1 -1 212292004 255951062 -1 -1 -1 231942885 203449137 203449137
r-995 41 0.273171 27 0.293447 -1 132691877 132691877 -1 136114885 -1 203601993 203601993 -1 -1 -1
r-321 25 0.28 49 0.295068 99236441 -1 99236441 -1 99514300 140036989 -1 140036989 191908412 -1 191908412
r-587 33 0.265152 18 0.346405 1586838 222138 222138 1644338 236325 2461473 301071 301071 1195330 719859 719859
r-814 32 0.290323 45 0.284848 -1 -1 -1 -1 -1 -1 -1 -1 -1 -1 -1
r-422 21 0.314286 16 0.325 156390 72689 72689 163555 72712 229158 98376 98376 149546 90302 90302
r-229 45 0.294949 14 0.230769 83501 4133 4133 83604 4221 73433 3357 3357 57072 18422 18422
r-568 46 0.270531 40 0.341026 -1 -1 -1 -1 -1 -1 -1 -1 -1 -1 -1
r-114 17 0.294118 47 0.291397 641243 4922030 641243 4644847 644343 770807 6196233 770807 794975 4464187 794975
r-451 16 0.316667 14 0.318681 9891 6286 6286 9932 5793 13855 8088 8088 10631 6270 6270
r-511 39 0.294197 26 0.289231 161191518 71647852 71647852 169769598 71186432 -1 111174707 111174707 148668038 88899261 88899261
r-112 28 0.335979 15 0.27619 148189 47245 47245 155295 44018 207193 55511 55511 178375 193177 193177
r-923 30 0.301149 39 0.307692 -1 -1 -1 -1 -1 -1 -1 -1 -1 -1 -1
r-118 26 0.289231 38 0.290185 40481028 116185151 40481028 115014371 42063709 61825377 195120111 61825377 52117443 100903699 52117443
r-349 29 0.231527 12 0.287879 16661 1065 1065 16662 1071 16739 1176 1176 11376 2715 2715
r-916 39 0.291498 17 0.367647 1871221 238148 238148 1922751 247766 2493779 308381 308381 1413959 882921 882921
r-221 50 0.298776 49 0.309524 -1 -1 -1 -1 -1 -1 -1 -1 -1 -1 -1
r-164 22 0.359307 42 0.303136 22121670 80582739 22121670 73842478 22535328 32964192 139188096 32964192 37066969 64386117 37066969
r-41 36 0.304762 48 0.304965 -1 -1 -1 -1 -1 -1 -1 -1 -1 -1 -1
r-360 47 0.298797 28 0.275132 -1 -1 -1 -1 -1 -1 -1 -1 -1 -1 -1
r-912 23 0.288538 38 0.320057 20715546 48289983 20715546 48850399 20204064 31290353 82204333 31290353 30144780 46196670 30144780
r-341 39 0.31444 48 0.302305 -1 -1 -1 -1 -1 -1 -1 -1 -1 -1 -1
r-553 17 0.294118 48 0.296986 641472 6955735 641472 6224209 642664 744725 8944262 744725 1660216 4761759 1660216
r-889 47 0.308048 37 0.28979 -1 -1 -1 -1 -1 -1 -1 -1 -1 -1 -1
r-160 43 0.305648 36 0.32381 -1 -1 -1 -1 -1 -1 -1 -1 -1 -1 -1
r-231 47 0.298797 39 0.280702 -1 -1 -1 -1 -1 -1 -1 -1 -1 -1 -1
r-195 10 0.311111 19 0.304094 296 2531 296 2418 335 315 2560 315 284 2048 284
r-474 17 0.279412 48 0.284574 936805 8538475 936805 7811629 944391 1107103 11115000 1107103 1333670 7166022 1333670
r-969 39 0.333333 49 0.319728 -1 -1 -1 -1 -1 -1 -1 -1 -1 -1 -1
r-16 27 0.299145 46 0.284058 222657227 -1 222657227 -1 227366808 -1 -1 -1 -1 -1 -1
r-355 14 0.263736 41 0.281707 17439 251371 17439 226396 17491 18066 259537 18066 28641 211115 28641
r-984 47 0.293247 45 0.308081 -1 -1 -1 -1 -1 -1 -1 -1 -1 -1 -1
r-293 19 0.321637 47 0.300648 1230109 13220237 1230109 12040899 1234330 1471272 19110708 1471272 3671396 18848608 3671396
r-17 49 0.314626 38 0.307255 -1 -1 -1 -1 -1 -1 -1 -1 -1 -1 -1
r-709 22 0.341991 33 0.282197 2924929 12065256 2924929 10434305 3215281 4320723 20235151 4320723 5758341 9523117 5758341
r-626 34 0.326203 37 0.304805 -1 -1 -1 -1 -1 -1 -1 -1 -1 -1 -1
r-219 33 0.274621 16 0.291667 759137 100789 100789 775438 103090 1007467 118478 118478 463418 140522 140522
r-142 34 0.294118 17 0.323529 952261 139374 139374 995403 142082 1395783 178452 178452 874577 273545 273545
r-779 22 0.320346 30 0.301149 2812854 6802317 2812854 6221998 2952168 4210299 11532217 4210299 4008711 6049080 4008711
r-695 20 0.326316 16 0.316667 107708 59807 59807 115062 55187 168557 84641 84641 97705 65722 65722
r-551 26 0.295385 29 0.305419 25724781 16025605 25724781 17527172 23892296 41956961 26846971 41956961 19369834 17490202 19369834
r-862 14 0.274725 16 0.275 2785 4367 2785 4410 2892 3093 5701 3093 5715 6442 5715
r-486 42 0.319396 16 0.241667 1310941 131491 131491 1345454 131935 1596519 142831 142831 1355978 250680 250680
r-140 46 0.331401 26 0.28 -1 -1 -1 -1 -1 -1 -1 -1 -1 -1 -1
r-10 20 0.273684 39 0.288799 2673233 12302371 2673233 11543572 2686631 3577367 18674289 3577367 5163255 9836543 5163255
r-128 38 0.314367 14 0.285714 243437 118980 118980 245168 124563 258670 126517 126517 201097 25293 25293
r-536 24 0.300725 48 0.329787 86299392 -1 86299392 -1 85245896 130722627 -1 130722627 88465407 211877325 88465407
r-655 39 0.306343 24 0.293478 71786218 22972720 22972720 78026056 22796126 120264764 33547140 33547140 66127103 50462812 50462812
r-929 50 0.284082 43 0.305648 -1 -1 -1 -1 -1 -1 -1 -1 -1 -1 -1
r-510 41 0.310976 49 0.303571 -1 -1 -1 -1 -1 -1 -1 -1 -1 -1 -1
r-187 21 0.280952 17 0.330882 97346 35199 35199 104518 35303 152909 50145 50145 72529 62379 62379
r-744 49 0.319728 44 0.313953 -1 -1 -1 -1 -1 -1 -1 -1 -1 -1 -1
r-103 25 0.313333 45 0.318182 72709917 248990872 72709917 240511417 71849924 113988572 -1 113988572 125913673 -1 125913673
r-576 31 0.301075 16 0.241667 532492 149908 149908 561122 153487 721740 183591 183591 387503 169849 169849
r-506 15 0.228571 27 0.321937 58158 159803 58158 156831 58561 68425 214382 68425 109581 204187 109581
r-843 37 0.277778 16 0.316667 857109 113587 113587 876294 117753 1152006 137761 137761 832304 221906 221906
r-399 39 0.296896 11 0.236364 72 101 101 72 108 88 92 92 1894 1286 1286
r-207 16 0.375 27 0.2849 25459 175172 25459 150977 28702 33437 272247 33437 62290 143389 62290
r-760 14 0.208791 37 0.274775 4097 114212 4097 100037 4332 4140 114286 4140 269791 302853 269791
r-84 25 0.306667 47 0.283071 122101665 -1 122101665 -1 123531887 179389560 -1 179389560 165461192 -1 165461192
r-946 23 0.351779 21 0.271429 322274 662223 662223 411085 479844 502941 1046870 1046870 619773 629375 629375
r-897 13 0.333333 35 0.290756 4664 42427 4664 39336 4728 4534 43594 4534 27896 43899 27896
r-880 48 0.288121 26 0.261538 -1 -1 -1 -1 -1 -1 -1 -1 -1 -1 -1
r-994 31 0.307527 28 0.291005 20760737 29872296 29872296 23542581 26195961 34613432 49828776 49828776 45358325 27486584 27486584
r-108 45 0.30202 33 0.25947 -1 -1 -1 -1 -1 -1 -1 -1 -1 -1 -1
r-288 15 0.27619 50 0.309388 33028 831760 33028 759159 33096 29084 819999 29084 71449 854518 71449
r-854 15 0.333333 36 0.322222 44251 424062 44251 410562 44001 46937 552173 46937 168554 368159 168554
r-513 42 0.289199 26 0.307692 218044408 68287584 68287584 228743446 70708316 -1 105840474 105840474 197866624 103266529 103266529
r-648 22 0.25974 49 0.333333 65794565 216312352 65794565 216071347 65493265 96076935 -1 96076935 56739427 127046276 56739427
r-901 33 0.280303 43 0.321152 -1 -1 -1 -1 -1 -1 -1 -1 -1 -1 -1
r-67 14 0.318681 39 0.282051 42189 144822 42189 133249 42770 43579 148160 43579 68145 105666 68145
r-895 24 0.333333 34 0.324421 18609778 43160632 18609778 39849458 18938814 29669022 76284167 29669022 23072792 38980772 23072792
r-400 28 0.291005 11 0.309091 3743 1107 1107 3747 1153 3676 1066 1066 519 1492 1492
r-394 22 0.298701 24 0.311594 1297731 1237061 1297731 1418638 1120795 2053250 1927906 2053250 1637047 1395969 1637047
r-950 27 0.270655 42 0.259001 122129957 -1 122129957 -1 126177581 123363182 -1 123363182 129676675 -1 129676675
r-631 19 0.333333 47 0.272895 4308486 15488263 4308486 14252907 4344306 5277647 22238579 5277647 3761938 6039357 3761938
r-208 11 0.290909 16 0.225 158 858 158 751 158 172 866 172 338 689 338
r-562 47 0.298797 19 0.309942 15767628 1786738 1786738 16207096 1831884 23111848 2294415 2294415 9808802 4756161 4756161
r-170 44 0.312896 19 0.304094 15674900 1694922 1694922 16090160 1716163 23135502 2001164 2001164 9251946 3606185 3606185
r-958 31 0.260215 26 0.252308 20805252 11897700 11897700 22681738 11150528 33263478 17896029 17896029 22781551 21461755 21461755
r-678 49 0.306973 24 0.286232 -1 112795358 112795358 -1 113745928 -1 162783112 162783112 -1 -1 -1
r-566 12 0.287879 26 0.283077 4915 16953 4915 15085 5002 5272 17336 5272 3611 8526 3611
r-926 23 0.316206 48 0.320922 101454460 -1 101454460 -1 101212499 148468069 -1 148468069 212412701 -1 212412701
r-497 28 0.304233 24 0.293478 5306655 3739887 3739887 5934399 3287072 8821707 5864092 5864092 3690633 5093375 5093375
r-377 15 0.238095 49 0.27381 62906 561845 62906 521009 63121 64792 572851 64792 123760 369681 123760
r-273 21 0.27619 50 0.281633 12914486 71464732 12914486 64734124 13040085 16454654 102958392 16454654 33956870 64547243 33956870
r-268 38 0.307255 20 0.326316 13337449 2947482 2947482 13828136 3039959 21351236 4154534 4154534 11216603 4413702 4413702
r-533 20 0.3 34 0.320856 1375766 4504898 1375766 4338262 1310091 1878836 7178844 1878836 3038881 4543907 3038881
r-636 21 0.309524 10 0.2 248 144 144 247 142 252 138 138 192 240 240
r-314 29 0.288177 12 0.30303 26640 2101 2101 26657 2249 27096 2128 2128 17643 3629 3629
r-244 42 0.297329 40 0.292308 -1 -1 -1 -1 -1 -1 -1 -1 -1 -1 -1
r-686 38 0.328592 23 0.284585 48777125 22162228 22162228 52432209 21596231 82318237 33336640 33336640 47423118 36814085 36814085
r-478 43 0.293466 17 0.389706 2750648 351416 351416 2859145 367765 3978774 458153 458153 2126913 725060 725060
r-322 44 0.283298 15 0.314286 1031328 93320 93320 1056300 98101 1283799 106241 106241 670154 103430 103430
r-205 27 0.310541 34 0.306595 37328327 50413016 37328327 52535688 35787418 61642627 88237677 61642627 40446086 55983086 40446086
r-727 14 0.351648 44 0.298097 11827 143636 11827 134836 12118 8417 143172 8417 14583 164683 14583
r-722 31 0.273118 25 0.29 21001569 9289677 9289677 21677621 9443730 34921982 12545371 12545371 23429199 18555833 18555833
r-334 26 0.350769 31 0.311828 16612267 36470593 16612267 35380721 17068478 27426532 67103043 27426532 27098613 20034792 27098613
r-343 25 0.31 28 0.31746 8886296 9174766 8886296 10478232 8133145 14422992 15789584 14422992 10460548 10374399 10460548
r-135 47 0.338575 38 0.290185 -1 -1 -1 -1 -1 -1 -1 -1 -1 -1 -1
r-402 45 0.292929 46 0.304348 -1 -1 -1 -1 -1 -1 -1 -1 -1 -1 -1
r-243 43 0.322259 37 0.307808 -1 -1 -1 -1 -1 -1 -1 -1 -1 -1 -1
r-14 21 0.314286 30 0.264368 1771579 4147840 1771579 3844235 1934154 2536274 6796624 2536274 1921968 4188631 1921968
r-623 23 0.304348 19 0.321637 696101 344455 344455 762568 345558 1116037 499201 499201 617896 417238 417238
r-75 44 0.287526 17 0.330882 5737545 911615 911615 5883372 920112 8032626 1131229 1131229 3007496 1321415 1321415
r-446 30 0.298851 20 0.373684 2610935 704797 704797 2695894 758897 4349449 1045265 1045265 1965649 987737 987737
r-662 28 0.304233 32 0.3125 55446073 62832034 55446073 70430428 51132830 90014261 108443770 90014261 76910634 75441590 76910634
r-453 15 0.228571 23 0.296443 9787 43353 9787 39998 9595 10050 52147 10050 9002 62434 9002
r-157 24 0.278986 16 0.35 169536 51806 51806 171784 52607 261743 68662 68662 98270 102696 102696
r-122 22 0.290043 40 0.319231 10413540 34339302 10413540 32996646 10446831 15054530 54205615 15054530 19969856 34308216 19969856
r-438 40 0.30641 20 0.273684 15811911 4901320 4901320 16581278 5079553 23918905 6739464 6739464 11506532 5735573 5735573
r-966 49 0.296769 27 0.299145 -1 -1 -1 -1 -1 -1 -1 -1 -1 -1 -1
r-305 31 0.283871 32 0.270161 193868912 243874400 193868912 256960239 184885273 -1 -1 -1 213330170 245055135 213330170
r-263 44 0.288584 41 0.271951 -1 -1 -1 -1 -1 -1 -1 -1 -1 -1 -1
r-408 18 0.333333 11 0.181818 1754 727 727 1759 705 1772 733 733 1747 1303 1303
r-494 42 0.283391 32 0.328629 -1 -1 -1 -1 -1 -1 -1 -1 -1 -1 -1
r-472 22 0.30303 49 0.316327 55520849 193990832 55520849 182459142 55883248 78458405 -1 78458405 44700112 116698297 44700112
r-913 43 0.300111 17 0.286765 3985519 388594 388594 4097077 397168 5291104 467226 467226 2935453 471363 471363
r-154 26 0.310769 29 0.275862 6540736 10975499 6540736 10154717 6763176 10179570 18625642 10179570 11898104 13126799 11898104
r-70 42 0.267131 25 0.33 215254310 49689122 49689122 219577519 51586740 -1 72824685 72824685 171003887 76071692 76071692
r-289 26 0.289231 35 0.290756 64747654 135183220 64747654 133093115 64784964 100279740 231001156 100279740 89558700 134051221 89558700
r-952 29 0.317734 38 0.294452 129805877 -1 129805877 -1 131017568 218855834 -1 218855834 188790102 -1 188790102
r-919 46 0.31401 17 0.360294 9286745 1201101 1201101 9542179 1219382 12865105 1465032 1465032 7843219 1554469 1554469
r-796 33 0.308712 14 0.263736 169614 21370 21370 174944 23135 201083 23401 23401 184642 36011 36011
r-677 27 0.279202 24 0.322464 5056649 2377956 2377956 5216153 2455300 8650624 3664774 3664774 5040091 3610046 3610046
r-833 32 0.342742 24 0.289855 27740100 20797369 20797369 31017133 19466237 46556979 32963073 32963073 33500791 24517572 24517572
r-982 20 0.3 26 0.283077 716386 1633068 716386 1563669 709785 1031363 2606681 1031363 1059894 1512480 1059894
r-908 40 0.317949 48 0.297872 -1 -1 -1 -1 -1 -1 -1 -1 -1 -1 -1
r-927 18 0.346405 19 0.292398 48652 98918 48652 85492 43719 66079 158007 66079 29577 65902 29577
r-541 13 0.205128 20 0.278947 6716 13308 6716 13569 6773 4173 15883 4173 6404 17649 6404
r-413 20 0.310526 12 0.166667 13142 8492 8492 13808 7715 15642 9013 9013 18701 6729 6729
r-466 18 0.294118 38 0.28165 461274 3035730 461274 2790623 473397 572425 4307186 572425 1022881 2534386 1022881
r-34 14 0.307692 37 0.27027 10061 91762 10061 82691 9930 11256 101780 11256 23198 97929 23198
r-812 40 0.292308 36 0.296825 -1 -1 -1 -1 -1 -1 -1 -1 -1 -1 -1
r-177 30 0.275862 30 0.296552 36623624 76503974 36623624 43067471 63778257 60553010 120750140 60553010 73087702 87711076 73087702
r-666 24 0.300725 24 0.315217 2842780 2168266 2842780 3342544 1897277 4643022 3536169 4643022 2853740 3293374 2853740
r-287 32 0.322581 26 0.295385 29689972 24813831 24813831 33504970 22074457 50540133 39775343 39775343 30439945 29635857 29635857
r-817 25 0.336667 37 0.292793 23949280 84765660 23949280 79126322 24759934 38763106 153413096 38763106 38276637 58172237 38276637
r-337 12 0.348485 20 0.294737 2028 10239 2028 8928 1797 2283 13260 2283 3490 7161 3490
r-24 13 0.269231 24 0.311594 7097 27246 7097 24646 7015 7824 33865 7824 9137 31415 9137
r-119 26 0.310769 42 0.326365 155413390 -1 155413390 -1 151361082 -1 -1 -1 163287386 -1 163287386
r-978 40 0.288462 19 0.304094 10024627 1773661 1773661 10355677 1828031 15209282 2069109 2069109 8317245 2972037 2972037
r-592 24 0.34058 26 0.289231 1639237 4399894 1639237 4118633 1715998 2584695 7682500 2584695 4394903 3882876 4394903
r-383 34 0.30303 32 0.274194 -1 -1 -1 -1 -1 -1 -1 -1 -1 -1 -1
r-350 15 0.180952 35 0.297479 30293 291320 30293 286549 30148 30986 328662 30986 69088 110018 69088
r-802 37 0.292793 18 0.326797 4167958 316449 316449 4294094 318474 6207115 401751 401751 1815880 1340740 1340740
r-375 48 0.312943 13 0.371795 402166 27652 27652 404090 29237 427184 29186 29186 208067 21125 21125
r-645 50 0.297959 22 0.268398 183677943 37204427 37204427 191089368 38750571 -1 49521760 49521760 153438920 52181069 52181069
r-869 17 0.264706 16 0.233333 6551 10274 10274 7680 9041 9139 14339 14339 6648 8527 8527
r-936 20 0.289474 43 0.300111 4053704 17878149 4053704 16079497 4110629 5585389 27490767 5585389 4712858 15684891 4712858
r-909 26 0.301538 32 0.288306 27500597 44550791 27500597 44872657 27545081 43384212 76699909 43384212 31242580 49325628 31242580
r-499 15 0.266667 34 0.304813 33253 320612 33253 295081 33557 37018 394122 37018 133224 300506 133224
r-437 20 0.3 42 0.315912 2566580 15172132 2566580 14354400 2578071 3478609 23850025 3478609 4783130 11509165 4783130
r-693 47 0.280296 41 0.3 -1 -1 -1 -1 -1 -1 -1 -1 -1 -1 -1
r-574 20 0.326316 41 0.291463 4160073 21494181 4160073 19848264 4174065 5385417 32831651 5385417 6866183 18483754 6866183
r-210 45 0.309091 38 0.320057 -1 -1 -1 -1 -1 -1 -1 -1 -1 -1 -1
r-407 38 0.285917 45 0.282828 -1 -1 -1 -1 -1 -1 -1 -1 -1 -1 -1
r-928 50 0.310204 32 0.28629 -1 -1 -1 -1 -1 -1 -1 -1 -1 -1 -1
r-44 47 0.311748 14 0.285714 276902 26355 26355 276920 28481 277610 26707 26707 231413 34575 34575
r-856 30 0.351724 41 0.270732 171902910 -1 171902910 -1 194387407 -1 -1 -1 -1 -1 -1
r-945 39 0.318489 44 0.302326 -1 -1 -1 -1 -1 -1 -1 -1 -1 -1 -1
r-960 39 0.264507 18 0.287582 4293357 505463 505463 4420720 537215 5965685 624023 624023 3373511 1496594 1496594
r-340 50 0.30449 41 0.307317 -1 -1 -1 -1 -1 -1 -1 -1 -1 -1 -1
r-259 23 0.312253 16 0.275 132503 51292 51292 138851 47947 195911 65993 65993 130298 110741 110741
r-25 49 0.304422 41 0.345122 -1 -1 -1 -1 -1 -1 -1 -1 -1 -1 -1
r-202 13 0.371795 17 0.257353 2834 7934 2834 6284 3201 3537 11433 3537 3686 6122 3686
r-78 29 0.320197 13 0.371795 89667 18040 18040 91342 17818 113794 21463 21463 56048 23786 23786
r-759 15 0.285714 49 0.312925 43254 410363 43254 373933 43385 44281 425691 44281 383070 481713 383070
r-3 25 0.303333 39 0.269906 15059361 68182885 15059361 63446462 16187524 21947436 113638116 21947436 47957099 69483056 47957099
r-806 19 0.345029 19 0.239766 29735 76052 29735 51057 61593 42217 119058 42217 116097 67172 116097
r-98 43 0.299003 25 0.276667 237498236 82208138 82208138 251700788 82813970 -1 120053340 120053340 235626698 105364740 105364740
r-526 19 0.28655 15 0.361905 42727 17640 17640 44569 16841 67175 23295 23295 21481 13715 13715
r-233 16 0.308333 43 0.290144 79355 1018547 79355 934797 80602 85996 1223895 85996 253176 988643 253176
r-600 20 0.331579 14 0.318681 53766 10456 10456 56344 10252 75789 13387 13387 41756 20194 20194
r-370 28 0.320106 15 0.342857 175843 45953 45953 182310 45526 259094 59697 59697 106413 38053 38053
r-503 27 0.307692 35 0.331092 38003154 63856761 38003154 68924684 36439732 65809208 116219959 65809208 53001916 82503431 53001916
r-333 24 0.278986 47 0.305273 102259862 -1 102259862 -1 102244603 147223751 -1 147223751 182013133 -1 182013133
r-318 30 0.305747 43 0.311185 -1 -1 -1 -1 -1 -1 -1 -1 -1 -1 -1
r-882 50 0.302041 39 0.288799 -1 -1 -1 -1 -1 -1 -1 -1 -1 -1 -1
r-15 18 0.287582 50 0.315918 1253646 10458392 1253646 9678770 1255197 1525950 13844230 1525950 3009306 8735517 3009306
r-609 48 0.304965 21 0.280952 83324499 17219313 17219313 86055461 18168131 125811957 23234603 23234603 83081696 42538859 42538859
r-770 50 0.305306 39 0.295547 -1 -1 -1 -1 -1 -1 -1 -1 -1 -1 -1
r-65 34 0.28164 15 0.238095 138821 22322 22322 140159 23211 144790 19838 19838 91004 32470 32470
r-461 38 0.305832 36 0.319048 -1 -1 -1 -1 -1 -1 -1 -1 -1 -1 -1
r-993 34 0.320856 32 0.284274 223165628 -1 -1 -1 241998000 -1 -1 -1 -1 -1 -1
r-857 24 0.311594 24 0.293478 832010 1037628 832010 988914 813860 1301503 1655081 1301503 1365977 1731743 1365977
r-971 47 0.298797 34 0.279857 -1 -1 -1 -1 -1 -1 -1 -1 -1 -1 -1
r-502 36 0.306349 10 0.377778 59 112 112 59 96 76 100 100 49 86 86
r-692 10 0.266667 20 0.3 95 151 95 135 94 93 156 93 1166 196 1166
r-659 34 0.290553 10 0.266667 91 119 119 92 119 66 80 80 36 70 70
r-309 21 0.309524 47 0.290472 10009877 57216027 10009877 53344656 10135077 13642811 88562419 13642811 30048461 45761552 30048461
r-943 46 0.28599 13 0.217949 11778 4127 4127 11774 4158 11698 4037 4037 12513 961 961
r-800 34 0.313725 48 0.289894 -1 -1 -1 -1 -1 -1 -1 -1 -1 -1 -1
r-625 37 0.315315 50 0.28898 -1 -1 -1 -1 -1 -1 -1 -1 -1 -1 -1
r-117 19 0.263158 20 0.321053 190163 128225 190163 181540 148200 282553 193255 282553 183885 149044 183885
r-741 28 0.31746 15 0.266667 255565 56924 56924 265157 57964 349675 69162 69162 219818 80312 80312
r-597 12 0.257576 23 0.316206 2371 12404 2371 8594 2288 2396 11469 2396 1815 7574 1815
r-976 41 0.293902 45 0.30303 -1 -1 -1 -1 -1 -1 -1 -1 -1 -1 -1
r-387 25 0.3 30 0.328736 20327713 24159574 20327713 27631965 19273932 33725513 41753508 33725513 26408801 28610348 26408801
r-594 48 0.300532 24 0.336957 -1 98866064 98866064 -1 103107753 -1 145673866 145673866 -1 193956353 193956353
r-578 14 0.252747 23 0.237154 2689 22076 2689 19040 2702 2468 26136 2468 9490 20421 9490
r-391 16 0.325 25 0.31 65137 186451 65137 175845 65964 85981 281975 85981 77745 160724 77745
r-339 11 0.381818 15 0.304762 928 2075 928 1912 890 1166 2802 1166 681 1372 681
r-196 37 0.307808 12 0.272727 53323 6347 6347 53331 6689 52375 5799 5799 6418 9709 9709
r-925 44 0.305497 15 0.4 1441638 201010 201010 1482018 210616 1962864 242831 242831 1094946 297182 297182
r-768 28 0.296296 39 0.315789 177782357 -1 177782357 -1 173236127 -1 -1 -1 243648817 -1 243648817
r-8 19 0.280702 41 0.279268 2117544 11097201 2117544 10426784 2116322 2802063 15898830 2802063 2293571 11111235 2293571
r-2 21 0.309524 26 0.283077 461238 1383759 461238 1290909 514387 651615 2159468 651615 948667 1199250 948667
r-973 16 0.325 20 0.336842 52399 73503 52399 74521 48077 75262 111220 75262 63943 79501 63943
r-732 11 0.381818 18 0.281046 878 4148 878 3676 843 1005 5401 1005 1960 2699 1960
r-938 11 0.436364 32 0.318548 2983 33399 2983 28810 2946 3231 34497 3231 7235 18252 7235
r-427 22 0.281385 27 0.310541 1854133 2021225 1854133 2149585 1747250 2782926 3217688 2782926 2272677 2374871 2272677
r-441 35 0.30084 21 0.338095 9891508 2551690 2551690 10208532 2586190 16424064 3684522 3684522 9703598 4884679 4884679
r-720 49 0.310374 26 0.295385 -1 -1 -1 -1 -1 -1 -1 -1 -1 -1 -1
r-633 31 0.309677 19 0.315789 4900433 1556731 1556731 5150924 1609887 7932186 2195203 2195203 3593051 2442267 2442267
r-444 49 0.303571 21 0.280952 131463323 27012904 27012904 135215365 27655728 194285873 35351048 35351048 124236732 52433323 52433323
r-660 40 0.302564 17 0.286765 2146323 263658 263658 2224599 272082 2846059 320637 320637 1792682 610736 610736
r-325 35 0.352941 12 0.318182 1252 557 557 1254 569 1016 359 359 41637 14027 14027
r-907 35 0.30084 40 0.289744 -1 -1 -1 -1 -1 -1 -1 -1 -1 -1 -1
r-607 25 0.283333 17 0.294118 505030 133451 133451 515573 132751 737574 170257 170257 434145 165296 165296
r-462 40 0.302564 27 0.330484 -1 195930224 195930224 -1 202256542 -1 -1 -1 -1 237061776 237061776
r-252 10 0.377778 18 0.359477 530 2851 530 2622 506 580 2938 580 1079 2174 1079
r-326 39 0.295547 48 0.301418 -1 -1 -1 -1 -1 -1 -1 -1 -1 -1 -1
r-424 38 0.301565 30 0.310345 -1 -1 -1 -1 -1 -1 -1 -1 -1 -1 -1
r-482 42 0.295006 43 0.292359 -1 -1 -1 -1 -1 -1 -1 -1 -1 -1 -1
r-224 33 0.293561 46 0.279227 -1 -1 -1 -1 -1 -1 -1 -1 -1 -1 -1
r-253 42 0.32288 50 0.29551 -1 -1 -1 -1 -1 -1 -1 -1 -1 -1 -1
r-681 16 0.3 43 0.290144 197675 1018581 197675 935546 198152 231110 1241031 231110 244069 973009 244069
r-711 34 0.279857 45 0.317172 -1 -1 -1 -1 -1 -1 -1 -1 -1 -1 -1
r-270 14 0.351648 41 0.32561 88920 729409 88920 665954 89216 96756 877898 96756 94726 501331 94726
r-751 45 0.283838 29 0.29064 -1 -1 -1 -1 -1 -1 -1 -1 -1 -1 -1
r-548 27 0.2849 33 0.299242 54790650 45295591 54790650 49852573 51886548 83737971 76817939 83737971 40585749 52471264 40585749
r-775 29 0.320197 42 0.308943 -1 -1 -1 -1 -1 -1 -1 -1 -1 -1 -1
r-924 37 0.327327 34 0.2959 -1 -1 -1 -1 -1 -1 -1 -1 -1 -1 -1
r-37 11 0.254545 22 0.290043 882 6846 882 5899 930 615 5669 615 1437 565 1437
r-186 36 0.284127 13 0.282051 79219 2593 2593 79228 2685 79270 2681 2681 87591 87678 87678
r-363 26 0.313846 46 0.310145 189769442 -1 189769442 -1 189922434 -1 -1 -1 -1 -1 -1
r-285 38 0.291607 31 0.290323 -1 -1 -1 -1 -1 -1 -1 -1 -1 -1 -1
r-162 34 0.265597 28 0.261905 65536006 32175878 32175878 73210144 30106203 109307377 50449814 50449814 60182738 44193292 44193292
r-820 43 0.330011 15 0.32381 738831 91484 91484 750991 94496 885835 100637 100637 603165 139584 139584
r-356 41 0.285366 45 0.289899 -1 -1 -1 -1 -1 -1 -1 -1 -1 -1 -1
r-380 18 0.346405 37 0.298799 671155 3905785 671155 3460899 673503 806154 5856900 806154 934021 3098681 934021
r-748 39 0.300945 36 0.312698 -1 -1 -1 -1 -1 -1 -1 -1 -1 -1 -1
r-546 45 0.30404 42 0.286876 -1 -1 -1 -1 -1 -1 -1 -1 -1 -1 -1
r-699 24 0.326087 16 0.316667 155423 58560 58560 159186 57586 230115 79538 79538 152172 69706 69706
r-480 48 0.301418 19 0.280702 17217539 2993161 2993161 17756218 3123490 24136601 3757410 3757410 18885328 6791368 6791368
r-616 26 0.292308 30 0.321839 14084999 16008881 14084999 18325790 12894707 23323392 27651261 23323392 15809583 21155470 15809583
r-96 40 0.289744 22 0.329004 27151772 10328886 10328886 28113650 11035432 45063904 15169314 15169314 22838817 10841981 10841981
r-308 25 0.333333 15 0.390476 109290 29899 29899 111241 28279 165221 38736 38736 103828 88785 88785
r-745 13 0.294872 14 0.318681 1495 1660 1495 1668 1078 1603 2023 1603 4708 1982 4708
r-269 18 0.359477 41 0.308537 1892970 8968771 1892970 8191229 1897393 2503186 13720583 2503186 2668452 5960452 2668452
r-586 42 0.311266 36 0.301587 -1 -1 -1 -1 -1 -1 -1 -1 -1 -1 -1
r-841 15 0.304762 50 0.294694 168085 1485356 168085 1358342 170031 184127 1676454 184127 70325 1054330 70325
r-77 38 0.307255 37 0.274775 -1 -1 -1 -1 -1 -1 -1 -1 -1 -1 -1
r-449 49 0.303571 32 0.300403 -1 -1 -1 -1 -1 -1 -1 -1 -1 -1 -1
r-357 47 0.299722 14 0.362637 472801 71394 71394 479421 72930 536720 76525 76525 614056 75931 75931
