instance n1 density1 n2 density2 mcsplit mcsplit-swapped mcsplit-smart-swapped mcsplit+f mcsplit+bigf mcsplit-b mcsplit-b-swapped mcsplit-b-smart-swapped mcsplit-nosort mcsplit-nosort-swapped mcsplit-nosort-smart-swapped
r-494 24 0.82971 24 0.952899 71005 32441526 71005 800027 6540320 55236 33830549 55236 32657662 294875976 32657662
r-635 24 0.297101 24 0.855072 12303 6050 12303 14347 4220 17938 7178 17938 25072 21754 25072
r-189 24 0.956522 24 0.0543478 464 155 155 464 131 945 627 627 760 152 152
r-622 24 0.608696 24 0.572464 911087 478665 478665 991511 418808 1728201 843738 843738 1229152 927185 927185
r-473 24 0.967391 24 0.710145 5098888 8767 8767 4354988 8254 5884141 5120 5120 10738269 37358 37358
r-45 24 0.90942 24 0.34058 9389 7747 7747 10747 4769 14222 8489 8489 10833 6124 6124
r-22 24 0.568841 24 0.289855 43701 87785 43701 55101 77384 53743 124359 53743 132010 451681 132010
r-6 24 0.0942029 24 0.82971 1667 1723 1723 1727 1568 2395 2308 2308 4372 1853 1853
r-959 24 0.427536 24 0.0398551 6510 866783 6510 12096 24217 375 1159548 375 2468 1281484 2468
r-424 24 0.434783 24 0.449275 1135114 1088414 1088414 1172799 993341 2041394 1936334 1936334 1919362 1214851 1214851
r-647 24 0.561594 24 0.884058 41045 258579 41045 60687 169148 64490 436786 64490 69013 142717 69013
r-70 24 0.438406 24 0.985507 2309 199201 2309 26179 4809 811 329840 811 5369 177826 5369
r-896 24 0.17029 24 0.057971 12944 5432527 12944 114521 1248315 14799 5934827 14799 1718902 15149092 1718902
r-307 24 0.0615942 24 0.51087 109062 4379 4379 112448 3899 147165 1194 1194 105647 1537 1537
r-97 24 0.807971 24 0.105072 1421 1718 1421 1548 1182 444 2300 444 4696 7891 4696
r-659 24 0.344203 24 0.224638 100759 875308 100759 129696 683291 98485 1421340 98485 247204 589191 247204
r-825 24 0.768116 24 0.434783 49576 34029 34029 56184 23812 41419 14076 14076 116340 86455 86455
r-523 24 0.376812 24 0.141304 50528 324830 50528 61020 251715 19458 512130 19458 92614 316347 92614
r-948 24 0.192029 24 0.612319 32748 9123 9123 39993 7484 37217 7070 7070 91815 81797 81797
r-770 24 0.380435 24 0.67029 198598 53740 198598 267017 48513 316862 68531 316862 356110 309469 356110
r-82 24 0.148551 24 0.336957 567522 35532 35532 560338 37551 901919 36703 36703 511938 355185 355185
r-302 24 0.521739 24 0.858696 39606 253237 39606 50729 179531 59353 456068 59353 43340 121765 43340
r-961 24 0.148551 24 0.869565 2775 1531 2775 3217 1122 1908 1651 1908 7089 15340 7089
r-957 24 0.0688406 24 0.460145 103563 2177 2177 106473 1753 147030 801 801 93942 27474 27474
r-654 24 0.286232 24 0.326087 881467 274153 274153 991970 205923 1442897 409693 409693 712749 465538 465538
r-863 24 0.913043 24 1 -1 -1 -1 -1 -1 -1 -1 -1 -1 -1 -1
r-343 24 0.605072 24 0.887681 19356 257332 19356 27380 157329 23462 407651 23462 140741 144922 140741
r-493 24 0.0797101 24 0.173913 3057219 27625 27625 2651681 32307 3385619 30838 30838 7057673 760953 760953
r-971 24 0.572464 24 0.0144928 3292 91204 3292 8037 7831 3839 127874 3839 5499 83727 5499
r-326 24 0.0144928 24 0.297101 70478657 477278 477278 67929601 466655 82967486 606319 606319 133434845 2363266 2363266
r-879 24 0.380435 24 0.057971 15547 390073 15547 51626 66255 17582 532291 17582 70928 360051 70928
r-548 24 0.913043 24 0.597826 184512 7225 7225 190233 5399 263942 8166 8166 400959 260921 260921
r-120 24 0.474638 24 0.931159 2278 129094 2278 4271 8798 1921 162758 1921 24401 86524 24401
r-736 24 0.804348 24 0.0471014 1063 2226 1063 1148 1113 1430 3085 1430 10235 2327 10235
r-246 24 0.00362319 24 0.326087 -1 23427 23427 -1 23275 -1 31168 31168 -1 -1 -1
r-644 24 0.0144928 24 0.0942029 -1 33143 33143 -1 23824 -1 1678 1678 -1 -1 -1
r-168 24 0.387681 24 0.076087 16404 423333 16404 41598 166271 7107 601035 7107 91832 209121 91832
r-511 24 0.717391 24 0.181159 8140 4164 8140 11168 2640 4875 5591 4875 20130 6275 20130
r-300 24 0.148551 24 0.496377 377260 48783 48783 355488 67413 663522 83508 83508 69582 121682 121682
r-990 24 0.688406 24 0.5 182022 401014 401014 225615 309961 254237 628227 628227 857996 669784 669784
r-974 24 0.594203 24 0.373188 224103 299362 224103 287129 255822 190466 437903 190466 394692 470037 394692
r-33 24 0.826087 24 0.463768 70898 29194 29194 79910 19986 93550 40932 40932 71955 92630 92630
r-510 24 0.166667 24 0.996377 27 2342 27 27 1235 525 5990 525 2181 1952 2181
r-514 24 0.355072 24 0.865942 12021 5814 12021 20509 5153 11269 6395 11269 14080 11266 14080
r-367 24 0.757246 24 0 1177 12361 1177 2185 1941 1101 28233 1101 1200 12225 1200
r-226 24 0.210145 24 0.206522 263865 395849 263865 357516 283951 374256 564260 374256 1977374 819594 1977374
r-774 24 0.887681 24 0.789855 345895 40144 40144 350311 61381 468567 50963 50963 1256383 5475174 5475174
r-724 24 0.735507 24 0.626812 923829 285808 285808 1007179 289776 1587019 423242 423242 1157348 647671 647671
r-842 24 0.572464 24 0.597826 1561258 1872313 1561258 1718503 1633939 2845121 3614300 2845121 1693166 2037769 1693166
r-69 24 0.00362319 24 0.434783 23655082 17903 17903 24648824 17835 35614204 21865 21865 27653245 86443 86443
r-651 24 0.126812 24 0.568841 17491 18646 18646 21364 6594 24332 20616 20616 59821 15779 15779
r-803 24 0.963768 24 0.923913 -1 2416755 2416755 -1 2416496 -1 2431857 2431857 -1 -1 -1
r-584 24 0.333333 24 0.742754 14004 30477 14004 16318 24983 13921 40329 13921 86344 140438 86344
r-626 24 0.0181159 24 0.467391 3329422 4956 4956 3361443 4816 3603588 6283 6283 3033164 712494 712494
r-748 24 0.782609 24 0 25 51828 25 25 1749 525 60039 525 15646 46849 15646
r-383 24 0.757246 24 0.862319 47104 284019 47104 59567 211618 41382 407951 41382 402874 328401 402874
r-252 24 0.735507 24 0.0797101 1647 5979 1647 1638 2465 1229 6579 1229 3324 6813 3324
r-983 24 0.434783 24 0.514493 1200340 494139 494139 1378420 458597 2059164 779792 779792 1261721 1633067 1633067
r-28 24 0.362319 24 0.221014 586515 1627422 586515 778688 998495 938293 2814879 938293 1045079 551854 1045079
r-859 24 0.416667 24 0.17029 57912 294801 57912 69297 243320 87502 465239 87502 184408 240330 184408
r-403 24 0.521739 24 0.623188 763836 1446595 763836 898843 1151636 1296944 2772546 1296944 1257161 1628874 1257161
r-711 24 0.398551 24 0.344203 1323271 1345966 1323271 1507614 1158084 2409342 2506840 2409342 846376 994984 846376
r-475 24 0.746377 24 0.721014 727507 639472 639472 830779 560942 984126 859944 859944 832665 1001717 1001717
r-942 24 0.307971 24 0.452899 1556579 473539 473539 1540238 455582 2927000 765747 765747 963838 685065 685065
r-108 24 0.648551 24 0.503623 1487741 425537 425537 1499650 408903 2978918 698836 698836 946000 1004691 1004691
r-282 24 0.847826 24 0.181159 3555 3348 3348 4584 2759 5041 5063 5063 3968 38610 38610
r-911 24 0.721014 24 0.336957 24967 53749 53749 34999 46037 32897 68709 68709 297435 98922 98922
r-853 24 0.543478 24 0.855072 22522 195098 22522 26340 148413 32230 324131 32230 379806 123655 379806
r-692 24 0.807971 24 0.655797 942468 101887 101887 915507 140874 1470185 147123 147123 585300 551317 551317
r-844 24 0.666667 24 0.518116 1036405 177670 177670 981737 166512 1993796 266590 266590 268866 711358 711358
r-562 24 0.423913 24 0.873188 14366 58488 14366 18742 12063 8077 52510 8077 11321 22612 11321
r-733 24 0.0434783 24 0.98913 27 293 27 27 171 550 970 550 27 240 27
r-105 24 0.17029 24 0.923913 1930 2806 1930 2105 1796 727 2845 727 4618 3219 4618
r-257 24 0.84058 24 0.681159 885564 63092 63092 938095 95763 1374877 90180 90180 422409 182709 182709
r-747 24 0.913043 24 0.0362319 139 722 139 139 405 500 1129 500 594 584 594
r-467 24 0.434783 24 0.224638 165147 991188 165147 222366 721965 252649 1848877 252649 478882 377135 478882
r-870 24 0.416667 24 0.942029 4477 37967 4477 5953 4852 544 44074 544 1889 41009 1889
r-260 24 0.807971 24 0.981884 24774 -1 24774 -1 -1 27946 -1 27946 171835482 -1 171835482
r-757 24 0.166667 24 0.858696 1484 5237 1484 1796 3631 1629 5484 1629 4527 23322 4527
r-564 24 0.746377 24 0.938406 91765 4191125 91765 426106 760112 127761 5183838 127761 88301 4175057 88301
r-199 24 0.728261 24 0.0144928 197 7113 197 288 2046 576 14055 576 2417 3319 2417
r-247 24 0.539855 24 0.800725 116688 492023 116688 150100 389640 193721 943792 193721 176781 579792 176781
r-646 24 0.855072 24 0.82971 148917 84018 84018 198653 84303 187852 107048 107048 444626 1536983 1536983
r-136 24 0.865942 24 0.82971 122515 44395 44395 138177 57560 161430 56703 56703 1517531 209138 209138
r-56 24 0.492754 24 0.873188 6787 69184 6787 8337 15967 8336 69101 8336 111452 90886 111452
r-778 24 0.822464 24 0.952899 11106 43949234 11106 9821956 3873353 8115 37941383 8115 5833 129066224 5833
r-583 24 0.597826 24 0.985507 20673 18961512 20673 61636 256433 20748 21717346 20748 290097 19384961 290097
r-361 24 0.0905797 24 0.804348 2499 530 530 2623 442 2178 646 646 2399 2616 2616
r-962 24 0.336957 24 0.688406 28521 59216 28521 52204 48941 34343 85866 34343 446973 149761 446973
r-102 24 0.00724638 24 0.181159 -1 386892850 386892850 -1 386891490 -1 308750581 308750581 -1 -1 -1
r-875 24 0.764493 24 0.264493 5332 22127 22127 11767 16432 4742 24733 24733 67921 59364 59364
r-27 24 0.952899 24 0.307971 15335 1915 1915 16163 1709 17770 598 598 18400 4914 4914
r-591 24 0.467391 24 0.532609 691422 884655 691422 837562 805785 1102728 1469044 1102728 924842 1356968 924842
r-235 24 0.931159 24 0.0507246 344 419 344 344 363 501 1137 501 244 345 244
r-274 24 0.594203 24 0.945652 2376 649202 2376 2416 58174 3697 896885 3697 15296 627101 15296
r-998 24 0.474638 24 0.115942 5643 275674 5643 6343 128038 6805 427788 6805 55938 225055 55938
r-552 24 0.956522 24 0.00362319 27 263 27 27 123 550 786 550 102 203 102
r-277 24 0.634058 24 0.550725 1265368 452443 452443 1344800 413904 2339132 735133 735133 1163427 1190763 1190763
r-992 24 0.32971 24 0.938406 6157 12322 6157 8609 4709 2489 10117 2489 2817 13262 2817
r-265 24 0.884058 24 0.101449 667 701 667 698 512 1096 1164 1096 7934 13840 7934
r-700 24 0.228261 24 0.257246 146714 206358 206358 168895 156094 215544 272629 272629 314177 796502 796502
r-568 24 0.768116 24 0.322464 19222 24327 24327 21830 18399 14662 11707 11707 33412 42671 42671
r-611 24 0.865942 24 0.398551 16296 9633 9633 19477 6675 20630 793 793 25291 16872 16872
r-311 24 0.431159 24 0.141304 24882 216725 24882 33665 153283 29684 361252 29684 85203 106149 85203
r-87 24 0.231884 24 0.927536 1585 3669 1585 1888 2420 2018 6914 2018 3341 4626 3341
r-627 24 0.42029 24 0.594203 376306 346948 376306 474333 299109 563965 469521 563965 841146 1036135 841146
r-13 24 0.971014 24 0.557971 447786 8890 8890 447411 8081 614620 14053 14053 364278 279369 279369
r-292 24 0.626812 24 0.282609 31014 145907 31014 38891 129766 27600 192328 27600 376901 166472 376901
r-487 24 0.322464 24 0.416667 1020187 392922 392922 1074319 366427 1860216 627093 627093 846471 574818 574818
r-176 24 0.271739 24 0.322464 1067152 351305 351305 1157459 372764 1634393 586335 586335 861304 2139555 2139555
r-433 24 0.887681 24 0.641304 545795 19441 19441 558714 27454 846342 27899 27899 481249 496330 496330
r-10 24 0.0507246 24 0.623188 20310 1626 1626 23150 1208 37204 2767 2767 18921 20682 20682
r-865 24 0.67029 24 0.597826 2333251 899061 899061 2447461 937521 4339167 1565053 1565053 1251233 1376138 1376138
r-58 24 0.282609 24 0.0797101 18649 3143307 18649 56640 722495 23215 3930853 23215 146499 2930734 146499
r-518 24 0.402174 24 0.416667 1142834 1272486 1272486 1246154 1083393 2076495 2346746 2346746 1401864 1717988 1717988
r-165 24 0.333333 24 0.228261 280610 974419 280610 338940 756325 437778 1647910 437778 726243 693713 726243
r-94 24 0.876812 24 0.231884 3751 227 227 4455 270 3413 425 425 6045 16487 16487
r-963 24 0.528986 24 0.326087 142591 355256 142591 201055 276633 189044 496488 189044 140452 857355 140452
r-652 24 0.641304 24 0.98913 43099 54703146 43099 661244 75916 10954 58816697 10954 47341 47713229 47341
r-597 24 0.822464 24 0.0289855 119 2109 119 56 883 500 3954 500 2287 1794 2287
r-867 24 0.0507246 24 0.278986 3429684 3570 3570 3197595 3325 3842575 4216 4216 6086616 8258 8258
r-930 24 0.221014 24 0.449275 450170 16622 16622 381288 16864 765996 20439 20439 307298 666642 666642
r-256 24 0.822464 24 0.474638 53456 30963 30963 60025 17788 65008 40314 40314 76027 48849 48849
r-384 24 0.00724638 24 0.141304 -1 1290102 1290102 -1 1288590 -1 1480032 1480032 -1 -1 -1
r-918 24 0.0905797 24 0.717391 12717 1305 1305 13651 1051 11857 490 490 10151 5393 5393
r-512 24 0.710145 24 0.413043 102748 30728 30728 144812 22760 145590 29981 29981 337937 250380 250380
r-323 24 0.757246 24 0.402174 42952 27648 27648 53294 21094 50656 30083 30083 101311 81612 81612
r-474 24 0.554348 24 0.173913 12139 58366 12139 22350 27363 2050 75056 2050 162956 88598 162956
r-333 24 0.0398551 24 0.934783 518 152 152 524 133 1221 636 636 675 701 701
r-704 24 0.681159 24 0.365942 59204 58905 58905 71227 48335 73261 74569 74569 207233 261142 261142
r-373 24 0.384058 24 0.503623 632379 354851 354851 710840 317463 1053397 557567 557567 1053776 1002979 1002979
r-719 24 0.572464 24 0.565217 1055606 996898 996898 1151854 870179 1872807 1764342 1764342 1906212 1396145 1396145
r-589 24 0.224638 24 0.380435 820341 176845 176845 918878 179426 1428468 247624 247624 319412 851957 851957
r-925 24 0.630435 24 0.945652 16001 1007867 16001 215463 171183 22355 1405226 22355 179667 1152686 179667
r-121 24 0.0652174 24 0.786232 2470 1607 1607 2647 958 4938 2133 2133 3221 5423 5423
r-878 24 0.550725 24 0.25 23743 78537 23743 34906 59555 12832 100316 12832 134678 104683 134678
r-901 24 0.710145 24 0.0507246 4095 20966 4095 6043 3678 1127 19911 1127 2755 13933 2755
r-554 24 0.268116 24 0.242754 540580 865021 540580 646282 625233 835267 1316691 835267 2482244 1560757 2482244
r-669 24 0.913043 24 0.931159 74191 510249 74191 221283 260024 76780 225312 76780 4478826 3041448 4478826
r-595 24 0.188406 24 0.398551 371091 41990 41990 388656 53515 699112 61001 61001 267905 317332 317332
r-641 24 0.0289855 24 0.630435 40742 1382 1382 41905 1098 47019 1334 1334 45789 1720 1720
r-862 24 0.713768 24 0.355072 47472 40187 40187 52756 34184 20752 28368 28368 377661 165693 165693
r-188 24 0.797101 24 0.619565 511202 51981 51981 507834 74012 873327 79284 79284 375918 102870 102870
r-740 24 0.717391 24 0.358696 74018 9640 9640 91534 7798 59929 11796 11796 80661 198238 198238
r-945 24 0.844203 24 0.92029 35503 236098 35503 59751 141569 17957 180590 17957 140718 1234920 140718
r-285 24 0.742754 24 0.0289855 239 5791 239 458 2231 496 11162 496 3062 6079 3062
r-411 24 0.98913 24 0.387681 40900 3907 3907 43109 3633 70220 1907 1907 67879 2140 2140
r-478 24 0.15942 24 0.0652174 17171 2155200 17171 100432 558778 17487 2016095 17487 69676 13014656 69676
r-354 24 0.141304 24 0.181159 197630 301030 301030 251026 274073 244811 339128 339128 2964881 631752 631752
r-355 24 0.0217391 24 0.115942 -1 75567 75567 -1 74401 -1 57070 57070 -1 -1 -1
r-947 24 0.713768 24 0.0471014 1541 19203 1541 1963 2090 2123 27036 2123 1126 6045 1126
r-880 24 0.952899 24 0.384058 40712 175 175 40151 165 56129 425 425 13703 5933 5933
r-324 24 0.224638 24 0.0942029 74705 677675 74705 162646 301450 61921 847567 61921 853470 1544684 853470
r-618 24 0.637681 24 0.235507 59913 68812 59913 71447 65018 86021 99382 86021 219658 256323 219658
r-275 24 0.735507 24 0.347826 24272 21875 21875 37436 18649 29645 25547 25547 187738 122854 122854
r-917 24 0.0434783 24 0.188406 151873174 18537 18537 121916360 19315 161086614 21131 21131 205603848 370017 370017
r-125 24 0.615942 24 0.695652 477355 1269128 477355 581527 889425 815817 2352418 815817 755718 786317 755718
r-211 24 0.333333 24 0.0398551 9831 2445536 9831 429115 61595 11342 2906096 11342 1019103 2374414 1019103
r-369 24 0.905797 24 0.293478 4436 2572 2572 5259 1306 7518 2947 2947 4904 5838 5838
r-49 24 0.00362319 24 0.597826 116439 1673 1673 114607 1593 158532 551 551 157789 20645 20645
r-980 24 0.800725 24 0.0797101 1074 2057 1074 1161 1335 1406 2170 1406 9166 2558 9166
r-280 24 0.518116 24 0.0434783 3868 213607 3868 38684 15256 3389 279195 3389 37029 233226 37029
r-118 24 0.793478 24 0.887681 77904 586979 77904 122858 462761 95886 776294 95886 2053028 1977088 2053028
r-728 24 0.365942 24 0.297101 329720 981722 329720 436256 717994 272840 1705293 272840 1294385 951678 1294385
r-640 24 0.963768 24 0.173913 2169 83 83 2305 106 3719 500 500 1612 4505 4505
r-913 24 0.0652174 24 0.271739 1253740 44535 44535 1204186 47607 1614546 57088 57088 1293537 142409 142409
r-191 24 0.619565 24 0.0398551 9302 17852 9302 12193 3917 2488 25126 2488 11719 17245 11719
r-689 24 0.971014 24 0.155797 1419 300 300 1439 231 2277 686 686 1139 281 281
r-203 24 0.362319 24 0.623188 131472 151350 151350 155505 135808 186526 211856 211856 613646 512642 512642
r-775 24 0.278986 24 0.992754 853 15774 853 2589 1760 844 23044 844 4671 15678 4671
r-378 24 0.434783 24 0.221014 135602 779883 135602 172540 606288 212209 1421536 212209 340104 667006 340104
r-184 24 0.902174 24 0.416667 59412 7607 7607 67049 3717 61643 7231 7231 61998 31053 31053
r-758 24 0.797101 24 0.311594 8667 11406 11406 10086 9639 8224 11967 11967 57680 33944 33944
r-664 24 0.108696 24 0.474638 137929 8896 8896 153374 9804 218348 12035 12035 89157 21708 21708
r-995 24 0.811594 24 0.0797101 990 2908 990 985 1887 451 1277 451 2908 3216 2908
r-817 24 0.221014 24 1 601 21122 601 1609 4012 1126 33412 1126 4080 21048 4080
r-223 24 0.902174 24 0.851449 1493486 246346 246346 1566241 221303 1496406 209920 209920 1717974 758604 758604
r-88 24 0.492754 24 0.119565 2248 125879 2248 8757 99264 1140 227775 1140 87234 109218 87234
r-57 24 0.163043 24 0.699275 15947 6370 6370 19403 5445 20623 7882 7882 27546 38834 38834
r-278 24 0.0833333 24 0.199275 6576858 83244 83244 5087677 109271 6913206 73888 73888 21288782 9566547 9566547
r-213 24 0.445652 24 0.297101 282293 1333164 282293 383191 856213 468924 2577594 468924 1128139 1249252 1128139
r-143 24 0.0724638 24 0.525362 56862 3314 3314 58943 2237 78228 375 375 61231 12910 12910
r-931 24 0.847826 24 0.137681 1154 1710 1154 1160 1849 876 1302 876 2828 1590 2828
r-981 24 0.583333 24 0.188406 61524 46302 61524 75354 36244 78744 63805 78744 70880 71850 70880
r-16 24 0.286232 24 0.105072 19471 677009 19471 47216 274026 23238 937763 23238 338598 459125 338598
r-319 24 0.115942 24 0.637681 22100 24071 24071 25747 16558 31121 34035 34035 30314 11465 11465
r-50 24 0.485507 24 0.344203 137141 1206984 137141 261126 756733 194447 2332773 194447 648822 1310266 648822
r-422 24 0.271739 24 0.275362 826094 944827 944827 954854 872019 1328350 1518076 1518076 1287682 1659612 1659612
r-721 24 0.971014 24 0.210145 2697 32 32 2890 76 5012 475 475 2683 320 320
r-816 24 0.0144928 24 0.221014 -1 7385 7385 -1 7154 -1 9701 9701 -1 70484790 70484790
r-586 24 0.978261 24 0.0326087 242 71 71 242 75 693 501 501 214 38 38
r-616 24 0.992754 24 0.98913 323 280 280 322 281 348 305 305 -1 36381 36381
r-243 24 0.934783 24 0.188406 1423 775 775 1517 656 3302 512 512 4889 826 826
r-132 24 0.0362319 24 0.82971 4068 54 54 4162 109 5739 476 476 1429 2696 2696
r-173 24 0.731884 24 0.84058 42680 377125 42680 68671 258249 58404 577340 58404 148204 409365 148204
r-845 24 0.391304 24 0.967391 2469 127800 2469 3343 3518 673 74284 673 14821 98886 14821
r-513 24 0.753623 24 0.648551 1620366 854815 854815 1649997 965747 2807363 1349529 1349529 1676095 1714613 1714613
r-827 24 0.0362319 24 0.5 213194 8301 8301 215719 7067 269260 4867 4867 145087 16128 16128
r-819 24 0.492754 24 0.503623 931969 1461263 1461263 1078436 1341274 1521533 2635042 2635042 1449742 1499594 1499594
r-177 24 0.137681 24 0.731884 4356 5646 5646 5235 4018 7110 6538 6538 56932 13380 13380
r-874 24 0.797101 24 0.518116 817905 40815 40815 756962 39930 1420860 58314 58314 647549 666164 666164
r-991 24 0.688406 24 0.134058 6677 3563 6677 7825 2751 2895 5117 2895 12119 31290 12119
r-585 24 0.568841 24 0.992754 29044 9919895 29044 379240 1131317 6474 11984860 6474 471380 5090542 471380
r-101 24 0.0869565 24 0.826087 2727 1304 1304 2839 1092 2529 1450 1450 2213 7935 7935
r-580 24 0.811594 24 0.15942 2861 1465 2861 3165 1760 3431 2389 3431 3631 5613 3631
r-779 24 0.978261 24 0.561594 466269 2054 2054 468612 1762 632390 2664 2664 1546808 20274 20274
r-42 24 0.206522 24 0.507246 85158 79680 79680 106805 59212 120178 112007 112007 82650 250396 250396
r-732 24 0.641304 24 0.485507 434437 494838 494838 512344 430739 657860 750909 750909 1230266 1161823 1161823
r-988 24 0.847826 24 0.336957 8208 11944 11944 10406 6633 11063 11593 11593 18147 54622 54622
r-538 24 0.0507246 24 0.195652 13598445 39169 39169 12583532 43157 14665465 50064 50064 27119514 717863 717863
r-715 24 0.152174 24 0.916667 501 1396 501 552 823 543 2061 543 137 1026 137
r-760 24 0.532609 24 0.771739 128623 1131069 128623 158302 895205 191698 2033852 191698 457978 472717 457978
r-634 24 0.492754 24 0.583333 401492 615820 401492 484153 514712 630992 967964 630992 1301055 1125017 1301055
r-906 24 0.905797 24 0.289855 8661 1955 1955 9539 1388 8898 1882 1882 6044 14065 14065
r-638 24 0.318841 24 0.344203 1200050 571312 571312 1340455 472508 1759465 647900 647900 1580794 1555509 1555509
r-470 24 0.507246 24 0.163043 7766 28784 7766 10263 16215 4228 35013 4228 89740 54621 89740
r-676 24 0.583333 24 0.507246 1328081 596109 596109 1424002 547952 2524373 1011761 1011761 953024 1186337 1186337
r-783 24 0.724638 24 0.123188 6518 5611 6518 7537 3962 6673 6265 6673 8302 26584 8302
r-813 24 0.532609 24 0.960145 2068 297374 2068 4949 24912 1899 456917 1899 15106 430182 15106
r-427 24 0.98913 24 0.0362319 188 27 27 191 49 731 550 550 140 98 98
r-847 24 0.735507 24 0.445652 56395 103195 103195 80404 72251 72286 145315 145315 358031 141455 141455
r-259 24 0.148551 24 0.119565 16884 45758 16884 19452 32619 21132 57263 21132 107626 743786 107626
r-358 24 0.887681 24 0.648551 674998 8445 8445 720439 8426 1061863 11458 11458 460213 370537 370537
r-347 24 0.528986 24 0.0434783 4302 91225 4302 17050 6237 1090 112946 1090 13606 49557 13606
r-283 24 0.0688406 24 0.586957 47921 4355 4355 50732 1299 39953 5897 5897 52736 4635 4635
r-103 24 0.503623 24 0.731884 17853 724866 17853 33816 534347 17365 1418141 17365 359417 605021 359417
r-755 24 0.115942 24 0.108696 114431 34187 114431 192774 30908 129631 30597 129631 756610 905736 756610
r-745 24 0.731884 24 0.974638 16800 46150524 16800 1027219 1170205 17650 53009595 17650 3437078 35704437 3437078
r-569 24 0.0181159 24 0.884058 1493 38 38 1517 75 1968 525 525 1156 130 130
r-220 24 0.641304 24 0.637681 919955 640884 640884 957857 561007 1601902 1116568 1116568 981317 1118435 1118435
r-268 24 0.518116 24 0.112319 5339 54786 5339 6207 15239 6543 75503 6543 26198 80594 26198
r-141 24 0.5 24 0.822464 16329 75474 16329 31403 28176 12480 102386 12480 13973 348687 13973
r-337 24 0.184783 24 0.315217 577375 188896 188896 616765 204432 940585 263520 263520 721780 659959 659959
r-886 24 0.721014 24 0.949275 16402 3004691 16402 1073934 142758 4227 3410375 4227 226272 3986680 226272
r-660 24 0.710145 24 0.278986 13707 47314 13707 19358 39421 13480 71129 13480 78486 163340 78486
r-371 24 0.405797 24 0.637681 184570 285660 184570 254372 244893 260090 446490 260090 174269 311338 174269
r-951 24 0.952899 24 0.199275 2489 271 271 2646 205 4264 475 475 2395 624 624
r-955 24 0.188406 24 0.742754 16225 4403 4403 17799 3598 3608 1283 1283 17626 33293 33293
r-365 24 0.858696 24 0.286232 10348 3409 3409 13472 3042 4555 1111 1111 12102 12991 12991
r-610 24 0.0724638 24 0.876812 944 502 502 970 350 1171 602 602 2533 1915 1915
r-24 24 0.855072 24 0.431159 24863 19810 19810 29321 11447 26501 24038 24038 64359 24536 24536
r-29 24 0.655797 24 0.184783 21208 20288 21208 27797 15397 23754 27275 23754 24760 74895 24760
r-707 24 0.347826 24 0.173913 5081 367518 5081 6029 274906 2205 596659 2205 228786 220452 228786
r-60 24 0.423913 24 0.789855 34928 61024 34928 73557 37158 21264 79236 21264 96661 141386 96661
r-860 24 0.195652 24 0.431159 569647 102047 102047 591190 122916 1086641 158177 158177 355083 214703 214703
r-238 24 0.137681 24 0.434783 153234 23770 23770 166566 26094 240465 31527 31527 136074 74855 74855
r-528 24 0.721014 24 0.539855 1158701 174771 174771 1117238 168555 2180110 277625 277625 732100 854938 854938
r-970 24 0.202899 24 0.358696 878370 214397 214397 925014 280142 1417086 317215 317215 611375 278382 278382
r-643 24 0.0253623 24 0.974638 114 65 114 113 75 685 526 685 360 115 360
r-630 24 0.992754 24 0.927536 -1 54450 54450 -1 53695 -1 4495 4495 -1 -1 -1
r-781 24 0.40942 24 0.865942 16468 9614 16468 17318 5966 16190 15046 16190 16646 70137 16646
r-432 24 0.380435 24 0.282609 300215 696670 300215 367574 449696 496571 1240183 496571 551221 628180 551221
r-924 24 0.144928 24 0.373188 1139173 96679 96679 1079300 133887 2008809 136786 136786 715118 522470 522470
r-99 24 0.981884 24 0.376812 235293 913 913 233512 735 291992 450 450 201031 3197 3197
r-550 24 0.101449 24 0.525362 137958 3809 3809 160143 2843 102307 3253 3253 125872 57984 57984
r-665 24 0.463768 24 0.992754 2860 212294 2860 61251 12485 1478 281597 1478 460351 189299 460351
r-710 24 0.34058 24 0.0543478 14463 3296448 14463 60751 83178 19155 4062737 19155 1320808 3188985 1320808
r-11 24 0.898551 24 0.90942 148064 370153 148064 229983 248777 156533 345603 156533 600740 4593889 600740
r-500 24 0.427536 24 0.583333 465199 310879 465199 512413 258999 672127 420485 672127 1140055 1044297 1140055
r-761 24 0.235507 24 0.431159 1102092 177874 177874 1097411 229452 2060040 293456 293456 615480 668438 668438
r-64 24 0.373188 24 0.514493 317461 347267 347267 360669 272345 441908 520796 520796 1052726 912904 912904
r-885 24 0.811594 24 0.5 67647 92074 92074 80442 60075 93962 113537 113537 169151 76242 76242
r-926 24 0.869565 24 0.913043 87914 336915 87914 191208 195932 37465 222034 37465 217776 2588512 217776
r-573 24 0.0108696 24 0.514493 592275 16467 16467 598440 16374 741617 3150 3150 628028 65092 65092
r-485 24 0.0869565 24 0.282609 864426 6491 6491 892971 7990 1216664 8576 8576 768008 337650 337650
r-186 24 0.0615942 24 0.467391 327308 1446 1446 356813 1429 433227 654 654 298776 155692 155692
r-415 24 0.0108696 24 0.637681 211539 961 961 210456 847 226600 450 450 122549 2818 2818
r-379 24 0.144928 24 0.695652 10520 7281 7281 11650 4360 7157 5525 5525 8225 12034 12034
r-164 24 0.514493 24 0.32971 343915 181347 343915 494214 162253 533346 259706 533346 324190 872292 324190
r-697 24 0.942029 24 0.347826 37347 236 236 38319 141 34457 450 450 39014 86 86
r-703 24 0.905797 24 0.855072 103198 30858 30858 109692 31765 126554 34567 34567 950271 216528 216528
r-7 24 0.369565 24 0.304348 656676 646439 656676 776485 494147 1084684 1079372 1084684 790001 866970 790001
r-248 24 0.105072 24 0.442029 165762 23522 23522 174530 23935 269671 12218 12218 158024 29577 29577
r-166 24 0.188406 24 0.0108696 9022850 -1 9022850 -1 -1 9063178 -1 9063178 -1 -1 -1
r-74 24 0.692029 24 0.786232 356950 763396 356950 471242 460769 535328 1260942 535328 1642053 795905 1642053
r-935 24 0.304348 24 0.0869565 19953 239183 19953 43521 97106 6192 308029 6192 176848 417490 176848
r-262 24 0.275362 24 0.105072 17449 537324 17449 21806 330897 24144 762224 24144 61910 892878 61910
r-742 24 0.0326087 24 0.634058 32224 2374 2374 33579 2243 43607 540 540 13813 4526 4526
r-393 24 0.775362 24 0.289855 12475 18381 18381 16284 15681 16714 19996 19996 40517 20714 20714
r-549 24 0.815217 24 0.456522 65494 31585 31585 77495 21532 83115 22316 22316 80112 104922 104922
r-225 24 0.652174 24 0.26087 11981 50070 11981 27881 28259 16318 62524 16318 82396 63255 82396
r-593 24 0.539855 24 0.673913 364295 1407914 364295 507051 1028073 557415 2432002 557415 421586 1329193 421586
r-522 24 0.789855 24 0.166667 6589 7765 6589 7122 5422 5097 10171 5097 13571 8399 13571
r-982 24 0.710145 24 0.423913 121208 93503 93503 144411 62977 166338 122830 122830 479220 339311 339311
r-613 24 0.568841 24 0.474638 680584 1229106 1229106 769554 1074849 1086400 2126562 2126562 667527 922469 922469
r-400 24 0.108696 24 0.202899 117009 7980 7980 110700 13442 158371 7899 7899 1093090 321702 321702
r-32 24 0.967391 24 0.92029 -1 18933 18933 -1 18835 -1 19262 19262 -1 354585808 -1
r-154 24 0.438406 24 0.402174 1165979 1370626 1165979 1306938 1233092 2116901 2594889 2116901 1658687 1634537 1658687
r-147 24 0.434783 24 0.163043 58232 1151444 58232 83875 796763 80236 1990496 80236 469307 507295 469307
r-440 24 0.778986 24 0.188406 4541 6708 4541 8233 4974 5300 6928 5300 17067 44602 17067
r-438 24 0.583333 24 0.210145 15375 40073 15375 19364 28210 22630 59791 22630 98334 95361 98334
r-966 24 0.815217 24 0.0797101 1110 1654 1110 1215 944 475 2769 475 2519 1963 2519
r-960 24 0.32971 24 0.869565 13337 8674 13337 15776 5223 19974 10103 19974 31444 19197 31444
r-250 24 0.514493 24 0.141304 31670 30092 31670 34767 13765 47109 41966 47109 84830 158698 84830
r-339 24 0.619565 24 0.778986 210526 1036436 210526 246826 720986 321830 1880217 321830 399890 494528 399890
r-111 24 0.800725 24 0.605072 518473 27885 27885 516042 31600 875842 38465 38465 175628 289316 289316
r-547 24 0.0181159 24 0.90942 793 44 44 826 75 2053 525 525 696 138 138
r-122 24 0.507246 24 0.173913 25846 62739 25846 29841 27329 33703 79783 33703 136560 112293 136560
r-216 24 0.217391 24 0.916667 848 3883 848 1105 3006 1193 6384 1193 1476 5291 1476
r-110 24 0.297101 24 0.253623 441298 669317 441298 541779 527700 682787 1082876 682787 668124 1187609 668124
r-674 24 0.0181159 24 0.619565 46557 2095 2095 47463 1878 50883 2184 2184 44679 2295 2295
r-391 24 0.539855 24 0.836957 69742 492352 69742 86241 405984 110150 919108 110150 404875 331879 404875
r-217 24 0.543478 24 0.0253623 3414 109408 3414 9830 6964 5540 161804 5540 2986 110250 2986
r-615 24 0.438406 24 0.586957 438315 603452 438315 544927 531055 676279 931216 676279 750908 1550773 750908
r-234 24 0.322464 24 0.5 972669 138149 138149 887300 131106 1953376 202179 202179 947194 442974 442974
r-244 24 0.67029 24 0.438406 171939 224901 224901 226147 182170 258789 267772 267772 298306 716673 716673
r-798 24 0.728261 24 0.481884 156215 217444 217444 193810 161565 221889 277537 277537 470482 516719 516719
r-227 24 0.884058 24 0.637681 474124 22253 22253 500922 29586 698604 30251 30251 406813 111709 111709
r-818 24 0.460145 24 0.728261 104261 153008 104261 148547 119764 161167 214294 161167 313974 779040 313974
r-621 24 0.344203 24 0.626812 76995 66189 66189 93586 54407 98419 90025 90025 396126 661325 661325
r-730 24 0.355072 24 0.981884 2939 14093 2939 6508 2474 2167 24395 2167 3125 15693 3125
r-89 24 0.380435 24 0.438406 1671931 798041 798041 1802218 715315 3205965 1347484 1347484 1623226 1374562 1374562
r-557 24 0.496377 24 0.873188 16538 75611 16538 21866 24777 7962 65652 7962 83437 106538 83437
r-426 24 0.51087 24 0.615942 682101 1632359 682101 824341 1305547 1177542 3204741 1177542 965644 881659 965644
r-193 24 0.894928 24 0.568841 354129 3746 3746 361384 4324 547840 1131 1131 268083 169884 169884
r-741 24 0.626812 24 0.362319 95471 123346 95471 142525 103379 130240 178001 130240 431618 577384 431618
r-158 24 0.985507 24 0.217391 8229 76 76 8292 77 11950 500 500 6601 16123 16123
r-123 24 0.101449 24 0.380435 127095 7987 7987 133495 8591 164806 3224 3224 206714 71681 71681
r-287 24 0.391304 24 0.0615942 4272 1658800 4272 4831 144819 5764 2098058 5764 38775 2312493 38775
r-650 24 0.615942 24 0.811594 109801 455703 109801 161762 351297 168356 777957 168356 439493 296954 439493
r-209 24 0.217391 24 0.525362 37870 69112 69112 45566 43192 39852 82908 82908 181901 159942 159942
r-405 24 0.26087 24 0.126812 147529 658683 147529 396612 445119 145393 826838 145393 615403 906675 615403
r-59 24 0.963768 24 0.155797 1863 156 156 1922 181 3669 576 576 1556 1173 1173
r-642 24 0.865942 24 0.467391 87187 24096 24096 97410 12988 97297 28339 28339 58663 48260 48260
r-882 24 0.369565 24 0.692029 68890 69089 68890 81415 57541 83778 24677 83778 309994 153372 309994
r-77 24 0.0434783 24 0.782609 4684 2009 2009 4970 1570 2518 1843 1843 3413 2157 2157
r-683 24 0.300725 24 0.373188 980473 516710 516710 1057562 521530 1742607 837579 837579 928209 903024 903024
r-92 24 0.789855 24 0.333333 28271 19787 19787 36026 14401 30772 14597 14597 25460 34270 34270
r-968 24 0.217391 24 0.405797 451980 33859 33859 413557 43626 809525 52462 52462 285083 198621 198621
r-902 24 0.626812 24 0.427536 334681 298268 298268 379212 279931 493761 452366 452366 1047138 851402 851402
r-839 24 0.0942029 24 0.938406 747 1102 747 952 900 875 900 875 863 2772 863
r-54 24 0.40942 24 0.673913 178575 62704 178575 249365 62369 274579 84044 274579 598906 580434 598906
r-325 24 0.938406 24 0.242754 8706 1044 1044 9628 775 5177 1428 1428 4439 17878 17878
r-444 24 0.322464 24 0.326087 453027 596609 596609 517840 418313 736799 958375 958375 734671 1250684 1250684
r-314 24 0.996377 24 0.565217 27514330 2089 2089 27618103 2057 34668268 1390 1390 18245557 102857 102857
r-462 24 0.481884 24 0.782609 31322 49263 31322 75052 27515 34775 63537 34775 228773 216325 228773
r-135 24 0.0471014 24 0.518116 190781 5006 5006 196605 4099 225848 3921 3921 110582 30883 30883
r-709 24 0.681159 24 0.971014 20159 10794378 20159 256576 195775 22158 12377598 22158 4081763 27054989 4081763
r-789 24 0.528986 24 0.442029 701526 590233 701526 824331 499983 1086522 926653 1086522 1385600 978854 1385600
r-835 24 0.98913 24 0.764493 -1 -1 -1 -1 -1 -1 -1 -1 -1 -1 -1
r-155 24 0.916667 24 0.427536 23821 3501 3501 25827 1212 20885 635 635 27711 55777 55777
r-449 24 0.0144928 24 0.507246 3441549 925 925 3402308 791 3867306 425 425 2247325 3351 3351
r-834 24 0.155797 24 0.217391 580870 253730 253730 627230 249668 844180 361827 361827 2424841 810251 810251
r-131 24 0.59058 24 0.623188 702626 1781901 702626 812438 1461757 1272339 3378055 1272339 1472402 1051763 1472402
r-848 24 0.702899 24 0.268116 19214 26486 19214 27718 24183 24193 31911 24193 94467 41135 94467
r-468 24 0.0326087 24 0.927536 677 428 428 680 279 1234 501 501 416 110 110
r-1 24 0.242754 24 0.561594 85986 61921 61921 106710 45387 115565 75651 75651 312712 88082 88082
r-305 24 0.858696 24 0.811594 302515 174673 174673 305841 213350 404744 221656 221656 992183 433988 433988
r-574 24 0.163043 24 0.677536 6132 7023 7023 7705 5062 8894 7226 7226 42192 45921 45921
r-472 24 0.318841 24 0.213768 274748 710259 274748 372582 513678 137082 1001299 137082 381160 351125 381160
r-695 24 0.413043 24 0.724638 126192 149615 126192 151444 156220 162549 240218 162549 261064 955523 261064
r-702 24 0.166667 24 0.398551 263195 14809 14809 241559 15461 413028 15342 15342 254826 282755 282755
r-380 24 0.0724638 24 0.271739 826502 22244 22244 770430 28578 1056280 30474 30474 1545638 399249 399249
r-841 24 0.173913 24 0.996377 156 1863 156 114 822 609 4196 609 1411 1859 1411
r-559 24 0.865942 24 0.460145 63700 33071 33071 68166 21984 62906 19976 19976 34547 50123 50123
r-425 24 0.467391 24 0.289855 169007 947482 169007 258198 659019 262775 1804880 262775 366772 667538 366772
r-831 24 0.884058 24 0.963768 55606 -1 55606 66276323 79344841 65072 -1 65072 101907827 -1 101907827
r-720 24 0.217391 24 0.376812 591097 67887 67887 626517 69402 1061920 102382 102382 337003 314531 314531
r-542 24 0.985507 24 0.873188 -1 267247 267247 -1 254183 -1 2101 2101 -1 1106633 1106633
r-178 24 0.246377 24 0.0615942 48591 16103903 48591 646762 1790329 9694 17536176 9694 3011040 10987935 3011040
r-109 24 0.59058 24 0.782609 123850 959788 123850 163203 540290 198254 1722921 198254 158846 494762 158846
r-47 24 0.152174 24 0.695652 6919 9135 9135 8882 4614 3296 5506 5506 9241 5129 5129
r-544 24 0.26087 24 0.235507 624177 944387 624177 766863 725057 930021 1417762 930021 2671919 1630431 2671919
r-161 24 0.452899 24 0.17029 58718 555725 58718 75788 429340 88309 1005797 88309 270941 262031 270941
r-446 24 0.0253623 24 0.0543478 -1 351921710 351921710 -1 350230183 -1 344362690 344362690 -1 -1 -1
r-200 24 0.525362 24 0.858696 28948 244841 28948 35142 185299 13549 363447 13549 75327 120935 75327
r-202 24 0.98913 24 0.891304 -1 7743271 7743271 -1 7543436 -1 7240959 7240959 -1 -1 -1
r-53 24 0.471014 24 0.724638 111562 130506 111562 141298 114493 170554 189754 170554 324636 620750 324636
r-261 24 0.612319 24 0.724638 438528 1366664 438528 536838 1107317 739424 2431623 739424 741662 636336 741662
r-940 24 0.0869565 24 0.307971 1011193 13127 13127 959487 15992 1281958 12242 12242 1090699 274247 274247
r-617 24 0.326087 24 0.721014 42909 27461 42909 58753 22235 60379 37391 60379 247889 127671 247889
r-739 24 0.347826 24 0.0289855 3793 7792097 3793 87412 61641 4732 8396730 4732 61267 6232985 61267
r-499 24 0.952899 24 0.467391 146404 3494 3494 148200 2702 178236 3239 3239 187292 10833 10833
r-294 24 0.449275 24 0.246377 40605 547717 40605 86523 412543 45972 984531 45972 325360 428806 325360
r-708 24 0.416667 24 0.48913 1051544 981350 981350 1046578 832722 1926635 1748765 1748765 1499883 1074531 1074531
r-310 24 0.557971 24 0.807971 22980 539597 22980 46944 374972 27422 943666 27422 117130 271724 117130
r-417 24 0 24 0.0905797 -1 -1 -1 -1 -1 -1 -1 -1 -1 -1 -1
r-398 24 0.152174 24 0.48913 219853 19295 19295 192460 21187 373725 24854 24854 130768 276346 276346
r-272 24 0.521739 24 0.32971 390429 141640 390429 490237 139557 610420 164869 610420 859607 618481 859607
r-245 24 0.873188 24 0.876812 95612 107848 95612 109306 106537 58558 87399 58558 52488 810796 52488
r-442 24 0.278986 24 0.0688406 9965 652902 9965 49149 88167 11830 805996 11830 157154 887141 157154
r-502 24 0.960145 24 0.166667 1819 368 368 1917 277 2462 770 770 1662 1009 1009
r-86 24 0.836957 24 0.746377 552718 123567 123567 551979 186767 841015 175455 175455 623427 381010 381010
r-843 24 0.213768 24 0.246377 466974 203139 203139 504533 244864 558472 203623 203623 380498 308760 308760
r-230 24 0.452899 24 0.880435 5943 24822 5943 6814 8086 2178 32867 2178 11701 67715 11701
r-592 24 0.195652 24 0.0543478 17294 72542566 17294 707626 3938553 21131 77423585 21131 20891819 159938163 20891819
r-914 24 0.724638 24 0.822464 823610 568942 823610 1043327 473647 424312 778575 424312 407053 852756 407053
r-524 24 0.318841 24 0.326087 1212016 811535 811535 1347993 854432 2078447 1340219 1340219 674265 831995 831995
r-253 24 0.978261 24 0.836957 -1 396023 396023 -1 392577 -1 34533 34533 -1 7360622 7360622
r-986 24 0.731884 24 0.818841 201177 588434 201177 270062 399254 255780 885813 255780 772357 1489879 772357
r-443 24 0.478261 24 0.916667 2368 93374 2368 2516 15035 2248 125777 2248 15197 64341 15197
r-836 24 0.880435 24 0.73913 1498039 64586 64586 1465985 69891 2087290 91793 91793 2363024 1286361 1286361
r-495 24 0.355072 24 0.634058 79880 109123 109123 106111 92177 104117 142177 142177 428231 356069 356069
r-336 24 0.695652 24 0.311594 41002 20859 20859 87005 17410 58480 27300 27300 194708 67885 67885
r-293 24 0.855072 24 0.463768 53065 10487 10487 60102 7464 63203 14376 14376 25446 107052 107052
r-163 24 0.0797101 24 0.0398551 7607 196491131 7607 16763249 55288055 7810 195911451 7810 45214866 -1 45214866
r-811 24 0.228261 24 0.684783 9469 8794 8794 12824 7040 12790 6636 6636 46818 76329 76329
r-893 24 0.547101 24 0.17029 18934 22719 18934 30609 6348 17457 26049 17457 208840 63643 208840
r-224 24 0.355072 24 0.59058 96009 239742 239742 116680 205062 123439 353827 353827 493077 703672 703672
r-705 24 0.532609 24 0.137681 17128 46856 17128 27478 17604 21668 63457 21668 98651 54054 98651
