instance n1 density1 n2 density2 mcsplit mcsplit-swapped mcsplit-smart-swapped-D mcsplit-smart-swapped-O mcsplit+f mcsplit+bigf mcsplit-b mcsplit-b-swapped mcsplit-b-smart-swapped-D mcsplit-b-smart-swapped-O mcsplit-nosort mcsplit-nosort-swapped mcsplit-nosort-smart-swapped-D mcsplit-nosort-smart-swapped-O
r-625 22 0.874459 31 0.378495 325983 145606 145606 325983 284221 197131 496570 223700 223700 496570 656514 332438 332438 656514
r-584 14 0.0879121 10 0.6 1524 321 321 321 1520 283 2083 495 495 495 2141 477 477 477
r-539 31 0.597849 18 0.803922 803393 1130715 803393 1130715 1020623 1011619 1193987 1587839 1193987 1587839 1415898 947300 1415898 947300
r-40 10 0.266667 42 0.148664 93 47 93 93 47 93 79 71 79 79 110 217 110 110
r-202 43 0.541528 47 0.323774 -1 -1 -1 -1 -1 -1 -1 -1 -1 -1 -1 -1 -1 -1
r-619 43 0.41196 20 0.410526 25975836 17097881 25975836 17097881 26939266 17002661 42543657 26778833 42543657 26778833 20956102 10931121 20956102 10931121
r-971 38 0.809388 25 0.496667 5319770 2077717 2077717 2077717 5937480 1902472 7828090 2605041 2605041 2605041 6391657 2501141 2501141 2501141
r-664 39 0.623482 38 0 13640925 454270948 13640925 454270948 451839832 20924872 14721753 527120458 14721753 527120458 13495934 454080256 13495934 454080256
r-872 32 0.370968 23 0.217391 4932456 10293320 4932456 10293320 6845553 8906356 8033826 17454318 8033826 17454318 8677873 8580262 8677873 8580262
r-897 36 0.480952 22 0.727273 10022994 10583034 10022994 10583034 13228635 9247975 16701869 16748674 16701869 16748674 13738480 13512307 13738480 13512307
r-761 13 0.217949 49 0.0221088 400 91809 400 400 89368 419 384 92817 384 384 784 72871 784 784
r-546 24 0.405797 45 0.522222 101380807 144789001 144789001 101380807 156623127 95883108 175631895 -1 -1 175631895 118430998 201528014 201528014 118430998
r-587 21 0.447619 49 0.326531 26210242 49968649 26210242 26210242 47142733 26600386 40689035 88780133 40689035 40689035 30437956 61870153 30437956 30437956
r-754 15 0.609524 50 0.32 538037 1057947 538037 538037 1183658 503721 738544 1518614 738544 738544 693675 1657673 693675 693675
r-976 31 0.309677 35 0.304202 -1 -1 -1 -1 -1 -1 -1 -1 -1 -1 -1 -1 -1 -1
r-97 34 0.900178 41 0.804878 -1 210223545 210223545 -1 -1 -1 -1 299169429 299169429 -1 -1 -1 -1 -1
r-728 36 0.874603 17 0.948529 7328507 1397839 7328507 1397839 7460285 1092161 6869741 587836 6869741 587836 173 564 173 564
r-655 29 0.583744 43 0.744186 159108983 -1 159108983 159108983 -1 189554582 -1 -1 -1 -1 161984116 -1 161984116 161984116
r-517 49 0.0459184 35 0.253782 -1 20915406 20915406 20915406 -1 28380301 -1 23676258 23676258 23676258 -1 267803067 267803067 267803067
r-649 19 0.210526 16 0.475 24064 8261 8261 8261 22677 11761 38243 10921 10921 10921 11823 11330 11330 11330
r-110 33 0.4375 25 0.246667 8829166 26850327 8829166 26850327 13081720 21640005 14187072 48095282 14187072 48095282 21766816 21002531 21766816 21002531
r-723 10 0.0888889 43 0.128461 116 42 42 116 42 116 116 75 75 116 170 48 48 170
r-72 44 0.860465 14 0.384615 180969 12655 12655 12655 199701 14840 247716 16770 16770 16770 55212 85580 85580 85580
r-57 44 0.914376 18 0.712418 313111 16572 16572 16572 309583 19696 359205 13353 13353 13353 250403 90514 90514 90514
r-620 31 0.787097 14 0.934066 33262 10290 33262 10290 33754 9696 32253 8070 32253 8070 24599 13893 24599 13893
r-849 35 0.862185 36 0.195238 801331 505888 505888 801331 1032113 452804 1267536 792832 792832 1267536 788948 522803 522803 788948
r-22 19 0.415205 25 0.776667 37301 78328 37301 37301 84403 28088 46088 106385 46088 46088 62380 101144 62380 62380
r-420 34 0.327986 14 0.879121 67902 81894 67902 81894 108690 64098 86599 112109 86599 112109 86868 84198 86868 84198
r-908 33 0.526515 13 0.102564 94531 214545 94531 214545 192974 159851 137699 276288 137699 276288 122527 148592 122527 148592
r-688 49 0.638605 18 0.490196 6818958 3004281 3004281 3004281 7361696 2899709 9967394 4257135 4257135 4257135 8225190 5500968 5500968 5500968
r-502 35 0.168067 46 0.825121 1752877 1501280 1501280 1752877 2560169 1007649 2841055 2469394 2469394 2841055 2684390 2344473 2344473 2684390
r-589 12 0.590909 47 0.345976 34626 109571 34626 34626 112421 34242 25142 121954 25142 25142 55007 105105 55007 55007
r-197 33 0.702652 41 0.219512 6117357 9769402 6117357 6117357 11506019 4718925 10833707 16421868 10833707 10833707 7061452 11277418 7061452 7061452
r-869 30 0.878161 16 0.0583333 3058 4957 3058 4957 4035 2594 6990 8047 6990 8047 3468 8141 3468 8141
r-313 25 0.336667 17 0.411765 603336 190998 190998 190998 601936 195899 1037216 283725 283725 283725 327253 238521 238521 238521
r-135 44 0.807611 25 0.536667 23903399 4514478 4514478 4514478 23245563 6029923 41879839 7077789 7077789 7077789 21083337 8732548 8732548 8732548
r-805 49 0.307823 40 0.782051 83012577 152912088 83012577 152912088 137630734 92909974 151542556 -1 151542556 -1 117087246 194544913 117087246 194544913
r-903 26 0.467692 10 0.0888889 14254 25399 14254 25399 20526 23766 17959 28320 17959 28320 35353 22731 35353 22731
r-200 10 0.0888889 30 0.588506 9993 12461 12461 9993 23360 7954 10964 15990 15990 10964 10200 26331 26331 10200
r-893 33 0.712121 11 0.436364 16873 6516 6516 6516 18766 5947 20813 7337 7337 7337 23947 12727 12727 12727
r-226 29 0.364532 29 0.315271 34910041 41446737 34910041 34910041 42387185 33608012 59513118 75149936 59513118 59513118 31461783 21028668 31461783 31461783
r-343 46 0.0280193 10 0.2 142351920 352 352 352 142354150 424 142521397 474 474 474 144886750 387073 387073 387073
r-33 42 0.9036 37 0.594595 209389942 23109721 23109721 23109721 196004325 35606010 -1 34628219 34628219 34628219 -1 42176095 42176095 42176095
r-753 43 0.561462 30 0.144828 6296778 12224005 6296778 12224005 11525331 7391437 9828261 19303819 9828261 19303819 9067249 30471732 9067249 30471732
r-605 36 0.0809524 13 0.153846 1619 440 440 440 1619 486 1595 363 363 363 454 829 829 829
r-651 29 0.679803 22 0.238095 435605 587148 435605 587148 602661 392242 652716 809528 652716 809528 778710 1091772 778710 1091772
r-887 13 0.884615 19 0.754386 4618 5742 5742 4618 8401 3631 4862 6691 6691 4862 6428 18121 18121 6428
r-1 40 0.389744 48 0.559397 -1 -1 -1 -1 -1 -1 -1 -1 -1 -1 -1 -1 -1 -1
r-720 47 0.012951 46 0.536232 -1 9398789 9398789 9398789 -1 8634926 -1 13186737 13186737 13186737 -1 14774136 14774136 14774136
r-738 38 0.190612 18 0.529412 328383 43135 43135 43135 360224 51699 481690 56824 56824 56824 442064 189656 189656 189656
r-791 25 0.276667 24 0.474638 2938776 1033890 1033890 1033890 2574021 1224026 5556715 1700874 1700874 1700874 2304919 1506267 1506267 1506267
r-990 10 0.977778 44 0.229387 21524 14901 14901 21524 29470 16075 35200 26947 26947 35200 25496 17145 17145 25496
r-199 26 0.28 39 0.758435 1705401 2152855 1705401 1705401 3151384 1281589 2819523 3516267 2819523 2819523 3123229 2893706 3123229 3123229
r-534 14 0.824176 50 0.782041 346 440 440 346 431 358 298 424 424 298 812 995 995 812
r-352 35 0.737815 41 0.820732 -1 -1 -1 -1 -1 -1 -1 -1 -1 -1 -1 -1 -1 -1
r-825 15 0.466667 39 0.609987 606970 1074076 606970 606970 1170814 593776 813618 1549034 813618 813618 653827 1544447 653827 653827
r-983 37 0.791291 21 0.147619 72839 71846 72839 71846 110122 49404 106850 116736 106850 116736 146816 162163 146816 162163
r-820 21 0.804762 11 0.618182 4295 322 322 322 4301 345 5471 382 382 382 6231 6691 6691 6691
r-120 24 0.844203 14 0.263736 12262 4669 4669 4669 13350 4067 17346 5836 5836 5836 12417 8946 8946 8946
r-362 30 0.416092 29 0.1133 742440 6017100 742440 6017100 3524822 2988728 1085265 9956786 1085265 9956786 1756887 6145302 1756887 6145302
r-556 44 0.168076 18 0.686275 205937 130789 130789 130789 250419 135738 298633 194469 194469 194469 328396 203086 203086 203086
r-954 42 0.893148 40 0.874359 -1 -1 -1 -1 -1 -1 -1 -1 -1 -1 -1 -1 -1 -1
r-641 39 0.504723 22 0.748918 11288319 22348365 11288319 22348365 16008088 18906394 18596050 39635294 18596050 39635294 16985783 17688982 16985783 17688982
r-895 22 0.887446 48 0.460106 4915402 3768987 3768987 4915402 7853260 3609568 7486156 5896111 5896111 7486156 5504487 4535386 4535386 5504487
r-658 23 0.573123 32 0.183468 308261 752796 308261 308261 898634 243303 455616 1108396 455616 455616 686013 565135 686013 686013
r-479 29 0.123153 20 0.731579 64775 24887 24887 24887 73256 18826 87431 26128 26128 26128 50530 27897 27897 27897
r-740 14 0.934066 24 0.0978261 2092 1679 1679 2092 1803 1314 3506 3771 3771 3506 2775 2379 2379 2775
r-390 15 0.914286 40 0.512821 1123532 365991 365991 1123532 738377 867491 1493169 536939 536939 1493169 712780 921677 921677 712780
r-15 39 0.425101 14 0.428571 623879 92087 92087 92087 651276 88601 831297 107273 107273 107273 371495 154736 154736 154736
r-473 41 0.830488 10 0.444444 7308 3350 3350 3350 8263 3337 9008 3756 3756 3756 15051 4068 4068 4068
r-613 35 0.166387 25 0.8 159378 117041 117041 117041 218965 94928 258072 189594 189594 189594 299052 250015 250015 250015
r-20 10 0.0444444 42 0.912892 3571 1158 1158 3571 2015 2263 5638 3208 3208 5638 3787 1880 1880 3787
r-427 11 0.672727 24 0.40942 6871 8908 8908 6871 9267 6148 7112 11400 11400 7112 6801 14489 14489 6801
r-455 15 0.914286 30 0.645977 762562 397788 397788 762562 729385 639240 906393 554722 554722 906393 1527293 1354170 1354170 1527293
r-307 20 0.873684 17 0.867647 5272 841 841 841 5556 891 6183 735 735 735 10695 5936 5936 5936
r-63 48 0.475177 25 0.543333 -1 -1 -1 -1 -1 -1 -1 -1 -1 -1 -1 -1 -1 -1
r-523 27 0.826211 24 0.768116 3030910 904032 904032 904032 3051273 1067715 4349581 1207886 1207886 1207886 3598372 629471 629471 629471
r-213 40 0.0782051 37 0.0405405 -1 -1 -1 -1 -1 -1 -1 -1 -1 -1 -1 -1 -1 -1
r-28 44 0.542283 30 0.6 -1 -1 -1 -1 -1 -1 -1 -1 -1 -1 -1 -1 -1 -1
r-699 45 0.156566 14 0.230769 7874 710 710 710 7875 751 7369 384 384 384 32906 4701 4701 4701
r-30 12 0.909091 26 0.507692 87724 22291 22291 87724 60476 66332 113186 32935 32935 113186 90409 51704 51704 90409
r-64 24 0.938406 38 0.00284495 1099 1104 1099 1099 1227 979 8792 12454 8792 8792 1295 1144 1295 1295
r-188 25 0.356667 36 0.638095 11070823 10187179 10187179 11070823 12938822 9118062 18661407 17210815 17210815 18661407 12728573 13776268 13776268 12728573
r-423 39 0.597841 27 0.213675 4761852 11758096 4761852 11758096 8513334 7539157 7560111 18830748 7560111 18830748 11308172 18965584 11308172 18965584
r-677 33 0.86553 48 0.879433 150163316 -1 150163316 150163316 -1 206329742 166862237 -1 166862237 166862237 -1 -1 -1 -1
r-14 14 0.406593 46 0.323671 76809 926648 76809 76809 831333 76096 84566 1169129 84566 84566 89143 595374 89143 89143
r-907 36 0.649206 10 0.955556 373627 92465 373627 92465 550670 78443 53241 7829 53241 7829 29496 20559 29496 20559
r-16 32 0.40121 46 0.616425 -1 -1 -1 -1 -1 -1 -1 -1 -1 -1 -1 -1 -1 -1
r-722 45 0.308081 29 0.689655 34458631 35110936 35110936 35110936 45816746 27044572 59820959 59420062 59420062 59420062 60761176 50452288 50452288 50452288
r-701 15 0.390476 19 0.666667 16961 7771 16961 16961 12919 10503 22277 10883 22277 22277 22594 25634 22594 22594
r-210 46 0.0386473 48 0.820035 795397 269203 269203 795397 645160 362094 1795580 411109 411109 1795580 966541 389280 389280 966541
r-235 21 0.361905 23 0.328063 622448 731946 622448 622448 631082 651329 985386 1186487 985386 985386 399528 414893 399528 399528
r-865 48 0.449468 34 0.0695187 8873335 -1 8873335 -1 62781115 62495209 14986053 -1 14986053 -1 30256348 -1 30256348 -1
r-499 39 0.187584 17 0.838235 91957 32087 91957 32087 113311 36892 127124 58148 127124 58148 97312 40463 97312 40463
r-446 21 0.971429 11 0.109091 1052 331 331 331 1073 282 2266 975 975 975 1347 400 400 400
r-290 48 0.719858 31 0.666667 -1 -1 -1 -1 -1 -1 -1 -1 -1 -1 -1 -1 -1 -1
r-680 28 0.716931 11 0.509091 10185 4477 4477 4477 10244 4361 10614 5027 5027 5027 11507 3260 3260 3260
r-445 23 0.802372 50 0.982857 7156 -1 7156 7156 -1 7919 4975 -1 4975 4975 -1 -1 -1 -1
r-504 34 0.700535 33 0.82197 68544486 128783592 68544486 128783592 94709770 98363748 99768371 210737976 99768371 210737976 81727697 124021182 81727697 124021182
r-459 28 0.410053 14 0.362637 175519 65411 175519 65411 184483 62591 235689 81415 235689 81415 156553 99075 156553 99075
r-204 20 0.736842 14 0.78022 9930 2676 9930 2676 10563 2611 12306 2745 12306 2745 8964 3757 8964 3757
r-228 28 0.402116 27 0.282051 8319940 18975512 8319940 18975512 12342241 13849754 14899171 36296936 14899171 36296936 9287567 12726512 9287567 12726512
r-391 14 0.835165 24 0.199275 7254 5400 5400 7254 7604 5124 11166 7309 7309 11166 11143 9673 9673 11143
r-281 34 0.650624 31 0.0817204 225949 1361323 225949 1361323 622373 340110 314055 2237571 314055 2237571 253000 1482336 253000 1482336
r-592 15 0.514286 21 0.690476 8566 42280 8566 8566 34941 9428 7331 62417 7331 7331 7932 17616 7932 7932
r-49 45 0.0434343 41 0.717073 3152208 432223 432223 432223 2572800 274044 5563433 754397 754397 754397 2801476 843307 843307 843307
r-657 18 0.764706 30 0.616092 1240745 1092444 1092444 1240745 1489451 1168966 1817221 1617079 1617079 1817221 1175416 1517911 1517911 1175416
r-520 10 0.266667 34 0.139037 112 76 112 112 76 112 84 81 84 84 281 924 281 281
r-99 32 0.820565 43 0.378738 19134710 17395623 17395623 19134710 25583372 13827856 29792532 29473191 29473191 29792532 35882632 23195277 23195277 35882632
r-622 28 0.298942 46 0.689855 32162632 23004399 23004399 32162632 31080445 24269165 55241392 39389080 39389080 55241392 33294266 47924722 47924722 33294266
r-381 27 0.011396 29 0.763547 175311 15443 15443 175311 134509 35360 328908 27928 27928 328908 186100 26779 26779 186100
r-436 23 0.173913 23 0.581028 187066 103354 103354 187066 165058 47800 262590 141525 141525 262590 229881 140841 140841 229881
r-536 49 0.855442 21 0.495238 1957470 663549 663549 663549 2230197 744125 2763096 758089 758089 758089 2093644 1710993 1710993 1710993
r-127 43 0.821705 16 0 24036 184386 24036 184386 190269 62150 41730 284801 41730 284801 26853 184210 26853 184210
r-822 48 0.546099 22 0.982684 5464648 399533689 5464648 399533689 108501223 82373939 8750203 -1 8750203 -1 38525157 418351772 38525157 -1
r-788 47 0.276596 14 0.043956 45897730 7523195 45897730 7523195 60349684 6995377 27463009 2249063 27463009 2249063 2958423 4641622 2958423 4641622
r-159 39 0.31444 35 0.897479 1290360 2301589 1290360 2301589 2313600 1259941 2182282 3567817 2182282 3567817 1515581 2513741 1515581 2513741
r-274 39 0.840756 12 0.363636 14284 11782 11782 11782 17268 9973 18723 15767 15767 15767 25572 14297 14297 14297
r-675 41 0.59878 43 0.0564784 1539633 20860390 1539633 1539633 18684303 846935 2301232 32314245 2301232 2301232 1313806 12203415 1313806 1313806
r-549 23 0.458498 45 0.607071 51464038 56812913 51464038 51464038 62148053 49425052 86328432 97394444 86328432 86328432 47943619 93272630 47943619 47943619
r-207 21 0.966667 50 0.281633 435368 99251 99251 435368 356325 137914 783285 180120 180120 783285 476607 136743 136743 476607
r-160 18 0.0588235 21 0.047619 939 12120836 939 939 2513644 32293 848 11721269 848 848 714810 44925359 714810 714810
r-552 37 0.403904 33 0.481061 -1 -1 -1 -1 -1 -1 -1 -1 -1 -1 -1 -1 -1 -1
r-672 35 0.0705882 38 0.920341 41510 30015 30015 41510 38106 21737 79737 59701 59701 79737 62292 58191 58191 62292
r-300 16 0.05 22 0.186147 5401597 321603 321603 5401597 5877572 1425497 5510828 353645 353645 5510828 5087739 723402 723402 5087739
r-288 35 0.00168067 14 0.417582 2057585 135530 135530 135530 2040359 135490 2404504 141711 141711 141711 6161451 1449935 1449935 1449935
r-434 18 0 44 0.105708 -1 1180609 1180609 -1 -1 -1 396601391 129098 129098 396601391 361848403 -1 -1 361848403
r-146 47 0.855689 22 0.666667 7527672 296341 296341 296341 7543065 448019 11309195 412115 412115 412115 8187325 1467803 1467803 1467803
r-212 24 0.315217 39 0.048583 70165 17403720 70165 70165 16111117 126361 57177 20553796 57177 57177 328712 22072783 328712 328712
r-731 10 0.333333 46 0.0714976 247 11898 247 247 11556 273 223 11890 223 223 795 16477 795 795
r-26 48 0.655142 27 0.22792 22008490 34050050 22008490 34050050 34535580 25222579 36185597 56469913 36185597 56469913 36337636 54028579 36337636 54028579
r-69 17 0.632353 42 0.440186 1928409 3242890 3242890 1928409 3407528 1834912 2175829 4966788 4966788 2175829 2628417 5388113 5388113 2628417
r-406 24 0.695652 29 0.884236 289692 3059864 289692 289692 2283010 456597 406600 4608547 406600 406600 690965 2941565 690965 690965
r-240 14 0.0879121 19 0.871345 2082 920 920 2082 1712 1301 3282 2169 2169 3282 2800 1568 1568 2800
r-814 19 0.152047 34 0.97148 1096 14637 1096 1096 12798 872 4389 27769 4389 4389 5068 12394 5068 5068
r-773 40 0.111538 19 0.707602 103711 57429 57429 57429 131905 34016 145692 85002 85002 85002 99879 64314 64314 64314
r-884 15 0.619048 11 0.909091 2568 7837 2568 7837 8539 4535 1563 7322 1563 7322 3210 3384 3210 3384
r-883 33 0.844697 17 0.580882 319761 44977 44977 44977 313960 50693 508411 58024 58024 58024 262849 88984 88984 88984
r-162 35 0.811765 26 0.0523077 18668 74159 18668 74159 39164 37475 32800 162572 32800 162572 43498 100340 43498 100340
r-748 17 0.176471 38 0.375533 681132 1341908 1341908 681132 1563957 660394 775703 1695014 1695014 775703 1672947 2497873 2497873 1672947
r-140 20 0.878947 45 0.108081 30688 22376 30688 30688 36407 24978 55685 28206 55685 55685 28390 24186 28390 28390
r-246 49 0.852041 37 0.283784 10707989 6052415 6052415 6052415 12610589 4948909 17710848 11078298 11078298 11078298 16906363 11701696 11701696 11701696
r-942 40 0.00512821 30 0.864368 47201 4138 4138 4138 38506 2567 90291 17623 17623 17623 47545 19733 19733 19733
r-582 21 0.609524 19 0.0467836 5928 132339 5928 132339 87779 22786 8311 193776 8311 193776 27803 109287 27803 109287
r-205 15 0.380952 30 0.165517 6162 77455 6162 6162 62561 10518 7348 109735 7348 7348 30753 60845 30753 30753
r-111 36 0.601587 13 0.666667 308036 83839 308036 83839 316493 84174 368535 93760 368535 93760 229720 22679 229720 22679
r-36 32 0.850806 44 0.172304 850732 776911 776911 850732 1006949 613829 1449330 1340134 1340134 1449330 1221624 1115202 1115202 1221624
r-465 31 0.683871 17 0.779412 933944 353333 933944 353333 1005505 352253 1302782 447337 1302782 447337 961713 447753 961713 447753
r-105 44 0.598309 25 0.41 61187066 55719841 55719841 55719841 68028105 50048110 106699742 94793100 94793100 94793100 101804503 110446070 110446070 110446070
r-744 44 0.208245 12 0.621212 25782 9419 9419 9419 28254 9678 35684 12588 12588 12588 32751 24940 24940 24940
r-25 36 0.485714 50 0.657143 -1 -1 -1 -1 -1 -1 -1 -1 -1 -1 -1 -1 -1 -1
r-322 34 0.714795 35 0.336134 20466744 20888919 20888919 20466744 28736153 16169482 35249687 36174646 36174646 35249687 36493367 33371681 33371681 36493367
r-167 17 0.286765 29 0.918719 4563 19249 4563 4563 22189 4631 7314 23925 7314 7314 6817 17281 6817 6817
r-24 37 0.0405405 23 0.379447 9560359 26524 26524 26524 9682424 26520 12990848 36684 36684 36684 10540421 367462 367462 367462
r-44 18 0.0980392 45 0.678788 334741 170480 170480 334741 325865 238521 529511 270914 270914 529511 281185 168203 168203 281185
r-662 10 0.133333 42 0.932636 1705 1734 1705 1705 2040 1822 2880 3505 2880 2880 1321 1679 1321 1321
r-686 41 0.996341 21 0.114286 30104 833 833 833 28340 849 64258 6792 6792 6792 18537 6574 6574 6574
r-217 28 0.0925926 38 0.506401 9742923 1171722 1171722 9742923 3111038 2625599 14441564 1573738 1573738 14441564 7300065 2071452 2071452 7300065
r-826 16 0.308333 33 0.386364 551583 1576174 1576174 551583 1496433 543978 715965 2368904 2368904 715965 767880 1346494 1346494 767880
r-863 50 0.556735 34 0.483066 -1 -1 -1 -1 -1 -1 -1 -1 -1 -1 -1 -1 -1 -1
r-78 46 0.125604 11 0.8 5255 10843 10843 10843 8498 9563 7827 17003 17003 17003 12583 6971 6971 6971
r-624 37 0.372372 28 0.521164 119302544 99798461 99798461 99798461 131285941 88696215 216273868 184532994 184532994 184532994 148855333 156227561 156227561 156227561
r-656 14 0.032967 13 0.641026 2086 563 563 563 2348 519 3598 1089 1089 1089 3021 1586 1586 1586
r-965 47 0.372803 30 0.158621 244160021 -1 244160021 -1 -1 -1 -1 -1 -1 -1 -1 -1 -1 -1
r-518 29 0.137931 18 0.267974 285971 7261 7261 7261 287605 10659 349993 8676 8676 8676 277968 26580 26580 26580
r-330 14 0.285714 21 0.328571 9344 24348 24348 9344 23189 8642 11636 33944 33944 11636 14174 29678 29678 14174
r-924 36 0.409524 18 0.248366 2994243 2226254 2994243 2226254 3377689 2096553 4512683 3197081 4512683 3197081 3906870 2239604 3906870 2239604
r-708 39 0.184885 47 0.292322 -1 -1 -1 -1 -1 -1 -1 -1 -1 -1 -1 -1 -1 -1
r-319 49 0.987245 20 0.3 275126 5405 5405 5405 279719 3199 379841 11093 11093 11093 282554 160383 160383 160383
r-751 22 0.748918 37 0.495495 9872421 11732425 11732425 9872421 15486794 9028699 14937872 19333404 19333404 14937872 18400294 16367920 16367920 18400294
r-795 32 0.417339 23 0.426877 21607726 13182564 13182564 13182564 22414569 12734138 40934359 22863760 22863760 22863760 20324520 16415360 16415360 16415360
r-654 31 0.733333 21 0.728571 3630801 675464 675464 675464 3795090 698359 5731783 922706 922706 922706 3308966 2457353 2457353 2457353
r-961 31 0.716129 24 0 136249 2535519 136249 2535519 2450667 414261 188425 3645292 188425 3645292 975220 2530374 975220 2530374
r-937 48 0.35461 41 0.315854 -1 -1 -1 -1 -1 -1 -1 -1 -1 -1 -1 -1 -1 -1
r-854 21 0.280952 22 0.419913 301854 199904 199904 301854 341791 242368 517360 231024 231024 517360 160482 212200 212200 160482
r-921 40 0.0230769 43 0.594684 40988155 779110 779110 40988155 21470582 2866483 60152170 1383952 1383952 60152170 41076388 2694151 2694151 41076388
r-704 28 0 43 0.874862 192291 33360 33360 192291 147641 71009 408757 62877 62877 408757 192208 82780 82780 192208
r-116 32 0.913306 32 0.766129 -1 6180120 6180120 -1 221271997 8977840 -1 8112545 8112545 -1 -1 14866415 14866415 -1
r-886 32 0.893145 41 0.22561 702615 541706 541706 702615 811779 525069 1206267 882211 882211 1206267 1241393 1071293 1071293 1241393
r-899 32 0.0201613 36 0.55873 27803710 1196641 1196641 27803710 21795105 2659632 39016563 1519751 1519751 39016563 27529245 1231303 1231303 27529245
r-194 18 0.745098 48 0.453014 4474811 7856201 7856201 4474811 8690088 4388034 6148954 12435122 12435122 6148954 7256175 11117182 11117182 7256175
r-944 44 0.439746 11 0.872727 192158 54700 192158 54700 240613 52883 266787 61496 266787 61496 272994 72397 272994 72397
r-571 29 0.736453 20 0.889474 258772 235514 258772 235514 432110 212723 335015 273692 335015 273692 1380920 778479 1380920 778479
r-4 25 0.146667 34 0.229947 21689290 29652672 29652672 21689290 44077140 19853561 29655037 41289592 41289592 29655037 27286767 37036497 37036497 27286767
r-905 14 0.164835 39 0.310391 31154 262257 262257 31154 233562 29976 32131 254024 254024 32131 137502 353725 353725 137502
r-484 49 0.807823 33 0.590909 -1 117119865 117119865 117119865 -1 164453803 -1 192109000 192109000 192109000 -1 -1 -1 -1
r-382 22 0.822511 45 0.956566 37330 14024800 37330 37330 13536499 49040 47474 15062064 47474 47474 767198 59121355 767198 767198
r-580 47 0.79556 20 0.636842 9207345 1304913 1304913 1304913 9391099 1423276 14048635 1765079 1765079 1765079 7302543 3173643 3173643 3173643
r-372 50 0.417143 41 0.460976 -1 -1 -1 -1 -1 -1 -1 -1 -1 -1 -1 -1 -1 -1
r-442 21 0.271429 28 0.941799 12989 65677 12989 12989 67786 6678 18600 68165 18600 18600 31036 51986 31036 31036
r-51 45 0.780808 46 0.87343 -1 -1 -1 -1 -1 -1 -1 -1 -1 -1 -1 -1 -1 -1
r-59 19 0.894737 29 0.214286 22284 28412 28412 22284 43478 16546 41391 41306 41306 41391 37213 43672 43672 37213
r-995 18 0.235294 21 0.047619 7110 799189 7110 7110 621606 6766 3691 830904 3691 3691 8103 839028 8103 8103
r-219 20 0.4 32 0.530242 3462212 3654741 3654741 3462212 4264015 3159211 5412722 6070621 6070621 5412722 4470201 5455368 5455368 4470201
r-173 13 0.0641026 33 0.831439 8392 3020 3020 8392 6073 5541 16066 6061 6061 16066 14038 7241 7241 14038
r-66 37 0.264264 16 0.266667 710240 94806 94806 94806 727644 104545 897968 110981 110981 110981 514839 141938 141938 141938
r-331 23 0.786561 15 0.409524 11501 13989 13989 13989 13218 11666 15152 19033 19033 19033 29465 19555 19555 19555
r-980 17 0.0882353 31 0.0795699 942 108431075 942 942 79398731 954 952 108430941 952 952 15385 184153216 15385 15385
r-392 42 0.813008 49 0.0790816 966559 930454 966559 966559 1038080 475261 1748041 1826751 1748041 1748041 1040614 1174165 1040614 1040614
r-389 30 0.496552 34 0.174688 6660345 26088550 6660345 6660345 19787325 9600186 11019325 49552469 11019325 11019325 11815995 19577698 11815995 11815995
r-845 24 0.00362319 38 0.268848 -1 -1 -1 -1 -1 -1 -1 -1 -1 -1 -1 -1 -1 -1
r-785 40 0.0923077 33 0.498106 6740016 2208719 2208719 2208719 6124462 3069079 11416224 3042747 3042747 3042747 9696912 5478321 5478321 5478321
r-718 32 0.794355 37 0.0795796 131688 204971 131688 131688 263837 56391 173190 330282 173190 173190 143910 181617 143910 143910
r-583 29 0.652709 47 0.309898 44103648 74374539 44103648 44103648 87350178 40777358 74430723 128126364 74430723 74430723 88810509 83768577 88810509 88810509
r-896 33 0.719697 33 0.683712 -1 -1 -1 -1 -1 -1 -1 -1 -1 -1 -1 -1 -1 -1
r-490 41 0.947561 19 0.128655 13012 7867 7867 7867 14010 4988 21771 14148 14148 14148 16332 12469 12469 12469
r-438 39 0.551957 18 0.222222 1144346 1897176 1144346 1897176 1526030 1607471 1750451 2584235 1750451 2584235 3069614 2191081 3069614 2191081
r-232 41 0.607317 48 0.99734 -1 -1 -1 -1 -1 -1 -1 -1 -1 -1 -1 -1 -1 -1
r-970 11 0.945455 13 0.333333 2766 375 375 2766 3454 1528 4010 709 709 4010 3557 2238 2238 3557
r-560 25 0.823333 22 0.298701 95794 104147 104147 104147 126859 65753 135739 157346 157346 157346 193911 157231 157231 157231
r-514 37 0.566066 14 0.945055 311466 2773567 311466 2773567 872348 1999619 465890 3210755 465890 3210755 1054448 2795435 1054448 2795435
r-472 44 0.361522 22 0.229437 96190261 68263922 96190261 68263922 105570354 64336254 157316979 102255508 157316979 102255508 117295406 77117861 117295406 77117861
r-440 48 0.541667 27 0.287749 175563012 217478516 175563012 217478516 236508293 186556657 -1 -1 -1 -1 -1 -1 -1 -1
r-371 22 0.25974 34 0.124777 153902 2436868 153902 153902 1962071 255089 185576 3274625 185576 185576 390165 2455971 390165 390165
r-215 24 0.057971 46 0.203865 29850411 31416717 31416717 29850411 51124437 23248738 29354373 34404698 34404698 29354373 -1 -1 -1 -1
r-498 39 0.939271 45 0.521212 160338386 8754697 8754697 160338386 88746714 23923507 256484489 15000651 15000651 256484489 211742936 46615277 46615277 211742936
r-710 37 0.813814 32 0.590726 107508041 26428428 26428428 26428428 101186274 35813480 208451094 45323978 45323978 45323978 79444931 105560654 105560654 105560654
r-929 34 0.803922 42 0.400697 52081690 39125128 39125128 52081690 56089623 41485948 83945122 70691504 70691504 83945122 83993169 62239297 62239297 83993169
r-112 13 0.128205 18 0.620915 3556 1517 1517 3556 3395 2731 5337 2322 2322 5337 8590 4042 4042 8590
r-293 16 0.566667 26 0 42460 10540685 42460 42460 10295459 42460 7569 11713824 7569 7569 856761 10514864 856761 856761
r-324 47 0.894542 45 0.515152 -1 129191710 129191710 129191710 -1 201740709 -1 227693501 227693501 227693501 -1 -1 -1 -1
r-444 50 0.331429 23 0.478261 159569707 44562701 44562701 44562701 163992476 46783198 -1 73036409 73036409 73036409 118095624 63384566 63384566 63384566
r-678 22 0.324675 24 0.438406 2030677 1188661 1188661 2030677 1777494 1518349 3594867 1950431 1950431 3594867 1556836 1551639 1551639 1556836
r-611 38 0.189189 23 0.818182 181525 235729 181525 235729 234142 204606 256641 398970 256641 398970 186689 232856 186689 232856
r-259 44 0.209302 39 0.423752 -1 -1 -1 -1 -1 -1 -1 -1 -1 -1 -1 -1 -1 -1
r-415 17 0.154412 29 0.726601 22062 50191 50191 22062 68568 17857 29207 72875 72875 29207 25850 45797 45797 25850
r-629 25 0.703333 38 0.755334 27105019 94611289 27105019 27105019 85680133 29866602 39310462 155121722 39310462 39310462 28268673 50008210 28268673 28268673
r-209 11 0.636364 26 0.729231 1013 9627 1013 1013 8856 1027 1109 9828 1109 1109 1220 7733 1220 1220
r-182 27 0.666667 28 0.989418 348799 -1 348799 348799 -1 343594 400170 -1 400170 400170 10245385 -1 10245385 10245385
r-585 29 0.0960591 34 0.741533 219503 116493 116493 219503 203657 129249 413443 184029 184029 413443 426017 173844 173844 426017
r-137 45 0.290909 42 0.593496 -1 -1 -1 -1 -1 -1 -1 -1 -1 -1 -1 -1 -1 -1
r-562 30 0.432184 24 0.376812 12146738 11562576 12146738 11562576 13641795 10234402 21909873 20901234 21909873 20901234 13520314 12699236 13520314 12699236
r-796 12 0.212121 30 0.873563 1718 3837 1718 1718 4152 1938 2925 5841 2925 2925 2278 4441 2278 2278
r-65 48 0.307624 14 0.67033 305905 233640 233640 233640 356010 203699 423357 295000 295000 295000 771401 303590 303590 303590
r-277 19 0.385965 36 0.509524 3652018 3213126 3213126 3652018 3731746 3429612 5348253 5320356 5320356 5348253 3495522 3943328 3943328 3495522
r-594 39 0.0350877 48 0.853723 205100 172540 172540 205100 316764 174217 619075 315237 315237 619075 338503 269429 269429 338503
r-429 50 0.0914286 31 0.989247 18896 88781 18896 88781 61544 46443 50200 233624 50200 233624 21047 71588 21047 71588
r-441 23 0.517787 31 0.423656 7855993 10361577 7855993 7855993 11200241 6886157 13089189 18022379 13089189 13089189 8867888 10476174 8867888 8867888
r-606 27 0.421652 14 0.813187 44719 40700 44719 40700 62413 35269 61355 55071 61355 55071 80917 68215 80917 68215
r-969 35 0.776471 31 0.28172 1011514 2284208 2284208 2284208 1482731 1424529 1655963 3607370 3607370 3607370 3723284 3928736 3928736 3928736
r-695 11 0.490909 49 0.854592 3344 13129 3344 3344 13579 3942 3966 15612 3966 3966 13892 24681 13892 13892
r-737 28 0.452381 14 0.197802 143205 205639 143205 205639 191657 184512 204257 286775 204257 286775 191492 202745 191492 202745
r-346 30 0.554023 13 0.423077 66871 57223 66871 57223 73538 55638 83705 70518 83705 70518 128387 75420 128387 75420
r-762 31 0.191398 46 0.50628 174542266 128310135 128310135 174542266 248588486 138663284 -1 221549657 221549657 -1 225145757 183786420 183786420 225145757
r-341 32 0.715726 46 0.814493 126123396 -1 126123396 126123396 -1 159963005 185445637 -1 185445637 185445637 -1 -1 -1 -1
r-9 36 0.871429 13 0.230769 16766 6435 6435 6435 22035 5102 15605 9077 9077 9077 11631 8565 8565 8565
r-766 17 0.198529 31 0.627957 161572 128065 128065 161572 191232 125973 235169 195298 195298 235169 252353 280346 280346 252353
r-519 25 0.913333 27 0.290598 112469 39783 39783 112469 127746 53587 174159 62821 62821 174159 117694 77976 77976 117694
r-148 14 0.340659 29 0.152709 5624 45664 5624 5624 40782 5747 6932 61295 6932 6932 33175 27986 33175 33175
r-468 24 0.264493 38 0.0938834 820918 15478380 820918 820918 12672924 1300829 1080088 21703156 1080088 1080088 2884761 34387004 2884761 2884761
r-749 38 0.415363 31 0.262366 211300021 -1 211300021 -1 -1 -1 -1 -1 -1 -1 -1 -1 -1 -1
r-387 15 0.314286 23 0.193676 6744 33734 6744 6744 29991 7560 7418 46717 7418 7418 5184 12693 5184 5184
r-920 19 0.783626 29 0.337438 166790 73210 73210 166790 117165 117434 243661 104553 104553 243661 214481 195380 195380 214481
r-377 28 0.351852 20 0.621053 470224 505833 505833 505833 626203 385705 700689 790202 790202 790202 750474 765247 765247 765247
r-833 33 0.511364 46 0.404831 -1 -1 -1 -1 -1 -1 -1 -1 -1 -1 -1 -1 -1 -1
r-644 40 0.935897 10 0.933333 90 338 338 338 90 338 85 191 191 191 95 366 366 366
r-945 12 0.439394 38 0.761024 17464 51341 17464 17464 54223 17909 21708 65116 21708 21708 25292 81698 25292 25292
r-946 12 0.409091 11 0.527273 1148 1307 1307 1307 1440 1115 1340 706 706 706 1501 1608 1608 1608
r-179 39 0.623482 22 0.640693 41611922 17215819 41611922 17215819 42991811 16891064 73537338 27301821 73537338 27301821 34745940 22382856 34745940 22382856
r-790 17 0.0220588 47 0.728955 428161 54677 54677 428161 247616 166196 735622 102535 102535 735622 570585 91298 91298 570585
r-119 49 0.422619 33 0.503788 -1 -1 -1 -1 -1 -1 -1 -1 -1 -1 -1 -1 -1 -1
r-682 20 0.631579 43 0.908084 161336 1918432 161336 161336 1585698 219086 205705 2803676 205705 205705 469528 1809882 469528 469528
r-530 28 0.0714286 22 0.251082 4942071 22831 22831 22831 4373949 31411 5831842 29443 29443 29443 11910235 208097 208097 208097
r-806 40 0.766667 13 0.653846 53523 5000 5000 5000 53993 5498 57205 5494 5494 5494 30849 14543 14543 14543
r-972 42 0.578397 50 0.578776 -1 -1 -1 -1 -1 -1 -1 -1 -1 -1 -1 -1 -1 -1
r-355 25 0.493333 22 0.164502 168257 520364 168257 520364 314765 358800 257026 934593 257026 934593 243792 454778 243792 454778
r-495 27 0.974359 18 0.320261 98333 3528 3528 3528 92983 2542 136767 6476 6476 6476 86490 34171 34171 34171
r-599 45 0.682828 22 0.571429 52882725 11818608 11818608 11818608 54600634 12385022 96182675 18317948 18317948 18317948 37945438 23543696 23543696 23543696
r-839 44 0.946089 32 0.0826613 54045 36845 36845 36845 51503 21943 94501 63455 63455 63455 70655 54905 54905 54905
r-163 25 0.336667 11 0.0727273 13110 11334 13110 11334 14768 11526 12581 10711 12581 10711 111181 50599 111181 50599
r-161 49 0.381803 13 0.448718 463862 68398 68398 68398 466335 70874 483231 76025 76025 76025 464441 47425 47425 47425
r-932 24 0.818841 14 0.373626 2088 5664 5664 5664 2408 3835 2579 4759 4759 4759 3696 7802 7802 7802
r-400 32 0.800403 34 0.618538 114309604 40307373 40307373 114309604 100433337 87470886 206879887 65859417 65859417 206879887 117784536 113989891 113989891 117784536
r-96 35 0.183193 47 0.73543 10800237 4221011 4221011 10800237 7652574 5912740 17728631 7439534 7439534 17728631 14543432 9500177 9500177 14543432
r-991 16 0.683333 21 0.838095 1832 20734 1832 1832 16988 2191 2232 30081 2232 2232 21913 19408 21913 21913
r-702 28 0.653439 49 0.105442 1712791 3151578 1712791 1712791 3970218 1253399 2851784 4907911 2851784 2851784 2890070 4075688 2890070 2890070
r-287 43 0.985604 44 0.112051 131018 17771 17771 131018 93171 59287 357022 53415 53415 357022 142948 42660 42660 142948
r-618 38 0.3101 39 0.738192 44459808 47207526 44459808 44459808 66168859 30686544 79725608 81771026 79725608 79725608 54035763 68859474 54035763 54035763
r-286 20 0.394737 41 0.354878 7508065 31236263 7508065 7508065 29068606 7498634 10744964 52401564 10744964 10744964 6163707 11946450 6163707 6163707
r-305 37 0.714715 47 0.223867 38192067 37236827 38192067 38192067 48923855 24316193 70464615 65792693 70464615 70464615 49208568 65341214 49208568 49208568
r-454 47 0.548566 25 0.243333 56979984 50518027 56979984 50518027 75691520 45503877 100069920 79504930 100069920 79504930 80256225 99983726 80256225 99983726
r-229 36 0.326984 29 0.0295567 2296137 -1 2296137 -1 341655340 102180166 3218657 -1 3218657 -1 36503587 -1 36503587 -1
r-449 26 0.538462 48 0.554965 -1 -1 -1 -1 -1 -1 -1 -1 -1 -1 -1 -1 -1 -1
r-756 31 0.322581 34 0.518717 98273307 83567228 83567228 98273307 123036702 89160773 176611318 154537863 154537863 176611318 109449626 104595021 104595021 109449626
r-206 38 0.523471 36 0.84127 17747246 104702529 17747246 104702529 46827946 75558754 30291558 199769779 30291558 199769779 55880263 80212593 55880263 80212593
r-332 21 0.0857143 31 0.249462 22372283 3404454 3404454 22372283 10820893 13659913 25088027 4281763 4281763 25088027 32129746 29641552 29641552 32129746
r-128 41 0.459756 18 0.588235 9357740 5791659 9357740 5791659 10160242 5617253 15093801 8399986 15093801 8399986 12159295 7453004 12159295 7453004
r-203 46 0.974879 13 0.923077 60 238 238 238 60 238 93 238 238 238 113 464 464 464
r-857 28 0.55291 37 0.328829 35480778 45378549 35480778 35480778 52044576 31719163 62522316 77351129 62522316 62522316 41044102 62295587 41044102 41044102
r-396 31 0.784946 43 0.93134 4437121 -1 4437121 4437121 -1 6075726 5110517 -1 5110517 5110517 20900250 -1 20900250 20900250
r-511 30 0.393103 12 0.636364 27044 30625 27044 30625 29419 27804 33535 36725 33535 36725 49066 42778 49066 42778
r-837 16 0.325 46 0.782609 216849 343810 216849 216849 431468 190849 309496 424654 309496 309496 395134 595850 395134 395134
r-634 28 0.298942 40 0.371795 -1 -1 -1 -1 -1 -1 -1 -1 -1 -1 194885878 -1 -1 194885878
r-303 45 0.436364 47 0.922294 11812512 72363988 11812512 11812512 73078064 6497170 19844478 113987698 19844478 19844478 31842521 87438672 31842521 31842521
r-866 13 0.730769 35 0.137815 3685 7417 3685 3685 8863 3594 5081 11206 5081 5081 7232 9796 7232 7232
r-156 22 0.627706 40 0.764103 2561992 17814531 2561992 2561992 15668867 3097248 3636260 28758404 3636260 3636260 7971070 14771232 7971070 7971070
r-70 20 0.394737 42 0.0429733 48806 14741675 48806 48806 14528808 67607 63166 16402159 63166 63166 1523681 14857654 1523681 1523681
r-192 34 0.532977 31 0.683871 108728758 218194024 108728758 218194024 154623348 171512848 208500881 -1 208500881 -1 166717525 186323405 166717525 186323405
r-880 31 0.533333 13 0.153846 57732 89480 57732 89480 73612 75445 84431 114616 84431 114616 130442 114713 130442 114713
r-89 12 0.121212 43 0.513843 67933 175464 175464 67933 214373 66167 62059 207322 207322 62059 55232 267481 267481 55232
r-284 15 0.552381 44 0.906977 5697 97728 5697 5697 84646 8817 6564 136846 6564 6564 34993 96521 34993 34993
r-714 38 0.762447 45 0.466667 -1 -1 -1 -1 -1 -1 -1 -1 -1 -1 -1 -1 -1 -1
r-638 44 0.0338266 49 0.372449 -1 29971431 29971431 -1 -1 175117585 -1 44543504 44543504 -1 -1 85897998 85897998 -1
r-648 12 0.121212 22 0.155844 79 65 65 79 63 81 68 63 63 68 199 144 144 199
r-91 30 0.942529 40 0.296154 820279 342761 342761 820279 878132 331280 1510441 523410 523410 1510441 1009169 477210 477210 1009169
r-388 29 0.317734 23 0.660079 2391749 1407798 1407798 1407798 2778092 1274340 3871137 2145668 2145668 2145668 2507492 1198800 1198800 1198800
r-700 40 0.921795 27 0.179487 166111 123885 123885 123885 199950 76171 265984 186788 186788 186788 223047 161151 161151 161151
r-997 29 0.568966 34 0.620321 137840130 214676276 137840130 137840130 205223773 136953087 -1 -1 -1 -1 175101041 189086135 175101041 175101041
r-873 18 0.614379 40 0.144872 53365 205870 53365 53365 223826 60527 76034 260064 76034 76034 114180 132898 114180 114180
r-542 15 0.171429 32 0.0141129 11145 -1 11145 11145 -1 10951 13008 -1 13008 13008 -1 -1 -1 -1
r-58 13 0.730769 43 0.974529 791 63368 791 791 61981 1392 1031 65819 1031 1031 12485 63534 12485 12485
r-911 22 0.930736 26 0.692308 1724761 53202 53202 1724761 960663 435956 2014053 48208 48208 2014053 6807916 604134 604134 6807916
r-241 39 0.0431849 32 0.810484 162771 49590 49590 49590 159704 20450 321153 80088 80088 80088 164325 74859 74859 74859
r-292 39 0.385965 43 0.836102 21012729 46353317 21012729 21012729 44790321 16333803 37645709 75356773 37645709 37645709 44356538 59360012 44356538 44356538
r-787 14 0.769231 26 0.6 84839 87819 87819 84839 118689 80533 106343 119363 119363 106343 73466 148017 148017 73466
r-925 34 0.463458 32 0.802419 9508232 19222837 9508232 19222837 20424120 13886985 15135400 30010966 15135400 30010966 19577145 19620803 19577145 19620803
r-334 14 0.549451 45 0.0767677 10309 43881 10309 10309 47796 7355 9464 45687 9464 9464 11315 35866 11315 11315
r-526 32 0.356855 46 0.169082 139256317 -1 139256317 139256317 -1 191189325 208680456 -1 208680456 208680456 -1 -1 -1 -1
r-782 34 0.595365 38 0.411095 -1 -1 -1 -1 -1 -1 -1 -1 -1 -1 -1 -1 -1 -1
r-647 29 0.325123 44 0.483087 -1 -1 -1 -1 -1 -1 -1 -1 -1 -1 -1 -1 -1 -1
r-237 16 0.816667 23 0.620553 67937 52428 52428 67937 89762 55978 94085 70209 70209 94085 51265 78049 78049 51265
r-250 21 0.309524 31 0.449462 4828427 4213994 4213994 4828427 5578466 4496034 8231185 6931394 6931394 8231185 4871452 6323349 6323349 4871452
r-253 30 0.942529 35 0.0235294 2651 10926 2651 2651 7092 1717 14506 25424 14506 14506 5331 14238 5331 5331
r-781 30 0.349425 13 0.5 77321 5839 5839 5839 81653 5675 105492 5461 5461 5461 81298 19028 19028 19028
r-769 15 0.333333 36 0.860317 10044 35723 10044 10044 39994 12123 12084 45422 12084 12084 20728 37503 20728 20728
r-608 30 0.452874 46 0.857971 5178627 9013934 5178627 5178627 10289473 4715587 6750543 13790671 6750543 6750543 10052309 8911188 10052309 10052309
r-108 12 0.530303 14 0.659341 2580 4908 2580 2580 3833 2361 3357 7126 3357 3357 3644 3195 3644 3644
r-145 28 0.010582 26 0.243077 -1 1618830 1618830 1618830 -1 1504396 -1 1539799 1539799 1539799 -1 48622102 48622102 48622102
r-874 22 0.87013 26 0.335385 77247 48874 48874 77247 86685 52649 117069 74423 74423 117069 136065 87619 87619 136065
r-236 17 0.75 43 0.471761 1603373 2174833 2174833 1603373 2558223 1442013 2162262 3356848 3356848 2162262 2289765 3776622 3776622 2289765
r-927 14 0.571429 24 0.293478 12048 11785 12048 12048 14894 9843 16668 13340 16668 16668 26755 16434 26755 26755
r-311 16 0.658333 33 0.0132576 1384 77740 1384 1384 77941 1063 3198 112701 3198 3198 4314 22955 4314 4314
r-566 39 0.537112 46 0.300483 -1 -1 -1 -1 -1 -1 -1 -1 -1 -1 -1 -1 -1 -1
r-326 10 0.711111 13 0.0128205 228 1358 228 228 1283 201 492 2256 492 492 629 1486 629 629
r-650 34 0.755793 49 0.242347 14455986 24623912 14455986 14455986 28699032 13172009 23605830 43984650 23605830 23605830 29943154 35298424 29943154 29943154
r-223 30 0.652874 13 0.179487 22802 21218 22802 21218 31085 19371 30990 29468 30990 29468 32634 48940 32634 48940
r-953 47 0.333025 46 0.517874 -1 -1 -1 -1 -1 -1 -1 -1 -1 -1 -1 -1 -1 -1
r-118 15 0.180952 43 0.264673 146084 758128 758128 146084 710366 146864 140659 737063 737063 140659 190529 473151 473151 190529
r-437 47 0.191489 23 0.667984 2044603 761188 761188 761188 2443635 763366 3234553 1166127 1166127 1166127 3312821 1912359 1912359 1912359
r-505 14 0.428571 39 0.519568 501652 1262229 1262229 501652 1336478 491537 612213 1745877 1745877 612213 601419 1311705 1311705 601419
r-216 36 0.109524 19 0.842105 21229 19660 19660 19660 27683 14249 33811 29827 29827 29827 33792 26108 26108 26108
r-999 43 0.106312 50 0.706939 12131026 9265125 9265125 12131026 15319617 7512963 18946835 16601011 16601011 18946835 13450974 8908445 8908445 13450974
r-750 10 0.155556 30 0.229885 358 83 83 358 367 329 241 94 94 241 91 52 52 91
r-727 21 0.961905 46 0.661836 -1 30277124 30277124 -1 -1 299985762 -1 44246651 44246651 -1 -1 -1 -1 -1
r-939 33 0.352273 14 0.637363 92552 76238 76238 76238 107989 67748 126702 94607 94607 94607 147661 129702 129702 129702
r-696 34 0.172906 33 0.632576 4851816 2334098 2334098 2334098 6069378 1540278 7778394 3851476 3851476 3851476 4768418 4316896 4316896 4316896
r-27 13 0.923077 22 0.294372 10751 1711 1711 10751 3699 5593 18033 2821 2821 18033 9402 3977 3977 9402
r-588 17 0.661765 35 0.240336 113063 196123 113063 113063 234492 113419 175936 284536 175936 175936 258648 289287 258648 258648
r-171 16 0.358333 40 0.116667 13441 174061 13441 13441 159508 21538 18041 231195 18041 18041 41856 501078 41856 41856
r-988 22 0.450216 44 0.424947 52573643 80863195 52573643 52573643 78460818 51427886 89441164 154181832 89441164 89441164 51303075 85056766 51303075 51303075
r-183 18 0.385621 10 0.955556 2461 6159 2461 6159 7160 3968 2811 8848 2811 8848 3978 7845 3978 7845
r-621 46 0.817391 17 0.455882 731700 228832 228832 228832 816538 230179 1034753 332135 332135 332135 936939 545484 545484 545484
r-68 30 0.97931 30 0.625287 -1 309445 309445 -1 -1 297993 -1 433713 433713 -1 -1 4532517 4532517 -1
r-639 29 0.105911 31 0.582796 1547427 380899 380899 1547427 1232603 756704 2284609 582629 582629 2284609 1560342 745236 745236 1560342
r-187 10 0.488889 45 0.664646 6243 4515 6243 6243 4380 6167 5192 4206 5192 5192 4140 4005 4140 4140
r-828 13 0.0769231 37 0.818318 22199 10965 10965 22199 20713 14956 37432 16111 16111 37432 29938 20223 20223 29938
r-646 23 0.237154 49 0.966837 10457 184092 10457 10457 187828 7108 20469 268714 20469 20469 27480 84536 27480 27480
r-107 28 0.915344 25 0.773333 9443870 93964 93964 93964 7156215 117959 11477395 121074 121074 121074 21601970 3388045 3388045 3388045
r-47 21 0.933333 46 0.156522 61150 29632 29632 61150 59372 40441 146574 48845 48845 146574 82132 71157 71157 82132
r-551 28 0.164021 37 0.983483 16087 82019 16087 16087 72695 12788 17357 158984 17357 17357 47396 82159 47396 47396
r-433 28 0.798942 49 0.135204 545067 842831 545067 545067 1021366 464706 920959 1386259 920959 920959 1134352 1287840 1134352 1134352
r-579 25 0.556667 29 0.699507 4970757 15014229 4970757 4970757 12162061 5675807 7969103 27818654 7969103 7969103 7569790 10436450 7569790 7569790
r-955 10 0.133333 30 0.485057 6966 14540 14540 6966 16092 6842 6828 14325 14325 6828 6357 24528 24528 6357
r-291 22 0.311688 30 0.650575 498380 642193 642193 498380 768976 452333 757451 1001538 1001538 757451 1455844 1100310 1100310 1455844
r-3 10 0.755556 33 0.742424 118 2866 2866 118 157 119 96 2562 2562 96 82 73 73 82
r-660 29 0.0492611 47 0.39963 -1 11173525 11173525 -1 -1 191573784 -1 17784348 17784348 -1 -1 61017328 61017328 -1
r-823 25 0.996667 15 0.914286 -1 831 831 831 -1 821 -1 707 707 707 -1 158794538 158794538 158794538
r-8 11 0.581818 32 0.145161 3077 5148 3077 3077 5283 3747 2057 6426 2057 2057 2159 6317 2159 2159
r-191 45 0.709091 41 0.589024 -1 -1 -1 -1 -1 -1 -1 -1 -1 -1 -1 -1 -1 -1
r-38 29 0.96798 27 0.418803 531334 62166 62166 62166 424984 49393 884860 92748 92748 92748 602564 85106 85106 85106
r-368 47 0.0342276 47 0.277521 -1 -1 -1 -1 -1 -1 -1 -1 -1 -1 -1 -1 -1 -1
r-32 32 0.0927419 24 0.195652 16158085 219622 219622 219622 15711468 276037 19160337 205266 205266 205266 18559806 2280016 2280016 2280016
r-612 22 0.38961 49 0.644558 19002454 32085490 19002454 19002454 36215785 17500977 30932590 52738096 30932590 30932590 34038720 44828273 34038720 34038720
r-153 47 0.269195 29 0.625616 85246016 55108754 55108754 55108754 99748713 49644399 145977268 93912681 93912681 93912681 137825111 97241251 97241251 97241251
r-178 24 0.561594 28 0.664021 4083642 9314023 4083642 4083642 7735250 4638139 6818274 17648198 6818274 6818274 5712988 6830462 5712988 5712988
r-52 42 0.615563 25 0.0866667 394136 2083727 394136 2083727 1104171 936439 628459 3425968 628459 3425968 773969 2111710 773969 2111710
r-29 42 0.997677 33 0.965909 -1 -1 -1 -1 -1 -1 -1 -1 -1 -1 -1 -1 -1 -1
r-871 31 0.436559 45 0.0434343 939925 31008035 939925 939925 27051296 1176074 1427324 44874565 1427324 1427324 4117543 54421966 4117543 4117543
r-663 13 0.525641 23 0.462451 21296 37869 21296 21296 44420 20113 26535 51282 26535 26535 26359 48067 26359 26359
r-7 36 0.273016 11 0.854545 11533 14159 11533 14159 19737 11578 15620 20644 15620 20644 15058 14215 15058 14215
r-361 43 0.404208 46 0.827053 172155203 -1 172155203 172155203 -1 133558753 -1 -1 -1 -1 225961460 -1 225961460 225961460
r-743 19 0.526316 11 0.309091 5874 6760 5874 6760 6093 6786 7136 8338 7136 8338 7412 3644 7412 3644
r-775 10 0.0666667 29 0.1133 100 48 48 100 48 100 100 67 67 100 139 50 50 139
r-567 31 0.0215054 46 0.913043 43923 8233 8233 43923 28993 22222 107093 31623 31623 107093 60814 26334 26334 60814
r-563 30 0.6 10 0.422222 12739 4342 4342 4342 12793 4287 12924 4365 4365 4365 20554 5678 5678 5678
r-349 39 0.481781 43 0.370986 -1 -1 -1 -1 -1 -1 -1 -1 -1 -1 -1 -1 -1 -1
r-949 18 0.54902 25 0.386667 371699 298601 371699 371699 322379 333805 546383 450192 546383 546383 383167 478584 383167 383167
r-616 23 0.940711 19 0.918129 9331633 23263 23263 23263 8855056 23208 7799245 24543 24543 24543 22601596 1019305 1019305 1019305
r-125 28 0.936508 27 0.703704 11838484 413803 413803 413803 8603729 483139 15975613 539087 539087 539087 15116827 2366021 2366021 2366021
r-524 31 0.830108 45 0.113131 252351 310580 252351 252351 372402 194842 422078 497289 422078 422078 524588 454428 524588 524588
r-360 11 0.181818 12 0.666667 617 316 316 617 697 608 891 462 462 891 907 555 555 907
r-481 25 0.7 37 0.963964 103831 43095520 103831 103831 40780075 97989 135013 51936168 135013 135013 772688 76386524 772688 772688
r-770 35 0.253782 16 0.541667 188029 88223 88223 88223 217729 80302 259207 122311 122311 122311 295061 184128 184128 184128
r-129 36 0.668254 18 0.359477 603025 346263 346263 346263 697412 326710 934330 490043 490043 490043 1098642 739431 739431 739431
r-143 39 0.155196 19 0.321637 1720004 334147 334147 334147 1716866 394552 2501149 410973 410973 410973 1151948 204628 204628 204628
r-936 49 0.763605 47 0.692877 -1 -1 -1 -1 -1 -1 -1 -1 -1 -1 -1 -1 -1 -1
r-975 25 0.993333 34 0.868093 -1 -1 -1 -1 -1 -1 -1 -1 -1 -1 -1 -1 -1 -1
r-95 20 0.173684 26 0.596923 113388 71411 71411 113388 141949 61770 142933 97038 97038 142933 226715 80691 80691 226715
r-419 14 0.835165 19 0.602339 20282 6231 6231 20282 9037 18128 29525 7975 7975 29525 11971 12002 12002 11971
r-456 26 0 13 0.5 2716527 38954 38954 38954 2716228 38954 3044326 41316 41316 41316 2716522 56479 56479 56479
