instance n1 density1 n2 density2 mcsplit mcsplit-swapped mcsplit-smart-swapped-D mcsplit-smart-swapped-O mcsplit+f mcsplit+bigf mcsplit-b mcsplit-b-swapped mcsplit-b-smart-swapped-D mcsplit-b-smart-swapped-O mcsplit-nosort mcsplit-nosort-swapped mcsplit-nosort-smart-swapped-D mcsplit-nosort-smart-swapped-O
r-625 22 0.874459 31 0.378495 44176 18348 18348 44176 31676 17782 65559 23078 23078 65559 94657 131190 131190 94657
r-584 14 0.0879121 10 0.6 268 140 140 140 273 121 303 184 184 184 329 142 142 142
r-539 31 0.597849 18 0.803922 112052 818513 112052 818513 168750 721154 99087 1144414 99087 1144414 649761 681072 649761 681072
r-40 10 0.266667 42 0.148664 92 46 92 92 46 92 78 70 78 78 109 216 109 109
r-202 43 0.541528 47 0.323774 -1 -1 -1 -1 -1 -1 -1 -1 -1 -1 -1 -1 -1 -1
r-619 43 0.41196 20 0.410526 4661366 8375528 4661366 8375528 4860357 8316776 4719799 13630548 4719799 13630548 4925027 6387621 4925027 6387621
r-971 38 0.809388 25 0.496667 367489 536442 536442 536442 408939 453094 441541 312474 312474 312474 1285947 1358401 1358401 1358401
r-664 39 0.623482 38 0 59318 56895107 59318 56895107 349603 1890957 15767 64171429 15767 64171429 8718920 56704415 8718920 56704415
r-872 32 0.370968 23 0.217391 1025904 4411558 1025904 4411558 1532716 3697972 1608006 7606126 1608006 7606126 1911969 3039673 1911969 3039673
r-897 36 0.480952 22 0.727273 963970 2672180 963970 2672180 1320401 2052677 1460252 4189149 1460252 4189149 3343975 5206602 3343975 5206602
r-761 13 0.217949 49 0.0221088 222 19291 222 222 18317 225 150 19437 150 150 497 7287 497 497
r-546 24 0.405797 45 0.522222 37866380 31459501 31459501 37866380 33319469 35178900 66650528 -1 -1 66650528 62964474 63818540 63818540 62964474
r-587 21 0.447619 49 0.326531 8155464 12278367 8155464 8155464 11550994 8406337 13150913 21668083 13150913 13150913 22098016 15963011 22098016 22098016
r-754 15 0.609524 50 0.32 374138 8192 374138 374138 9604 349181 534962 4892 534962 534962 527805 221330 527805 527805
r-976 31 0.309677 35 0.304202 -1 -1 -1 -1 -1 -1 -1 -1 -1 -1 -1 -1 -1 -1
r-97 34 0.900178 41 0.804878 -1 27951783 27951783 -1 -1 -1 -1 40664939 40664939 -1 -1 -1 -1 -1
r-728 36 0.874603 17 0.948529 7328506 1397838 7328506 1397838 7460284 1092160 6869740 587835 6869740 587835 172 563 172 563
r-655 29 0.583744 43 0.744186 48894331 -1 48894331 48894331 -1 60280571 -1 -1 -1 -1 95320335 -1 95320335 95320335
r-517 49 0.0459184 35 0.253782 -1 5597111 5597111 5597111 -1 6050338 -1 3047034 3047034 3047034 -1 247826239 247826239 247826239
r-649 19 0.210526 16 0.475 13341 3278 3278 3278 12772 5923 21954 4091 4091 4091 5061 8780 8780 8780
r-110 33 0.4375 25 0.246667 777574 15325156 777574 15325156 1369451 12314743 990324 27871829 990324 27871829 13171703 11720744 13171703 11720744
r-723 10 0.0888889 43 0.128461 115 41 41 115 41 115 115 74 74 115 169 47 47 169
r-72 44 0.860465 14 0.384615 14772 4976 4976 4976 16088 6584 19110 5642 5642 5642 11949 80780 80780 80780
r-57 44 0.914376 18 0.712418 142098 9110 9110 9110 138493 10143 156135 5033 5033 5033 70429 86466 86466 86466
r-620 31 0.787097 14 0.934066 33261 10289 33261 10289 33753 9695 32252 8069 32252 8069 24598 13892 24598 13892
r-849 35 0.862185 36 0.195238 57312 11305 11305 57312 24075 33507 32535 4714 4714 32535 177644 148538 148538 177644
r-22 19 0.415205 25 0.776667 9988 16779 9988 9988 18278 7288 7004 19487 7004 7004 14029 28393 14029 14029
r-420 34 0.327986 14 0.879121 2209 34241 2209 34241 2175 22940 125 45196 125 45196 30978 56451 30978 56451
r-908 33 0.526515 13 0.102564 6316 163113 6316 163113 14815 113513 7558 212095 7558 212095 20138 91028 20138 91028
r-688 49 0.638605 18 0.490196 850167 2011721 2011721 2011721 912414 1907846 1185877 2920008 2920008 2920008 1272818 3542471 3542471 3542471
r-502 35 0.168067 46 0.825121 121204 71742 71742 121204 85463 73666 82399 51697 51697 82399 483080 129327 129327 483080
r-589 12 0.590909 47 0.345976 34625 6438 34625 34625 6694 34241 25140 4258 25140 25140 55006 24739 55006 55006
r-197 33 0.702652 41 0.219512 1114872 1086953 1114872 1114872 1378850 737022 1889901 1753443 1889901 1889901 1219523 1053776 1219523 1219523
r-869 30 0.878161 16 0.0583333 97 1316 97 1316 97 636 218 2112 218 2112 923 1794 923 1794
r-313 25 0.336667 17 0.411765 272286 121942 121942 121942 270552 127095 471323 185590 185590 185590 145527 196543 196543 196543
r-135 44 0.807611 25 0.536667 5610284 571939 571939 571939 5534947 853925 10176067 975189 975189 975189 3174153 2515820 2515820 2515820
r-805 49 0.307823 40 0.782051 2459909 12570956 2459909 12570956 3460693 9374182 2355200 -1 2355200 -1 24867868 28794830 24867868 28794830
r-903 26 0.467692 10 0.0888889 923 21521 923 21521 1403 19882 1098 24440 1098 24440 5677 17667 5677 17667
r-200 10 0.0888889 30 0.588506 8047 636 636 8047 1447 6014 9016 137 137 9016 8194 13371 13371 8194
r-893 33 0.712121 11 0.436364 2501 4799 4799 4799 2840 4336 2749 5618 5618 5618 5597 11524 11524 11524
r-226 29 0.364532 29 0.315271 8354560 12189493 8354560 8354560 9717060 9207481 14032408 22018118 14032408 14032408 12027558 8086010 12027558 12027558
r-343 46 0.0280193 10 0.2 27679795 274 274 274 27680232 346 27691398 394 394 394 22795725 386909 386909 386909
r-33 42 0.9036 37 0.594595 66480823 1549785 1549785 1549785 60469380 2173683 -1 696898 696898 696898 -1 15053261 15053261 15053261
r-753 43 0.561462 30 0.144828 596277 2291067 596277 2291067 2109975 1146285 318964 3073110 318964 3073110 2397557 12754103 2397557 12754103
r-605 36 0.0809524 13 0.153846 1618 439 439 439 1618 485 1594 362 362 362 453 828 828 828
r-651 29 0.679803 22 0.238095 14232 118715 14232 118715 17987 59388 4058 101043 4058 101043 80900 449102 80900 449102
r-887 13 0.884615 19 0.754386 3320 1583 1583 3320 2466 2625 3562 1785 1785 3562 4047 2965 2965 4047
r-1 40 0.389744 48 0.559397 -1 -1 -1 -1 -1 -1 -1 -1 -1 -1 -1 -1 -1 -1
r-720 47 0.012951 46 0.536232 -1 75687 75687 75687 -1 60047 -1 144679 144679 144679 -1 1833756 1833756 1833756
r-738 38 0.190612 18 0.529412 14272 13390 13390 13390 15913 18469 17873 17087 17087 17087 54718 43083 43083 43083
r-791 25 0.276667 24 0.474638 1366282 91263 91263 91263 1292840 80792 2671987 130100 130100 130100 637389 618346 618346 618346
r-990 10 0.977778 44 0.229387 9583 227 227 9583 395 6270 17100 234 234 17100 9664 3824 3824 9664
r-199 26 0.28 39 0.758435 231255 110446 231255 231255 140979 147725 338300 160347 338300 338300 1211413 1143476 1211413 1211413
r-534 14 0.824176 50 0.782041 345 439 439 345 430 357 297 423 423 297 811 994 994 811
r-352 35 0.737815 41 0.820732 -1 -1 -1 -1 -1 -1 -1 -1 -1 -1 -1 -1 -1 -1
r-825 15 0.466667 39 0.609987 354871 67735 354871 354871 71948 346332 495500 90032 495500 495500 421846 107141 421846 421846
r-983 37 0.791291 21 0.147619 5203 7661 5203 7661 7417 3647 4787 10348 4787 10348 18791 25939 18791 25939
r-820 21 0.804762 11 0.618182 1627 244 244 244 1616 267 2080 302 302 302 2669 6452 6452 6452
r-120 24 0.844203 14 0.263736 1339 601 601 601 1498 626 1692 392 392 392 3543 7957 7957 7957
r-362 30 0.416092 29 0.1133 116652 2840595 116652 2840595 157173 1686130 116343 4795942 116343 4795942 260297 1346137 260297 1346137
r-556 44 0.168076 18 0.686275 13605 23286 23286 23286 16162 26352 17032 32055 32055 32055 25974 59424 59424 59424
r-954 42 0.893148 40 0.874359 -1 -1 -1 -1 -1 -1 -1 -1 -1 -1 -1 -1 -1 -1
r-641 39 0.504723 22 0.748918 472789 10138290 472789 10138290 846416 8739884 645087 18641195 645087 18641195 5007394 9875622 5007394 9875622
r-895 22 0.887446 48 0.460106 1702241 75401 75401 1702241 261222 1030606 2602263 24156 24156 2602263 1635317 762285 762285 1635317
r-658 23 0.573123 32 0.183468 54142 77078 54142 54142 97973 34553 61342 98800 61342 61342 448203 161112 448203 448203
r-479 29 0.123153 20 0.731579 7804 5873 5873 5873 9290 4653 2762 1984 1984 1984 7510 9267 9267 9267
r-740 14 0.934066 24 0.0978261 350 130 130 350 130 183 573 161 161 573 321 145 145 321
r-390 15 0.914286 40 0.512821 949583 17115 17115 949583 89524 714196 1271626 6149 6149 1271626 484462 394775 394775 484462
r-15 39 0.425101 14 0.428571 235852 72531 72531 72531 246231 68754 326429 87715 87715 87715 89555 105276 105276 105276
r-473 41 0.830488 10 0.444444 167 2104 2104 2104 200 2105 138 2508 2508 2508 609 3194 3194 3194
r-613 35 0.166387 25 0.8 10494 20669 20669 20669 14505 17905 15132 28861 28861 28861 16377 40927 40927 40927
r-20 10 0.0444444 42 0.912892 1110 45 45 1110 24 542 1841 99 99 1841 1266 94 94 1266
r-427 11 0.672727 24 0.40942 4870 2940 2940 4870 3621 4313 4816 3405 3405 4816 5893 5601 5601 5893
r-455 15 0.914286 30 0.645977 441014 22208 22208 441014 44977 373145 541886 31484 31484 541886 953887 415187 415187 953887
r-307 20 0.873684 17 0.867647 3857 535 535 535 4065 593 4486 427 427 427 9013 5733 5733 5733
r-63 48 0.475177 25 0.543333 -1 -1 -1 -1 -1 -1 -1 -1 -1 -1 -1 -1 -1 -1
r-523 27 0.826211 24 0.768116 988389 339271 339271 339271 1064940 463324 1461739 453414 453414 453414 969858 299890 299890 299890
r-213 40 0.0782051 37 0.0405405 -1 -1 -1 -1 -1 -1 -1 -1 -1 -1 -1 -1 -1 -1
r-28 44 0.542283 30 0.6 -1 -1 -1 -1 -1 -1 -1 -1 -1 -1 -1 -1 -1 -1
r-699 45 0.156566 14 0.230769 7873 709 709 709 7874 750 7368 383 383 383 15809 4700 4700 4700
r-30 12 0.909091 26 0.507692 53857 1744 1744 53857 5891 37871 71679 2075 2075 71679 48006 6503 6503 48006
r-64 24 0.938406 38 0.00284495 49 278 49 49 279 89 819 683 819 819 142 58 142 142
r-188 25 0.356667 36 0.638095 3415769 1211546 1211546 3415769 1632328 2610030 5654467 1941938 1941938 5654467 3466320 2799904 2799904 3466320
r-423 39 0.597841 27 0.213675 144593 1207752 144593 1207752 374782 895454 170666 1824723 170666 1824723 3158432 5459264 3158432 5459264
r-677 33 0.86553 48 0.879433 47910177 -1 47910177 47910177 -1 92040861 51750298 -1 51750298 51750298 -1 -1 -1 -1
r-14 14 0.406593 46 0.323671 59290 191405 59290 59290 180590 58555 67045 239969 67045 67045 66202 92988 66202 66202
r-907 36 0.649206 10 0.955556 370369 92464 370369 92464 547368 78442 50033 7828 50033 7828 29495 20558 29495 20558
r-16 32 0.40121 46 0.616425 -1 -1 -1 -1 -1 -1 -1 -1 -1 -1 -1 -1 -1 -1
r-722 45 0.308081 29 0.689655 2248105 6118966 6118966 6118966 2918568 4008691 3528400 9902765 9902765 9902765 3467769 6471264 6471264 6471264
r-701 15 0.390476 19 0.666667 6476 880 6476 6476 1282 3165 7393 1062 7393 7393 6178 3355 6178 6178
r-210 46 0.0386473 48 0.820035 35443 9997 9997 35443 21410 11908 72202 3351 3351 72202 161146 70593 70593 161146
r-235 21 0.361905 23 0.328063 243276 296675 243276 243276 258641 262519 388771 460214 388771 388771 175715 126781 175715 175715
r-865 48 0.449468 34 0.0695187 554911 -1 554911 -1 2071529 11223516 885716 -1 885716 -1 3397085 -1 3397085 -1
r-499 39 0.187584 17 0.838235 4417 6134 4417 6134 5151 8029 1515 11698 1515 11698 11971 9894 11971 9894
r-446 21 0.971429 11 0.109091 124 32 32 32 124 46 179 206 206 206 109 29 29 29
r-290 48 0.719858 31 0.666667 -1 -1 -1 -1 -1 -1 -1 -1 -1 -1 -1 -1 -1 -1
r-680 28 0.716931 11 0.509091 4051 4358 4358 4358 4110 4239 4479 4907 4907 4907 3505 3259 3259 3259
r-445 23 0.802372 50 0.982857 4064 -1 4064 4064 -1 4606 1248 -1 1248 1248 -1 -1 -1 -1
r-504 34 0.700535 33 0.82197 5476623 62898737 5476623 62898737 7317243 47758807 5960230 102978189 5960230 102978189 24445199 36824681 24445199 36824681
r-459 28 0.410053 14 0.362637 25280 44647 25280 44647 26302 42360 18554 57590 18554 57590 43690 77843 43690 77843
r-204 20 0.736842 14 0.78022 3916 2052 3916 2052 4139 1980 4580 2119 4580 2119 4258 2822 4258 2822
r-228 28 0.402116 27 0.282051 2807894 9892186 2807894 9892186 3437536 6653036 5048680 19254146 5048680 19254146 4711453 6518450 4711453 6518450
r-391 14 0.835165 24 0.199275 1304 626 626 1304 608 737 2013 288 288 2013 5304 2608 2608 5304
r-281 34 0.650624 31 0.0817204 55021 233219 55021 233219 72910 37152 26195 372816 26195 372816 44111 351725 44111 351725
r-592 15 0.514286 21 0.690476 6006 26629 6006 6006 23178 6168 4148 37607 4148 4148 4567 7070 4567 4567
r-49 45 0.0434343 41 0.717073 330776 30681 30681 30681 375318 18599 532936 47297 47297 47297 207604 135970 135970 135970
r-657 18 0.764706 30 0.616092 932017 172032 172032 932017 260613 878447 1392650 222923 222923 1392650 928392 701888 701888 928392
r-520 10 0.266667 34 0.139037 111 75 111 111 75 111 83 80 83 83 280 923 280 280
r-99 32 0.820565 43 0.378738 1313748 1163222 1163222 1313748 1889144 900957 1428392 1518653 1518653 1428392 2753455 9814562 9814562 2753455
r-622 28 0.298942 46 0.689855 6120770 2653826 2653826 6120770 3737819 4263537 10202198 4218384 4218384 10202198 16119660 12848925 12848925 16119660
r-381 27 0.011396 29 0.763547 20235 138 138 20235 44 2716 34993 646 646 34993 19842 2490 2490 19842
r-436 23 0.173913 23 0.581028 26286 23471 23471 26286 36606 12446 34728 17629 17629 34728 63114 57386 57386 63114
r-536 49 0.855442 21 0.495238 94191 217973 217973 217973 106338 266763 111698 109909 109909 109909 516618 1471463 1471463 1471463
r-127 43 0.821705 16 0 273 41253 273 41253 689 7916 248 61287 248 61287 529 41077 529 41077
r-822 48 0.546099 22 0.982684 300272 135909462 300272 135909462 2754415 18199758 508747 -1 508747 -1 7736025 140581051 7736025 -1
r-788 47 0.276596 14 0.043956 21250395 7523194 21250395 7523194 35702349 6995376 2815674 2249062 2815674 2249062 2958422 4641621 2958422 4641621
r-159 39 0.31444 35 0.897479 125454 226624 125454 226624 294998 103087 157976 253477 157976 253477 234561 756423 234561 756423
r-274 39 0.840756 12 0.363636 1226 7213 7213 7213 1374 5966 1365 9822 9822 9822 2922 6183 6183 6183
r-675 41 0.59878 43 0.0564784 160266 2725794 160266 160266 3088163 92754 71143 2815279 71143 71143 442441 1822688 442441 442441
r-549 23 0.458498 45 0.607071 22132233 4204436 22132233 22132233 4653214 21154956 36463208 5884276 36463208 36463208 30288093 29838880 30288093 30288093
r-207 21 0.966667 50 0.281633 107956 671 671 107956 3360 14477 184229 413 413 184229 101347 27047 27047 101347
r-160 18 0.0588235 21 0.047619 938 11975483 938 938 2502945 32292 846 11575915 846 846 714809 44804441 714809 714809
r-552 37 0.403904 33 0.481061 -1 -1 -1 -1 -1 -1 -1 -1 -1 -1 -1 -1 -1 -1
r-672 35 0.0705882 38 0.920341 3332 1388 1388 3332 1389 2276 3958 2014 2014 3958 5251 9850 9850 5251
r-300 16 0.05 22 0.186147 4432660 28383 28383 4432660 1131725 947280 4524329 30994 30994 4524329 4694936 235191 235191 4694936
r-288 35 0.00168067 14 0.417582 496094 126072 126072 126072 496689 126060 537250 129885 129885 129885 4599960 285666 285666 285666
r-434 18 0 44 0.105708 -1 1180608 1180608 -1 -1 -1 396601390 129097 129097 396601390 361848402 -1 -1 361848402
r-146 47 0.855689 22 0.666667 1606694 96348 96348 96348 1601253 201037 2436641 130311 130311 130311 1437203 721742 721742 721742
r-212 24 0.315217 39 0.048583 31918 2679123 31918 31918 2481392 55900 10227 3162159 10227 10227 34270 5509467 34270 34270
r-731 10 0.333333 46 0.0714976 246 1441 246 246 1269 272 221 1432 221 221 794 1288 794 794
r-26 48 0.655142 27 0.22792 683693 2725668 683693 2725668 1236900 1562162 488413 4185378 488413 4185378 3585386 16609980 3585386 16609980
r-69 17 0.632353 42 0.440186 906291 328835 328835 906291 345189 860236 823847 427831 427831 823847 1605694 1646807 1646807 1605694
r-406 24 0.695652 29 0.884236 68174 1212341 68174 68174 927904 129393 96762 1908954 96762 96762 257166 759342 257166 257166
r-240 14 0.0879121 19 0.871345 327 25 25 327 25 183 414 155 155 414 794 389 389 794
r-814 19 0.152047 34 0.97148 54 1014 54 54 1039 115 525 1608 525 525 881 840 881 881
r-773 40 0.111538 19 0.707602 5432 15306 15306 15306 6045 8407 4948 22168 22168 22168 13220 15516 15516 15516
r-884 15 0.619048 11 0.909091 944 6215 944 6215 3083 3172 278 5539 278 5539 2598 2230 2598 2230
r-883 33 0.844697 17 0.580882 136088 7285 7285 7285 136120 8517 219826 9966 9966 9966 49784 53889 53889 53889
r-162 35 0.811765 26 0.0523077 2145 13106 2145 13106 3367 4831 1496 23239 1496 23239 15717 9747 15717 9747
r-748 17 0.176471 38 0.375533 517104 297617 297617 517104 369892 499249 586800 237244 237244 586800 1562005 1430069 1430069 1562005
r-140 20 0.878947 45 0.108081 3008 1422 3008 3008 1515 2445 4862 338 4862 4862 5597 8409 5597 5597
r-246 49 0.852041 37 0.283784 323862 561036 561036 561036 409123 439718 482283 978616 978616 978616 2161009 2294795 2294795 2294795
r-942 40 0.00512821 30 0.864368 3269 112 112 112 3299 147 5060 1066 1066 1066 2646 4196 4196 4196
r-582 21 0.609524 19 0.0467836 641 28747 641 28747 743 2718 262 40839 262 40839 4659 31944 4659 31944
r-205 15 0.380952 30 0.165517 1875 27235 1875 1875 21863 3909 2191 39295 2191 2191 24895 12735 24895 24895
r-111 36 0.601587 13 0.666667 59701 83838 59701 83838 62414 84173 73545 93758 73545 93758 88917 22678 88917 22678
r-36 32 0.850806 44 0.172304 53780 35587 35587 53780 44102 43956 79361 42684 42684 79361 268020 137949 137949 268020
r-465 31 0.683871 17 0.779412 134003 307732 134003 307732 141736 307243 173978 396235 173978 396235 415119 391762 415119 391762
r-105 44 0.598309 25 0.41 7194654 23268614 23268614 23268614 7962622 20785853 8772891 39172483 39172483 39172483 20702196 49233900 49233900 49233900
r-744 44 0.208245 12 0.621212 724 5480 5480 5480 984 5611 626 7721 7721 7721 6954 20885 20885 20885
r-25 36 0.485714 50 0.657143 -1 -1 -1 -1 -1 -1 -1 -1 -1 -1 -1 -1 -1 -1
r-322 34 0.714795 35 0.336134 2961109 2696366 2696366 2961109 3569303 2673605 4755723 4025415 4025415 4755723 19279451 10597779 10597779 19279451
r-167 17 0.286765 29 0.918719 679 5694 679 679 6188 929 1089 3016 1089 1089 3183 1244 3183 3183
r-24 37 0.0405405 23 0.379447 4992320 1421 1421 1421 5056159 1027 5920710 1469 1469 1469 5770748 49272 49272 49272
r-44 18 0.0980392 45 0.678788 69231 6497 6497 69231 18863 34406 107874 5550 5550 107874 76582 6296 6296 76582
r-662 10 0.133333 42 0.932636 518 97 518 518 97 520 922 98 922 922 461 320 461 461
r-686 41 0.996341 21 0.114286 1607 44 44 44 1633 63 3138 756 756 756 1507 3938 3938 3938
r-217 28 0.0925926 38 0.506401 2947596 343384 343384 2947596 690647 324597 3871096 199299 199299 3871096 1202249 719834 719834 1202249
r-826 16 0.308333 33 0.386364 316749 145827 145827 316749 143499 312212 426284 210818 210818 426284 483472 328272 328272 483472
r-863 50 0.556735 34 0.483066 -1 -1 -1 -1 -1 -1 -1 -1 -1 -1 -1 -1 -1 -1
r-78 46 0.125604 11 0.8 127 2308 2308 2308 154 2096 176 4547 4547 4547 118 3562 3562 3562
r-624 37 0.372372 28 0.521164 15453418 21251233 21251233 21251233 17132510 16348805 25900704 38014198 38014198 38014198 34184216 50328845 50328845 50328845
r-656 14 0.032967 13 0.641026 533 61 61 61 578 69 861 159 159 159 905 783 783 783
r-965 47 0.372803 30 0.158621 24960207 -1 24960207 -1 -1 -1 -1 -1 -1 -1 -1 -1 -1 -1
r-518 29 0.137931 18 0.267974 108808 4682 4682 4682 107755 7185 138514 5553 5553 5553 94624 20158 20158 20158
r-330 14 0.285714 21 0.328571 6271 5254 5254 6271 4949 5809 8159 6742 6742 8159 10710 12986 12986 10710
r-924 36 0.409524 18 0.248366 406208 1460279 406208 1460279 472493 1378199 574725 2167178 574725 2167178 941450 1230644 941450 1230644
r-708 39 0.184885 47 0.292322 -1 -1 -1 -1 -1 -1 -1 -1 -1 -1 -1 -1 -1 -1
r-319 49 0.987245 20 0.3 31157 711 711 711 32166 405 20442 1086 1086 1086 21046 510 510 510
r-751 22 0.748918 37 0.495495 2545871 1228999 1228999 2545871 1777299 2261900 3937809 1905652 1905652 3937809 7380330 3586219 3586219 7380330
r-795 32 0.417339 23 0.426877 3756775 4618663 4618663 4618663 3918917 4392586 6688428 8222552 8222552 8222552 4600094 6888968 6888968 6888968
r-654 31 0.733333 21 0.728571 1791658 335115 335115 335115 1884730 348449 2815310 468868 468868 468868 1514804 1978156 1978156 1978156
r-961 31 0.716129 24 0 624 412800 624 412800 18603 55778 1108 574150 1108 574150 2928 407655 2928 407655
r-937 48 0.35461 41 0.315854 -1 -1 -1 -1 -1 -1 -1 -1 -1 -1 -1 -1 -1 -1
r-854 21 0.280952 22 0.419913 183926 57106 57106 183926 89136 150506 321069 22367 22367 321069 73040 102286 102286 73040
r-921 40 0.0230769 43 0.594684 4860778 20989 20989 4860778 194648 153019 6658000 25572 25572 6658000 4221644 659866 659866 4221644
r-704 28 0 43 0.874862 18434 57 57 18434 31 5589 36618 769 769 36618 18351 2381 2381 18351
r-116 32 0.913306 32 0.766129 -1 485743 485743 -1 58692836 1612685 -1 593629 593629 -1 -1 1221757 1221757 -1
r-886 32 0.893145 41 0.22561 30101 23917 23917 30101 41719 27111 33522 22351 22351 33522 230043 32866 32866 230043
r-899 32 0.0201613 36 0.55873 3981784 10700 10700 3981784 133689 185419 5035534 15650 15650 5035534 4677470 145544 145544 4677470
r-194 18 0.745098 48 0.453014 1568718 678536 678536 1568718 725661 1527259 2147329 879050 879050 2147329 2733265 1781927 1781927 2733265
r-944 44 0.439746 11 0.872727 14075 42384 14075 42384 18702 40429 17725 49178 17725 49178 62843 53638 62843 53638
r-571 29 0.736453 20 0.889474 48571 178689 48571 178689 77504 158256 53160 205303 53160 205303 920686 724273 920686 724273
r-4 25 0.146667 34 0.229947 17520033 7570857 7570857 17520033 10991517 15921327 24120503 9892791 9892791 24120503 20059838 18009391 18009391 20059838
r-905 14 0.164835 39 0.310391 31153 45102 45102 31153 38509 29975 32129 36869 36869 32129 137501 117268 117268 137501
r-484 49 0.807823 33 0.590909 -1 14012616 14012616 14012616 -1 18968899 -1 21636590 21636590 21636590 -1 -1 -1 -1
r-382 22 0.822511 45 0.956566 24508 5455782 24508 24508 5234737 27199 31609 5741517 31609 31609 731886 19358317 731886 731886
r-580 47 0.79556 20 0.636842 2496564 822410 822410 822410 2526710 915701 3782649 1152309 1152309 1152309 841516 2863923 2863923 2863923
r-372 50 0.417143 41 0.460976 -1 -1 -1 -1 -1 -1 -1 -1 -1 -1 -1 -1 -1 -1
r-442 21 0.271429 28 0.941799 868 8528 868 868 9346 375 436 4339 436 436 19724 9936 19724 19724
r-51 45 0.780808 46 0.87343 -1 -1 -1 -1 -1 -1 -1 -1 -1 -1 -1 -1 -1 -1
r-59 19 0.894737 29 0.214286 3779 771 771 3779 730 2522 5887 270 270 5887 17387 19166 19166 17387
r-995 18 0.235294 21 0.047619 5234 309038 5234 5234 266721 5003 1351 304887 1351 1351 3826 371770 3826 3826
r-219 20 0.4 32 0.530242 1300657 399616 399616 1300657 503641 1152027 2028263 595590 595590 2028263 2254126 2230756 2230756 2254126
r-173 13 0.0641026 33 0.831439 2186 63 63 2186 87 1072 3990 133 133 3990 2357 732 732 2357
r-66 37 0.264264 16 0.266667 329811 91093 91093 91093 337617 100497 427274 107266 107266 107266 255059 127701 127701 127701
r-331 23 0.786561 15 0.409524 4432 1377 1377 1377 4994 916 4734 1537 1537 1537 13126 12944 12944 12944
r-980 17 0.0882353 31 0.0795699 941 10785264 941 941 5358162 953 950 10785130 950 950 15384 115613052 15384 15384
r-392 42 0.813008 49 0.0790816 72451 28338 72451 72451 39967 27963 118091 53772 118091 118091 167144 102885 167144 167144
r-389 30 0.496552 34 0.174688 277270 10822231 277270 277270 8093205 341499 428426 21405031 428426 428426 2883877 6284101 2883877 2883877
r-845 24 0.00362319 38 0.268848 -1 -1 -1 -1 -1 -1 -1 -1 -1 -1 -1 -1 -1 -1
r-785 40 0.0923077 33 0.498106 3632152 530300 530300 530300 3350663 787695 5841487 328127 328127 328127 2267998 3427629 3427629 3427629
r-718 32 0.794355 37 0.0795796 23142 25210 23142 23142 29641 9495 15352 20158 15352 15352 33728 18385 33728 33728
r-583 29 0.652709 47 0.309898 8476664 5141577 8476664 8476664 5989458 8870230 13210069 7750578 13210069 13210069 18002151 18950009 18002151 18002151
r-896 33 0.719697 33 0.683712 -1 -1 -1 -1 -1 -1 -1 -1 -1 -1 -1 -1 -1 -1
r-490 41 0.947561 19 0.128655 1185 1542 1542 1542 1185 1023 1190 2465 2465 2465 1519 5397 5397 5397
r-438 39 0.551957 18 0.222222 44874 682888 44874 682888 86270 535931 33834 849814 33834 849814 1204669 1061640 1204669 1061640
r-232 41 0.607317 48 0.99734 -1 -1 -1 -1 -1 -1 -1 -1 -1 -1 -1 -1 -1 -1
r-970 11 0.945455 13 0.333333 1035 37 37 1035 21 389 1524 86 86 1524 1824 2009 2009 1824
r-560 25 0.823333 22 0.298701 9095 10239 10239 10239 10419 6574 7118 7288 7288 7288 68956 49387 49387 49387
r-514 37 0.566066 14 0.945055 9690 1714975 9690 1714975 45917 1156690 3556 2008175 3556 2008175 232075 1813335 232075 1813335
r-472 44 0.361522 22 0.229437 4476711 32463954 4476711 32463954 5228005 30403373 7174585 50721028 7174585 50721028 27432856 42354101 27432856 42354101
r-440 48 0.541667 27 0.287749 6723422 52950519 6723422 52950519 10158655 41585048 -1 -1 -1 -1 -1 -1 -1 -1
r-371 22 0.25974 34 0.124777 28347 1415754 28347 28347 1158263 58946 29491 1911058 29491 29491 191931 628891 191931 191931
r-215 24 0.057971 46 0.203865 19139193 2545437 2545437 19139193 7521483 14510075 18211195 1699492 1699492 18211195 -1 -1 -1 -1
r-498 39 0.939271 45 0.521212 33028231 916653 916653 33028231 2822995 13209576 55980112 1463659 1463659 55980112 49117452 23537950 23537950 49117452
r-710 37 0.813814 32 0.590726 54389614 5300608 5300608 5300608 53350366 7646721 107719413 9028931 9028931 9028931 28868403 84270784 84270784 84270784
r-929 34 0.803922 42 0.400697 1832445 2057593 2057593 1832445 5311819 1634386 2466953 3012411 3012411 2466953 11001003 18403685 18403685 11001003
r-112 13 0.128205 18 0.620915 1098 163 163 1098 168 697 1649 183 183 1649 2427 1062 1062 2427
r-293 16 0.566667 26 0 1404 2018698 1404 1404 1992741 1404 1000 2189264 1000 1000 851082 1992877 851082 851082
r-324 47 0.894542 45 0.515152 -1 10509725 10509725 10509725 -1 15463378 -1 18960655 18960655 18960655 -1 -1 -1 -1
r-444 50 0.331429 23 0.478261 42988819 21148580 21148580 21148580 44337493 22362211 -1 36088844 36088844 36088844 21962856 30658783 30658783 30658783
r-678 22 0.324675 24 0.438406 748054 325805 325805 748054 422163 555845 1389725 533270 533270 1389725 507028 515968 515968 507028
r-611 38 0.189189 23 0.818182 8167 26025 8167 26025 10632 23231 7648 42367 7648 42367 58110 83127 58110 83127
r-259 44 0.209302 39 0.423752 -1 -1 -1 -1 -1 -1 -1 -1 -1 -1 -1 -1 -1 -1
r-415 17 0.154412 29 0.726601 8542 3195 3195 8542 4963 6185 6303 4167 4167 6303 4634 5398 5398 4634
r-629 25 0.703333 38 0.755334 6402675 37540764 6402675 6402675 34768615 8378403 9601151 61893231 9601151 9601151 20935408 13358133 20935408 20935408
r-209 11 0.636364 26 0.729231 1012 4193 1012 1012 3905 1026 1107 4393 1107 1107 1219 3067 1219 1219
r-182 27 0.666667 28 0.989418 11117 -1 11117 11117 -1 9261 16123 -1 16123 16123 9629402 -1 9629402 9629402
r-585 29 0.0960591 34 0.741533 22910 8176 8176 22910 18939 11990 40323 8810 8810 40323 30321 31364 31364 30321
r-137 45 0.290909 42 0.593496 -1 -1 -1 -1 -1 -1 -1 -1 -1 -1 -1 -1 -1 -1
r-562 30 0.432184 24 0.376812 753660 4125909 753660 4125909 830285 3586467 1138797 7720868 1138797 7720868 4709741 5123558 4709741 5123558
r-796 12 0.212121 30 0.873563 530 351 530 530 361 652 912 213 912 912 1022 989 1022 1022
r-65 48 0.307624 14 0.67033 13585 118625 118625 118625 14401 100292 16144 156590 156590 156590 246405 164459 164459 164459
r-277 19 0.385965 36 0.509524 2193474 580229 580229 2193474 727625 2040061 3176695 862622 862622 3176695 2303798 1213711 1213711 2303798
r-594 39 0.0350877 48 0.853723 13660 6220 6220 13660 8067 10087 42229 10216 10216 42229 12666 38882 38882 12666
r-429 50 0.0914286 31 0.989247 138 6412 138 6412 54 2973 883 17394 883 17394 3302 6234 3302 6234
r-441 23 0.517787 31 0.423656 3397025 2811492 3397025 3397025 2997448 2754739 5591540 4688850 5591540 5591540 4696847 3080407 4696847 4696847
r-606 27 0.421652 14 0.813187 2571 24924 2571 24924 5728 20039 1724 33556 1724 33556 33753 50892 33753 50892
r-969 35 0.776471 31 0.28172 25353 370234 370234 370234 38799 223568 23321 386894 386894 386894 1157148 923116 923116 923116
r-695 11 0.490909 49 0.854592 2625 1122 2625 2625 1188 3257 3245 1032 3245 3245 12993 13151 12993 12993
r-737 28 0.452381 14 0.197802 13956 138035 13956 138035 20682 123639 15546 196551 15546 196551 50000 83822 50000 83822
r-346 30 0.554023 13 0.423077 8213 52910 8213 52910 9231 51390 6959 66203 6959 66203 62849 70868 62849 70868
r-762 31 0.191398 46 0.50628 38595657 13226504 13226504 38595657 27801311 23181925 -1 18185082 18185082 -1 69827588 57989375 57989375 69827588
r-341 32 0.715726 46 0.814493 32431191 -1 32431191 32431191 -1 40830831 49298948 -1 49298948 49298948 -1 -1 -1 -1
r-9 36 0.871429 13 0.230769 2554 2496 2496 2496 2554 2186 121 2918 2918 2918 5261 5120 5120 5120
r-766 17 0.198529 31 0.627957 56835 3581 3581 56835 9204 36545 83075 3706 3706 83075 80471 116363 116363 80471
r-519 25 0.913333 27 0.290598 22038 2678 2678 22038 8030 6857 21702 3237 3237 21702 24159 3382 3382 24159
r-148 14 0.340659 29 0.152709 4307 26752 4307 4307 24221 4476 5512 36425 5512 5512 31751 10069 31751 31751
r-468 24 0.264493 38 0.0938834 172051 4877455 172051 172051 3901560 329891 229805 7077910 229805 229805 338496 6968601 338496 338496
r-749 38 0.415363 31 0.262366 26430417 -1 26430417 -1 -1 -1 -1 -1 -1 -1 -1 -1 -1 -1
r-387 15 0.314286 23 0.193676 5775 21278 5775 5775 18843 6457 6297 28451 6297 6297 3802 2474 3802 3802
r-920 19 0.783626 29 0.337438 28551 10117 10117 28551 11675 21976 32944 9289 9289 32944 94901 48646 48646 94901
r-377 28 0.351852 20 0.621053 60345 198467 198467 198467 77189 151624 82630 309003 309003 309003 295522 395410 395410 395410
r-833 33 0.511364 46 0.404831 -1 -1 -1 -1 -1 -1 -1 -1 -1 -1 -1 -1 -1 -1
r-644 40 0.935897 10 0.933333 89 337 337 337 89 337 84 190 190 190 94 365 365 365
r-945 12 0.439394 38 0.761024 13919 1984 13919 13919 2338 14617 17674 2075 17674 17674 19095 6241 19095 19095
r-946 12 0.409091 11 0.527273 426 844 844 844 498 668 435 172 172 172 418 967 967 967
r-179 39 0.623482 22 0.640693 8610381 7012007 8610381 7012007 8929130 6902278 15029149 11784999 15029149 11784999 7713890 11807222 7713890 11807222
r-790 17 0.0220588 47 0.728955 107195 2009 2009 107195 8470 24813 185852 2318 2318 185852 120225 1263 1263 120225
r-119 49 0.422619 33 0.503788 -1 -1 -1 -1 -1 -1 -1 -1 -1 -1 -1 -1 -1 -1
r-682 20 0.631579 43 0.908084 11394 632813 11394 11394 485240 14703 14358 966160 14358 14358 384136 208871 384136 384136
r-530 28 0.0714286 22 0.251082 1208237 6905 6905 6905 1162760 11157 1438864 8097 8097 8097 4469402 73998 73998 73998
r-806 40 0.766667 13 0.653846 24818 4999 4999 4999 25288 5497 28499 5492 5492 5492 12433 14542 14542 14542
r-972 42 0.578397 50 0.578776 -1 -1 -1 -1 -1 -1 -1 -1 -1 -1 -1 -1 -1 -1
r-355 25 0.493333 22 0.164502 23644 317744 23644 317744 47939 220425 33561 579131 33561 579131 79338 147140 79338 147140
r-495 27 0.974359 18 0.320261 10373 453 453 453 10581 263 13367 669 669 669 10923 731 731 731
r-599 45 0.682828 22 0.571429 12497710 4248382 4248382 4248382 12879814 4560685 22600395 6861215 6861215 6861215 7856406 16016033 16016033 16016033
r-839 44 0.946089 32 0.0826613 2725 1255 1255 1255 2766 1061 3732 2557 2557 2557 5908 2089 2089 2089
r-163 25 0.336667 11 0.0727273 2603 11333 2603 11333 4261 11525 2073 10710 2073 10710 81501 50598 81501 50598
r-161 49 0.381803 13 0.448718 132251 68397 68397 68397 134724 70873 151619 76023 76023 76023 230072 47424 47424 47424
r-932 24 0.818841 14 0.373626 616 2793 2793 2793 634 1640 188 987 987 987 288 3810 3810 3810
r-400 32 0.800403 34 0.618538 62704016 3110891 3110891 62704016 4663334 47099856 113881491 4805637 4805637 113881491 43692493 32057164 32057164 43692493
r-96 35 0.183193 47 0.73543 785050 157124 157124 785050 496184 421942 834516 199197 199197 834516 2416423 3449062 3449062 2416423
r-991 16 0.683333 21 0.838095 641 7407 641 641 6198 759 748 11030 748 748 20348 8191 20348 20348
r-702 28 0.653439 49 0.105442 137121 82986 137121 137121 108847 65171 118601 58809 118601 118601 324714 606242 324714 324714
r-287 43 0.985604 44 0.112051 8998 293 293 8998 356 4320 25285 1795 1795 25285 10059 115 115 10059
r-618 38 0.3101 39 0.738192 1396456 1995450 1396456 1396456 2751262 1206098 1925633 2659623 1925633 1925633 14321359 7763381 14321359 14321359
r-286 20 0.394737 41 0.354878 2571942 6588358 2571942 2571942 6135825 2573152 3690042 11133152 3690042 3690042 4273930 2325902 4273930 4273930
r-305 37 0.714715 47 0.223867 3676959 946393 3676959 3676959 1196107 2136302 6535152 1466765 6535152 6535152 17956097 8688952 17956097 17956097
r-454 47 0.548566 25 0.243333 2924567 9792435 2924567 9792435 3786765 8176637 4175196 15571284 4175196 15571284 9512106 29144100 9512106 29144100
r-229 36 0.326984 29 0.0295567 364919 -1 364919 -1 92967090 16809736 436949 -1 436949 -1 31054526 -1 31054526 -1
r-449 26 0.538462 48 0.554965 -1 -1 -1 -1 -1 -1 -1 -1 -1 -1 -1 -1 -1 -1
r-756 31 0.322581 34 0.518717 16051753 8125009 8125009 16051753 11345343 14797675 27611173 11557305 11557305 27611173 19176987 26921518 26921518 19176987
r-206 38 0.523471 36 0.84127 2173134 60943653 2173134 60943653 3061292 43773731 3649678 118431171 3649678 118431171 6705612 11098331 6705612 11098331
r-332 21 0.0857143 31 0.249462 9585863 310573 310573 9585863 943821 5780846 11246308 403166 403166 11246308 10739832 16173278 16173278 10739832
r-128 41 0.459756 18 0.588235 991988 2262199 991988 2262199 1061679 2113910 1442487 3353174 1442487 3353174 2596669 4217486 2596669 4217486
r-203 46 0.974879 13 0.923077 59 237 237 237 59 237 92 237 237 237 112 463 463 463
r-857 28 0.55291 37 0.328829 6628811 4024871 6628811 6628811 4792602 5592485 11074428 6275025 11074428 11074428 11767641 16795670 11767641 11767641
r-396 31 0.784946 43 0.93134 443692 -1 443692 443692 -1 689102 114340 -1 114340 114340 14171435 -1 14171435 14171435
r-511 30 0.393103 12 0.636364 1051 26595 1051 26595 1035 23720 347 32470 347 32470 16632 40191 16632 40191
r-837 16 0.325 46 0.782609 60154 20114 60154 60154 24602 52002 81440 5675 81440 81440 196928 25232 196928 196928
r-634 28 0.298942 40 0.371795 -1 -1 -1 -1 -1 -1 -1 -1 -1 -1 80106303 -1 -1 80106303
r-303 45 0.436364 47 0.922294 257561 9763195 257561 257561 11749219 101349 185518 14184611 185518 185518 2345005 13276085 2345005 2345005
r-866 13 0.730769 35 0.137815 1231 438 1231 1231 544 1099 1649 518 1649 1649 3464 527 3464 3464
r-156 22 0.627706 40 0.764103 756985 5044734 756985 756985 4498156 1094657 1162315 8220823 1162315 1162315 5815559 2961640 5815559 5815559
r-70 20 0.394737 42 0.0429733 8248 2397030 8248 8248 2358048 13047 11994 2600588 11994 11994 1438520 1840085 1438520 1438520
r-192 34 0.532977 31 0.683871 11274652 83445281 11274652 83445281 17218298 64652958 19620389 -1 19620389 -1 65547856 55706845 65547856 55706845
r-880 31 0.533333 13 0.153846 4784 36544 4784 36544 7598 30655 6428 49154 6428 49154 52773 53408 52773 53408
r-89 12 0.121212 43 0.513843 67932 8164 8164 67932 9228 66166 62057 762 762 62057 55231 48844 48844 55231
r-284 15 0.552381 44 0.906977 1457 26893 1457 1457 22884 1677 1531 37233 1531 1531 28903 14903 28903 28903
r-714 38 0.762447 45 0.466667 -1 -1 -1 -1 -1 -1 -1 -1 -1 -1 -1 -1 -1 -1
r-638 44 0.0338266 49 0.372449 -1 3569288 3569288 -1 -1 16917945 -1 2796256 2796256 -1 -1 16151556 16151556 -1
r-648 12 0.121212 22 0.155844 78 64 64 78 62 80 67 62 62 67 198 143 143 198
r-91 30 0.942529 40 0.296154 100496 10337 10337 100496 25912 32757 163994 3317 3317 163994 148860 153330 153330 148860
r-388 29 0.317734 23 0.660079 106115 46311 46311 46311 117468 42303 85075 47824 47824 47824 769283 70174 70174 70174
r-700 40 0.921795 27 0.179487 6646 5173 5173 5173 7186 3680 5418 1941 1941 1941 7875 39443 39443 39443
r-997 29 0.568966 34 0.620321 27372136 60097920 27372136 27372136 58207198 27174508 -1 -1 -1 -1 69710426 50369617 69710426 69710426
r-873 18 0.614379 40 0.144872 12707 24479 12707 12707 25478 12439 16501 13120 16501 16501 35951 39842 35951 35951
r-542 15 0.171429 32 0.0141129 1804 -1 1804 1804 -1 1722 1762 -1 1762 1762 -1 -1 -1 -1
r-58 13 0.730769 43 0.974529 587 13454 587 587 12579 1027 775 14379 775 775 12230 4547 12230 12230
r-911 22 0.930736 26 0.692308 834566 9124 9124 834566 27859 156305 926800 2842 2842 926800 5597140 146770 146770 5597140
r-241 39 0.0431849 32 0.810484 14861 4751 4751 4751 16168 1349 13514 4126 4126 4126 9115 7542 7542 7542
r-292 39 0.385965 43 0.836102 1693819 2987505 1693819 1693819 3828232 1115080 2394751 3858906 2394751 2394751 12241607 6871307 12241607 12241607
r-787 14 0.769231 26 0.6 55891 14920 14920 55891 23488 52880 72946 19028 19028 72946 55606 55818 55818 55606
r-925 34 0.463458 32 0.802419 1198755 3264137 1198755 3264137 2549950 1968591 868280 4817685 868280 4817685 9807303 5552922 9807303 5552922
r-334 14 0.549451 45 0.0767677 4914 6818 4914 4914 7489 2755 2326 1791 2326 2326 5132 10932 5132 5132
r-526 32 0.356855 46 0.169082 24206492 -1 24206492 24206492 -1 31885340 37695831 -1 37695831 37695831 -1 -1 -1 -1
r-782 34 0.595365 38 0.411095 -1 -1 -1 -1 -1 -1 -1 -1 -1 -1 -1 -1 -1 -1
r-647 29 0.325123 44 0.483087 -1 -1 -1 -1 -1 -1 -1 -1 -1 -1 -1 -1 -1 -1
r-237 16 0.816667 23 0.620553 50821 13886 13886 50821 24285 39875 71228 17212 17212 71228 37061 63388 63388 37061
r-250 21 0.309524 31 0.449462 2799203 683298 683298 2799203 964132 2611846 4919305 1024857 1024857 4919305 3028819 3022285 3022285 3028819
r-253 30 0.942529 35 0.0235294 196 906 196 196 904 167 1113 1136 1113 1113 856 2148 856 856
r-781 30 0.349425 13 0.5 40057 4529 4529 4529 41641 4326 55644 4149 4149 4149 15558 17978 17978 17978
r-769 15 0.333333 36 0.860317 2845 5572 2845 2845 5930 4558 2128 4210 2128 2128 12976 1609 12976 12976
r-608 30 0.452874 46 0.857971 879196 756139 879196 879196 836065 746414 448761 931355 448761 448761 2477853 1599229 2477853 2477853
r-108 12 0.530303 14 0.659341 1441 2093 1441 1441 1794 1324 1939 2915 1939 1939 2205 801 2205 2205
r-145 28 0.010582 26 0.243077 -1 523646 523646 523646 -1 422890 -1 83342 83342 83342 -1 20335010 20335010 20335010
r-874 22 0.87013 26 0.335385 13252 5432 5432 13252 8873 7112 11086 6695 6695 11086 13882 14705 14705 13882
r-236 17 0.75 43 0.471761 775931 297422 297422 775931 349099 672312 1090024 434097 434097 1090024 1384958 866117 866117 1384958
r-927 14 0.571429 24 0.293478 8544 2199 8544 8544 2770 7009 12050 1049 12050 12050 20141 5428 20141 20141
r-311 16 0.658333 33 0.0132576 78 7088 78 78 7184 105 374 8981 374 374 377 2441 377 377
r-566 39 0.537112 46 0.300483 -1 -1 -1 -1 -1 -1 -1 -1 -1 -1 -1 -1 -1 -1
r-326 10 0.711111 13 0.0128205 51 268 51 51 282 48 99 436 99 99 54 396 54 54
r-650 34 0.755793 49 0.242347 2071630 960510 2071630 2071630 1167791 1676574 3296739 1440299 3296739 3296739 3601300 5577405 3601300 3601300
r-223 30 0.652874 13 0.179487 2650 5784 2650 5784 3033 4755 412 8674 412 8674 8974 20824 8974 20824
r-953 47 0.333025 46 0.517874 -1 -1 -1 -1 -1 -1 -1 -1 -1 -1 -1 -1 -1 -1
r-118 15 0.180952 43 0.264673 146083 135770 135770 146083 131364 146863 140658 114705 114705 140658 190528 75006 75006 190528
r-437 47 0.191489 23 0.667984 88265 119789 119789 119789 119871 126224 127695 177771 177771 177771 291550 922560 922560 922560
r-505 14 0.428571 39 0.519568 330951 93546 93546 330951 100244 322035 418019 81021 81021 418019 458156 263311 263311 458156
r-216 36 0.109524 19 0.842105 1031 3762 3762 3762 1177 2425 1504 2685 2685 2685 3065 10555 10555 10555
r-999 43 0.106312 50 0.706939 1331245 376280 376280 1331245 1027819 894682 904878 343411 343411 904878 1072812 1677124 1677124 1072812
r-750 10 0.155556 30 0.229885 357 82 82 357 366 328 240 93 93 240 90 51 51 90
r-727 21 0.961905 46 0.661836 -1 570725 570725 -1 -1 154802081 -1 404381 404381 -1 -1 -1 -1 -1
r-939 33 0.352273 14 0.637363 2673 40052 40052 40052 3238 33156 2740 50562 50562 50562 16388 87182 87182 87182
r-696 34 0.172906 33 0.632576 460218 323772 323772 323772 620453 183346 704037 350021 350021 350021 756166 542380 542380 542380
r-27 13 0.923077 22 0.294372 2552 547 547 2552 777 923 4417 516 516 4417 4238 388 388 4238
r-588 17 0.661765 35 0.240336 23585 7574 23585 23585 10680 27548 35240 9369 35240 35240 109564 52763 109564 109564
r-171 16 0.358333 40 0.116667 9734 40022 9734 9734 34081 16481 13237 54558 13237 13237 28696 111714 28696 28696
r-988 22 0.450216 44 0.424947 30111329 16228146 30111329 30111329 16236963 29455688 53385382 30830906 53385382 53385382 30342454 22753939 30342454 30342454
r-183 18 0.385621 10 0.955556 192 2572 192 2572 347 1314 64 3844 64 3844 1551 3842 1551 3842
r-621 46 0.817391 17 0.455882 10503 72229 72229 72229 12181 77915 10107 105530 105530 105530 124505 349317 349317 349317
r-68 30 0.97931 30 0.625287 -1 12420 12420 -1 -1 11195 -1 18790 18790 -1 -1 274270 274270 -1
r-639 29 0.105911 31 0.582796 194056 16983 16983 194056 36777 56476 201227 18503 18503 201227 303684 198170 198170 303684
r-187 10 0.488889 45 0.664646 6242 1588 6242 6242 1593 6166 5191 1279 5191 5191 4139 4004 4139 4139
r-828 13 0.0769231 37 0.818318 4732 558 558 4732 832 2144 8698 423 423 8698 5750 1326 1326 5750
r-646 23 0.237154 49 0.966837 1369 19137 1369 1369 19636 1041 2200 23636 2200 2200 3287 18202 3287 3287
r-107 28 0.915344 25 0.773333 2788112 23244 23244 23244 2518026 33699 3477947 29432 29432 29432 4482142 93065 93065 93065
r-47 21 0.933333 46 0.156522 11670 384 384 11670 590 6335 25750 610 610 25750 14616 13169 13169 14616
r-551 28 0.164021 37 0.983483 304 6760 304 304 7048 185 875 8013 875 875 3061 6769 3061 3061
r-433 28 0.798942 49 0.135204 66757 18210 66757 66757 30368 53308 94484 26499 94484 94484 441682 23590 441682 441682
r-579 25 0.556667 29 0.699507 873328 5874515 873328 873328 4840497 921407 1418819 11000294 1418819 1418819 3273774 2958639 3273774 3273774
r-955 10 0.133333 30 0.485057 6965 1818 1818 6965 1975 6841 6826 1602 1602 6826 6356 8142 8142 6356
r-291 22 0.311688 30 0.650575 177522 54414 54414 177522 67600 144875 271708 64643 64643 271708 852543 163179 163179 852543
r-3 10 0.755556 33 0.742424 117 2865 2865 117 156 118 95 2561 2561 95 81 72 72 81
r-660 29 0.0492611 47 0.39963 -1 539533 539533 -1 -1 38060478 -1 871464 871464 -1 -1 24018910 24018910 -1
r-823 25 0.996667 15 0.914286 -1 471 471 471 -1 465 -1 264 264 264 -1 158776771 158776771 158776771
r-8 11 0.581818 32 0.145161 1301 258 1301 1301 236 2202 456 130 456 456 1199 1627 1199 1199
r-191 45 0.709091 41 0.589024 -1 -1 -1 -1 -1 -1 -1 -1 -1 -1 -1 -1 -1 -1
r-38 29 0.96798 27 0.418803 88821 840 840 840 92642 389 126583 600 600 600 151777 31876 31876 31876
r-368 47 0.0342276 47 0.277521 -1 -1 -1 -1 -1 -1 -1 -1 -1 -1 -1 -1 -1 -1
r-32 32 0.0927419 24 0.195652 5676414 115526 115526 115526 5799227 146870 6656115 82849 82849 82849 6323626 238603 238603 238603
r-612 22 0.38961 49 0.644558 7626828 1824860 7626828 7626828 2056275 6707369 12596775 2333500 12596775 12596775 21333394 7664957 21333394 21333394
r-153 47 0.269195 29 0.625616 1984595 9375557 9375557 9375557 2279651 8063450 2979275 16130982 16130982 16130982 12830577 24543155 24543155 24543155
r-178 24 0.561594 28 0.664021 1319168 3285580 1319168 1319168 2864525 1601199 2226843 6347949 2226843 2226843 2714305 1259963 2714305 2714305
r-52 42 0.615563 25 0.0866667 25251 560408 25251 560408 31423 68806 16556 865405 16556 865405 276699 579662 276699 579662
r-29 42 0.997677 33 0.965909 -1 -1 -1 -1 -1 -1 -1 -1 -1 -1 -1 -1 -1 -1
r-871 31 0.436559 45 0.0434343 127868 4663188 127868 127868 4434160 158855 195598 6782569 195598 195598 3184178 13411960 3184178 3184178
r-663 13 0.525641 23 0.462451 14679 5881 14679 14679 7249 13657 19029 7016 19029 19029 19247 11724 19247 19247
r-7 36 0.273016 11 0.854545 1031 7989 1031 7989 1174 5880 287 12307 287 12307 3288 8141 3288 8141
r-361 43 0.404208 46 0.827053 11894781 -1 11894781 11894781 -1 8160356 -1 -1 -1 -1 25291164 -1 25291164 25291164
r-743 19 0.526316 11 0.309091 275 4386 275 4386 265 4286 44 5491 44 5491 2960 2882 2960 2882
r-775 10 0.0666667 29 0.1133 99 47 47 99 47 99 99 66 66 99 138 49 49 138
r-567 31 0.0215054 46 0.913043 3955 244 244 3955 246 1560 7832 848 848 7832 3375 2905 2905 3375
r-563 30 0.6 10 0.422222 1147 4341 4341 4341 1201 4286 1331 4363 4363 4363 2540 5677 5677 5677
r-349 39 0.481781 43 0.370986 -1 -1 -1 -1 -1 -1 -1 -1 -1 -1 -1 -1 -1 -1
r-949 18 0.54902 25 0.386667 179858 54624 179858 179858 63872 154889 275174 76506 275174 275174 225120 108515 225120 225120
r-616 23 0.940711 19 0.918129 9081285 20092 20092 20092 8628200 19992 7546020 21116 21116 21116 22192493 963292 963292 963292
r-125 28 0.936508 27 0.703704 3693550 69091 69091 69091 3596101 75460 4946114 89927 89927 89927 5598342 1900476 1900476 1900476
r-524 31 0.830108 45 0.113131 16494 11090 16494 16494 16225 13205 19807 15971 19807 19807 259691 114486 259691 259691
r-360 11 0.181818 12 0.666667 191 88 88 191 52 206 265 73 73 265 602 294 294 602
r-481 25 0.7 37 0.963964 24188 18977873 24188 24188 18735842 18885 22194 21651654 22194 22194 322782 39956247 322782 322782
r-770 35 0.253782 16 0.541667 22421 54354 54354 54354 24516 49154 29002 76071 76071 76071 136936 127804 127804 127804
r-129 36 0.668254 18 0.359477 15025 104490 104490 104490 16698 103509 14858 146571 146571 146571 440391 359788 359788 359788
r-143 39 0.155196 19 0.321637 754475 62827 62827 62827 757654 97709 1084707 79922 79922 79922 428146 157337 157337 157337
r-936 49 0.763605 47 0.692877 -1 -1 -1 -1 -1 -1 -1 -1 -1 -1 -1 -1 -1 -1
r-975 25 0.993333 34 0.868093 -1 -1 -1 -1 -1 -1 -1 -1 -1 -1 -1 -1 -1 -1
r-95 20 0.173684 26 0.596923 47251 3482 3482 47251 7475 15349 43259 617 617 43259 64872 23169 23169 64872
r-419 14 0.835165 19 0.602339 16005 1038 1038 16005 734 13885 23733 401 401 23733 5597 6562 6562 5597
r-456 26 0 13 0.5 418398 78 78 78 419176 78 459701 270 270 270 418393 1428 1428 1428
