instance n1 density1 n2 density2 mcsplit mcsplit-swapped mcsplit-smart-swapped mcsplit+f mcsplit+bigf mcsplit-b mcsplit-b-swapped mcsplit-b-smart-swapped mcsplit-nosort mcsplit-nosort-swapped mcsplit-nosort-smart-swapped
r-494 24 0.82971 24 0.952899 55762 68082207 55762 39924207 10266752 61153 72777323 61153 1046178 61129527 1046178
r-635 24 0.297101 24 0.855072 73827 113226 73827 124152 91986 112463 183276 112463 71590 146975 71590
r-189 24 0.956522 24 0.0543478 6606 1491 1491 5793 1025 12451 6006 6006 5257 1646 1646
r-622 24 0.608696 24 0.572464 1583207 1355159 1355159 1612905 1246273 2903807 2384015 2384015 1508759 1377950 1377950
r-473 24 0.967391 24 0.710145 11077913 11251 11251 5686074 10956 12975606 14601 14601 11281271 698744 698744
r-45 24 0.90942 24 0.34058 56244 18696 18696 51950 9168 98027 31619 31619 43529 23360 23360
r-22 24 0.568841 24 0.289855 513358 608464 513358 786485 533410 787006 930429 787006 825657 765553 825657
r-6 24 0.0942029 24 0.82971 20217 16646 16646 21910 9403 30207 25916 25916 17582 25381 25381
r-959 24 0.427536 24 0.0398551 16057 2531498 16057 1784681 246847 22342 3492794 22342 128042 2655789 128042
r-424 24 0.434783 24 0.449275 3173850 2681244 2681244 3211260 2436871 5747214 4850317 4850317 3142995 2473709 2473709
r-647 24 0.561594 24 0.884058 72409 280114 72409 310346 138711 111592 446598 111592 99417 384195 99417
r-70 24 0.438406 24 0.985507 7153 543056 7153 512137 58788 9964 1025329 9964 31284 604602 31284
r-896 24 0.17029 24 0.057971 48990 10850907 48990 4158980 2994863 60727 12020063 60727 3007925 14610706 3007925
r-307 24 0.0615942 24 0.51087 445928 16110 16110 317390 13318 616753 24757 24757 426108 52764 52764
r-97 24 0.807971 24 0.105072 14765 12531 14765 16898 8409 15230 22230 15230 15162 17075 15162
r-659 24 0.344203 24 0.224638 410698 802984 410698 1085027 652756 593894 1341622 593894 610026 635954 610026
r-825 24 0.768116 24 0.434783 246895 213747 213747 274313 144311 367376 319257 319257 517937 252819 252819
r-523 24 0.376812 24 0.141304 104444 312188 104444 365274 228382 149316 510617 149316 85423 538552 85423
r-948 24 0.192029 24 0.612319 114152 145405 145405 134436 94015 168263 222056 222056 162012 108964 108964
r-770 24 0.380435 24 0.67029 462878 449714 462878 539730 361665 745243 694672 745243 470231 599188 470231
r-82 24 0.148551 24 0.336957 275926 64172 64172 174415 95431 420394 87816 87816 347888 192000 192000
r-302 24 0.521739 24 0.858696 67017 224930 67017 257965 146546 103701 376368 103701 151195 259081 151195
r-961 24 0.148551 24 0.869565 21593 18246 21593 24738 13069 34892 27477 34892 23963 16501 23963
r-957 24 0.0688406 24 0.460145 309791 26354 26354 221118 26711 452272 40637 40637 340848 47159 47159
r-654 24 0.286232 24 0.326087 1106862 973179 973179 1114259 897486 1764175 1521649 1521649 712621 737536 737536
r-863 24 0.913043 24 1 -1 -1 -1 -1 -1 -1 -1 -1 -1 -1 -1
r-343 24 0.605072 24 0.887681 50168 330123 50168 330743 150594 71474 496304 71474 104418 321307 104418
r-493 24 0.0797101 24 0.173913 4745826 261121 261121 3062621 301763 5385984 319852 319852 15444222 447866 447866
r-971 24 0.572464 24 0.0144928 19323 487787 19323 348014 92864 33248 775964 33248 19266 186639 19266
r-326 24 0.0144928 24 0.297101 144044989 114247 114247 112334987 111218 174062346 147959 147959 154146254 2277896 2277896
r-879 24 0.380435 24 0.057971 27215 1053965 27215 544538 222616 41870 1453400 41870 38493 1083644 38493
r-548 24 0.913043 24 0.597826 402384 36660 36660 245002 39677 572773 52469 52469 464182 59140 59140
r-120 24 0.474638 24 0.931159 18114 267382 18114 174005 65450 28291 374365 28291 32344 277243 32344
r-736 24 0.804348 24 0.0471014 9116 17943 9116 18288 13214 17855 34415 17855 9050 19980 9050
r-246 24 0.00362319 24 0.326087 -1 15858836 15858836 -1 15852260 -1 16115481 16115481 -1 -1 -1
r-644 24 0.0144928 24 0.0942029 -1 110966 110966 -1 110592 -1 118507 118507 -1 -1 -1
r-168 24 0.387681 24 0.076087 66665 786352 66665 725672 161280 78460 1087890 78460 149229 789056 149229
r-511 24 0.717391 24 0.181159 58603 49490 58603 66136 29678 84685 76993 84685 65041 109017 65041
r-300 24 0.148551 24 0.496377 284531 159245 159245 241529 199374 510661 257976 257976 392263 166706 166706
r-990 24 0.688406 24 0.5 695953 1460415 1460415 889527 1216045 1060574 2410901 2410901 1105246 744526 744526
r-974 24 0.594203 24 0.373188 450201 595721 450201 649921 514782 702234 942784 702234 572170 814999 572170
r-33 24 0.826087 24 0.463768 162439 75173 75173 208161 43701 243032 113249 113249 172494 78049 78049
r-510 24 0.166667 24 0.996377 7514 15676 7514 14078 7824 13233 37341 13233 10992 15910 10992
r-514 24 0.355072 24 0.865942 39161 54077 39161 65757 45423 66558 88627 66558 85228 94178 85228
r-367 24 0.757246 24 0 11488 82176 11488 82598 18335 18989 184769 18989 21857 82176 21857
r-226 24 0.210145 24 0.206522 366303 564339 366303 669504 414340 503137 774176 503137 324595 602060 324595
r-774 24 0.887681 24 0.789855 591297 42724 42724 325784 54213 737916 55019 55019 1066927 2166223 2166223
r-724 24 0.735507 24 0.626812 1905845 1021304 1021304 1569736 1110806 3282193 1584113 1584113 1191051 1351626 1351626
r-842 24 0.572464 24 0.597826 3393842 3589411 3393842 4124685 3126719 5917787 6467812 5917787 3707445 3442235 3707445
r-69 24 0.00362319 24 0.434783 76467761 686105 686105 66123840 685325 117098234 1011466 1011466 84411521 171469 171469
r-651 24 0.126812 24 0.568841 218382 125546 125546 248437 67286 323993 200368 200368 325610 235480 235480
r-803 24 0.963768 24 0.923913 -1 1062310 1062310 -1 1061019 -1 1080911 1080911 -1 -1 -1
r-584 24 0.333333 24 0.742754 178352 183085 178352 193873 137988 274310 265407 274310 279341 284764 279341
r-626 24 0.0181159 24 0.467391 8719554 57052 57052 7902499 53961 11219102 80058 80058 8814380 850294 850294
r-748 24 0.782609 24 0 10360 260396 10360 286489 16045 16810 353426 16810 6812 260396 6812
r-383 24 0.757246 24 0.862319 115272 187334 115272 276161 152845 144894 260251 144894 137263 319931 137263
r-252 24 0.735507 24 0.0797101 15756 50438 15756 36531 30593 23938 92823 23938 22569 49244 22569
r-983 24 0.434783 24 0.514493 2211022 2157706 2157706 2333554 1966189 3818502 3679390 3679390 2638450 2385941 2385941
r-28 24 0.362319 24 0.221014 930712 1398898 930712 1578841 1059889 1429225 2361179 1429225 543099 1181557 543099
r-859 24 0.416667 24 0.17029 268339 673733 268339 558508 559812 417895 1142064 417895 505956 570927 505956
r-403 24 0.521739 24 0.623188 1974853 2839452 1974853 2759620 2283777 3320003 5336552 3320003 2462381 2431232 2462381
r-711 24 0.398551 24 0.344203 1322405 1705581 1322405 1846268 1510570 2275528 3025185 2275528 1345164 1478081 1345164
r-475 24 0.746377 24 0.721014 682980 550913 550913 1009771 494592 1055580 835612 835612 990075 590103 590103
r-942 24 0.307971 24 0.452899 2061742 1362111 1362111 1751718 1507295 3677925 2175853 2175853 2086463 1458295 1458295
r-108 24 0.648551 24 0.503623 2044639 1283078 1283078 1718780 1297861 3877904 2155893 2155893 2054784 1424898 1424898
r-282 24 0.847826 24 0.181159 55573 60571 60571 71809 36631 84729 91510 91510 85636 54047 54047
r-911 24 0.721014 24 0.336957 303731 280625 280625 454936 196578 459939 434366 434366 281065 269286 269286
r-853 24 0.543478 24 0.855072 102470 413026 102470 361530 282598 147532 676701 147532 116708 528469 116708
r-692 24 0.807971 24 0.655797 1151431 401114 401114 895414 521150 1756898 572501 572501 1329591 486297 486297
r-844 24 0.666667 24 0.518116 1836642 1088423 1088423 1481125 1134360 3412766 1810009 1810009 1414632 1065402 1065402
r-562 24 0.423913 24 0.873188 23476 166448 23476 139922 75639 33853 240793 33853 37184 84182 37184
r-733 24 0.0434783 24 0.98913 704 2655 704 2664 1615 5725 9603 5725 2801 2865 2801
r-105 24 0.17029 24 0.923913 19007 27991 19007 27049 17472 21169 47223 21169 17395 32851 17395
r-257 24 0.84058 24 0.681159 459766 250736 250736 329448 394067 702064 341392 341392 514238 1038155 1038155
r-747 24 0.913043 24 0.0362319 1028 4871 1028 2949 3253 4947 11701 4947 1615 3763 1615
r-467 24 0.434783 24 0.224638 542584 1213321 542584 1271768 970639 850688 2105340 850688 629378 1432736 629378
r-870 24 0.416667 24 0.942029 15256 199103 15256 149055 60429 22353 295438 22353 38692 211055 38692
r-260 24 0.807971 24 0.981884 1473557 -1 1473557 -1 -1 1600446 -1 1600446 14927747 -1 14927747
r-757 24 0.166667 24 0.858696 30717 42515 30717 38199 23839 45928 65678 45928 42833 36337 42833
r-564 24 0.746377 24 0.938406 257222 8595333 257222 5106109 1663823 320616 10498936 320616 2552861 8651724 2552861
r-199 24 0.728261 24 0.0144928 4965 32160 4965 29204 18652 9646 81642 9646 11229 36656 11229
r-247 24 0.539855 24 0.800725 203470 357309 203470 484836 277589 336930 645452 336930 212208 271651 212208
r-646 24 0.855072 24 0.82971 149496 112276 112276 170104 103187 192990 145027 145027 159468 184391 184391
r-136 24 0.865942 24 0.82971 282486 91478 91478 238624 93269 341329 111855 111855 1279351 616415 616415
r-56 24 0.492754 24 0.873188 54918 288821 54918 209202 139301 83356 421807 83356 60597 259702 60597
r-778 24 0.822464 24 0.952899 33947 84226377 33947 41391170 14776158 40252 88474983 40252 84265 82295820 84265
r-583 24 0.597826 24 0.985507 72694 48763005 72694 55081051 1564248 92334 57395859 92334 1523289 49701554 1523289
r-361 24 0.0905797 24 0.804348 24451 11936 11936 17272 6268 40632 19226 19226 38501 16115 16115
r-962 24 0.336957 24 0.688406 369865 430176 369865 507767 324044 569718 684717 569718 312514 514747 312514
r-102 24 0.00724638 24 0.181159 -1 7903371 7903371 -1 7894677 -1 8362946 8362946 -1 -1 -1
r-875 24 0.764493 24 0.264493 122712 138441 138441 170195 79567 178992 213303 213303 155361 79792 79792
r-27 24 0.952899 24 0.307971 32137 4366 4366 16860 2506 60447 8725 8725 33391 12475 12475
r-591 24 0.467391 24 0.532609 2024488 2026876 2024488 2327947 1846387 3534367 3549064 3534367 2414378 2458652 2414378
r-235 24 0.931159 24 0.0507246 2930 3837 2930 4138 2564 6727 10176 6727 2316 4499 2316
r-274 24 0.594203 24 0.945652 40760 1913404 40760 1542659 248021 57298 2706985 57298 107920 2197556 107920
r-998 24 0.474638 24 0.115942 67443 187571 67443 329593 84886 97705 324883 97705 158233 282415 158233
r-552 24 0.956522 24 0.00362319 550 2181 550 2013 1041 5521 6952 5521 557 2409 557
r-277 24 0.634058 24 0.550725 2746996 2204786 2204786 2674119 2093424 4904614 3735392 3735392 2194671 2172496 2172496
r-992 24 0.32971 24 0.938406 16037 73565 16037 64655 35865 25394 90558 25394 12801 44270 12801
r-265 24 0.884058 24 0.101449 14915 14866 14915 19507 10280 25089 25695 25089 18024 16302 18024
r-700 24 0.228261 24 0.257246 568921 375336 375336 574037 336828 801171 502832 502832 683270 460508 460508
r-568 24 0.768116 24 0.322464 108281 136569 136569 112070 81422 165565 208631 208631 117766 152694 152694
r-611 24 0.865942 24 0.398551 61870 27791 27791 49745 17099 96333 41208 41208 101868 27060 27060
r-311 24 0.431159 24 0.141304 99256 213450 99256 236603 162843 147103 376228 147103 60283 238809 60283
r-87 24 0.231884 24 0.927536 7734 23990 7734 18655 15410 13207 48522 13207 14744 29837 14744
r-627 24 0.42029 24 0.594203 968716 1570049 968716 1063078 1321767 1618954 2602779 1618954 1166609 1128987 1166609
r-13 24 0.971014 24 0.557971 1257546 24416 24416 822360 21840 1872574 37585 37585 1354387 225609 225609
r-292 24 0.626812 24 0.282609 511761 383941 511761 683563 332513 834827 573859 834827 567226 993887 567226
r-487 24 0.322464 24 0.416667 1028787 1006788 1006788 901812 983635 1777085 1631841 1631841 981509 858609 858609
r-176 24 0.271739 24 0.322464 1137648 622409 622409 1043387 638441 1843828 1009224 1009224 819867 695729 695729
r-433 24 0.887681 24 0.641304 984108 123145 123145 561082 187477 1408144 173704 173704 895276 176600 176600
r-10 24 0.0507246 24 0.623188 81711 11053 11053 49770 8072 146941 19431 19431 113591 34429 34429
r-865 24 0.67029 24 0.597826 2100251 1244675 1244675 2081967 1240693 3780628 2128914 2128914 1640589 1371821 1371821
r-58 24 0.282609 24 0.0797101 129507 5551253 129507 3359051 1511242 163292 6843658 163292 158788 6126898 158788
r-518 24 0.402174 24 0.416667 2725880 2738513 2738513 3011873 2246875 4928887 4773481 4773481 2340582 2889251 2889251
r-165 24 0.333333 24 0.228261 409453 911942 409453 841497 770994 616386 1445020 616386 1367868 1138921 1367868
r-94 24 0.876812 24 0.231884 22021 19255 19255 23725 10606 41156 20933 20933 24162 10241 10241
r-963 24 0.528986 24 0.326087 531368 726519 531368 767626 600736 832237 1111268 832237 767947 825360 767947
r-652 24 0.641304 24 0.98913 101618 120865541 101618 131177099 1722964 142641 132792707 142641 737067 122817718 737067
r-597 24 0.822464 24 0.0289855 3622 12805 3622 9486 5069 8285 22651 8285 3526 15902 3526
r-867 24 0.0507246 24 0.278986 5614430 9272 9272 4145469 9447 6444138 12173 12173 5502365 49607 49607
r-930 24 0.221014 24 0.449275 680665 287341 287341 531913 331043 1134766 425487 425487 521476 260622 260622
r-256 24 0.822464 24 0.474638 170796 87310 87310 176382 60114 254133 125430 125430 204949 160623 160623
r-384 24 0.00724638 24 0.141304 -1 275279345 275279345 -1 275267969 -1 276306654 276306654 -1 -1 -1
r-918 24 0.0905797 24 0.717391 62940 12159 12159 53685 5788 97001 18305 18305 29599 10447 10447
r-512 24 0.710145 24 0.413043 369243 276743 276743 405531 225357 551461 418455 418455 580340 413452 413452
r-323 24 0.757246 24 0.402174 330572 148720 148720 351248 101142 494457 217686 217686 569246 224743 224743
r-474 24 0.554348 24 0.173913 133731 132384 133731 181692 88453 173877 203811 173877 73739 181098 73739
r-333 24 0.0398551 24 0.934783 4834 1814 1814 4665 1093 11382 6314 6314 4890 2230 2230
r-704 24 0.681159 24 0.365942 336410 442523 442523 566033 316870 507680 685579 685579 771661 381557 381557
r-373 24 0.384058 24 0.503623 1596307 1600069 1600069 1932945 1373124 2606153 2703551 2703551 1732257 1472142 1472142
r-719 24 0.572464 24 0.565217 3083815 2889868 2889868 2958183 2569225 5566003 5142868 5142868 2939662 2876873 2876873
r-589 24 0.224638 24 0.380435 866674 815630 815630 779421 818240 1461208 1244363 1244363 1189315 421842 421842
r-925 24 0.630435 24 0.945652 39129 3657567 39129 2825885 498210 55402 5516226 55402 784567 3976546 784567
r-121 24 0.0652174 24 0.786232 21064 17649 17649 30356 10646 41177 28040 28040 26818 17161 17161
r-878 24 0.550725 24 0.25 255682 148547 255682 239136 113754 399889 223015 399889 180962 250437 180962
r-901 24 0.710145 24 0.0507246 8881 93429 8881 70827 28255 15094 154992 15094 11085 94897 11085
r-554 24 0.268116 24 0.242754 1337014 1992089 1337014 1913206 1695980 1947191 2973008 1947191 1471929 1677808 1471929
r-669 24 0.913043 24 0.931159 36441 328681 36441 102597 244245 37295 338291 37295 105573 119355 105573
r-595 24 0.188406 24 0.398551 319271 129794 129794 274049 152081 562689 207458 207458 366379 152438 152438
r-641 24 0.0289855 24 0.630435 197181 5319 5319 151878 4285 291934 10230 10230 174677 14063 14063
r-862 24 0.713768 24 0.355072 130317 355480 355480 163325 267233 194724 535953 535953 259779 184248 184248
r-188 24 0.797101 24 0.619565 207125 69554 69554 141248 74809 350056 103736 103736 597959 262599 262599
r-740 24 0.717391 24 0.358696 190938 307409 307409 266454 232035 279813 475149 475149 386780 254875 254875
r-945 24 0.844203 24 0.92029 7834 229234 7834 91301 195151 9435 251902 9435 19022 679515 19022
r-285 24 0.742754 24 0.0289855 7340 47759 7340 47405 25421 13516 92381 13516 12607 34417 12607
r-411 24 0.98913 24 0.387681 236454 33798 33798 204326 31929 406616 41319 41319 246146 63598 63598
r-478 24 0.15942 24 0.0652174 71916 3602910 71916 979277 1410060 76888 3798964 76888 695743 5034309 695743
r-354 24 0.141304 24 0.181159 180301 129069 129069 152396 150730 230821 170808 170808 422150 482091 482091
r-355 24 0.0217391 24 0.115942 -1 249464 249464 -1 249300 -1 276061 276061 -1 -1 -1
r-947 24 0.713768 24 0.0471014 7483 48442 7483 50005 20154 13679 96572 13679 9735 59031 9735
r-880 24 0.952899 24 0.384058 203087 8936 8936 85329 5073 324983 14173 14173 75407 17164 17164
r-324 24 0.224638 24 0.0942029 106559 252283 106559 472072 150657 148821 318731 148821 21262 424738 21262
r-618 24 0.637681 24 0.235507 318197 379528 318197 486088 312194 488022 576472 488022 371782 644892 371782
r-275 24 0.735507 24 0.347826 202761 182270 182270 236949 123686 306487 276705 276705 240404 227186 227186
r-917 24 0.0434783 24 0.188406 222126448 149366 149366 131562918 144684 239851953 172085 172085 166311913 172072 172072
r-125 24 0.615942 24 0.695652 995167 1483719 995167 1561518 1171353 1654459 2601587 1654459 971845 1514413 971845
r-211 24 0.333333 24 0.0398551 98129 4546356 98129 4159769 367338 127401 5774501 127401 111219 4564980 111219
r-369 24 0.905797 24 0.293478 32279 19331 19331 38594 8484 59942 30896 30896 66080 25266 25266
r-49 24 0.00362319 24 0.597826 432651 351839 351839 261790 351515 641383 396819 396819 432651 22138 22138
r-980 24 0.800725 24 0.0797101 17235 18616 17235 27534 14299 29964 30626 29964 24530 30725 24530
r-280 24 0.518116 24 0.0434783 21518 1005103 21518 854714 180469 30671 1379071 30671 124368 999738 124368
r-118 24 0.793478 24 0.887681 142553 825867 142553 579784 689750 178031 1015025 178031 117977 615473 117977
r-728 24 0.365942 24 0.297101 1320377 1772386 1320377 2020553 1437224 2086518 3001931 2086518 1965199 1557938 1965199
r-640 24 0.963768 24 0.173913 17520 3554 3554 12013 1738 32873 7843 7843 19835 4177 4177
r-913 24 0.0652174 24 0.271739 2392341 56355 56355 1045052 61297 3059487 78172 78172 2309532 102550 102550
r-191 24 0.619565 24 0.0398551 15629 91881 15629 87880 34805 20839 173131 20839 21025 103396 21025
r-689 24 0.971014 24 0.155797 9757 1560 1560 5396 1045 18129 5634 5634 10591 2223 2223
r-203 24 0.362319 24 0.623188 648190 643816 643816 779062 504085 1025812 981915 981915 886402 988306 988306
r-775 24 0.278986 24 0.992754 5985 94330 5985 77430 17504 10288 150841 10288 6383 98113 6383
r-378 24 0.434783 24 0.221014 417944 920462 417944 975024 743733 641702 1538461 641702 521546 804111 521546
r-184 24 0.902174 24 0.416667 292002 19932 19932 115487 9982 418545 30264 30264 206013 14715 14715
r-758 24 0.797101 24 0.311594 91320 127139 127139 140746 77215 132133 199717 199717 131252 105025 105025
r-664 24 0.108696 24 0.474638 257967 51320 51320 185963 57029 401329 80819 80819 312626 99535 99535
r-995 24 0.811594 24 0.0797101 18476 17940 18476 18455 10724 16011 22582 16011 8479 21695 8479
r-817 24 0.221014 24 1 13772 150651 13772 159111 36590 23250 248377 23250 24141 150651 24141
r-223 24 0.902174 24 0.851449 1688135 630717 630717 1238494 636203 1902351 720205 720205 1556961 610896 610896
r-88 24 0.492754 24 0.119565 42156 83729 42156 157002 50912 66277 146934 66277 124502 95926 124502
r-57 24 0.163043 24 0.699275 114582 120703 120703 135820 93767 178792 185551 185551 169201 89670 89670
r-278 24 0.0833333 24 0.199275 16479383 435893 435893 7998120 452189 18247516 562818 562818 16665976 1431492 1431492
r-213 24 0.445652 24 0.297101 1191412 2342016 1191412 2236537 1790527 1956793 4270783 1956793 1292561 1646560 1292561
r-143 24 0.0724638 24 0.525362 256692 16081 16081 158123 12244 380541 17008 17008 79299 12029 12029
r-931 24 0.847826 24 0.137681 10510 13239 10510 12889 8861 17013 22287 17013 10124 14166 10124
r-981 24 0.583333 24 0.188406 193087 218431 193087 326745 184273 304228 318533 304228 198327 200684 198327
r-16 24 0.286232 24 0.105072 94462 887283 94462 671167 398683 128062 1161779 128062 60036 927541 60036
r-319 24 0.115942 24 0.637681 160608 55845 55845 150558 32009 247125 89214 89214 75299 60630 60630
r-50 24 0.485507 24 0.344203 1513092 2296138 1513092 2497347 1648869 2449434 4158282 2449434 1381765 1707561 1381765
r-422 24 0.271739 24 0.275362 1653523 1530636 1530636 1947332 1427937 2562192 2375597 2375597 1710289 1287641 1287641
r-721 24 0.971014 24 0.210145 21561 4429 4429 17987 3128 42615 7226 7226 17194 5528 5528
r-816 24 0.0144928 24 0.221014 -1 106528 106528 -1 104474 -1 155431 155431 -1 2979641 2979641
r-586 24 0.978261 24 0.0326087 2469 535 535 2144 514 7261 4809 4809 1970 1112 1112
r-616 24 0.992754 24 0.98913 1 1 1 1 1 2 2 2 -1 1 1
r-243 24 0.934783 24 0.188406 20870 11519 11519 24044 5469 41573 17769 17769 25463 16849 16849
r-132 24 0.0362319 24 0.82971 30702 3416 3416 15556 1702 45457 6944 6944 13075 3251 3251
r-173 24 0.731884 24 0.84058 151626 493789 151626 421772 399629 211059 708391 211059 200850 1019032 200850
r-845 24 0.391304 24 0.967391 7412 277689 7412 305580 26652 12799 357350 12799 9963 321315 9963
r-513 24 0.753623 24 0.648551 2418812 1306399 1306399 1945819 1469076 4011252 2019773 2019773 1928731 1412605 1412605
r-827 24 0.0362319 24 0.5 462191 19454 19454 256346 18421 652592 30680 30680 467936 25277 25277
r-819 24 0.492754 24 0.503623 2928691 2998359 2998359 3439941 2697924 5269622 5561501 5561501 3127971 2792493 2792493
r-177 24 0.137681 24 0.731884 74974 53699 53699 74454 26798 119798 85290 85290 66553 55559 55559
r-874 24 0.797101 24 0.518116 892285 412833 412833 676304 531325 1515876 605808 605808 703364 466999 466999
r-991 24 0.688406 24 0.134058 44154 40319 44154 54570 35548 67904 67113 67904 77138 84850 77138
r-585 24 0.568841 24 0.992754 1600494 17911557 1600494 22832578 1650621 1739993 23620420 1739993 812869 21802189 812869
r-101 24 0.0869565 24 0.826087 15593 11309 11309 15594 7036 26605 18414 18414 19218 11094 11094
r-580 24 0.811594 24 0.15942 30819 28128 30819 28940 16973 47935 42978 47935 43932 31311 43932
r-779 24 0.978261 24 0.561594 1236859 265263 265263 818074 263857 1777213 278467 278467 1328695 141549 141549
r-42 24 0.206522 24 0.507246 340330 222440 222440 364385 157182 510130 337131 337131 592517 247142 247142
r-732 24 0.641304 24 0.485507 1379265 1486765 1486765 1721677 1248349 2245771 2549028 2549028 1418650 1281901 1281901
r-988 24 0.847826 24 0.336957 52884 39141 39141 55673 14645 84030 60196 60196 83119 42840 42840
r-538 24 0.0507246 24 0.195652 32486597 112540 112540 19090257 86649 35266443 128097 128097 25601569 300376 300376
r-715 24 0.152174 24 0.916667 4340 13059 4340 7870 7615 8052 24378 8052 5584 12995 5584
r-760 24 0.532609 24 0.771739 718497 860530 718497 1267679 675093 1137024 1577810 1137024 816917 928313 816917
r-634 24 0.492754 24 0.583333 1800853 2018490 1800853 2329337 1709837 3031400 3462480 3031400 1815680 1703762 1815680
r-906 24 0.905797 24 0.289855 42943 20184 20184 46088 10674 71857 33143 33143 76411 25545 25545
r-638 24 0.318841 24 0.344203 1428754 1572999 1572999 1759953 1336121 2385972 2544714 2544714 1456771 1524595 1524595
r-470 24 0.507246 24 0.163043 107639 137088 107639 148795 93837 154177 211564 154177 94888 162770 94888
r-676 24 0.583333 24 0.507246 2576267 2115828 2115828 2380399 1982311 4904964 3709388 3709388 2039455 2333878 2333878
r-783 24 0.724638 24 0.123188 19135 27375 19135 33261 18293 27805 50177 27805 18726 35797 18726
r-813 24 0.532609 24 0.960145 18123 1092949 18123 753568 147471 29250 1702887 29250 51313 1144987 51313
r-427 24 0.98913 24 0.0362319 1599 536 536 1544 538 7324 5532 5532 1832 765 765
r-847 24 0.735507 24 0.445652 342777 324470 324470 449589 187347 507671 520111 520111 508825 410873 410873
r-259 24 0.148551 24 0.119565 33516 92268 33516 75887 89295 38664 108604 38664 106138 350231 106138
r-358 24 0.887681 24 0.648551 987946 208529 208529 621416 276430 1375311 300110 300110 1432868 204891 204891
r-347 24 0.528986 24 0.0434783 26130 377988 26130 339625 54851 29000 568173 29000 53584 127503 53584
r-283 24 0.0688406 24 0.586957 179180 31539 31539 131823 17118 268460 47843 47843 146545 63709 63709
r-103 24 0.503623 24 0.731884 517584 994485 517584 1176436 748845 791145 1848820 791145 533239 700239 533239
r-755 24 0.115942 24 0.108696 101551 426504 101551 136979 389549 112639 451413 112639 242526 1242770 242526
r-745 24 0.731884 24 0.974638 702409 73694435 702409 80764005 4888228 890011 90083917 890011 2488779 72426336 2488779
r-569 24 0.0181159 24 0.884058 10064 1160 1160 8752 898 18829 5620 5620 11618 4184 4184
r-220 24 0.641304 24 0.637681 1890446 1501189 1501189 1974408 1338830 3262754 2536438 2536438 1941721 1605922 1605922
r-268 24 0.518116 24 0.112319 111472 329978 111472 238694 208386 166046 489065 166046 166318 350673 166318
r-141 24 0.5 24 0.822464 136576 392122 136576 348061 279971 201826 559983 201826 230193 317248 230193
r-337 24 0.184783 24 0.315217 1003326 430228 430228 705202 523967 1513529 617680 617680 1109279 540902 540902
r-886 24 0.721014 24 0.949275 45980 5361242 45980 4108488 766260 60492 6566211 60492 204432 5400794 204432
r-660 24 0.710145 24 0.278986 74092 138422 74092 118683 91055 110149 207803 110149 121321 100354 121321
r-371 24 0.405797 24 0.637681 867792 1146969 867792 1258454 900097 1342673 1888321 1342673 1301548 1537512 1301548
r-951 24 0.952899 24 0.199275 19847 1252 1252 10062 777 42484 4723 4723 13290 4627 4627
r-955 24 0.188406 24 0.742754 34374 44578 44578 33685 27399 50207 65423 65423 44123 40135 40135
r-365 24 0.858696 24 0.286232 67632 39170 39170 70899 21523 104750 52019 52019 92710 47646 47646
r-610 24 0.0724638 24 0.876812 10963 5882 5882 9253 3416 19522 11274 11274 17375 9687 9687
r-24 24 0.855072 24 0.431159 305881 153682 153682 353477 93424 461241 240265 240265 386104 249626 249626
r-29 24 0.655797 24 0.184783 93961 112818 93961 107020 79780 141156 176152 141156 80907 135008 80907
r-707 24 0.347826 24 0.173913 184230 309252 184230 418916 245327 247955 463637 247955 114010 364808 114010
r-60 24 0.423913 24 0.789855 138127 220155 138127 264162 151204 211546 320009 211546 248009 133461 248009
r-860 24 0.195652 24 0.431159 484515 232927 232927 357249 297868 817034 357472 357472 474080 367136 367136
r-238 24 0.137681 24 0.434783 228326 107364 107364 139190 144242 376115 152973 152973 219390 143849 143849
r-528 24 0.721014 24 0.539855 1551213 779057 779057 1258967 907830 2790661 1216754 1216754 1322038 978347 978347
r-970 24 0.202899 24 0.358696 1478626 653794 653794 1157757 802474 2467933 970716 970716 1183640 935718 935718
r-643 24 0.0253623 24 0.974638 1341 765 1341 1522 593 6232 5535 6232 1873 969 1873
r-630 24 0.992754 24 0.927536 -1 3435 3435 -1 3381 -1 3695 3695 -1 -1 -1
r-781 24 0.40942 24 0.865942 70352 97419 70352 110288 80291 106854 150747 106854 124275 140957 124275
r-432 24 0.380435 24 0.282609 664634 1238616 664634 1074907 962434 1049541 2098963 1049541 923723 1289890 923723
r-924 24 0.144928 24 0.373188 753975 334799 334799 563444 414327 1223442 500763 500763 924748 318114 318114
r-99 24 0.981884 24 0.376812 749053 14086 14086 586534 13258 949537 15350 15350 765701 12818 12818
r-550 24 0.101449 24 0.525362 408337 97525 97525 411352 69909 614216 142286 142286 242184 48850 48850
r-665 24 0.463768 24 0.992754 45304 767033 45304 638867 104813 66515 1139890 66515 28873 975448 28873
r-710 24 0.34058 24 0.0543478 66129 7827112 66129 5267595 661368 88142 9716946 88142 322777 8048157 322777
r-11 24 0.898551 24 0.90942 97824 140868 97824 142335 114375 106645 149169 106645 29351 297105 29351
r-500 24 0.427536 24 0.583333 1328109 1484105 1328109 1696688 1207098 2220293 2543400 2220293 1554857 1650961 1554857
r-761 24 0.235507 24 0.431159 1334066 650455 650455 976303 789974 2313217 1010004 1010004 1398734 711152 711152
r-64 24 0.373188 24 0.514493 1354582 1313935 1313935 1638075 1064621 2182504 2279646 2279646 1436792 1495770 1495770
r-885 24 0.811594 24 0.5 344806 151628 151628 353082 112071 522736 234266 234266 544018 236066 236066
r-926 24 0.869565 24 0.913043 26872 631915 26872 225634 324728 30387 687886 30387 335261 627879 335261
r-573 24 0.0108696 24 0.514493 2242633 23908 23908 1794003 22720 2946860 40632 40632 2298755 58979 58979
r-485 24 0.0869565 24 0.282609 1828077 179997 179997 1036345 204513 2370913 248788 248788 1830763 342394 342394
r-186 24 0.0615942 24 0.467391 1020885 57000 57000 803002 55997 1401937 68116 68116 1142711 74813 74813
r-415 24 0.0108696 24 0.637681 509041 10452 10452 431841 9731 674104 10702 10702 554172 60258 60258
r-379 24 0.144928 24 0.695652 36311 32395 32395 37252 16209 58486 49088 49088 32782 18092 18092
r-164 24 0.514493 24 0.32971 672982 667745 672982 857740 596494 1114956 1032119 1114956 853101 910356 853101
r-697 24 0.942029 24 0.347826 191282 13191 13191 129985 11113 278712 19218 19218 184628 84172 84172
r-703 24 0.905797 24 0.855072 114424 22577 22577 105059 26079 137321 26693 26693 721051 58966 58966
r-7 24 0.369565 24 0.304348 1048088 2005160 1048088 1538052 1568699 1739051 3501298 1739051 1150422 1288257 1150422
r-248 24 0.105072 24 0.442029 226070 71978 71978 155474 78352 361148 100099 100099 307307 130768 130768
r-166 24 0.188406 24 0.0108696 137577415 -1 137577415 -1 -1 142589744 -1 142589744 -1 -1 -1
r-74 24 0.692029 24 0.786232 375017 919547 375017 894002 761253 553175 1449568 553175 539890 1136973 539890
r-935 24 0.304348 24 0.0869565 29883 439281 29883 356649 152516 42060 567933 42060 27297 627781 27297
r-262 24 0.275362 24 0.105072 75425 981305 75425 570404 551521 101960 1310729 101960 337702 1571161 337702
r-742 24 0.0326087 24 0.634058 169050 16981 16981 137773 14682 284868 26945 26945 63010 8637 8637
r-393 24 0.775362 24 0.289855 111956 55037 55037 105392 34745 173763 79344 79344 132220 101034 101034
r-549 24 0.815217 24 0.456522 399286 178285 178285 438916 104920 564648 286903 286903 276057 162281 162281
r-225 24 0.652174 24 0.26087 239734 284137 239734 307569 213257 373252 431832 373252 389655 403314 389655
r-593 24 0.539855 24 0.673913 1648410 2738355 1648410 2640026 2086493 2633521 4937334 2633521 2004299 2117179 2004299
r-522 24 0.789855 24 0.166667 41239 46524 41239 46533 29932 57952 74743 57952 41324 63014 41324
r-982 24 0.710145 24 0.423913 451168 341786 341786 508386 238151 695494 536888 536888 629236 382816 382816
r-613 24 0.568841 24 0.474638 1707535 1418443 1418443 1937438 1229184 2863967 2419901 2419901 1981700 1748867 1748867
r-400 24 0.108696 24 0.202899 155210 13850 13850 62728 19031 191734 16695 16695 182965 51417 51417
r-32 24 0.967391 24 0.92029 -1 5253 5253 -1 4915 -1 6724 6724 -1 1040855 -1
r-154 24 0.438406 24 0.402174 3125917 3463734 3125917 3804304 3059150 5623619 6375500 5623619 2583840 2673593 2583840
r-147 24 0.434783 24 0.163043 272220 1014867 272220 1049003 637352 399735 1581498 399735 468388 1449791 468388
r-440 24 0.778986 24 0.188406 56335 89622 56335 90171 52749 82677 137801 82677 103495 126392 103495
r-438 24 0.583333 24 0.210145 227362 303687 227362 392865 254113 349746 463412 349746 256635 406041 256635
r-966 24 0.815217 24 0.0797101 11225 12156 11225 7967 4882 18391 22217 18391 10341 17405 10341
r-960 24 0.32971 24 0.869565 44197 71866 44197 69916 42732 68242 111963 68242 56094 66959 56094
r-250 24 0.514493 24 0.141304 115231 239733 115231 188646 166628 179580 350754 179580 99473 272196 99473
r-339 24 0.619565 24 0.778986 501036 974771 501036 1166708 844313 787410 1650937 787410 925973 780851 925973
r-111 24 0.800725 24 0.605072 330754 155252 155252 248916 192872 519488 225742 225742 458144 142868 142868
r-547 24 0.0181159 24 0.90942 6404 832 832 5562 651 16224 5302 5302 7378 2080 2080
r-122 24 0.507246 24 0.173913 84866 230245 84866 225222 150358 125949 325160 125949 117328 334793 117328
r-216 24 0.217391 24 0.916667 10546 24654 10546 20095 14934 16392 41095 16392 16457 25838 16457
r-110 24 0.297101 24 0.253623 809525 1269299 809525 1204287 1029237 1264217 1981148 1264217 793988 1170584 793988
r-674 24 0.0181159 24 0.619565 180214 15672 15672 150475 14328 329665 24592 24592 239024 36836 36836
r-391 24 0.539855 24 0.836957 228231 507401 228231 567959 399865 357248 848794 357248 284661 357146 284661
r-217 24 0.543478 24 0.0253623 22513 565686 22513 388701 96759 34675 872374 34675 68337 595174 68337
r-615 24 0.438406 24 0.586957 840398 1287874 840398 1101207 1152317 1330308 2162849 1330308 1209683 1201388 1209683
r-234 24 0.322464 24 0.5 1514034 864003 864003 1188426 933719 2915857 1461578 1461578 1315245 995723 995723
r-244 24 0.67029 24 0.438406 936264 954722 954722 1210492 688738 1435491 1551839 1551839 1378070 958372 958372
r-798 24 0.728261 24 0.481884 745258 595441 595441 1118789 404189 1098210 951782 951782 853231 612668 612668
r-227 24 0.884058 24 0.637681 1123509 162208 162208 714532 189128 1620086 229015 229015 1160938 297845 297845
r-818 24 0.460145 24 0.728261 459914 549168 459914 617891 441909 729921 810675 729921 458236 517386 458236
r-621 24 0.344203 24 0.626812 511768 519062 519062 606441 387975 782804 804458 804458 811221 651000 651000
r-730 24 0.355072 24 0.981884 15248 89376 15248 76702 27498 22383 171210 22383 23171 111851 23171
r-89 24 0.380435 24 0.438406 3146472 2870326 2870326 3302951 2830640 5716653 4963937 4963937 2818105 2813399 2813399
r-557 24 0.496377 24 0.873188 101739 190242 101739 278615 114132 155547 274690 155547 76851 173562 76851
r-426 24 0.51087 24 0.615942 1885476 2770772 1885476 2784078 2152252 3215644 5273611 3215644 2150280 2671800 2150280
r-193 24 0.894928 24 0.568841 530267 101941 101941 411182 133017 770292 125076 125076 565191 125563 125563
r-741 24 0.626812 24 0.362319 556797 757021 556797 825212 602474 844747 1226643 844747 746870 770884 746870
r-158 24 0.985507 24 0.217391 47474 3742 3742 34087 3087 74774 7927 7927 44406 5603 5603
r-123 24 0.101449 24 0.380435 230514 39066 39066 137268 40444 314702 25362 25362 300191 102105 102105
r-287 24 0.391304 24 0.0615942 46043 3469449 46043 2272074 399545 68496 4526028 68496 38413 3758317 38413
r-650 24 0.615942 24 0.811594 184909 603319 184909 542528 459497 273594 962140 273594 306337 589427 306337
r-209 24 0.217391 24 0.525362 329257 276426 276426 409148 181312 480943 448374 448374 472735 394487 394487
r-405 24 0.26087 24 0.126812 136340 473032 136340 409024 326800 181565 663821 181565 143440 639028 143440
r-59 24 0.963768 24 0.155797 9828 2160 2160 7818 1224 20685 6397 6397 16584 3475 3475
r-642 24 0.865942 24 0.467391 245293 125205 125205 275124 57979 341468 194596 194596 183285 95926 95926
r-882 24 0.369565 24 0.692029 624338 411412 624338 648923 352680 973858 326446 973858 335360 436514 335360
r-77 24 0.0434783 24 0.782609 25890 7714 7714 22828 4153 23830 13223 13223 23660 5492 5492
r-683 24 0.300725 24 0.373188 1631978 1220086 1220086 1670874 1190115 2770881 1946700 1946700 1495476 1379964 1379964
r-92 24 0.789855 24 0.333333 177412 126941 126941 204539 91330 263202 188870 188870 268200 270155 270155
r-968 24 0.217391 24 0.405797 447141 138823 138823 329208 203528 787205 207376 207376 430283 266005 266005
r-902 24 0.626812 24 0.427536 2031707 1477091 1477091 2095847 1291862 3332284 2389815 2389815 1781346 1716494 1716494
r-839 24 0.0942029 24 0.938406 5784 10133 5784 10244 7392 12430 13847 12430 8479 7699 8479
r-54 24 0.40942 24 0.673913 536890 529310 536890 676357 479768 859533 788846 859533 671058 811787 671058
r-325 24 0.938406 24 0.242754 66793 7569 7569 43737 4769 67064 12597 12597 28156 10572 10572
r-444 24 0.322464 24 0.326087 602851 1014862 1014862 699161 866444 1027541 1674503 1674503 619095 762410 762410
r-314 24 0.996377 24 0.565217 57254905 3045406 3045406 52352084 3043092 77875106 3125174 3125174 63369032 1812767 1812767
r-462 24 0.481884 24 0.782609 271218 421369 271218 467813 319223 427836 614320 427836 239576 648396 239576
r-135 24 0.0471014 24 0.518116 418944 17869 17869 284027 13779 614602 27698 27698 425102 27247 27247
r-709 24 0.681159 24 0.971014 116380 16945592 116380 16784505 841850 149275 20288494 149275 291425 18159386 291425
r-789 24 0.528986 24 0.442029 1997417 2120291 1997417 2275817 1848408 3409414 3649740 3409414 2290325 2736185 2290325
r-835 24 0.98913 24 0.764493 -1 -1 -1 -1 -1 -1 -1 -1 -1 -1 -1
r-155 24 0.916667 24 0.427536 73482 16654 16654 47788 9222 125064 25604 25604 70900 23751 23751
r-449 24 0.0144928 24 0.507246 7732060 141136 141136 6740141 140488 9296835 149762 149762 7296651 185312 185312
r-834 24 0.155797 24 0.217391 1224676 460869 460869 1163936 480807 1750687 630816 630816 2566560 525517 525517
r-131 24 0.59058 24 0.623188 1677571 1716789 1677571 2054261 1504722 2939628 3097086 2939628 1526408 1411821 1526408
r-848 24 0.702899 24 0.268116 120987 85633 120987 135776 62466 189290 129721 189290 91170 223697 91170
r-468 24 0.0326087 24 0.927536 6341 3654 3654 5831 1828 11876 7112 7112 3482 3140 3140
r-1 24 0.242754 24 0.561594 258619 204471 204471 312928 146781 385169 323653 323653 237288 309418 309418
r-305 24 0.858696 24 0.811594 254181 360675 360675 193811 386820 345354 455500 455500 321229 199290 199290
r-574 24 0.163043 24 0.677536 48925 53964 53964 71061 24882 74800 77022 77022 57941 50735 50735
r-472 24 0.318841 24 0.213768 501349 368584 501349 624244 309032 396148 581837 396148 202557 381036 202557
r-695 24 0.413043 24 0.724638 891387 728501 891387 1085080 695801 1425166 1121283 1425166 1367750 752803 1367750
r-702 24 0.166667 24 0.398551 403185 63263 63263 288996 87123 614356 82271 82271 485096 89886 89886
r-380 24 0.0724638 24 0.271739 1752846 41139 41139 1089169 46173 2141429 53973 53973 2956185 53199 53199
r-841 24 0.173913 24 0.996377 2408 16436 2408 13506 7938 6928 36731 6928 3150 17259 3150
r-559 24 0.865942 24 0.460145 115287 34419 34419 127570 19408 162382 51375 51375 109176 43690 43690
r-425 24 0.467391 24 0.289855 721310 1543159 721310 1478657 1169552 1144415 2809246 1144415 1054642 984005 1054642
r-831 24 0.884058 24 0.963768 42999 -1 42999 327464338 267310309 50180 -1 50180 4182172 -1 4182172
r-720 24 0.217391 24 0.376812 720113 298599 298599 569602 328363 1241670 456603 456603 891256 458133 458133
r-542 24 0.985507 24 0.873188 -1 59275 59275 -1 57404 -1 15605 15605 -1 112401440 112401440
r-178 24 0.246377 24 0.0615942 118060 5896890 118060 12361266 775320 128020 6702767 128020 36889 2108379 36889
r-109 24 0.59058 24 0.782609 544628 1189665 544628 1394468 965220 836411 1947738 836411 1021148 1441848 1021148
r-47 24 0.152174 24 0.695652 46712 54127 54127 70435 27251 72464 87552 87552 81229 60707 60707
r-544 24 0.26087 24 0.235507 1806749 2704633 1806749 2533172 2279219 2590141 4016193 2590141 1918512 2283073 1918512
r-161 24 0.452899 24 0.17029 274938 513816 274938 666536 394257 425359 883302 425359 301606 572841 301606
r-446 24 0.0253623 24 0.0543478 -1 36589600 36589600 -1 36589394 -1 36590315 36590315 -1 -1 -1
r-200 24 0.525362 24 0.858696 83558 312875 83558 314838 170144 110714 481329 110714 195073 339500 195073
r-202 24 0.98913 24 0.891304 -1 3702613 3702613 -1 3702040 -1 3720880 3720880 -1 -1 -1
r-53 24 0.471014 24 0.724638 552240 633974 552240 866500 558865 884785 956223 884785 752921 770554 752921
r-261 24 0.612319 24 0.724638 820051 1488195 820051 1496653 1220038 1332176 2599758 1332176 993039 1334289 993039
r-940 24 0.0869565 24 0.307971 755399 60383 60383 658177 74047 962938 76626 76626 1163850 587775 587775
r-617 24 0.326087 24 0.721014 168510 183900 168510 221403 135785 255151 285727 255151 273706 307101 273706
r-739 24 0.347826 24 0.0289855 77279 11398538 77279 14203027 563616 109004 12956676 109004 21705 13932141 21705
r-499 24 0.952899 24 0.467391 727826 18033 18033 520591 16129 954345 26358 26358 882111 45329 45329
r-294 24 0.449275 24 0.246377 423890 345300 423890 608856 289025 624037 580608 624037 170453 351393 170453
r-708 24 0.416667 24 0.48913 3268006 2424586 2424586 3058011 2199626 6078609 4209933 4209933 2603584 2754941 2754941
r-310 24 0.557971 24 0.807971 186808 488621 186808 550523 365425 272489 809971 272489 433376 927904 433376
r-417 24 0 24 0.0905797 -1 -1 -1 -1 -1 -1 -1 -1 -1 -1 -1
r-398 24 0.152174 24 0.48913 236541 114144 114144 158238 143694 419249 168218 168218 172821 107301 107301
r-272 24 0.521739 24 0.32971 729497 531787 729497 753321 508703 1221237 823235 1221237 704580 958807 704580
r-245 24 0.873188 24 0.876812 17136 35711 17136 16892 32921 19939 42507 19939 38524 48549 38524
r-442 24 0.278986 24 0.0688406 32182 1034149 32182 630898 292306 41777 1289684 41777 56888 1460102 56888
r-502 24 0.960145 24 0.166667 15301 2865 2865 11813 1794 26808 6900 6900 16626 6378 6378
r-86 24 0.836957 24 0.746377 695774 193085 193085 517390 272726 1005424 254693 254693 1306971 136312 136312
r-843 24 0.213768 24 0.246377 316206 184731 184731 326124 186460 468061 268574 268574 196272 171212 171212
r-230 24 0.452899 24 0.880435 48817 103909 48817 82273 55465 64981 157372 64981 63369 148675 63369
r-592 24 0.195652 24 0.0543478 99843 121921152 99843 72564610 21425884 119035 128938865 119035 1377112 148771745 1377112
r-914 24 0.724638 24 0.822464 647692 565447 647692 575318 450898 890421 883562 890421 246266 1107134 246266
r-524 24 0.318841 24 0.326087 1856127 907868 907868 1727013 835296 3045158 1475573 1475573 800716 788275 788275
r-253 24 0.978261 24 0.836957 -1 9821040 9821040 -1 9742162 -1 5527794 5527794 -1 1392034 1392034
r-986 24 0.731884 24 0.818841 233894 755194 233894 622199 561762 328408 1117297 328408 366412 996097 366412
r-443 24 0.478261 24 0.916667 18029 262175 18029 193410 73688 27606 388248 27606 36719 144355 36719
r-836 24 0.880435 24 0.73913 1803868 342516 342516 1095023 446257 2358828 465283 465283 2654566 1179362 1179362
r-495 24 0.355072 24 0.634058 479479 672864 672864 672562 457824 735605 1095257 1095257 694728 870235 870235
r-336 24 0.695652 24 0.311594 198715 244722 244722 289316 158548 306631 377626 377626 241090 419142 419142
r-293 24 0.855072 24 0.463768 163425 64832 64832 153932 42562 243127 97759 97759 210727 140599 140599
r-163 24 0.0797101 24 0.0398551 3019 414768 3019 25967 230446 3313 418864 3313 20021677 -1 20021677
r-811 24 0.228261 24 0.684783 157537 164240 164240 197067 102962 233447 253468 253468 190138 176090 176090
r-893 24 0.547101 24 0.17029 67520 114300 67520 103939 77415 99795 176683 99795 50049 132974 50049
r-224 24 0.355072 24 0.59058 1287586 1081941 1081941 1546950 877486 2067498 1758990 1758990 1606604 1156575 1156575
r-705 24 0.532609 24 0.137681 81927 275410 81927 257488 160981 123044 412442 123044 103669 287046 103669
