instance n1 density1 n2 density2 mcsplit mcsplit+f mcsplit+bigf
r-831 30 0.0666667 30 0.0666667 0 0 0
r-363 49 0.331633 49 0.331633 1000007 1000004 1000001
r-190 13 0.461538 13 0.461538 0 0 0
r-17 16 0.458333 16 0.458333 0 0 0
r-899 13 0.461538 13 0.461538 0 0 0
r-696 39 0.472335 39 0.472335 114180 98461 89775
r-86 19 0.350877 19 0.350877 3 3 3
r-366 35 0.393277 35 0.393277 60063 59926 50609
r-565 40 0.492308 40 0.492308 48837 42999 35287
r-291 40 0.45 40 0.45 810 610 563
r-709 42 0.315912 42 0.315912 1000005 1000002 1000006
r-823 39 0.364372 39 0.364372 8 9 10
r-597 13 0.384615 13 0.384615 0 0 0
r-866 50 0.372245 50 0.372245 1000006 1000007 1000004
r-166 15 0.247619 15 0.247619 0 0 0
r-6 20 0.521053 20 0.521053 2 2 3
r-293 32 0.352823 32 0.352823 0 0 0
r-815 24 0.289855 24 0.289855 0 0 0
r-299 17 0.220588 17 0.220588 0 0 0
r-893 11 0.545455 11 0.545455 0 0 0
r-834 20 0.394737 20 0.394737 18 17 17
r-715 35 0.292437 35 0.292437 0 0 0
r-684 28 0.452381 28 0.452381 9 7 6
r-277 44 0.485201 44 0.485201 59132 55469 31977
r-193 20 0.521053 20 0.521053 2 1 2
r-172 16 0.125 16 0.125 0 0 0
r-206 45 0.511111 45 0.511111 128366 145400 93324
r-182 38 0.341394 38 0.341394 148588 127544 99489
r-93 26 0.409231 26 0.409231 1032 926 845
r-327 36 0.0555556 36 0.0555556 0 0 0
r-108 11 0.509091 11 0.509091 0 0 0
r-637 49 0.278912 49 0.278912 1000005 1000000 1000004
r-380 35 0.329412 35 0.329412 48577 51601 42264
r-415 41 0.460976 41 0.460976 201262 176445 127492
r-743 13 0.538462 13 0.538462 0 0 0
r-727 13 0.282051 13 0.282051 0 0 0
r-940 30 0.434483 30 0.434483 5975 5406 4702
r-272 40 0.480769 40 0.480769 5060 4617 4421
r-375 35 0.393277 35 0.393277 73076 69559 60018
r-508 15 0.514286 15 0.514286 0 0 0
r-334 40 0.224359 40 0.224359 0 0 0
r-69 29 0.487685 29 0.487685 26 29 31
r-15 28 0.388889 28 0.388889 0 1 0
r-156 37 0.105105 37 0.105105 1993 3952 5893
r-579 40 0.384615 40 0.384615 18 16 8
r-413 39 0.510121 39 0.510121 24490 27858 19576
r-532 45 0.165657 45 0.165657 0 0 0
r-813 16 0.125 16 0.125 0 0 0
r-768 12 0.484848 12 0.484848 0 0 0
r-325 16 0.233333 16 0.233333 0 0 0
r-817 12 0.166667 12 0.166667 0 0 0
r-905 47 0.194265 47 0.194265 0 0 0
r-23 46 0.0434783 46 0.0434783 0 0 0
r-294 32 0.314516 32 0.314516 7959 7625 5105
r-560 39 0.504723 39 0.504723 5322 6354 5618
r-223 43 0.504983 43 0.504983 21203 24164 17153
r-464 26 0.147692 26 0.147692 22 36 191
r-323 20 0.442105 20 0.442105 0 0 0
r-750 12 0.409091 12 0.409091 0 0 0
r-393 20 0.478947 20 0.478947 0 0 0
r-676 38 0.462304 38 0.462304 74756 68111 64293
r-153 35 0.0571429 35 0.0571429 0 0 0
r-780 34 0.513369 34 0.513369 999 1007 725
r-281 25 0.52 25 0.52 50 55 46
r-46 19 0.409357 19 0.409357 0 0 0
r-528 23 0.403162 23 0.403162 0 0 0
r-339 47 0.159112 47 0.159112 1 1 1
r-892 34 0.114082 34 0.114082 2137 1609 848
r-922 50 0.21551 50 0.21551 1000006 1000005 1000007
r-113 48 0.509752 48 0.509752 387826 460821 289408
r-521 48 0.50266 48 0.50266 633500 690408 490441
r-308 22 0.506494 22 0.506494 4 4 3
r-42 24 0.228261 24 0.228261 47 50 40
r-155 47 0.316374 47 0.316374 4 4 3
r-687 42 0.344948 42 0.344948 1000007 1000005 1000007
r-198 44 0.510571 44 0.510571 34336 39982 29248
r-702 12 0.409091 12 0.409091 0 0 0
r-626 18 0.522876 18 0.522876 6 4 4
r-160 48 0.507092 48 0.507092 245894 262510 166300
r-509 16 0.458333 16 0.458333 1 1 1
r-950 16 0.525 16 0.525 1 1 1
r-621 43 0.33887 43 0.33887 5 4 3
r-360 31 0.232258 31 0.232258 4415 5224 5146
r-873 50 0.509388 50 0.509388 718714 950863 565300
r-951 18 0.424837 18 0.424837 12 10 10
r-230 29 0.46798 29 0.46798 31 26 34
r-874 31 0.395699 31 0.395699 1 1 0
r-176 19 0.105263 19 0.105263 0 0 0
r-580 42 0.0929152 42 0.0929152 0 0 0
r-553 49 0.355442 49 0.355442 1000003 1000004 1000001
r-617 39 0.267206 39 0.267206 144617 173637 177751
r-382 10 0.555556 10 0.555556 0 0 0
r-248 39 0.415655 39 0.415655 279490 300386 263884
r-803 42 0.437863 42 0.437863 899910 873874 714256
r-636 36 0.436508 36 0.436508 41 37 39
r-492 38 0.513514 38 0.513514 15591 17583 11776
r-591 21 0.428571 21 0.428571 0 0 0
r-55 49 0.462585 49 0.462585 9562 9061 6787
r-929 18 0.522876 18 0.522876 0 0 0
r-170 49 0.153061 49 0.153061 1000009 1000008 1000003
r-123 11 0.436364 11 0.436364 0 0 0
r-839 25 0.453333 25 0.453333 7 6 8
r-389 13 0.461538 13 0.461538 0 0 0
r-80 18 0.503268 18 0.503268 1 1 1
r-678 41 0.256098 41 0.256098 0 0 1
r-762 30 0.404598 30 0.404598 12132 11868 8544
r-22 47 0.316374 47 0.316374 12 21 24
r-698 18 0.470588 18 0.470588 0 0 0
r-700 46 0.29372 46 0.29372 1000005 1000000 1000009
r-912 26 0.212308 26 0.212308 0 0 0
r-494 48 0.31117 48 0.31117 1000000 1000008 1000007
r-785 16 0.525 16 0.525 0 0 0
r-657 47 0.194265 47 0.194265 1000006 1000008 1000004
r-165 21 0.428571 21 0.428571 52 47 41
r-479 46 0.511111 46 0.511111 80195 96471 49121
r-904 23 0.521739 23 0.521739 48 42 31
r-690 44 0.206131 44 0.206131 0 0 0
r-932 28 0.42328 28 0.42328 2 2 2
r-981 29 0.246305 29 0.246305 1551 1432 887
r-270 41 0.47561 41 0.47561 165777 137235 124840
r-409 19 0.350877 19 0.350877 11 9 8
r-755 12 0.409091 12 0.409091 0 0 0
r-673 15 0.247619 15 0.247619 0 0 0
r-344 25 0.333333 25 0.333333 536 511 413
r-168 24 0.521739 24 0.521739 65 58 50
r-437 12 0.409091 12 0.409091 0 0 0
r-876 35 0.420168 35 0.420168 8 8 7
r-188 14 0.494505 14 0.494505 0 0 0
r-573 33 0.0606061 33 0.0606061 0 0 0
r-134 18 0.294118 18 0.294118 3 3 2
r-303 13 0.153846 13 0.153846 0 0 0
r-423 21 0.428571 21 0.428571 0 0 0
r-101 35 0.504202 35 0.504202 2430 2279 1433
r-158 48 0.43883 48 0.43883 7004 9404 3951
r-365 19 0.280702 19 0.280702 0 0 0
r-254 40 0.0974359 40 0.0974359 25675 76476 27729
r-651 25 0.5 25 0.5 21 16 14
r-209 28 0.388889 28 0.388889 2662 2493 2366
r-84 42 0.047619 42 0.047619 0 0 0
r-195 13 0.512821 13 0.512821 0 0 0
r-477 25 0.153333 25 0.153333 0 0 0
r-286 42 0.176539 42 0.176539 189629 207761 142254
r-506 44 0.494715 44 0.494715 44884 36467 27496
r-215 28 0.388889 28 0.388889 2182 2042 1817
r-177 47 0.388529 47 0.388529 940 658 475
r-282 47 0.499537 47 0.499537 189560 177680 145666
r-109 49 0.44898 49 0.44898 1000008 1000007 1000000
r-104 43 0.389812 43 0.389812 774985 764546 638965
r-249 24 0.431159 24 0.431159 134 100 93
r-251 38 0.0526316 38 0.0526316 0 0 0
r-833 18 0.20915 18 0.20915 0 0 0
r-680 50 0.480816 50 0.480816 45594 40099 35034
r-542 18 0.424837 18 0.424837 9 8 8
r-26 15 0.419048 15 0.419048 0 0 0
r-797 19 0.526316 19 0.526316 2 2 2
r-371 20 0.336842 20 0.336842 8 5 5
r-98 24 0.431159 24 0.431159 0 0 0
r-65 48 0.507092 48 0.507092 103377 142403 94633
r-916 49 0.505102 49 0.505102 710117 781029 538682
r-458 47 0.259019 47 0.259019 2 2 1
r-775 45 0.490909 45 0.490909 320780 285546 240304
r-760 30 0.434483 30 0.434483 4271 4034 3587
r-328 27 0.518519 27 0.518519 464 380 255
r-738 46 0.371981 46 0.371981 176 137 117
r-137 43 0.27907 43 0.27907 1 1 1
r-301 35 0.161345 35 0.161345 17522 14497 6776
r-381 11 0.509091 11 0.509091 0 0 0
r-33 37 0.495495 37 0.495495 874 952 753
r-889 10 0.355556 10 0.355556 0 0 0
r-936 11 0.181818 11 0.181818 0 0 0
r-534 48 0.467199 48 0.467199 41425 33692 29293
r-115 25 0.48 25 0.48 4 4 3
r-463 32 0.497984 32 0.497984 149 171 178
r-449 46 0.510145 46 0.510145 71627 89732 63322
r-471 17 0.529412 17 0.529412 1 1 1
r-535 25 0.153333 25 0.153333 263 309 79
r-854 49 0.153061 49 0.153061 1000000 1000005 1000006
r-793 19 0.280702 19 0.280702 0 0 0
r-850 48 0.467199 48 0.467199 1000006 1000004 1000004
r-297 30 0.496552 30 0.496552 55 50 48
r-983 40 0.45 40 0.45 293681 253835 223608
r-329 50 0.0783673 50 0.0783673 1000007 1000000 1000007
r-61 11 0.509091 11 0.509091 0 0 0
r-349 36 0.203175 36 0.203175 0 0 0
r-402 41 0.290244 41 0.290244 1 1 1
r-214 21 0.380952 21 0.380952 0 0 0
r-484 10 0.466667 10 0.466667 0 0 0
r-578 49 0.331633 49 0.331633 17 16 16
r-894 13 0.461538 13 0.461538 0 0 0
r-731 36 0.436508 36 0.436508 60125 51385 46049
r-758 12 0.545455 12 0.545455 0 0 0
r-500 24 0.344203 24 0.344203 126 135 99
r-105 20 0.521053 20 0.521053 2 2 2
r-985 10 0.555556 10 0.555556 0 0 0
r-197 18 0.470588 18 0.470588 7 5 5
r-246 24 0.521739 24 0.521739 64 56 35
r-615 19 0.45614 19 0.45614 0 0 0
r-537 18 0.424837 18 0.424837 0 0 0
r-497 49 0.25 49 0.25 1 1 1
r-967 33 0.265152 33 0.265152 0 0 0
r-886 34 0.508021 34 0.508021 1064 1095 928
r-453 21 0.52381 21 0.52381 5 4 4
r-995 22 0.311688 22 0.311688 96 96 81
r-997 11 0.509091 11 0.509091 0 0 0
r-545 32 0.272177 32 0.272177 0 0 0
r-788 31 0.124731 31 0.124731 1100 1034 361
r-999 41 0.509756 41 0.509756 29804 34485 18589
r-699 32 0.508065 32 0.508065 352 407 300
r-719 48 0.0416667 48 0.0416667 0 0 0
r-330 40 0.430769 40 0.430769 254499 225407 206754
r-790 44 0.359408 44 0.359408 14 15 18
r-391 19 0.45614 19 0.45614 19 15 15
r-683 33 0.511364 33 0.511364 4200 4309 3494
r-733 20 0.336842 20 0.336842 13 16 13
r-517 18 0.424837 18 0.424837 0 0 0
r-448 17 0.220588 17 0.220588 1 2 1
r-377 14 0.43956 14 0.43956 0 0 0
r-34 43 0.245847 43 0.245847 1 1 1
r-359 38 0.193457 38 0.193457 0 0 0
r-515 50 0.245714 50 0.245714 1 1 1
r-287 37 0.315315 37 0.315315 1 1 1
r-99 27 0.518519 27 0.518519 223 226 213
r-913 24 0.344203 24 0.344203 0 0 0
r-949 18 0.470588 18 0.470588 0 0 0
r-902 24 0.48913 24 0.48913 5 4 4
r-802 13 0.384615 13 0.384615 0 0 0
r-19 45 0.490909 45 0.490909 14901 11797 9418
r-147 25 0.153333 25 0.153333 0 0 0
r-367 34 0.258467 34 0.258467 0 0 0
r-456 40 0.501282 40 0.501282 129483 111117 79585
r-688 31 0.490323 31 0.490323 5113 4190 3972
r-16 49 0.377551 49 0.377551 1000001 1000004 1000006
r-770 35 0.420168 35 0.420168 35 30 31
r-888 24 0.391304 24 0.391304 0 0 0
r-964 11 0.327273 11 0.327273 0 0 0
r-148 33 0.344697 33 0.344697 1 1 1
r-141 40 0.224359 40 0.224359 130017 170373 125824
r-159 41 0.443902 41 0.443902 1383 1137 795
r-261 46 0.476329 46 0.476329 35500 26152 28502
r-550 13 0.461538 13 0.461538 0 0 0
r-824 32 0.272177 32 0.272177 0 0 0
r-765 34 0.370766 34 0.370766 2 2 2
r-820 37 0.510511 37 0.510511 6482 6740 4307
r-3 19 0.350877 19 0.350877 16 15 14
r-527 48 0.0416667 48 0.0416667 0 0 0
r-806 39 0.48583 39 0.48583 71760 67190 52499
r-459 11 0.509091 11 0.509091 0 0 0
r-829 50 0.0783673 50 0.0783673 0 0 1
r-736 33 0.378788 33 0.378788 3 2 2
r-531 43 0.172757 43 0.172757 482119 606792 347080
r-119 26 0.507692 26 0.507692 39 38 34
r-372 37 0.483483 37 0.483483 60166 50806 36007
r-443 14 0.538462 14 0.538462 0 0 0
r-29 26 0.323077 26 0.323077 838 748 610
r-273 39 0.188934 39 0.188934 272125 226409 94898
r-135 20 0.394737 20 0.394737 0 0 0
r-609 20 0.521053 20 0.521053 6 6 5
r-161 13 0.282051 13 0.282051 0 0 0
r-58 44 0.332981 44 0.332981 1000006 1000003 884076
r-966 38 0.443812 38 0.443812 102703 92320 80097
r-691 14 0.538462 14 0.538462 0 0 0
r-640 47 0.508788 47 0.508788 106973 122405 89223
r-229 21 0.257143 21 0.257143 2 2 1
r-594 35 0.208403 35 0.208403 13838 15568 22776
r-697 16 0.458333 16 0.458333 0 0 0
r-547 21 0.0952381 21 0.0952381 0 0 0
r-522 24 0.431159 24 0.431159 0 0 0
r-421 29 0.192118 29 0.192118 3000 2679 1392
r-118 26 0.470769 26 0.470769 6 7 9
r-748 23 0.513834 23 0.513834 4 4 4
r-726 35 0.510924 35 0.510924 6283 6513 5358
r-510 33 0.117424 33 0.117424 0 0 0
r-955 12 0.30303 12 0.30303 0 0 0
r-569 38 0.308677 38 0.308677 272345 283731 234785
r-143 33 0.117424 33 0.117424 0 0 0
r-256 20 0.505263 20 0.505263 1 1 1
r-773 46 0.43285 46 0.43285 1000008 1000007 1000006
r-828 17 0.382353 17 0.382353 0 0 0
r-208 18 0.424837 18 0.424837 8 6 6
r-40 13 0.384615 13 0.384615 0 0 0
r-212 36 0.457143 36 0.457143 225 222 223
r-90 42 0.418118 42 0.418118 792186 722353 628846
r-846 15 0.342857 15 0.342857 1 1 1
r-24 24 0.15942 24 0.15942 0 0 0
r-745 21 0.495238 21 0.495238 5 4 4
r-300 47 0.227567 47 0.227567 1000008 1000008 1000005
r-739 36 0.285714 36 0.285714 35615 41402 37605
r-403 34 0.515152 34 0.515152 2100 2213 1661
r-226 30 0.496552 30 0.496552 2285 1754 1602
r-875 31 0.395699 31 0.395699 6194 5975 4431
r-956 26 0.212308 26 0.212308 217 224 241
r-185 20 0.1 20 0.1 0 0 0
r-742 31 0.425806 31 0.425806 8112 7155 6457
r-799 50 0.457959 50 0.457959 1000005 1000005 1000001
r-776 13 0.282051 13 0.282051 0 0 0
r-10 44 0.40592 44 0.40592 1000002 1000008 1000000
r-525 47 0.444033 47 0.444033 1000009 1000000 1000005
r-336 19 0.51462 19 0.51462 15 12 13
r-596 40 0.511538 40 0.511538 7278 7775 7663
r-821 47 0.458834 47 0.458834 15520 13014 9040
r-938 35 0.252101 35 0.252101 13877 15175 10416
r-342 31 0.322581 31 0.322581 8676 8311 6446
r-979 15 0.514286 15 0.514286 0 0 0
r-488 34 0.258467 34 0.258467 27637 19743 13433
r-549 39 0.504723 39 0.504723 34350 38727 28258
r-200 10 0.533333 10 0.533333 0 0 0
r-504 16 0.4 16 0.4 0 0 0
r-12 23 0.300395 23 0.300395 192 195 166
r-627 30 0.404598 30 0.404598 5198 4597 4111
r-682 26 0.443077 26 0.443077 2 2 1
r-954 38 0.422475 38 0.422475 52 44 34
r-566 10 0.355556 10 0.355556 0 0 0
r-520 27 0.205128 27 0.205128 0 0 0
r-523 39 0.496626 39 0.496626 83749 67673 67449
r-27 37 0.348348 37 0.348348 3 3 2
r-963 31 0.473118 31 0.473118 66 61 76
r-543 40 0.0974359 40 0.0974359 0 0 0
r-401 28 0.494709 28 0.494709 1241 1048 884
r-976 17 0.485294 17 0.485294 0 0 0
r-373 15 0.247619 15 0.247619 1 1 1
r-124 48 0.496454 48 0.496454 232297 223483 153517
r-347 17 0.514706 17 0.514706 0 0 0
r-358 39 0.510121 39 0.510121 40453 41247 32185
r-805 45 0.505051 45 0.505051 173654 189016 139166
r-412 24 0.521739 24 0.521739 82 82 72
r-572 38 0.371266 38 0.371266 3 3 3
r-761 16 0.125 16 0.125 0 0 0
r-125 26 0.0769231 26 0.0769231 0 0 0
r-970 10 0.533333 10 0.533333 0 0 0
r-312 24 0.463768 24 0.463768 5 4 3
r-754 29 0.246305 29 0.246305 0 0 0
r-530 15 0.419048 15 0.419048 0 0 0
r-85 45 0.49899 45 0.49899 47164 43268 34105
r-173 30 0.508046 30 0.508046 470 418 264
r-505 49 0.5 49 0.5 754825 645791 386783
r-778 35 0.463866 35 0.463866 316 268 226
r-280 23 0.513834 23 0.513834 142 112 59
r-980 23 0.513834 23 0.513834 165 144 115
r-357 38 0.308677 38 0.308677 169631 185615 192240
r-825 44 0.359408 44 0.359408 1000002 1000003 1000005
r-175 17 0.514706 17 0.514706 4 4 4
r-289 18 0.503268 18 0.503268 0 1 0
r-559 21 0.514286 21 0.514286 20 18 17
r-909 29 0.37931 29 0.37931 5014 4533 3504
r-275 34 0.427807 34 0.427807 28739 27814 25148
r-96 43 0.33887 43 0.33887 1000003 1000004 1000005
r-348 22 0.367965 22 0.367965 81 85 71
r-732 16 0.458333 16 0.458333 0 0 0
r-611 31 0.36129 31 0.36129 10172 10198 7850
r-429 23 0.474308 23 0.474308 6 6 5
r-236 23 0.498024 23 0.498024 202 158 118
r-686 19 0.491228 19 0.491228 1 1 1
r-990 26 0.147692 26 0.147692 0 0 0
r-915 43 0.21041 43 0.21041 591192 623131 425401
r-650 17 0.117647 17 0.117647 0 0 0
r-462 10 0.2 10 0.2 0 0 0
r-276 27 0.512821 27 0.512821 35 33 43
r-228 20 0.521053 20 0.521053 6 6 6
r-237 45 0.268687 45 0.268687 1000001 1000008 1000005
r-557 37 0.24024 37 0.24024 0 0 0
r-907 38 0.193457 38 0.193457 0 0 0
r-112 43 0.27907 43 0.27907 1 1 1
r-953 46 0.162319 46 0.162319 0 0 0
r-255 44 0.40592 44 0.40592 215 177 161
r-564 46 0.124638 46 0.124638 640202 432207 124621
r-313 35 0.463866 35 0.463866 29890 26333 23320
r-106 41 0.139024 41 0.139024 394013 315859 131281
r-590 43 0.365449 43 0.365449 1000009 1000008 1000005
r-316 13 0.153846 13 0.153846 0 0 0
r-145 35 0.161345 35 0.161345 10403 9606 4799
r-830 20 0.1 20 0.1 0 0 0
r-672 40 0.408974 40 0.408974 323254 294481 258125
r-11 15 0.419048 15 0.419048 0 0 0
r-920 20 0.336842 20 0.336842 35 34 28
r-968 21 0.514286 21 0.514286 9 8 8
r-561 49 0.508503 49 0.508503 464646 499090 287353
r-183 20 0.394737 20 0.394737 26 22 18
r-427 37 0.45045 37 0.45045 145 129 108
r-39 34 0.213904 34 0.213904 3909 4831 4319
r-867 46 0.29372 46 0.29372 1000011 1000005 1000000
r-224 23 0.237154 23 0.237154 42 52 49
r-720 43 0.0908084 43 0.0908084 0 0 0
r-370 49 0.0408163 49 0.0408163 0 0 0
r-322 12 0.530303 12 0.530303 0 0 0
r-681 41 0.512195 41 0.512195 24108 30151 19425
r-314 36 0.512698 36 0.512698 2177 2193 1557
r-589 11 0.545455 11 0.545455 0 0 0
r-606 21 0.180952 21 0.180952 0 0 0
r-992 42 0.250871 42 0.250871 0 0 0
r-570 17 0.308824 17 0.308824 6 5 4
r-203 26 0.470769 26 0.470769 734 599 589
r-675 33 0.409091 33 0.409091 34 31 29
r-552 26 0.516923 26 0.516923 87 102 85
r-716 27 0.0740741 27 0.0740741 0 0 0
r-730 46 0.507246 46 0.507246 275997 339564 227361
r-396 41 0.219512 41 0.219512 328225 339426 234495
r-729 44 0.130021 44 0.130021 69669 151320 102530
r-418 37 0.495495 37 0.495495 21396 17750 16491
r-487 15 0.247619 15 0.247619 0 0 0
r-568 46 0.43285 46 0.43285 503 513 458
r-474 26 0.516923 26 0.516923 23 21 23
r-538 45 0.438384 45 0.438384 1000002 1000008 1000003
r-152 15 0.533333 15 0.533333 0 0 0
r-735 22 0.454545 22 0.454545 0 0 0
r-862 49 0.219388 49 0.219388 1000004 1000005 1000008
r-341 42 0.470383 42 0.470383 231571 191992 169557
r-544 20 0.189474 20 0.189474 16 17 13
r-882 10 0.466667 10 0.466667 0 0 0
r-791 10 0.466667 10 0.466667 0 0 0
r-43 23 0.237154 23 0.237154 0 0 0
r-238 25 0.08 25 0.08 0 0 0
r-575 15 0.533333 15 0.533333 1 1 1
r-414 11 0.509091 11 0.509091 0 0 0
r-430 12 0.30303 12 0.30303 0 0 0
r-713 23 0.513834 23 0.513834 63 57 52
r-711 35 0.514286 35 0.514286 2456 2640 2367
r-482 11 0.509091 11 0.509091 0 0 0
r-868 29 0.44335 29 0.44335 3444 3012 2346
r-111 46 0.29372 46 0.29372 1 1 1
r-87 40 0.408974 40 0.408974 461837 447802 389556
r-757 38 0.422475 38 0.422475 147815 144067 131841
r-422 23 0.442688 23 0.442688 1 1 1
r-777 19 0.350877 19 0.350877 12 11 13
r-944 19 0.105263 19 0.105263 0 0 0
r-394 20 0.394737 20 0.394737 20 15 15
r-896 17 0.485294 17 0.485294 4 3 3
r-623 50 0.444082 50 0.444082 28578 26057 23569
r-801 28 0.42328 28 0.42328 2642 2538 2191
r-870 38 0.371266 38 0.371266 4 3 3
r-706 39 0.22942 39 0.22942 0 0 0
r-259 34 0.45098 34 0.45098 42760 37915 34381
r-880 42 0.176539 42 0.176539 635974 470796 234217
r-662 50 0.183673 50 0.183673 1000011 1000009 1000005
r-701 37 0.315315 37 0.315315 1 1 1
r-753 10 0.466667 10 0.466667 0 0 0
r-957 12 0.409091 12 0.409091 0 0 0
r-306 38 0.490754 38 0.490754 34469 29344 27277
r-473 47 0.366327 47 0.366327 16 15 16
r-52 34 0.508021 34 0.508021 1420 1456 1167
r-245 34 0.515152 34 0.515152 1954 1782 1251
r-74 30 0.186207 30 0.186207 803 926 999
r-895 41 0.42439 41 0.42439 474166 432179 373576
r-695 41 0.0487805 41 0.0487805 0 0 0
r-890 39 0.267206 39 0.267206 151009 126150 80983
r-89 36 0.5 36 0.5 19167 16293 12602
r-296 25 0.453333 25 0.453333 623 525 376
r-670 38 0.398293 38 0.398293 177433 168055 147316
r-871 33 0.515152 33 0.515152 4455 4599 3377
r-146 43 0.41196 43 0.41196 1000006 1000006 1000005
r-44 48 0.509752 48 0.509752 264206 380832 211961
r-717 50 0.372245 50 0.372245 1000009 1000004 1000002
r-460 48 0.119681 48 0.119681 476272 569689 286284
r-849 30 0.45977 30 0.45977 4793 3985 3666
r-973 46 0.510145 46 0.510145 124149 133156 111570
r-863 27 0.31339 27 0.31339 0 0 0
r-677 17 0.220588 17 0.220588 2 2 1
r-192 47 0.122109 47 0.122109 1000005 1000003 707627
r-856 14 0.527473 14 0.527473 1 1 1
r-622 33 0.511364 33 0.511364 1386 1570 1035
r-703 38 0.14936 38 0.14936 232850 97240 15166
r-952 10 0.355556 10 0.355556 0 0 0
r-783 14 0.494505 14 0.494505 0 0 0
r-103 34 0.499109 34 0.499109 710 551 569
r-436 19 0.51462 19 0.51462 0 0 0
r-689 36 0.5 36 0.5 8554 7167 5876
r-455 11 0.545455 11 0.545455 0 0 0
r-95 25 0.28 25 0.28 0 0 0
r-184 14 0.494505 14 0.494505 0 0 0
r-647 28 0.0714286 28 0.0714286 0 0 0
r-918 16 0.458333 16 0.458333 0 0 0
r-786 38 0.443812 38 0.443812 89324 83972 73058
r-852 45 0.0868687 45 0.0868687 1000001 1000006 1000005
r-142 42 0.0929152 42 0.0929152 0 0 0
r-610 15 0.514286 15 0.514286 0 0 0
r-36 44 0.511628 44 0.511628 37315 44703 33177
r-789 42 0.315912 42 0.315912 3 2 2
r-987 32 0.483871 32 0.483871 51 43 48
r-581 38 0.507824 38 0.507824 18566 18121 15961
r-79 14 0.527473 14 0.527473 0 0 0
r-526 44 0.169133 44 0.169133 0 0 0
r-288 37 0.468468 37 0.468468 50416 44991 39963
r-368 25 0.513333 25 0.513333 64 49 46
r-878 12 0.545455 12 0.545455 0 0 0
r-483 15 0.514286 15 0.514286 0 0 0
r-493 46 0.394203 46 0.394203 1000000 1000007 1000004
r-639 10 0.355556 10 0.355556 0 0 0
r-434 17 0.220588 17 0.220588 0 0 0
r-994 43 0.48948 43 0.48948 283086 232912 172510
r-440 50 0.497143 50 0.497143 788082 723593 636110
r-667 50 0.350204 50 0.350204 73 66 88
r-604 39 0.510121 39 0.510121 22131 21745 17575
r-204 18 0.366013 18 0.366013 10 10 8
r-766 41 0.460976 41 0.460976 274619 243468 206239
r-903 44 0.502114 44 0.502114 223016 209910 134216
r-705 12 0.30303 12 0.30303 0 0 0
r-131 12 0.166667 12 0.166667 0 0 0
r-53 20 0.526316 20 0.526316 6 5 5
r-338 32 0.465726 32 0.465726 8224 7417 7212
r-343 18 0.20915 18 0.20915 2 2 1
r-54 30 0.48046 30 0.48046 2823 2296 1997
r-478 16 0.125 16 0.125 0 0 0
r-737 23 0.442688 23 0.442688 138 118 96
r-211 11 0.509091 11 0.509091 0 0 0
r-666 20 0.521053 20 0.521053 2 2 2
r-284 23 0.166008 23 0.166008 0 0 0
r-194 16 0.4 16 0.4 2 2 1
r-385 31 0.180645 31 0.180645 0 0 0
r-891 30 0.0666667 30 0.0666667 0 0 0
r-502 43 0.431894 43 0.431894 668 525 441
r-498 33 0.409091 33 0.409091 9 8 8
r-816 49 0.219388 49 0.219388 1 1 1
r-20 50 0.326531 50 0.326531 62 66 89
r-465 13 0.538462 13 0.538462 0 0 0
r-501 43 0.21041 43 0.21041 416399 459216 293144
r-157 42 0.396051 42 0.396051 50 41 20
r-279 45 0.353535 45 0.353535 1000009 1000004 1000004
r-196 15 0.133333 15 0.133333 0 0 0
r-376 50 0.457959 50 0.457959 13056 10290 8070
r-671 16 0.4 16 0.4 0 0 0
r-235 45 0.454545 45 0.454545 1000005 1000004 932168
r-654 21 0.428571 21 0.428571 0 0 0
r-77 22 0.311688 22 0.311688 0 0 0
r-83 17 0.382353 17 0.382353 0 0 0
r-728 18 0.20915 18 0.20915 0 0 0
r-274 10 0.533333 10 0.533333 0 0 0
r-186 35 0.510924 35 0.510924 35034 36752 25378
r-605 14 0.43956 14 0.43956 1 1 1
r-496 30 0.23908 30 0.23908 0 0 0
r-782 42 0.047619 42 0.047619 0 0 0
r-257 47 0.194265 47 0.194265 0 0 0
r-855 41 0.095122 41 0.095122 0 0 0
r-519 31 0.395699 31 0.395699 7820 6577 5318
r-295 14 0.494505 14 0.494505 0 0 0
r-220 18 0.522876 18 0.522876 1 0 1
r-910 40 0.384615 40 0.384615 15 15 15
r-962 37 0.510511 37 0.510511 2663 2755 2397
r-129 25 0.5 25 0.5 5 4 3
r-827 35 0.504202 35 0.504202 1109 1153 844
r-986 50 0.392653 50 0.392653 1000002 1000008 1000006
r-924 35 0.393277 35 0.393277 54150 54068 47329
r-232 21 0.495238 21 0.495238 39 28 26
r-539 26 0.212308 26 0.212308 0 0 0
r-353 21 0.32381 21 0.32381 0 0 0
r-68 28 0.388889 28 0.388889 2943 2940 2536
r-252 44 0.0887949 44 0.0887949 501263 305938 206927
r-988 26 0.409231 26 0.409231 0 0 0
r-76 38 0.371266 38 0.371266 2 4 3
r-625 12 0.530303 12 0.530303 0 0 0
r-603 45 0.236364 45 0.236364 1000001 1000007 1000000
r-804 34 0.165775 34 0.165775 17187 18572 10719
r-8 48 0.403369 48 0.403369 1000004 1000004 1000000
r-945 18 0.20915 18 0.20915 0 0 0
r-859 47 0.482886 47 0.482886 705886 618634 532526
r-62 27 0.48433 27 0.48433 20 17 15
r-324 27 0.0740741 27 0.0740741 0 0 0
r-384 16 0.325 16 0.325 3 3 3
r-447 33 0.0606061 33 0.0606061 0 0 0
r-648 29 0.502463 29 0.502463 90 81 69
r-392 21 0.495238 21 0.495238 4 4 4
r-71 42 0.047619 42 0.047619 0 0 0
r-491 27 0.501425 27 0.501425 47 41 29
r-425 33 0.511364 33 0.511364 690 692 560
r-674 37 0.0540541 37 0.0540541 0 0 0
r-857 12 0.30303 12 0.30303 0 0 0
r-645 43 0.431894 43 0.431894 365434 320947 295327
r-231 25 0.28 25 0.28 414 477 295
r-121 26 0.507692 26 0.507692 317 257 214
r-315 42 0.483159 42 0.483159 5834 5236 4658
r-307 41 0.402439 41 0.402439 418539 393259 294916
r-926 36 0.157143 36 0.157143 0 0 0
r-4 22 0.454545 22 0.454545 102 85 85
r-548 12 0.530303 12 0.530303 0 0 0
r-407 20 0.1 20 0.1 0 0 0
r-210 33 0.435606 33 0.435606 27 29 25
r-326 19 0.409357 19 0.409357 0 0 0
r-930 18 0.470588 18 0.470588 0 0 0
r-250 10 0.2 10 0.2 0 0 0
r-475 13 0.282051 13 0.282051 0 0 0
r-354 35 0.510924 35 0.510924 3324 3225 1890
r-247 44 0.383721 44 0.383721 1000003 1000000 854814
r-441 28 0.452381 28 0.452381 1374 1110 959
r-51 43 0.504983 43 0.504983 346464 419078 324463
r-881 47 0.482886 47 0.482886 966022 969620 837053
r-480 37 0.153153 37 0.153153 33617 40380 14026
r-853 33 0.117424 33 0.117424 0 0 0
r-723 46 0.495652 46 0.495652 311404 275480 198812
r-240 21 0.180952 21 0.180952 0 0 0
r-879 11 0.545455 11 0.545455 0 0 0
r-181 36 0.488889 36 0.488889 1475 1083 987
r-490 38 0.193457 38 0.193457 0 0 0
r-207 20 0.189474 20 0.189474 6 10 14
r-28 29 0.37931 29 0.37931 2602 2522 2086
r-218 26 0.369231 26 0.369231 0 0 0
r-840 36 0.512698 36 0.512698 7472 8215 5825
r-584 31 0.180645 31 0.180645 1376 834 556
r-814 45 0.377778 45 0.377778 37 41 37
r-692 29 0.44335 29 0.44335 12 9 7
r-390 35 0.510924 35 0.510924 4874 5214 4043
r-659 38 0.422475 38 0.422475 149317 137034 120999
r-586 25 0.22 25 0.22 162 159 102
r-169 26 0.443077 26 0.443077 1 1 1
r-991 17 0.308824 17 0.308824 1 2 1
r-388 43 0.33887 43 0.33887 1000001 1000004 1000006
r-977 22 0.519481 22 0.519481 4 3 4
r-576 12 0.166667 12 0.166667 0 0 0
r-476 31 0.0645161 31 0.0645161 0 0 0
r-798 19 0.526316 19 0.526316 3 2 3
r-219 17 0.382353 17 0.382353 1 0 0
r-984 41 0.290244 41 0.290244 423692 393866 271697
r-845 50 0.326531 50 0.326531 1000004 1000006 1000006
r-583 16 0.5 16 0.5 0 0 0
r-933 23 0.521739 23 0.521739 49 45 46
r-221 14 0.538462 14 0.538462 0 0 0
r-818 49 0.25 49 0.25 1000006 1000002 1000005
r-861 18 0.522876 18 0.522876 5 5 7
r-633 25 0.42 25 0.42 1 1 1
r-398 46 0.394203 46 0.394203 345 246 222
r-577 39 0.188934 39 0.188934 70799 95358 73828
r-439 23 0.521739 23 0.521739 23 21 17
r-395 37 0.378378 37 0.378378 12 10 7
r-144 44 0.332981 44 0.332981 1000001 1000005 1000006
r-117 13 0.512821 13 0.512821 0 0 0
r-127 20 0.189474 20 0.189474 0 0 0
r-974 15 0.47619 15 0.47619 4 3 3
r-908 38 0.234708 38 0.234708 86854 89779 54542
r-503 11 0.181818 11 0.181818 0 0 0
r-562 36 0.474603 36 0.474603 24352 21517 18505
r-744 33 0.503788 33 0.503788 640 661 486
r-602 35 0.514286 35 0.514286 2242 2288 1814
r-472 24 0.391304 24 0.391304 0 0 0
r-921 26 0.470769 26 0.470769 2 2 1
r-941 46 0.495652 46 0.495652 318114 285759 228961
r-378 39 0.472335 39 0.472335 150229 119601 93241
r-718 46 0.449275 46 0.449275 951051 867712 815936
r-808 39 0.302294 39 0.302294 1 1 1
r-555 14 0.142857 14 0.142857 0 0 0
r-865 30 0.370115 30 0.370115 7129 7113 6570
r-179 40 0.142308 40 0.142308 77367 72995 33679
r-972 27 0.262108 27 0.262108 491 518 473
r-989 43 0.13289 43 0.13289 66940 104465 98841
r-712 44 0.473573 44 0.473573 15726 14634 14941
r-310 41 0.219512 41 0.219512 0 0 0
r-877 40 0.296154 40 0.296154 166979 177384 158882
r-239 45 0.438384 45 0.438384 2421 2097 1979
r-305 35 0.480672 35 0.480672 261 240 210
r-446 19 0.491228 19 0.491228 12 9 11
r-582 29 0.246305 29 0.246305 1855 1642 1188
r-75 16 0.233333 16 0.233333 1 1 1
r-751 50 0.457959 50 0.457959 1000005 1000001 1000007
r-13 41 0.504878 41 0.504878 19158 26648 18600
r-49 46 0.507246 46 0.507246 195603 202528 151579
r-796 21 0.180952 21 0.180952 0 0 0
r-397 38 0.234708 38 0.234708 57613 42448 24085
r-233 21 0.495238 21 0.495238 3 3 3
r-646 31 0.232258 31 0.232258 0 0 0
r-885 44 0.383721 44 0.383721 43 43 46
r-35 31 0.451613 31 0.451613 4243 3491 3296
r-759 23 0.521739 23 0.521739 25 23 19
r-258 13 0.282051 13 0.282051 0 0 0
r-779 28 0.494709 28 0.494709 1061 744 550
r-795 49 0.278912 49 0.278912 1000006 1000002 1000009
r-470 27 0.461538 27 0.461538 1433 1270 1119
r-513 46 0.507246 46 0.507246 209685 274330 177198
r-457 48 0.510638 48 0.510638 281113 314707 229682
r-787 30 0.287356 30 0.287356 2495 2488 1822
r-180 42 0.344948 42 0.344948 21 17 20
r-635 14 0.362637 14 0.362637 0 0 0
r-781 30 0.48046 30 0.48046 53 43 42
r-541 26 0.443077 26 0.443077 2 2 2
r-546 27 0.0740741 27 0.0740741 0 0 0
r-628 11 0.545455 11 0.545455 0 0 0
r-435 13 0.512821 13 0.512821 0 0 0
r-982 24 0.391304 24 0.391304 162 150 145
r-592 17 0.485294 17 0.485294 8 8 8
r-554 47 0.366327 47 0.366327 1000005 1000000 1000007
r-234 16 0.233333 16 0.233333 0 0 0
r-67 23 0.442688 23 0.442688 1 0 0
r-724 15 0.47619 15 0.47619 0 0 0
r-361 42 0.176539 42 0.176539 312276 435669 183497
r-285 44 0.494715 44 0.494715 17841 18677 13038
r-794 37 0.45045 37 0.45045 115793 100513 91003
r-386 28 0.304233 28 0.304233 0 0 0
r-946 49 0.510204 49 0.510204 219671 262774 167180
r-431 43 0.245847 43 0.245847 0 0 0
r-958 17 0.514706 17 0.514706 1 0 0
r-567 39 0.302294 39 0.302294 1 1 1
r-836 16 0.125 16 0.125 0 0 0
r-9 35 0.480672 35 0.480672 1292 1020 838
r-352 34 0.370766 34 0.370766 2 2 2
r-149 30 0.404598 30 0.404598 10558 8035 5396
r-835 18 0.503268 18 0.503268 17 16 15
r-362 45 0.490909 45 0.490909 22640 19919 16393
r-417 14 0.362637 14 0.362637 1 1 1
r-629 15 0.533333 15 0.533333 0 0 0
r-283 28 0.47619 28 0.47619 2059 1646 1419
r-928 35 0.504202 35 0.504202 755 728 656
r-452 29 0.295567 29 0.295567 884 962 880
r-50 11 0.545455 11 0.545455 0 0 0
r-467 21 0.495238 21 0.495238 1 1 0
r-292 37 0.405405 37 0.405405 76410 65902 58174
r-792 44 0.332981 44 0.332981 17 14 19
r-887 20 0.394737 20 0.394737 0 0 0
r-668 13 0.384615 13 0.384615 0 0 0
r-317 33 0.306818 33 0.306818 14322 16374 14728
r-600 49 0.25 49 0.25 1 1 1
r-350 13 0.538462 13 0.538462 0 0 0
r-126 33 0.435606 33 0.435606 46 42 35
r-612 12 0.484848 12 0.484848 0 0 0
r-656 11 0.327273 11 0.327273 0 0 0
r-634 22 0.311688 22 0.311688 59 58 53
r-162 44 0.169133 44 0.169133 116368 131459 94921
r-189 23 0.521739 23 0.521739 18 18 16
r-507 18 0.366013 18 0.366013 11 9 8
r-420 39 0.512821 39 0.512821 8146 8366 6660
r-88 33 0.458333 33 0.458333 177 150 116
r-268 20 0.336842 20 0.336842 7 6 6
r-919 48 0.336879 48 0.336879 1000006 1000003 1000000
r-601 24 0.521739 24 0.521739 42 40 32
r-551 10 0.555556 10 0.555556 0 0 0
r-263 11 0.545455 11 0.545455 0 0 0
r-433 19 0.105263 19 0.105263 0 0 0
r-201 42 0.470383 42 0.470383 163276 136726 121759
r-222 42 0.511034 42 0.511034 61941 66724 44482
r-37 46 0.449275 46 0.449275 796088 924193 828022
r-216 35 0.514286 35 0.514286 3913 4138 3175
r-661 42 0.511034 42 0.511034 13818 16029 11571
r-199 30 0.517241 30 0.517241 670 667 561
r-937 36 0.0555556 36 0.0555556 0 0 0
r-369 14 0.263736 14 0.263736 0 0 0
r-756 38 0.0526316 38 0.0526316 0 0 0
r-60 29 0.46798 29 0.46798 30 27 27
r-769 33 0.477273 33 0.477273 75 67 58
r-934 32 0.120968 32 0.120968 0 0 0
r-426 28 0.388889 28 0.388889 0 0 0
r-243 34 0.508021 34 0.508021 972 1043 753
r-302 45 0.20202 45 0.20202 1000004 1000005 1000002
r-693 48 0.156028 48 0.156028 702271 1000006 1000005
r-72 35 0.329412 35 0.329412 87919 79547 62827
r-7 47 0.388529 47 0.388529 191 169 174
r-411 12 0.409091 12 0.409091 0 0 0
r-332 41 0.487805 41 0.487805 108404 89590 79983
r-685 22 0.367965 22 0.367965 48 41 36
r-660 11 0.181818 11 0.181818 0 0 0
r-620 36 0.512698 36 0.512698 9568 11463 8211
r-556 40 0.430769 40 0.430769 222032 206055 182752
r-869 11 0.509091 11 0.509091 0 0 0
r-21 33 0.306818 33 0.306818 0 0 0
r-400 31 0.511828 31 0.511828 518 504 391
r-631 12 0.545455 12 0.545455 0 0 0
r-444 24 0.463768 24 0.463768 1 2 1
r-618 19 0.280702 19 0.280702 0 0 0
r-178 23 0.474308 23 0.474308 375 297 278
r-262 19 0.491228 19 0.491228 12 10 11
r-772 48 0.467199 48 0.467199 1000002 1000003 1000001
r-749 19 0.491228 19 0.491228 0 0 0
r-319 43 0.504983 43 0.504983 69343 65373 59811
r-132 21 0.257143 21 0.257143 0 0 0
r-931 43 0.389812 43 0.389812 210 170 129
r-585 11 0.181818 11 0.181818 0 0 0
r-410 34 0.0588235 34 0.0588235 0 0 0
r-136 49 0.117347 49 0.117347 0 0 0
r-511 10 0.533333 10 0.533333 0 0 0
r-624 16 0.525 16 0.525 0 0 0
r-599 39 0.302294 39 0.302294 1 1 1
r-524 37 0.348348 37 0.348348 58247 60522 50268
r-734 50 0.509388 50 0.509388 575716 745037 486732
r-128 22 0.17316 22 0.17316 0 0 0
r-571 23 0.355731 23 0.355731 0 0 0
r-138 30 0.287356 30 0.287356 0 0 0
r-116 28 0.304233 28 0.304233 0 0 0
r-217 44 0.494715 44 0.494715 34657 27368 16645
r-746 18 0.20915 18 0.20915 0 0 0
r-364 14 0.494505 14 0.494505 0 0 0
r-432 23 0.513834 23 0.513834 14 16 22
r-489 11 0.509091 11 0.509091 0 0 0
r-710 45 0.327273 45 0.327273 4 4 4
r-2 12 0.484848 12 0.484848 0 0 0
r-97 12 0.30303 12 0.30303 0 0 0
r-837 21 0.466667 21 0.466667 0 0 0
r-942 20 0.268421 20 0.268421 0 0 0
r-450 21 0.52381 21 0.52381 25 21 15
r-5 20 0.336842 20 0.336842 8 7 7
r-638 43 0.245847 43 0.245847 0 0 0
r-842 29 0.192118 29 0.192118 0 0 0
r-844 32 0.314516 32 0.314516 12491 11544 9237
r-100 46 0.321739 46 0.321739 1000009 1000000 1000004
r-721 10 0.466667 10 0.466667 0 0 0
r-309 47 0.427382 47 0.427382 1000004 1000008 1000000
r-784 43 0.21041 43 0.21041 446693 514077 416809
r-811 22 0.52381 22 0.52381 20 16 12
r-851 28 0.515873 28 0.515873 315 308 239
r-91 27 0.501425 27 0.501425 1265 1088 948
r-495 23 0.355731 23 0.355731 0 0 0
r-826 46 0.495652 46 0.495652 45046 41020 22006
r-810 23 0.513834 23 0.513834 20 19 19
r-614 35 0.480672 35 0.480672 25071 21569 20370
r-574 39 0.472335 39 0.472335 7443 5727 4582
r-31 12 0.166667 12 0.166667 0 0 0
r-838 11 0.509091 11 0.509091 0 0 0
r-971 41 0.321951 41 0.321951 1 1 1
r-187 43 0.478405 43 0.478405 382372 339197 300039
r-864 21 0.257143 21 0.257143 8 7 6
r-355 24 0.463768 24 0.463768 350 332 334
r-587 41 0.256098 41 0.256098 433982 404244 251900
r-174 46 0.347826 46 0.347826 18 15 11
r-641 48 0.496454 48 0.496454 676234 616648 505237
r-558 22 0.415584 22 0.415584 88 70 52
r-607 49 0.306122 49 0.306122 1000009 1000006 1000006
r-171 36 0.385714 36 0.385714 57984 51942 45381
r-438 36 0.157143 36 0.157143 4617 7587 7661
r-616 30 0.331034 30 0.331034 0 0 0
r-996 16 0.4 16 0.4 0 0 0
r-897 47 0.505088 47 0.505088 230518 246805 190715
r-906 17 0.382353 17 0.382353 0 0 0
r-593 17 0.382353 17 0.382353 3 2 2
r-356 47 0.408881 47 0.408881 1000005 1000003 1000000
r-809 50 0.245714 50 0.245714 1000008 1000000 1000004
r-56 40 0.45 40 0.45 1968 1709 1885
r-114 47 0.194265 47 0.194265 1000008 1000008 1000006
r-998 44 0.494715 44 0.494715 186755 159990 143042
r-379 43 0.27907 43 0.27907 637474 786899 691504
r-38 14 0.527473 14 0.527473 0 0 0
r-771 21 0.0952381 21 0.0952381 0 0 0
r-419 10 0.533333 10 0.533333 0 0 0
r-213 20 0.336842 20 0.336842 0 0 0
r-911 30 0.45977 30 0.45977 4960 4105 3607
r-82 35 0.252101 35 0.252101 0 0 0
r-304 31 0.322581 31 0.322581 0 0 0
r-253 38 0.507824 38 0.507824 3587 3451 2567
r-466 27 0.31339 27 0.31339 705 583 444
r-25 33 0.435606 33 0.435606 14 11 9
r-900 40 0.224359 40 0.224359 204955 250157 225974
r-884 13 0.384615 13 0.384615 0 0 0
r-848 21 0.380952 21 0.380952 83 82 67
r-73 46 0.162319 46 0.162319 1 1 1
r-613 19 0.45614 19 0.45614 10 7 8
r-960 25 0.153333 25 0.153333 59 76 86
r-30 35 0.480672 35 0.480672 18690 13217 10298
r-405 37 0.513514 37 0.513514 10449 14114 9746
r-331 40 0.507692 40 0.507692 22383 24362 16201
r-41 36 0.246032 36 0.246032 57698 66241 45609
r-70 46 0.263768 46 0.263768 1000007 1000006 1000007
r-461 17 0.529412 17 0.529412 2 1 1
r-151 47 0.316374 47 0.316374 1000002 1000007 1000006
r-445 43 0.0908084 43 0.0908084 0 0 0
r-271 26 0.270769 26 0.270769 0 0 0
r-481 39 0.496626 39 0.496626 66504 60213 46297
r-993 40 0.480769 40 0.480769 3257 2307 1487
r-486 10 0.555556 10 0.555556 0 0 0
r-260 31 0.180645 31 0.180645 0 0 0
r-102 36 0.385714 36 0.385714 74900 83131 69643
r-872 32 0.352823 32 0.352823 0 0 0
r-807 15 0.342857 15 0.342857 0 0 0
r-832 16 0.125 16 0.125 0 0 0
r-655 28 0.198413 28 0.198413 67 90 99
r-267 42 0.493612 42 0.493612 9934 7771 6315
r-764 37 0.405405 37 0.405405 75662 76323 63997
r-694 19 0.51462 19 0.51462 21 19 13
r-843 43 0.13289 43 0.13289 0 0 0
r-819 28 0.0714286 28 0.0714286 0 0 0
r-406 15 0.533333 15 0.533333 0 0 0
r-812 39 0.267206 39 0.267206 307394 290893 175593
r-311 44 0.0887949 44 0.0887949 95382 153075 75549
r-763 17 0.441176 17 0.441176 3 3 3
r-608 49 0.433673 49 0.433673 1000000 1000009 1000002
r-598 11 0.545455 11 0.545455 0 0 0
r-860 13 0.461538 13 0.461538 1 1 0
r-122 19 0.19883 19 0.19883 2 2 2
r-133 14 0.263736 14 0.263736 0 0 0
r-669 10 0.466667 10 0.466667 0 0 0
r-164 38 0.512091 38 0.512091 12313 12412 8125
r-752 27 0.501425 27 0.501425 501 513 444
r-652 26 0.369231 26 0.369231 229 227 189
r-18 20 0.442105 20 0.442105 69 62 59
r-708 40 0.384615 40 0.384615 243578 227465 221278
r-66 17 0.529412 17 0.529412 4 4 5
r-800 32 0.272177 32 0.272177 0 0 0
r-81 23 0.474308 23 0.474308 142 102 103
r-927 16 0.525 16 0.525 1 1 1
r-48 35 0.292437 35 0.292437 0 1 0
r-404 45 0.480808 45 0.480808 13626 10394 8014
r-387 45 0.4 45 0.4 1000006 1000002 1000007
r-278 26 0.443077 26 0.443077 2 2 1
r-45 31 0.36129 31 0.36129 2429 2216 1910
r-269 24 0.521739 24 0.521739 48 45 34
r-948 16 0.525 16 0.525 3 3 3
r-290 17 0.382353 17 0.382353 0 0 0
r-740 22 0.484848 22 0.484848 1 1 1
r-346 43 0.245847 43 0.245847 0 1 0
r-167 25 0.453333 25 0.453333 2 2 1
r-265 19 0.51462 19 0.51462 1 1 1
r-14 50 0.428571 50 0.428571 7602 5833 5721
r-150 35 0.110924 35 0.110924 0 0 0
r-318 17 0.514706 17 0.514706 1 0 0
r-191 13 0.512821 13 0.512821 0 0 0
r-644 32 0.514113 32 0.514113 966 857 738
r-130 29 0.512315 29 0.512315 199 168 121
r-154 47 0.194265 47 0.194265 1 1 1
r-917 42 0.507549 42 0.507549 14224 16029 10072
r-1000 31 0.232258 31 0.232258 2538 2330 1815
r-961 22 0.311688 22 0.311688 0 0 0
r-774 10 0.555556 10 0.555556 0 0 0
r-110 18 0.20915 18 0.20915 0 0 0
r-649 15 0.133333 15 0.133333 0 0 0
r-202 33 0.344697 33 0.344697 10069 10471 8870
r-533 24 0.48913 24 0.48913 155 118 109
r-529 37 0.24024 37 0.24024 0 0 0
r-841 14 0.263736 14 0.263736 0 0 0
r-242 48 0.453901 48 0.453901 60394 45129 33852
r-120 31 0.503226 31 0.503226 164 191 116
r-92 34 0.213904 34 0.213904 5599 6718 11883
r-901 23 0.513834 23 0.513834 19 21 21
r-969 21 0.52381 21 0.52381 5 4 4
r-266 50 0.04 50 0.04 0 0 1
r-78 28 0.494709 28 0.494709 1385 1045 970
r-244 19 0.45614 19 0.45614 15 12 12
r-485 24 0.15942 24 0.15942 0 0 0
r-767 36 0.474603 36 0.474603 688 595 556
r-424 10 0.355556 10 0.355556 0 0 0
r-454 11 0.436364 11 0.436364 0 0 0
r-965 38 0.513514 38 0.513514 7755 9055 6942
r-978 25 0.513333 25 0.513333 9 8 6
r-451 30 0.287356 30 0.287356 0 0 0
r-630 43 0.478405 43 0.478405 443030 371599 308010
r-516 11 0.327273 11 0.327273 0 0 0
r-512 41 0.509756 41 0.509756 42858 53642 45103
r-679 13 0.512821 13 0.512821 0 0 0
r-320 32 0.120968 32 0.120968 376 328 187
r-499 14 0.494505 14 0.494505 0 0 0
r-632 30 0.434483 30 0.434483 8 8 8
r-642 25 0.22 25 0.22 0 0 0
r-663 15 0.419048 15 0.419048 1 0 1
r-416 11 0.545455 11 0.545455 0 0 0
r-747 12 0.530303 12 0.530303 0 0 0
r-959 10 0.355556 10 0.355556 0 0 0
r-64 22 0.519481 22 0.519481 60 57 47
r-935 23 0.355731 23 0.355731 0 0 0
r-57 45 0.268687 45 0.268687 1 1 1
r-653 42 0.135889 42 0.135889 84208 102279 81950
r-442 28 0.507937 28 0.507937 992 944 873
r-337 30 0.23908 30 0.23908 0 0 0
r-847 13 0.282051 13 0.282051 0 0 0
r-664 48 0.509752 48 0.509752 200543 236918 122297
r-428 39 0.504723 39 0.504723 39945 42859 34895
r-333 41 0.139024 41 0.139024 0 0 0
r-468 32 0.120968 32 0.120968 9143 10886 17523
r-540 45 0.29899 45 0.29899 1000007 1000001 1000006
r-925 23 0.403162 23 0.403162 0 0 0
r-725 41 0.095122 41 0.095122 565616 571960 158446
r-139 12 0.409091 12 0.409091 0 0 0
r-163 17 0.529412 17 0.529412 2 1 1
r-563 11 0.327273 11 0.327273 0 0 0
r-975 49 0.306122 49 0.306122 1000009 1000010 1000009
r-665 36 0.512698 36 0.512698 4680 4749 2360
r-47 38 0.14936 38 0.14936 18288 15362 5728
r-59 48 0.223404 48 0.223404 1000008 1000008 1000009
r-536 50 0.183673 50 0.183673 1000006 1000009 1000009
r-205 50 0.274286 50 0.274286 1000005 1000004 1000004
r-351 24 0.48913 24 0.48913 237 190 142
r-883 27 0.501425 27 0.501425 20 19 18
r-225 17 0.514706 17 0.514706 1 1 0
r-714 48 0.507092 48 0.507092 122869 146321 83871
r-469 42 0.135889 42 0.135889 0 0 0
r-1 33 0.503788 33 0.503788 1114 930 684
r-399 15 0.47619 15 0.47619 1 1 1
r-321 11 0.545455 11 0.545455 0 0 0
r-335 38 0.507824 38 0.507824 4123 4513 3144
r-107 19 0.409357 19 0.409357 19 17 16
r-947 45 0.29899 45 0.29899 1000009 1000002 1000005
r-643 38 0.512091 38 0.512091 10321 11935 9391
r-914 10 0.533333 10 0.533333 0 0 0
r-923 36 0.285714 36 0.285714 0 0 0
r-858 45 0.236364 45 0.236364 1000001 1000003 1000000
r-227 14 0.494505 14 0.494505 1 1 1
r-704 24 0.15942 24 0.15942 12 14 7
r-63 14 0.362637 14 0.362637 0 0 0
r-298 12 0.484848 12 0.484848 0 0 0
r-822 39 0.48583 39 0.48583 131278 112140 95892
r-619 39 0.099865 39 0.099865 21138 31964 25495
r-94 17 0.382353 17 0.382353 6 7 4
r-741 41 0.321951 41 0.321951 765501 899723 859037
r-383 28 0.137566 28 0.137566 0 0 0
r-722 39 0.302294 39 0.302294 278314 270732 220013
r-408 29 0.512315 29 0.512315 101 96 85
r-241 22 0.484848 22 0.484848 2 2 1
r-658 29 0.37931 29 0.37931 3444 3740 4233
r-518 14 0.527473 14 0.527473 0 0 0
r-939 49 0.484694 49 0.484694 1000005 1000005 1000008
r-32 37 0.24024 37 0.24024 0 0 0
r-707 37 0.45045 37 0.45045 610 432 450
r-340 13 0.512821 13 0.512821 0 0 0
r-588 36 0.157143 36 0.157143 13091 14365 8228
r-374 45 0.377778 45 0.377778 49 52 79
r-345 38 0.500711 38 0.500711 2343 2522 1823
r-943 41 0.402439 41 0.402439 57 52 47
r-140 47 0.388529 47 0.388529 323 274 243
r-898 38 0.512091 38 0.512091 20777 22842 14626
r-264 27 0.0740741 27 0.0740741 0 0 0
r-595 36 0.512698 36 0.512698 8802 10413 7819
r-514 32 0.175403 32 0.175403 1189 1647 1889
