instance n1 density1 n2 density2 mcsplit mcsplit-swapped mcsplit-smart-swapped mcsplit+f mcsplit+bigf mcsplit-b mcsplit-b-swapped mcsplit-b-smart-swapped mcsplit-nosort mcsplit-nosort-swapped mcsplit-nosort-smart-swapped
r-73 15 0.27619 38 0.28734 20 71 20 64 20 21 76 21 25 34 25
r-220 39 0.302294 23 0.320158 18309 6012 6088 18498 6184 31858 9296 9244 17922 9384 9240
r-934 28 0.312169 25 0.29 3137 3232 3259 3363 3101 5614 5441 5417 3963 4208 4198
r-948 10 0.222222 27 0.270655 0 0 0 0 0 0 0 0 0 0 0
r-853 43 0.302326 15 0.342857 208 21 19 211 20 242 21 21 188 28 29
r-64 45 0.319192 27 0.327635 100001 100007 100004 100003 100007 100004 100009 100008 100006 100001 100004
r-612 25 0.306667 25 0.306667 987 934 1003 987 850 1646 1567 1638 1282 1234 1284
r-469 13 0.397436 16 0.275 1 4 1 3 1 2 6 1 1 2 1
r-131 49 0.295918 15 0.361905 318 27 27 323 29 385 31 30 291 44 45
r-564 39 0.287449 13 0.269231 42 2 2 42 3 43 2 2 36 4 4
r-858 42 0.277584 16 0.333333 851 81 97 846 104 1156 121 118 543 303 314
r-861 48 0.296986 41 0.282927 100000 100000 100009 100008 100001 100009 100003 100002 100002 100002 100008
r-56 15 0.27619 26 0.236923 6 35 6 30 5 7 49 7 8 33 8
r-529 33 0.285985 29 0.275862 39544 29363 29678 41787 29512 71051 49923 50062 53458 41922 41881
r-593 47 0.295097 32 0.296371 100001 100007 100003 100006 100009 100001 100005 100008 100005 100002 100001
r-559 11 0.236364 50 0.315102 0 0 0 0 0 0 0 0 0 0 0
r-870 47 0.292322 10 0.222222 0 0 0 0 0 0 0 0 0 0 0
r-790 13 0.320513 32 0.318548 11 58 11 52 11 12 71 13 15 46 15
r-266 24 0.278986 24 0.289855 572 472 585 595 448 966 759 968 750 598 747
r-232 39 0.28475 30 0.305747 100006 100001 100001 100009 100005 100005 100004 100005 100002 100007 100001
r-809 19 0.350877 12 0.287879 2 1 1 2 1 2 1 1 2 1 1
r-962 41 0.262195 27 0.290598 100004 61237 61131 100003 65785 100004 93851 94570 100004 100007 100003
r-7 34 0.290553 25 0.33 11745 7010 6615 11357 7603 21408 11513 11199 10789 7143 7221
r-311 28 0.312169 42 0.29036 88574 100001 89332 100007 91689 100007 100009 100005 100007 100005 100007
r-750 48 0.31117 10 0.2 0 0 0 0 0 0 0 0 0 0 0
r-765 15 0.295238 28 0.312169 26 98 25 90 25 27 131 28 27 83 27
r-673 17 0.308824 23 0.312253 25 63 26 61 26 34 98 35 43 54 43
r-724 33 0.285985 39 0.321188 100008 100001 100003 100006 100009 100004 100008 100007 100008 100009 100004
r-771 30 0.337931 29 0.32266 14946 17778 17716 16446 15362 28385 34032 33947 13621 15039 15093
r-656 29 0.248768 20 0.294737 558 124 121 528 134 867 165 153 561 379 377
r-848 25 0.3 32 0.304435 7159 10051 7130 9966 7014 11924 18056 11772 8449 10001 8481
r-883 33 0.320076 22 0.255411 3137 1749 1768 3609 1774 5771 2742 2732 3083 2475 2512
r-825 26 0.313846 31 0.307527 7596 8220 7602 8306 7916 13129 15346 13103 7671 8097 7698
r-351 47 0.285846 30 0.266667 100005 100007 100003 100002 100001 100001 100007 100009 100007 100005 100004
r-595 28 0.309524 38 0.295875 51485 100001 51632 100005 54393 88030 100008 88126 71093 100006 71578
r-445 19 0.280702 26 0.323077 105 157 106 157 102 159 254 153 175 203 181
r-582 36 0.307937 28 0.304233 52244 33126 33536 53433 33753 98432 58470 57886 69720 45062 45392
r-805 38 0.334282 11 0.218182 0 0 0 0 0 0 0 0 0 0 0
r-401 45 0.311111 27 0.279202 100001 100007 100005 100005 100009 100004 100004 100004 100007 100002 100000
r-384 17 0.323529 32 0.292339 61 256 61 235 62 83 394 85 119 236 118
r-785 10 0.333333 19 0.292398 0 1 0 0 0 0 1 0 0 0 0
r-801 26 0.276923 25 0.313333 1972 1222 1203 1919 1227 3391 1980 2029 2096 1535 1536
r-859 17 0.213235 22 0.268398 10 14 10 14 9 14 20 13 15 27 17
r-629 15 0.219048 49 0.313776 68 366 68 358 67 64 353 64 82 256 82
r-31 30 0.291954 33 0.291667 41126 44943 41119 46771 39981 72396 82138 72210 60557 53649 60838
r-834 14 0.230769 15 0.32381 2 1 2 1 1 3 1 3 2 1 2
r-212 33 0.285985 25 0.296667 13774 6211 6226 13794 6435 23805 9770 9860 12614 10234 10052
r-665 34 0.279857 14 0.252747 25 8 8 25 9 26 8 8 21 8 8
r-276 48 0.297872 41 0.30122 100009 100008 100008 100006 100003 100004 100002 100009 100009 100000 100004
r-823 48 0.314716 37 0.294294 100007 100002 100004 100007 100009 100001 100000 100000 100002 100009 100005
r-376 26 0.267692 19 0.345029 147 54 52 142 55 259 78 79 129 110 107
r-59 12 0.348485 36 0.303175 2 30 2 28 2 2 29 2 2 17 2
r-354 42 0.311266 26 0.258462 100007 82725 82023 100003 81857 100001 100004 100001 100003 100008 100004
r-544 10 0.4 50 0.310204 0 0 0 0 0 0 0 0 0 0 0
r-110 32 0.342742 45 0.30303 100000 100004 100007 100009 100000 100002 100006 100007 100005 100009 100007
r-28 40 0.280769 18 0.326797 2980 539 542 2964 575 4814 737 721 2472 1202 1211
r-560 12 0.318182 39 0.287449 1 2 1 2 1 1 2 1 1 12 1
r-418 38 0.288762 25 0.25 23575 13438 13510 25111 13638 40297 20688 20519 29545 28711 28907
r-133 31 0.296774 48 0.308511 100006 100007 100002 100006 100005 100002 100002 100009 100000 100000 100004
r-705 36 0.307937 26 0.316923 38768 20356 20344 38445 20785 71395 34589 34521 38523 27323 27196
r-416 49 0.307823 35 0.319328 100008 100004 100009 100002 100006 100000 100006 100000 100007 100001 100000
r-412 24 0.300725 10 0.244444 3 0 0 3 0 3 0 0 2 0 0
r-684 18 0.366013 19 0.251462 13 36 14 25 14 18 60 18 15 34 16
r-508 33 0.295455 49 0.286565 100005 100007 100007 100001 100005 100004 100008 100004 100001 100006 100001
r-279 47 0.299722 16 0.208333 304 21 21 308 22 318 22 21 190 16 15
r-121 29 0.275862 16 0.258333 106 24 23 110 24 145 28 28 89 34 34
r-163 44 0.280127 27 0.310541 100003 100004 100003 100006 100005 100006 100002 100007 100008 100007 100007
r-981 47 0.296947 42 0.30662 100003 100006 100001 100004 100008 100008 100001 100008 100001 100008 100004
r-757 19 0.309942 14 0.263736 5 3 3 5 2 7 3 3 6 4 4
r-644 25 0.263333 23 0.264822 705 308 317 711 326 971 447 445 611 594 587
r-456 22 0.311688 45 0.289899 5239 26125 5290 24259 5284 7416 42865 7455 9684 10315 9679
r-415 48 0.274823 45 0.30404 100001 100009 100005 100002 100007 100008 100001 100005 100008 100002 100002
r-591 36 0.287302 21 0.342857 4620 1114 1102 4638 1158 7815 1541 1677 3764 1437 1484
r-871 40 0.303846 36 0.3 100006 100005 100000 100009 100006 100009 100001 100000 100004 100005 100001
r-630 33 0.318182 45 0.270707 100000 100007 100008 100000 100008 100005 100004 100005 100003 100000 100000
r-532 22 0.367965 25 0.283333 254 751 256 588 298 411 1388 416 498 631 492
r-542 36 0.309524 26 0.323077 38891 19662 19457 38717 19917 73097 33488 33712 39050 34556 34476
r-792 16 0.366667 15 0.27619 2 3 3 3 2 3 5 5 4 3 3
r-404 16 0.266667 15 0.2 0 1 1 0 1 0 1 1 1 1 1
r-95 33 0.276515 45 0.313131 100010 100003 100002 100001 100007 100006 100002 100007 100004 100001 100003
r-774 23 0.300395 50 0.310204 16290 80744 16217 75647 16190 23544 100010 23339 48544 75443 49133
r-865 48 0.263298 14 0.340659 359 44 44 364 46 426 52 51 255 80 79
r-228 22 0.285714 44 0.308668 12564 41993 12548 39469 12596 17797 70762 17850 20856 38122 21628
r-484 27 0.310541 15 0.409524 66 16 17 67 17 108 22 22 57 34 35
r-657 48 0.29344 15 0.314286 874 75 76 869 80 1020 83 88 660 221 227
r-762 16 0.4 34 0.319073 72 339 74 311 74 94 542 95 127 224 123
r-465 22 0.285714 15 0.247619 9 3 3 9 3 13 4 4 13 5 5
r-395 32 0.328629 11 0.345455 0 0 0 0 0 0 0 0 2 0 0
r-63 34 0.317291 31 0.303226 81810 67167 67625 90227 61185 100006 100007 100009 91301 100004 100007
r-306 24 0.318841 29 0.293103 1853 3327 1860 3113 1971 3187 6546 3122 2559 3637 2565
r-203 28 0.314815 37 0.285285 28254 71138 28046 64404 31630 47260 100002 47294 48351 71944 47882
r-440 31 0.292473 30 0.305747 55646 44856 44833 55436 43816 100007 79177 78905 65458 58446 58003
r-795 33 0.291667 35 0.322689 100007 100001 100003 100009 100000 100001 100000 100005 100005 100005 100004
r-769 26 0.301538 42 0.303136 40394 100000 40936 93710 41541 67062 100002 67475 46839 90589 46872
r-126 13 0.448718 19 0.245614 1 4 1 3 1 1 7 1 2 3 2
r-101 19 0.251462 24 0.271739 90 190 90 192 93 129 287 132 77 101 78
r-824 31 0.28172 32 0.308468 75799 43454 75246 54983 65483 100004 77075 100005 52473 50539 52818
r-168 22 0.25974 35 0.29916 2080 4849 2089 4619 2089 3064 8044 3026 2370 5276 2382
r-74 35 0.295798 15 0.266667 103 26 26 106 27 127 31 30 81 19 19
r-959 30 0.333333 25 0.356667 5792 3472 3510 5635 3442 10990 6038 6077 5692 4731 4773
r-251 50 0.296327 32 0.292339 100002 100009 100008 100004 100011 100006 100007 100006 100009 100001 100005
r-983 47 0.302498 42 0.321719 100004 100007 100003 100003 100001 100003 100007 100004 100004 100004 100002
r-761 18 0.366013 10 0.355556 1 0 0 1 0 1 0 0 0 0 0
r-816 33 0.299242 19 0.321637 978 237 236 986 245 1616 313 306 724 286 282
r-36 13 0.25641 36 0.31746 9 50 9 49 9 9 54 9 8 37 8
r-66 42 0.293844 32 0.300403 100002 100002 100004 100007 100003 100006 100004 100006 100006 100003 100003
r-419 48 0.279255 12 0.409091 36 2 2 35 2 35 2 2 27 3 3
r-782 42 0.304297 28 0.293651 100003 100003 100004 100004 100010 100006 100009 100002 100002 100006 100003
r-552 34 0.319073 13 0.320513 19 2 2 19 2 20 2 2 16 8 8
r-573 20 0.284211 30 0.321839 223 652 222 659 214 290 1005 291 422 637 427
r-719 10 0.177778 48 0.316489 0 0 0 0 0 0 0 0 0 0 0
r-129 22 0.290043 41 0.295122 6982 24341 6940 22311 7117 10910 42221 10653 11063 20494 11284
r-457 16 0.3 12 0.318182 1 0 0 1 0 2 0 0 0 0 0
r-272 22 0.329004 23 0.252964 156 367 150 272 177 232 612 233 225 334 235
r-406 32 0.314516 24 0.322464 7242 3288 3292 7332 3395 13326 5519 5461 5923 4025 4024
r-368 23 0.312253 18 0.24183 27 23 23 29 22 43 33 34 58 33 34
r-664 31 0.301075 20 0.289474 969 338 345 981 344 1656 517 508 840 420 431
r-957 18 0.313725 44 0.295983 348 2473 348 2275 354 440 3612 440 649 2250 665
r-189 26 0.301538 13 0.282051 21 3 3 21 3 25 3 3 18 8 8
r-786 31 0.339785 22 0.285714 2375 1776 1781 2558 1706 4351 2861 2942 2703 2195 2189
r-481 34 0.301248 27 0.31339 33549 20021 20051 34547 20009 61185 33587 33108 35487 26571 26927
r-990 18 0.267974 20 0.294737 26 28 25 29 24 36 42 35 30 48 30
r-687 12 0.287879 36 0.298413 3 28 3 25 3 3 27 3 5 21 5
r-918 37 0.303303 25 0.28 27204 20792 20951 27882 20857 48710 33851 33682 27191 23411 23410
r-637 10 0.444444 19 0.269006 0 1 0 1 0 0 2 0 0 1 0
r-868 39 0.322537 19 0.274854 3806 1105 1099 3951 1151 5972 1534 1523 3652 1548 1555
r-240 12 0.30303 41 0.264634 4 24 4 22 4 4 24 4 2 23 2
r-884 49 0.278061 32 0.288306 100006 100007 100007 100006 100007 100008 100008 100001 100008 100008 100009
r-69 31 0.316129 43 0.3134 100007 100001 100001 100004 100008 100002 100009 100005 100002 100000 100009
r-313 50 0.298776 28 0.256614 100002 100002 100009 100000 100001 100003 100003 100001 100006 100004 100008
r-980 42 0.311266 15 0.32381 283 36 36 267 37 326 43 42 182 47 46
r-638 48 0.294326 47 0.277521 100000 100003 100005 100002 100007 100003 100000 100008 100008 100005 100008
r-777 27 0.290598 46 0.300483 100004 100001 100004 100001 100003 100000 100001 100004 100001 100003 100002
r-320 46 0.305314 12 0.348485 7 2 2 8 2 7 2 2 2 13 13
r-512 25 0.276667 31 0.260215 3688 4983 3641 4755 4044 5772 8715 5802 4501 4861 4492
r-40 48 0.297872 17 0.286765 1390 196 198 1414 215 1763 223 222 1479 84 84
r-813 16 0.333333 44 0.320296 161 1316 159 1201 161 185 1814 189 248 1019 249
r-136 23 0.296443 13 0.24359 11 3 3 11 3 14 4 3 7 8 8
r-554 43 0.283499 33 0.30303 100004 100007 100003 100007 100005 100001 100004 100006 100005 100006 100009
r-365 32 0.304435 42 0.300813 100003 100004 100002 100003 100004 100007 100005 100004 100004 100006 100008
r-51 28 0.31746 36 0.268254 47473 100009 47541 98524 52009 80990 100001 80642 69873 100006 70700
r-697 42 0.28223 14 0.21978 26 2 2 26 2 27 1 1 2 1 1
r-821 23 0.296443 29 0.300493 1523 2730 1509 2532 1549 2416 4672 2424 2540 2920 2541
r-159 41 0.291463 11 0.327273 0 0 0 0 0 0 0 0 0 0 0
r-608 33 0.318182 31 0.294624 67236 100000 100003 76536 99722 100008 100003 100000 88155 80459 80317
r-995 41 0.273171 27 0.293447 100006 52970 53193 100007 56030 100007 84873 85727 100006 100008 100009
r-321 25 0.28 49 0.295068 41120 100003 41199 100008 41645 60337 100002 60183 80006 100009 79503
r-587 33 0.265152 18 0.346405 549 87 89 550 95 877 121 121 420 270 278
r-814 32 0.290323 45 0.284848 100004 100004 100009 100007 100001 100000 100002 100002 100003 100007 100009
r-422 21 0.314286 16 0.325 48 24 25 50 25 72 34 33 47 29 29
r-229 45 0.294949 14 0.230769 22 1 1 22 1 20 1 1 16 6 6
r-568 46 0.270531 40 0.341026 100008 100001 100008 100007 100004 100008 100001 100005 100007 100002 100007
r-114 17 0.294118 47 0.291397 262 1706 264 1565 263 318 2128 318 287 1536 291
r-451 16 0.316667 14 0.318681 2 2 2 2 2 4 2 2 3 2 2
r-511 39 0.294197 26 0.289231 61801 28718 29118 61260 29245 100002 46568 46623 56968 37292 35794
r-112 28 0.335979 15 0.27619 46 16 16 47 15 65 19 20 57 63 65
r-923 30 0.301149 39 0.307692 100004 100008 100008 100006 100008 100004 100001 100005 100005 100001 100006
r-118 26 0.289231 38 0.290185 15767 42286 15731 39532 16672 25022 73813 25115 20288 38006 20337
r-349 29 0.231527 12 0.287879 5 0 0 5 0 5 0 0 3 1 1
r-916 39 0.291498 17 0.367647 653 95 94 668 99 905 123 123 507 362 358
r-221 50 0.298776 49 0.309524 100009 100009 100006 100007 100001 100006 100001 100002 100001 100008 100004
r-164 22 0.359307 42 0.303136 9245 30648 9244 27001 9513 14292 55311 14257 15364 24514 15346
r-41 36 0.304762 48 0.304965 100001 100009 100002 100005 100003 100005 100009 100009 100006 100002 100007
r-360 47 0.298797 28 0.275132 100007 100007 100001 100000 100008 100003 100003 100004 100009 100005 100002
r-912 23 0.288538 38 0.320057 8527 18034 8423 17676 8248 13059 31406 13146 11990 17418 12001
r-341 39 0.31444 48 0.302305 100005 100000 100008 100009 100003 100004 100001 100003 100002 100001 100003
r-553 17 0.294118 48 0.296986 274 2523 271 2230 278 331 3264 321 681 1762 681
r-889 47 0.308048 37 0.28979 100001 100009 100001 100000 100007 100006 100004 100006 100002 100004 100002
r-160 43 0.305648 36 0.32381 100002 100002 100002 100001 100003 100007 100000 100008 100001 100009 100002
r-231 47 0.298797 39 0.280702 100007 100000 100002 100006 100007 100008 100002 100009 100004 100003 100000
r-195 10 0.311111 19 0.304094 0 0 0 0 0 0 0 0 0 0 0
r-474 17 0.279412 48 0.284574 403 3149 393 2916 409 471 4170 466 558 2638 557
r-969 39 0.333333 49 0.319728 100006 100003 100007 100008 100002 100004 100009 100004 100006 100008 100008
r-16 27 0.299145 46 0.284058 91299 100002 92629 100001 96734 100006 100007 100005 100003 100000 100005
r-355 14 0.263736 41 0.281707 6 83 6 74 6 7 85 6 11 71 11
r-984 47 0.293247 45 0.308081 100001 100008 100004 100003 100008 100006 100006 100001 100002 100011 100000
r-293 19 0.321637 47 0.300648 561 5162 565 4633 576 706 7635 705 1563 7220 1567
r-17 49 0.314626 38 0.307255 100002 100008 100003 100004 100009 100002 100005 100000 100003 100010 100001
r-709 22 0.341991 33 0.282197 1171 4344 1150 3655 1302 1757 7611 1774 2260 3496 2220
r-626 34 0.326203 37 0.304805 100000 100006 100001 100006 100009 100004 100001 100008 100000 100009 100000
r-219 33 0.274621 16 0.291667 238 35 36 236 36 322 42 42 148 47 48
r-142 34 0.294118 17 0.323529 330 57 57 322 59 498 74 73 313 104 105
r-779 22 0.320346 30 0.301149 1031 2431 1036 2103 1102 1628 4331 1623 1519 2176 1481
r-695 20 0.326316 16 0.316667 33 19 19 35 18 54 27 27 30 21 20
r-551 26 0.295385 29 0.305419 8959 5836 9524 5990 8660 15717 10299 15753 7082 6391 7045
r-862 14 0.274725 16 0.275 1 1 1 1 1 1 1 1 1 1 1
r-486 42 0.319396 16 0.241667 461 52 53 469 53 554 58 58 465 100 99
r-140 46 0.331401 26 0.28 100004 100001 100002 100007 100004 100005 100006 100007 100000 100008 100002
r-10 20 0.273684 39 0.288799 1058 4436 1072 4154 1077 1476 6952 1486 1967 3577 1982
r-128 38 0.314367 14 0.285714 84 43 44 82 46 87 46 46 69 9 9
r-536 24 0.300725 48 0.329787 37129 100006 36706 100002 36748 58615 100009 58333 37651 83643 38135
r-655 39 0.306343 24 0.293478 26182 9179 9223 27150 9224 45912 13771 13682 24394 19535 19556
r-929 50 0.284082 43 0.305648 100004 100001 100001 100006 100007 100001 100008 100004 100007 100007 100002
r-510 41 0.310976 49 0.303571 100008 100001 100000 100007 100003 100009 100005 100009 100002 100009 100000
r-187 21 0.280952 17 0.330882 30 12 12 31 12 50 17 17 24 20 21
r-744 49 0.319728 44 0.313953 100009 100009 100008 100002 100009 100000 100005 100009 100009 100001 100006
r-103 25 0.313333 45 0.318182 31115 96545 31500 91596 31350 51462 100003 51444 52600 100000 52497
r-576 31 0.301075 16 0.241667 158 49 49 166 54 219 62 62 123 58 58
r-506 15 0.228571 27 0.321937 18 45 19 46 19 23 62 23 35 60 35
r-843 37 0.277778 16 0.316667 296 44 44 299 46 420 54 54 290 84 84
r-399 39 0.296896 11 0.236364 0 0 0 0 0 0 0 0 0 0 0
r-207 16 0.375 27 0.2849 9 59 9 49 11 13 94 13 22 50 23
r-760 14 0.208791 37 0.274775 1 34 1 31 1 1 34 1 101 89 101
r-84 25 0.306667 47 0.283071 51765 100007 52122 100002 53513 79639 100003 78534 69801 100000 70064
r-946 23 0.351779 21 0.271429 112 225 225 135 167 180 372 376 205 219 213
r-897 13 0.333333 35 0.290756 1 14 1 13 1 1 14 2 9 14 9
r-880 48 0.288121 26 0.261538 100007 100001 100009 100005 100007 100007 100003 100001 100009 100004 100008
r-994 31 0.307527 28 0.291005 8018 11247 11313 8419 10355 14043 20015 19839 16931 10600 10514
r-108 45 0.30202 33 0.25947 100004 100004 100000 100002 100001 100001 100000 100009 100007 100005 100007
r-288 15 0.27619 50 0.309388 14 302 14 279 14 13 294 12 30 304 29
r-854 15 0.333333 36 0.322222 19 157 20 149 19 21 200 21 66 133 67
r-513 42 0.289199 26 0.307692 82795 28633 29060 82662 29928 100001 45912 45591 76227 42319 43240
r-648 22 0.25974 49 0.333333 28175 80446 27646 79586 28154 41889 100007 42455 23994 49927 24094
r-901 33 0.280303 43 0.321152 100006 100000 100000 100008 100001 100006 100006 100009 100006 100000 100004
r-67 14 0.318681 39 0.282051 16 52 16 46 16 16 52 17 25 36 25
r-895 24 0.333333 34 0.324421 7277 16013 7382 13999 7600 12172 29399 12255 9019 14694 8991
r-400 28 0.291005 11 0.309091 1 0 0 1 0 1 0 0 0 0 0
r-394 22 0.298701 24 0.311594 444 414 442 456 393 728 678 724 557 477 551
r-950 27 0.270655 42 0.259001 49755 100007 49922 100005 52297 53159 100003 53198 52410 100003 52094
r-631 19 0.333333 47 0.272895 1853 6040 1846 5477 1927 2343 8966 2311 1613 2504 1617
r-208 11 0.290909 16 0.225 0 0 0 0 0 0 0 0 0 0 0
r-562 47 0.298797 19 0.309942 5975 794 809 6015 824 9026 1053 1047 3840 1974 1991
r-170 44 0.312896 19 0.304094 5832 741 760 5890 749 8767 891 936 3596 1500 1547
r-958 31 0.260215 26 0.252308 7099 4208 4014 7280 4097 11817 6643 6696 8049 7699 7657
r-678 49 0.306973 24 0.286232 100007 48037 47937 100009 49707 100006 72601 71186 100000 100003 100004
r-566 12 0.287879 26 0.283077 1 5 1 4 1 1 5 1 1 2 1
r-926 23 0.316206 48 0.320922 43541 100000 43473 100000 43668 66410 100008 65363 89907 100003 89951
r-497 28 0.304233 24 0.293478 1883 1340 1378 1940 1235 3262 2237 2206 1352 1784 1780
r-377 15 0.238095 49 0.27381 25 189 24 172 24 25 190 25 48 127 50
r-273 21 0.27619 50 0.281633 5459 27003 5518 24560 5577 7169 39963 7109 14199 24692 14050
r-268 38 0.307255 20 0.326316 4916 1215 1213 4930 1252 8146 1732 1756 4164 1783 1786
r-533 20 0.3 34 0.320856 535 1628 528 1502 509 744 2637 758 1165 1621 1168
r-636 21 0.309524 10 0.2 0 0 0 0 0 0 0 0 0 0 0
r-314 29 0.288177 12 0.30303 8 0 0 8 1 8 1 0 5 1 1
r-244 42 0.297329 40 0.292308 100006 100000 100002 100002 100002 100000 100005 100005 100004 100002 100005
r-686 38 0.328592 23 0.284585 18120 8998 9035 18595 8976 31274 13948 13956 17760 14511 14476
r-478 43 0.293466 17 0.389706 1064 156 154 1076 164 1575 205 202 827 309 319
r-322 44 0.283298 15 0.314286 387 38 38 380 40 461 43 43 240 44 45
r-205 27 0.310541 34 0.306595 14662 19272 14617 18989 14267 25134 35726 25220 16093 21365 16040
r-727 14 0.351648 44 0.298097 5 51 5 48 5 4 52 4 6 57 6
r-722 31 0.273118 25 0.29 7397 3425 3376 7202 3528 12960 4822 4875 8531 6837 6908
r-334 26 0.350769 31 0.311828 6360 13315 6442 12337 6754 11159 26402 11206 10321 7735 10417
r-343 25 0.31 28 0.31746 3267 3259 3224 3492 3035 5487 5967 5469 3827 3738 3744
r-135 47 0.338575 38 0.290185 100009 100006 100006 100009 100001 100004 100008 100007 100007 100001 100006
r-402 45 0.292929 46 0.304348 100008 100005 100000 100004 100004 100006 100004 100005 100005 100005 100007
r-243 43 0.322259 37 0.307808 100009 100007 100009 100000 100006 100004 100002 100002 100003 100007 100004
r-14 21 0.314286 30 0.264368 645 1467 658 1305 712 969 2471 963 719 1449 701
r-623 23 0.304348 19 0.321637 226 116 115 238 117 377 179 179 205 144 140
r-75 44 0.287526 17 0.330882 2054 367 374 2109 383 2935 477 465 1128 512 523
r-446 30 0.298851 20 0.373684 935 266 271 922 291 1577 423 410 687 369 371
r-662 28 0.304233 32 0.3125 20823 23400 20919 24476 19908 36179 42488 35754 29033 27965 29007
r-453 15 0.228571 23 0.296443 3 12 3 11 3 3 15 3 3 20 3
r-157 24 0.278986 16 0.35 53 17 17 53 18 88 24 25 32 34 35
r-122 22 0.290043 40 0.319231 4319 12616 4311 11745 4286 6336 20537 6396 7998 12593 7993
r-438 40 0.30641 20 0.273684 5590 1923 1850 5793 2013 8634 2654 2656 4136 2243 2220
r-966 49 0.296769 27 0.299145 100003 100002 100003 100000 100006 100002 100003 100003 100002 100007 100004
r-305 31 0.283871 32 0.270161 72533 89931 72211 88717 71266 100001 100006 100006 80992 91524 80621
r-263 44 0.288584 41 0.271951 100004 100000 100004 100007 100009 100000 100006 100006 100009 100002 100004
r-408 18 0.333333 11 0.181818 0 0 0 0 0 0 0 0 0 0 0
r-494 42 0.283391 32 0.328629 100000 100006 100001 100005 100004 100000 100002 100009 100003 100011 100002
r-472 22 0.30303 49 0.316327 23344 72772 23514 67775 23931 34484 100004 34061 19501 46008 19417
r-913 43 0.300111 17 0.286765 1416 160 160 1427 165 1967 194 196 1071 199 194
r-154 26 0.310769 29 0.275862 2397 3858 2338 3396 2572 3836 7001 3919 4273 4598 4318
r-70 42 0.267131 25 0.33 80150 20198 20069 77819 21493 100006 30517 30590 64641 30918 31401
r-289 26 0.289231 35 0.290756 24477 48265 24347 45248 24819 39172 86902 39035 33546 48410 33618
r-952 29 0.317734 38 0.294452 52475 100001 52785 100001 54426 93562 100007 93046 75862 100008 76189
r-919 46 0.31401 17 0.360294 3545 507 507 3447 527 4796 645 632 2889 663 649
r-796 33 0.308712 14 0.263736 53 7 8 54 8 62 8 8 59 12 12
r-677 27 0.279202 24 0.322464 1791 877 872 1747 930 3310 1319 1400 1800 1305 1309
r-833 32 0.342742 24 0.289855 9811 7682 7614 10376 7304 17333 13176 12864 11961 8968 8992
r-982 20 0.3 26 0.283077 244 529 244 486 246 367 895 373 355 492 364
r-908 40 0.317949 48 0.297872 100003 100003 100009 100003 100005 100009 100000 100010 100008 100004 100009
r-927 18 0.346405 19 0.292398 15 30 15 24 14 22 51 22 10 21 10
r-541 13 0.205128 20 0.278947 2 3 2 3 2 1 4 1 2 4 1
r-413 20 0.310526 12 0.166667 3 2 2 3 2 3 2 2 4 1 1
r-466 18 0.294118 38 0.28165 186 1047 189 972 188 238 1524 232 395 893 400
r-34 14 0.307692 37 0.27027 3 26 3 26 3 4 32 4 9 31 9
r-812 40 0.292308 36 0.296825 100001 100002 100006 100007 100002 100005 100005 100004 100006 100008 100008
r-177 30 0.275862 30 0.296552 13490 26556 13304 14572 23164 23256 43531 23065 25846 30774 25835
r-666 24 0.300725 24 0.315217 974 744 961 1066 681 1712 1272 1716 980 1112 1012
r-287 32 0.322581 26 0.295385 10888 9193 9209 11524 8530 19311 15620 15828 11626 11160 11201
r-817 25 0.336667 37 0.292793 9991 31657 9923 28514 10654 16892 60485 16819 15539 22579 15563
r-337 12 0.348485 20 0.294737 0 3 0 3 0 0 4 0 1 2 1
r-24 13 0.269231 24 0.311594 2 8 2 7 2 2 10 2 3 10 2
r-119 26 0.310769 42 0.326365 64816 100009 64436 100004 63547 100008 100003 100009 69545 100004 68340
r-978 40 0.288462 19 0.304094 3643 726 724 3728 744 5739 876 865 3112 1219 1201
r-592 24 0.34058 26 0.289231 610 1545 609 1353 675 995 2876 1012 1528 1369 1535
r-383 34 0.30303 32 0.274194 100009 100001 100009 100000 100002 100005 100007 100005 100001 100004 100006
r-350 15 0.180952 35 0.297479 10 83 10 82 10 10 93 10 20 33 20
r-802 37 0.292793 18 0.326797 1389 130 127 1441 131 2141 163 169 645 476 505
r-375 48 0.312943 13 0.371795 143 11 11 146 12 152 12 12 80 9 8
r-645 50 0.297959 22 0.268398 69786 15959 16011 70651 16841 100007 22186 21031 59974 22087 22285
r-869 17 0.264706 16 0.233333 2 3 3 2 3 3 4 4 2 2 2
r-936 20 0.289474 43 0.300111 1725 6686 1660 5994 1709 2355 10630 2436 1955 5960 2011
r-909 26 0.301538 32 0.288306 10455 16093 10264 15600 10701 17245 29479 17129 11746 18176 11782
r-499 15 0.266667 34 0.304813 13 107 13 99 13 14 131 15 46 98 47
r-437 20 0.3 42 0.315912 1130 5779 1103 5360 1108 1552 9293 1554 1930 4515 1934
r-693 47 0.280296 41 0.3 100006 100006 100001 100003 100005 100009 100001 100007 100009 100008 100001
r-574 20 0.326316 41 0.291463 1632 7553 1680 6890 1677 2214 11993 2219 2757 6590 2701
r-210 45 0.309091 38 0.320057 100005 100000 100009 100003 100002 100001 100008 100008 100004 100005 100007
r-407 38 0.285917 45 0.282828 100000 100010 100001 100007 100008 100009 100008 100008 100003 100003 100007
r-928 50 0.310204 32 0.28629 100007 100000 100003 100005 100010 100007 100003 100006 100008 100007 100006
r-44 47 0.311748 14 0.285714 97 12 12 98 13 97 12 12 83 14 14
r-856 30 0.351724 41 0.270732 73996 100006 73599 100001 84886 100001 100004 100005 100009 100009 100003
r-945 39 0.318489 44 0.302326 100000 100002 100008 100004 100002 100009 100003 100006 100001 100002 100008
r-960 39 0.264507 18 0.287582 1447 192 190 1484 209 2044 241 239 1142 537 543
r-340 50 0.30449 41 0.307317 100002 100008 100002 100000 100006 100004 100005 100000 100001 100007 100004
r-259 23 0.312253 16 0.275 41 17 17 42 16 64 23 22 40 35 36
r-25 49 0.304422 41 0.345122 100009 100006 100004 100009 100007 100009 100003 100005 100009 100006 100009
r-202 13 0.371795 17 0.257353 1 2 1 1 1 1 3 1 1 2 1
r-78 29 0.320197 13 0.371795 28 6 6 29 6 37 8 8 18 8 8
r-759 15 0.285714 49 0.312925 17 147 17 140 17 18 152 18 152 171 150
r-3 25 0.303333 39 0.269906 6472 25981 6372 23647 6882 9510 45363 9592 19316 26903 19257
r-806 19 0.345029 19 0.239766 9 23 9 15 20 14 38 14 35 21 35
r-98 43 0.299003 25 0.276667 85368 32203 32633 88787 33341 100007 49244 48938 86532 41335 41410
r-526 19 0.28655 15 0.361905 13 5 5 12 5 21 7 7 6 4 4
r-233 16 0.308333 43 0.290144 34 393 34 366 35 38 466 37 99 366 99
r-600 20 0.331579 14 0.318681 15 3 3 15 3 22 4 4 12 6 6
r-370 28 0.320106 15 0.342857 57 17 17 59 17 87 22 22 35 14 14
r-503 27 0.307692 35 0.331092 15636 24791 15877 25560 15339 28652 47771 28545 21373 31538 21442
r-333 24 0.278986 47 0.305273 42918 100005 42565 100002 43391 63452 100003 63754 75040 100008 76315
r-318 30 0.305747 43 0.311185 100003 100003 100000 100006 100003 100007 100004 100003 100007 100008 100006
r-882 50 0.302041 39 0.288799 100001 100004 100010 100002 100006 100009 100002 100005 100005 100004 100009
r-15 18 0.287582 50 0.315918 534 3973 556 3700 534 665 5388 666 1262 3424 1291
r-609 48 0.304965 21 0.280952 30858 7269 7278 31329 7626 47935 10072 10025 30973 17497 17275
r-770 50 0.305306 39 0.295547 100008 100000 100000 100008 100009 100002 100008 100000 100000 100007 100005
r-65 34 0.28164 15 0.238095 43 7 8 43 8 46 7 7 29 11 11
r-461 38 0.305832 36 0.319048 100003 100006 100001 100006 100003 100005 100003 100004 100003 100002 100005
r-993 34 0.320856 32 0.284274 87358 100009 100001 100003 98063 100007 100005 100000 100002 100006 100004
r-857 24 0.311594 24 0.293478 293 363 294 312 306 478 601 479 471 614 474
r-971 47 0.298797 34 0.279857 100001 100007 100001 100006 100009 100000 100007 100002 100007 100005 100006
r-502 36 0.306349 10 0.377778 0 0 0 0 0 0 0 0 0 0 0
r-692 10 0.266667 20 0.3 0 0 0 0 0 0 0 0 0 0 0
r-659 34 0.290553 10 0.266667 0 0 0 0 0 0 0 0 0 0 0
r-309 21 0.309524 47 0.290472 4396 21859 4408 20533 4415 6068 35377 6165 12997 18016 13067
r-943 46 0.28599 13 0.217949 3 1 1 3 1 3 1 1 4 0 0
r-800 34 0.313725 48 0.289894 100004 100006 100008 100002 100002 100001 100000 100007 100005 100009 100007
r-625 37 0.315315 50 0.28898 100003 100002 100002 100004 100004 100008 100004 100003 100002 100000 100001
r-117 19 0.263158 20 0.321053 58 42 58 55 48 93 64 93 59 47 58
r-741 28 0.31746 15 0.266667 79 20 20 79 21 111 25 25 68 28 27
r-597 12 0.257576 23 0.316206 1 3 1 2 0 1 2 1 0 2 0
r-976 41 0.293902 45 0.30303 100005 100003 100003 100009 100002 100005 100002 100008 100007 100003 100003
r-387 25 0.3 30 0.328736 7531 8755 7448 9461 7340 13093 15988 13131 9775 10366 9817
r-594 48 0.300532 24 0.336957 100007 42722 42124 100007 44955 100007 65432 65661 100004 82202 71030
r-578 14 0.252747 23 0.237154 1 6 1 5 1 1 7 22 3 5 3
r-391 16 0.325 25 0.31 21 60 22 55 21 28 92 29 26 51 27
r-339 11 0.381818 15 0.304762 0 0 0 0 0 0 1 0 0 0 0
r-196 37 0.307808 12 0.272727 16 2 2 16 2 16 2 2 2 3 3
r-925 44 0.305497 15 0.4 515 85 83 525 90 762 104 106 410 116 117
r-768 28 0.296296 39 0.315789 74494 100004 73700 100001 73530 100001 100009 100006 98024 100007 98450
r-8 19 0.280702 41 0.279268 841 3979 871 3717 840 1175 5850 1141 904 3960 905
r-2 21 0.309524 26 0.283077 164 461 163 412 187 243 756 247 328 410 334
r-973 16 0.325 20 0.336842 18 23 17 19 17 26 37 26 20 25 21
r-732 11 0.381818 18 0.281046 0 1 0 1 0 0 1 0 1 0 0
r-938 11 0.436364 32 0.318548 1 11 1 9 1 1 11 1 3 6 2
r-427 22 0.281385 27 0.310541 643 690 652 697 633 1035 1131 1006 807 819 786
r-441 35 0.30084 21 0.338095 3596 1019 1041 3582 1057 6216 1565 1530 3594 1947 1947
r-720 49 0.310374 26 0.295385 100004 100007 100008 100003 100008 100007 100002 100009 100006 100008 100000
r-633 31 0.309677 19 0.315789 1657 569 577 1672 594 2806 842 859 1224 899 920
r-444 49 0.303571 21 0.280952 47348 11186 11116 47259 11581 71846 15132 15016 44987 20966 21142
r-660 40 0.302564 17 0.286765 777 112 112 773 117 1022 138 137 645 247 241
r-325 35 0.352941 12 0.318182 0 0 0 0 0 0 0 0 14 5 5
r-907 35 0.30084 40 0.289744 100006 100007 100003 100006 100006 100000 100004 100008 100001 100007 100005
r-607 25 0.283333 17 0.294118 149 43 43 149 44 229 57 57 132 52 52
r-462 40 0.302564 27 0.330484 100003 79624 80027 100002 83827 100002 100009 100002 100007 95826 82867
r-252 10 0.377778 18 0.359477 0 1 0 0 0 0 1 0 0 0 0
r-326 39 0.295547 48 0.301418 100009 100008 100003 100005 100000 100002 100009 100001 100002 100005 100006
r-424 38 0.301565 30 0.310345 100004 100009 100008 100002 100008 100001 100009 100008 100003 100009 100008
r-482 42 0.295006 43 0.292359 100002 100009 100002 100001 100003 100003 100009 100002 100002 100001 100002
r-224 33 0.293561 46 0.279227 100001 100004 100009 100004 100008 100005 100001 100003 100000 100006 100001
r-253 42 0.32288 50 0.29551 100008 100001 100002 100000 100006 100000 100005 100000 100002 100001 100004
r-681 16 0.3 43 0.290144 83 373 81 347 82 96 457 96 105 353 112
r-711 34 0.279857 45 0.317172 100000 100000 100006 100002 100005 100000 100009 100005 100008 100003 100005
r-270 14 0.351648 41 0.32561 37 256 36 235 36 41 311 39 37 180 37
r-751 45 0.283838 29 0.29064 100009 100007 100009 100002 100000 100004 100009 100009 100004 100006 100000
r-548 27 0.2849 33 0.299242 20741 16769 20689 17842 19929 33219 30444 32975 15895 19923 15660
r-775 29 0.320197 42 0.308943 100005 100007 100003 100009 100006 100002 100005 100007 100005 100004 100002
r-924 37 0.327327 34 0.2959 100001 100001 100007 100009 100008 100005 100003 100003 100000 100008 100005
r-37 11 0.254545 22 0.290043 0 2 0 1 0 0 1 0 0 0 0
r-186 36 0.284127 13 0.282051 24 1 1 24 1 25 1 1 27 29 29
r-363 26 0.313846 46 0.310145 81945 100003 82347 100007 83072 100009 100008 100009 100001 100001 100004
r-285 38 0.291607 31 0.290323 100009 100003 100004 100002 100005 100009 100007 100007 100008 100004 100001
r-162 34 0.265597 28 0.261905 23239 12133 12130 24925 11672 40793 19651 19628 22171 16721 16717
r-820 43 0.330011 15 0.32381 264 40 40 267 42 321 45 44 220 59 60
r-356 41 0.285366 45 0.289899 100007 100009 100007 100008 100000 100001 100006 100003 100009 100004 100004
r-380 18 0.346405 37 0.298799 254 1354 251 1167 260 326 2075 316 354 1082 352
r-748 39 0.300945 36 0.312698 100006 100003 100005 100003 100008 100007 100004 100007 100006 100007 100006
r-546 45 0.30404 42 0.286876 100003 100004 100001 100008 100008 100005 100001 100006 100006 100000 100002
r-699 24 0.326087 16 0.316667 49 20 20 48 19 74 27 28 49 23 24
r-480 48 0.301418 19 0.280702 6379 1303 1317 6353 1354 9053 1672 1642 6989 2708 2730
r-616 26 0.292308 30 0.321839 5361 5976 5354 6366 5113 9500 11043 9358 6082 7843 6039
r-96 40 0.289744 22 0.329004 10398 4190 4172 10447 4463 17884 6323 6359 8886 4599 4638
r-308 25 0.333333 15 0.390476 34 11 11 35 10 54 14 14 33 30 30
r-745 13 0.294872 14 0.318681 0 0 0 0 0 0 0 0 1 0 1
r-269 18 0.359477 41 0.308537 784 3294 792 3014 796 1068 5222 1073 1118 2224 1115
r-586 42 0.311266 36 0.301587 100004 100008 100002 100006 100003 100001 100007 100004 100008 100001 100004
r-841 15 0.304762 50 0.294694 73 556 73 513 75 80 628 80 32 409 31
r-77 38 0.307255 37 0.274775 100004 100009 100005 100005 100009 100004 100004 100004 100005 100000 100008
r-449 49 0.303571 32 0.300403 100000 100000 100002 100002 100003 100005 100001 100000 100006 100007 100008
r-357 47 0.299722 14 0.362637 173 30 30 173 31 195 32 33 225 31 32
