50 1 0.05 1000
50 1 0.05 1250
50 1 0.05 1500
50 1 0.05 2000
50 1 0.05 2500
10 1 0.05 3000
10 1 0.05 3500
10 1 0.05 4000
10 1 0.05 4500
10 1 0.05 5000
50 1 0.1 500
50 1 0.1 750
50 1 0.1 1000
50 1 0.1 1250
50 1 0.1 1500
50 1 0.1 2000
50 1 0.1 2500
10 1 0.1 3000
10 1 0.1 3500
10 1 0.1 4000
10 1 0.1 4500
10 1 0.1 5000
50 1 0.2 300
50 1 0.2 500
50 1 0.2 750
50 1 0.2 1000
50 1 0.2 1250
50 1 0.2 1500
50 1 0.2 2000
50 1 0.2 2500
10 1 0.2 3000
10 1 0.2 3500
10 1 0.2 4000
10 1 0.2 4500
10 1 0.2 5000
50 1 0.3 300
50 1 0.3 500
50 1 0.3 750
50 1 0.3 1000
50 1 0.3 1250
50 1 0.3 1500
10 1 0.3 2000
10 1 0.3 2500
10 1 0.3 3000
50 1 0.4 300
50 1 0.4 500
50 1 0.4 750
50 1 0.4 1000
10 1 0.4 1250
10 1 0.4 1500
50 8 0.05 1000
50 8 0.05 1250
50 8 0.05 1500
50 8 0.05 2000
50 8 0.05 2500
50 8 0.05 3000
50 8 0.05 3500
50 8 0.05 4000
50 8 0.05 4500
50 8 0.05 5000
50 8 0.05 5500
50 8 0.05 6000
50 8 0.05 6500
50 8 0.05 7000
50 8 0.05 7500
50 8 0.05 8000
50 8 0.05 9000
50 8 0.05 10000
50 8 0.1 500
50 8 0.1 750
50 8 0.1 1000
50 8 0.1 1250
50 8 0.1 1500
50 8 0.1 2000
50 8 0.1 2500
50 8 0.1 3000
50 8 0.1 3500
50 8 0.1 4000
50 8 0.1 4500
50 8 0.1 5000
50 8 0.1 5500
50 8 0.1 6000
50 8 0.1 6500
50 8 0.1 7000
50 8 0.1 7500
50 8 0.1 8000
50 8 0.1 9000
50 8 0.1 10000
50 8 0.2 300
50 8 0.2 500
50 8 0.2 750
50 8 0.2 1000
50 8 0.2 1250
50 8 0.2 1500
50 8 0.2 2000
50 8 0.2 2500
50 8 0.2 3000
50 8 0.2 3500
50 8 0.2 4000
50 8 0.2 4500
50 8 0.2 5000
50 8 0.2 5500
50 8 0.2 6000
50 8 0.2 6500
50 8 0.2 7000
50 8 0.2 7500
50 8 0.2 8000
50 8 0.2 9000
50 8 0.2 10000
50 8 0.3 300
50 8 0.3 500
50 8 0.3 750
50 8 0.3 1000
50 8 0.3 1250
50 8 0.3 1500
50 8 0.3 2000
50 8 0.3 2500
50 8 0.3 3000
50 8 0.3 3500
50 8 0.3 4000
50 8 0.3 4500
50 8 0.3 5000
50 8 0.3 5500
50 8 0.3 6000
50 8 0.3 6500
50 8 0.3 7000
50 8 0.3 7500
50 8 0.3 8000
50 8 0.3 9000
50 8 0.4 300
50 8 0.4 500
50 8 0.4 750
50 8 0.4 1000
50 8 0.4 1250
50 8 0.4 1500
50 8 0.4 2000
50 8 0.4 2500
50 8 0.4 3000
50 8 0.4 3500
50 8 0.4 4000
50 8 0.4 4500
50 8 0.4 5000
50 8 0.4 5500
50 8 0.4 6000
50 8 0.4 6500
50 8 0.4 7000
