instance n1 density1 n2 density2 mcsplit mcsplit-swapped mcsplit-smart-swapped mcsplit+f mcsplit+bigf mcsplit-b mcsplit-b-swapped mcsplit-b-smart-swapped mcsplit-nosort mcsplit-nosort-swapped mcsplit-nosort-smart-swapped
r-902 24 0.228261 24 0.67029 200186 158694 158694 250633 109411 295438 246164 246164 223072 288179 288179
r-877 24 0.753623 24 0.42029 198395 208412 208412 293632 140061 301266 324832 324832 538852 285984 285984
r-931 24 0.431159 24 0.173913 98656 273523 98656 330139 212238 155426 471407 155426 154934 406295 154934
r-254 24 0.460145 24 0.398551 1157814 1622935 1157814 1590838 1297160 1999820 2987731 1999820 1142327 1714582 1142327
r-719 24 0.601449 24 0.206522 163311 167546 163311 238948 129897 260997 243318 260997 175757 319709 175757
r-442 24 0.547101 24 0.717391 718575 1072019 718575 1232037 807786 1126936 1959374 1126936 772989 688874 772989
r-936 24 0.431159 24 0.155797 68624 256884 68624 257674 161457 97546 402863 97546 76443 290182 76443
r-303 24 0.742754 24 0.815217 427903 969804 427903 864011 788596 598250 1412099 598250 784480 985366 784480
r-612 24 0.811594 24 0.543478 298349 185476 185476 226378 252613 515694 291366 291366 307485 370186 370186
r-22 24 0.496377 24 0.561594 2313554 2387811 2313554 2642716 2190405 4042751 4163336 4042751 2758335 2549313 2758335
r-377 24 0.681159 24 0.858696 46687 320236 46687 290478 226565 65364 458290 65364 120589 981353 120589
r-53 24 0.931159 24 0.492754 681577 70879 70879 652648 52936 923073 102212 102212 287663 123721 123721
r-249 24 0.985507 24 0.742754 -1 2159079 2159079 -1 2150943 -1 2230713 2230713 -1 3020478 3020478
r-195 24 0.742754 24 0.413043 316607 283968 283968 483067 188112 470611 462958 462958 439155 329736 329736
r-634 24 0.702899 24 0.0144928 5102 74618 5102 69599 15808 9875 118786 9875 6492 73339 6492
r-25 24 0.735507 24 0.634058 1537882 825465 825465 1261608 898571 2455552 1235200 1235200 1320474 1335580 1335580
r-569 24 0.717391 24 0.23913 158529 102707 158529 178012 77019 241838 153599 241838 82186 139177 82186
r-632 24 0.923913 24 0.775362 1013217 86118 86118 630044 97924 1268294 112780 112780 956716 107220 107220
r-622 24 0.297101 24 0.405797 1564814 1549509 1549509 1362281 1624094 2782435 2550163 2550163 1322571 856438 856438
r-740 24 0.152174 24 0.369565 330680 225566 225566 259954 268068 546788 328238 328238 343952 209898 209898
r-831 24 0.286232 24 0.742754 115239 157505 115239 164202 107678 171248 231164 171248 197046 266962 197046
r-762 24 0.804348 24 0.768116 740977 449621 449621 676617 464540 1012198 609687 609687 1138091 696629 696629
r-370 24 0.996377 24 0.130435 10546 3123 3123 7733 2891 23481 7954 7954 10899 3734 3734
r-325 24 0.217391 24 0.311594 989108 361531 361531 819212 409256 1452869 529171 529171 833073 558126 558126
r-929 24 0.0289855 24 0.721014 38734 14166 14166 36012 11357 92960 22607 22607 59644 19930 19930
r-233 24 0.141304 24 0.615942 105294 59849 59849 99613 32691 160742 88974 88974 134691 76561 76561
r-883 24 0.960145 24 0.938406 -1 4332078 4332078 -1 -1 -1 4372828 4372828 -1 -1 -1
r-77 24 0.00362319 24 0.326087 -1 34246525 34246525 -1 34236337 -1 36883945 36883945 -1 10270932 10270932
r-704 24 0.514493 24 0.557971 2721011 3341002 2721011 3092773 2844973 4832918 6252220 4832918 2926582 3204892 2926582
r-636 24 0.956522 24 0.586957 1079789 63331 63331 735666 60144 1504658 77962 77962 1214726 69357 69357
r-432 24 0.192029 24 0.626812 173779 115423 115423 182772 59220 251939 191048 191048 132923 111496 111496
r-328 24 0.626812 24 0.931159 100727 1369332 100727 1255338 242940 136301 1892923 136301 95913 1268042 95913
r-856 24 0.478261 24 0.221014 165714 479339 165714 479537 371237 244315 781177 244315 290243 570013 290243
r-55 24 0.905797 24 0.800725 952036 71823 71823 557607 86488 1149456 86621 86621 2067050 775391 775391
r-306 24 0.297101 24 0.623188 235621 389361 389361 293565 264008 358808 613722 613722 688070 313617 313617
r-344 24 0.0797101 24 0.445652 830309 27891 27891 639335 25479 1186966 43426 43426 810893 158012 158012
r-959 24 0.73913 24 0.514493 975766 943051 943051 725326 1189134 1783810 1535399 1535399 648340 423341 423341
r-454 24 0.148551 24 0.0108696 26637707 -1 26637707 -1 -1 27895849 -1 27895849 -1 -1 -1
r-268 24 0.130435 24 0.963768 3672 13642 3672 11149 7955 8566 26448 8566 6805 16154 6805
r-346 24 0.0398551 24 0.384058 3303179 45669 45669 2603271 44299 4445855 57469 57469 3932147 254960 254960
r-644 24 0.565217 24 0.735507 926361 1777882 926361 1927623 1480291 1476639 3072540 1476639 1176385 1413207 1176385
r-1000 24 0.0289855 24 0.673913 158600 12276 12276 120239 10200 257565 19491 19491 156452 12390 12390
r-463 24 0.0326087 24 0.826087 17594 2536 2536 14272 1764 33723 6704 6704 18846 2956 2956
r-461 24 0.891304 24 0.438406 176090 32888 32888 139598 19858 268961 49339 49339 250166 44654 44654
r-231 24 0.695652 24 0.945652 37841 4496038 37841 3091355 481199 50253 5229687 50253 94833 5807267 94833
r-947 24 0.98913 24 0.130435 9982 1421 1421 6554 1104 18596 5918 5918 10760 1739 1739
r-81 24 0.862319 24 0.532609 390115 95154 95154 280426 138465 597741 135933 135933 499266 191140 191140
r-255 24 0.471014 24 0.996377 129986 3786156 129986 3444633 354141 162211 5134048 162211 388714 4079511 388714
r-105 24 0.528986 24 0.376812 1539841 1529658 1539841 1836944 1382982 2657270 2507715 2657270 1857346 1852538 1857346
r-912 24 0.869565 24 0.804348 113313 60408 60408 85245 78576 153209 74748 74748 232925 79889 79889
r-296 24 0.811594 24 0.362319 54778 49032 49032 56749 25261 83252 70367 70367 106348 104502 104502
r-611 24 0.931159 24 0.492754 343916 10243 10243 244295 7178 471333 16325 16325 322335 35675 35675
r-523 24 0.532609 24 0.355072 923802 1013306 923802 1033554 867463 1525764 1604231 1525764 1049077 1427324 1049077
r-220 24 0.336957 24 0.554348 514524 449420 449420 593614 329694 809362 708703 708703 624002 722761 722761
r-905 24 0.626812 24 0.724638 910232 1709015 910232 1664867 1324886 1383468 2882265 1383468 908149 1309935 908149
r-351 24 0.98913 24 0.115942 3908 1354 1354 2914 1005 10064 4719 4719 4784 1039 1039
r-953 24 0.0652174 24 0.51087 324671 32534 32534 238708 22430 485598 49767 49767 289710 67126 67126
r-827 24 0.373188 24 0.297101 1544955 2403208 1544955 2392466 2015771 2450450 4154148 2450450 1874427 1953110 1874427
r-786 24 0.235507 24 0.663043 233754 178306 178306 266249 129722 355775 275966 275966 260066 237357 237357
r-897 24 0.786232 24 0.257246 135057 104765 104765 140737 72563 208201 156808 156808 196197 145719 145719
r-960 24 0.561594 24 0.347826 1248693 1019616 1248693 1388169 919397 2036322 1563131 2036322 1552922 1761523 1552922
r-236 24 0.119565 24 0.528986 216545 74486 74486 220075 49786 275302 116522 116522 328631 157766 157766
r-213 24 0.405797 24 0.717391 525493 699898 525493 876327 524793 809540 1071702 809540 587339 964457 587339
r-421 24 0.626812 24 0.373188 672935 711012 672935 745576 556725 1055798 1115120 1055798 1049660 1057460 1049660
r-318 24 0.271739 24 0.467391 1337449 525566 525566 962222 646713 2460281 812513 812513 1103293 671888 671888
r-378 24 0.992754 24 0.626812 77974674 11357925 11357925 71070618 11353505 91219587 13069695 13069695 80529934 606264 606264
r-607 24 0.315217 24 0.217391 351050 944691 351050 794381 798184 503440 1434195 503440 529221 878324 529221
r-403 24 0.514493 24 0.601449 1968274 1242300 1968274 1359111 977922 3454101 2362495 3454101 864824 2314977 864824
r-139 24 0.0652174 24 0.615942 222073 12402 12402 159806 8453 343784 18729 18729 249110 19272 19272
r-533 24 0.76087 24 0.268116 79916 104841 104841 153870 65711 123004 170695 170695 178075 124549 124549
r-847 24 0.692029 24 0.797101 380348 894519 380348 1019505 714740 533044 1370805 533044 322044 566555 322044
r-364 24 0.753623 24 0.101449 16709 26688 16709 20935 15551 24607 49270 24607 21946 43736 21946
r-643 24 0.822464 24 0.438406 112140 61370 61370 127435 32624 173067 98553 98553 76354 67424 67424
r-217 24 0.445652 24 0.474638 3832819 3344364 3344364 4118386 3127918 7238910 6265922 6265922 3049945 3119615 3119615
r-479 24 0.789855 24 0.108696 9526 23293 9526 19706 12470 16879 38607 16879 22724 43490 22724
r-116 24 0.623188 24 0.847826 101637 450723 101637 425296 295758 138524 677820 138524 176710 501256 176710
r-685 24 1 24 0.902174 -1 6692146 6692146 -1 6692146 -1 6827480 6827480 -1 -1 -1
r-353 24 0.0978261 24 0.0217391 -1 -1 -1 -1 -1 -1 -1 -1 -1 -1 -1
r-13 24 0.0978261 24 0.195652 1051618 74907 74907 597596 81764 1232552 95621 95621 1788048 264438 264438
r-485 24 0.902174 24 0.0326087 2606 4922 2606 5324 2470 7838 9636 7838 3553 8808 3553
r-56 24 0.634058 24 0.851449 139173 425865 139173 614377 321979 201775 692368 201775 405161 713796 405161
r-650 24 0.521739 24 0.858696 39313 120835 39313 114407 96824 58045 216415 58045 121220 351270 121220
r-850 24 0.0253623 24 0.833333 17136 2539 2539 14744 1805 35714 6915 6915 11077 6942 6942
r-591 24 0.438406 24 0.913043 27337 110864 27337 110673 52943 44206 169362 44206 42144 151968 42144
r-417 24 0.695652 24 0.40942 989801 456506 456506 770633 338408 1497746 729757 729757 884081 1107744 1107744
r-869 24 0.25 24 0.293478 1826815 1336223 1336223 1852807 1407760 2896972 2036563 2036563 1784503 1731265 1731265
r-529 24 0.0507246 24 0.336957 2058502 53304 53304 1136269 48454 2531436 70049 70049 2236998 85614 85614
r-810 24 0.195652 24 0.90942 11259 21588 11259 21757 12142 17003 37422 17003 7421 12247 7421
r-571 24 0.804348 24 0.434783 445391 136111 136111 413733 95858 643908 214167 214167 314842 152302 152302
r-124 24 0.521739 24 0.746377 234537 602552 234537 462651 419623 378411 1077867 378411 225872 630066 225872
r-744 24 0.144928 24 0.481884 216348 82570 82570 154772 104388 360920 86199 86199 280209 82107 82107
r-592 24 0.134058 24 0.438406 538454 187870 187870 432242 278504 888125 272404 272404 665710 188089 188089
r-805 24 0.177536 24 0.177536 511071 463777 511071 608298 415402 649581 602566 649581 837891 1475646 837891
r-170 24 0.927536 24 0.688406 1935358 40518 40518 1235314 46039 2484845 53965 53965 3478437 80902 80902
r-633 24 0.855072 24 0.695652 402352 124658 124658 309320 167095 557801 161792 161792 296089 66032 66032
r-420 24 0.938406 24 0.880435 355736 18047 18047 66621 17797 369529 19918 19918 578181 80066 80066
r-450 24 0.978261 24 0.539855 2830389 49425 49425 2143149 48189 3888975 69229 69229 3427363 327844 327844
r-781 24 0.778986 24 0.547101 536903 239985 239985 441652 258290 970718 365421 365421 443160 316493 316493
r-66 24 0.40942 24 0.568841 818149 918284 918284 1124294 754886 1304697 1510317 1510317 890813 1090764 1090764
r-939 24 0.275362 24 0.677536 166209 204909 204909 288843 144354 243042 306719 306719 339969 239763 239763
r-662 24 0.717391 24 0.0543478 8708 26400 8708 21757 12618 8440 50216 8440 9810 33554 9810
r-986 24 0.572464 24 0.757246 440198 694246 440198 917603 545461 698666 1258545 698666 436195 538122 436195
r-977 24 0.67029 24 0.974638 65017 8461600 65017 8471446 510881 84229 10313319 84229 269932 9256723 269932
r-648 24 0.76087 24 0.655797 1253803 311893 311893 1090420 326739 2125383 495633 495633 728467 384548 384548
r-875 24 0.188406 24 0.786232 39981 59797 59797 45136 36531 59545 87140 87140 46828 46531 46531
r-210 24 0.92029 24 0.0652174 4747 6683 4747 7912 4776 9939 15091 9939 13772 12032 13772
r-649 24 0.318841 24 0.362319 2080876 1825704 1825704 2005413 1739066 3546089 2977590 2977590 1924867 1733996 1733996
r-274 24 0.688406 24 0.521739 1976738 1012067 1012067 1699365 1077348 3744322 1700656 1700656 1278202 1000286 1000286
r-234 24 0.608696 24 0.869565 55702 218939 55702 186934 131136 77505 339073 77505 83081 249301 83081
r-424 24 0.518116 24 0.181159 247751 150411 247751 175993 122646 391187 231387 391187 127644 311787 127644
r-698 24 0.652174 24 0.663043 1317526 1707045 1317526 1650797 1401756 2208921 2917797 2208921 1318978 1803398 1318978
r-108 24 0.42029 24 0.311594 682288 1321781 682288 1160258 1005541 1095821 2358182 1095821 1418529 1176007 1418529
r-867 24 1 24 0.166667 90731 45572 45572 90359 45572 141997 50847 50847 90731 7989 7989
r-598 24 0.663043 24 0.583333 1461476 1845143 1845143 1327506 1830963 2629498 3121400 3121400 1040022 1431703 1431703
r-963 24 0.721014 24 0.434783 335606 344733 344733 463549 226538 495981 546797 546797 573979 392912 392912
r-993 24 0.804348 24 0.358696 109394 94005 94005 119538 56323 156038 138898 138898 116291 97610 97610
r-229 24 0.735507 24 0.108696 27340 47927 27340 51958 34911 43189 79214 43189 32548 35894 32548
r-989 24 0.318841 24 0.561594 840351 835188 835188 1111514 556489 1299083 1403003 1403003 1238540 870514 870514
r-694 24 0.742754 24 0.626812 1482801 731720 731720 1244486 825537 2467288 1087928 1087928 1316548 828362 828362
r-17 24 0.67029 24 0.0833333 18228 47551 18228 47061 22935 28739 77770 28739 43271 38488 43271
r-142 24 0.583333 24 0.51087 2782210 2306573 2306573 2486656 2095028 5099968 3950123 3950123 2444490 2356988 2356988
r-191 24 0.608696 24 0.134058 29899 64345 29899 87573 39283 37045 101060 37045 30705 66156 30705
r-814 24 0.431159 24 0.431159 2471979 2960734 2471979 2529518 2482773 4460986 5347301 4460986 2767988 2472417 2767988
r-453 24 0.764493 24 0.942029 215262 9908351 215262 12583042 1713136 270432 11423869 270432 266439 15980785 266439
r-482 24 0.862319 24 0.344203 118217 67550 67550 124833 45780 190204 98820 98820 218776 73463 73463
r-1 24 0.242754 24 0.286232 1365623 876419 876419 1328132 903285 2096702 1306733 1306733 1250287 777170 777170
r-294 24 0.98913 24 0.0326087 570 974 974 601 769 5340 6045 6045 903 743 743
r-563 24 0.0905797 24 0.442029 552701 130779 130779 424271 166825 850384 173569 173569 976955 463158 463158
r-427 24 0.623188 24 0.503623 2855778 2103001 2103001 2859047 2182785 5437974 3614665 3614665 2482203 2644405 2644405
r-683 24 0.612319 24 0.221014 358936 325539 358936 441863 248433 553149 479966 553149 208511 235552 208511
r-18 24 0.213768 24 0.438406 612290 243220 243220 447071 348947 1058881 376441 376441 763073 298963 298963
r-671 24 0.463768 24 0.0108696 50187 6687945 50187 7609096 219295 71525 8502178 71525 99829 7484141 99829
r-336 24 0.539855 24 0.152174 46624 59167 46624 82481 48139 73742 90048 73742 45152 114165 45152
r-372 24 0.231884 24 0.0833333 204230 5310528 204230 2386413 1299793 258767 6426671 258767 638039 6324361 638039
r-396 24 0.630435 24 0.706522 1189024 1951923 1189024 1859738 1557840 1898326 3289121 1898326 1122509 1545278 1122509
r-147 24 0.184783 24 0.0905797 78278 293704 78278 208225 193669 94279 351355 94279 21140 1129368 21140
r-481 24 0.445652 24 0.105072 156235 487582 156235 517229 244206 235671 779244 235671 206775 611452 206775
r-502 24 0.300725 24 0.126812 278200 586207 278200 872141 363034 397357 792717 397357 469620 1000098 469620
r-165 24 0.92029 24 0.673913 2105575 126939 126939 1370110 136947 2854305 169724 169724 2693149 193479 193479
r-692 24 0.463768 24 0.0833333 36278 361656 36278 335533 91135 52980 533554 52980 148693 411500 148693
r-327 24 0.789855 24 0.927536 44426 2641762 44426 1128304 1443064 53923 3017537 53923 947626 4315078 947626
r-749 24 0.898551 24 0.721014 323061 36174 36174 179129 51749 425856 50426 50426 588471 77380 77380
r-462 24 0.710145 24 0.641304 714849 1276536 1276536 663113 1269633 1195900 2023846 2023846 1437247 436729 436729
r-289 24 0.894928 24 0.246377 58992 21123 21123 58988 13490 96510 31745 31745 72974 19145 19145
r-938 24 0.833333 24 0.76087 930925 406086 406086 760422 458152 1312634 531812 531812 1070333 741602 741602
r-261 24 0.0108696 24 0.242754 -1 6358394 6358394 -1 6343697 -1 6963114 6963114 -1 5719909 5719909
r-63 24 0.851449 24 0.543478 173980 88876 88876 119053 127586 282966 118299 118299 173867 229678 229678
r-615 24 0.286232 24 0.0978261 103545 575556 103545 385961 241795 145259 788119 145259 803577 835157 803577
r-136 24 0.865942 24 0.57971 310547 71663 71663 200878 109015 500514 101663 101663 513165 151612 151612
r-222 24 0.710145 24 0.268116 205635 180450 205635 233819 146100 329356 276244 329356 285887 192660 285887
r-765 24 0.445652 24 0.514493 2086170 2215351 2215351 2513853 2034253 3582996 3810097 3810097 2331143 2391233 2391233
r-682 24 0.224638 24 0.862319 31445 32282 31445 41345 22447 47270 52503 47270 38271 45680 38271
r-157 24 0.275362 24 0.844203 64326 42617 64326 84167 31941 97743 66510 97743 82951 30573 82951
r-199 24 0.336957 24 0.655797 404990 324901 324901 426728 283824 617806 470494 470494 368919 391104 391104
r-141 24 0.963768 24 0.195652 10972 1845 1845 9468 1171 25723 5520 5520 14964 4512 4512
r-990 24 0.724638 24 0.876812 95286 1149478 95286 618341 659642 129302 1491271 129302 161157 2179297 161157
r-62 24 0.431159 24 0.974638 12399 517701 12399 360716 62658 21598 718628 21598 20114 500802 20114
r-200 24 0.224638 24 0.115942 35859 371432 35859 233843 286943 45341 485005 45341 44386 382748 44386
r-429 24 0.931159 24 0.648551 609317 19542 19542 324239 18704 863268 27643 27643 686451 68593 68593
r-906 24 0.942029 24 0.0289855 610 1044 610 790 712 4826 5339 4826 1032 1819 1032
r-526 24 0.644928 24 0.605072 1262725 1179561 1179561 1159016 1024539 2200026 1944304 1944304 1267657 1124406 1124406
r-67 24 0.177536 24 0.681159 168127 123613 123613 170972 78160 255436 194863 194863 151866 179379 179379
r-218 24 0.181159 24 0.5 366091 167938 167938 278537 213984 657728 258958 258958 331324 229487 229487
r-807 24 0.0724638 24 0.235507 1359484 106717 106717 752123 117848 1651425 122355 122355 1178360 266389 266389
r-73 24 0.601449 24 0.543478 2487540 1483502 1483502 2789954 1392730 4675044 2645288 2645288 3220501 1732695 1732695
r-223 24 0.0507246 24 0.891304 5001 1330 1330 2390 992 10747 5247 5247 5684 3038 3038
r-519 24 0.666667 24 0.0398551 5427 72371 5427 104481 19816 10012 113303 10012 11805 70881 11805
r-270 24 0.963768 24 0.141304 4915 1789 1789 4180 1036 10834 5398 5398 3725 2503 2503
r-787 24 0.144928 24 0.742754 36294 9794 9794 34495 6494 59621 15004 15004 28346 19221 19221
r-312 24 0.536232 24 0.0108696 14773 1091665 14773 884041 119441 23741 1750268 23741 16391 1281519 16391
r-311 24 0.351449 24 0.775362 121498 139042 121498 136937 96407 151557 206814 151557 156713 194907 156713
r-946 24 0.130435 24 0.481884 110799 102165 102165 84067 133604 193886 154262 154262 168221 59537 59537
r-82 24 0.130435 24 0.275362 1790915 194371 194371 1288901 289829 2301651 248012 248012 2863518 840262 840262
r-196 24 0.231884 24 0.786232 61719 100612 61719 96237 62027 94263 155015 94263 80723 106203 80723
r-207 24 0.507246 24 0.427536 3303404 2349178 3303404 3628087 2092271 5965886 4113973 5965886 2527033 3049795 2527033
r-639 24 0.474638 24 0.00724638 421840 9531431 421840 12515690 334891 493800 13347977 493800 2212816 10891171 2212816
r-659 24 0.115942 24 0.384058 251058 39277 39277 147848 53544 374108 55220 55220 232115 38834 38834
r-24 24 0.949275 24 0.992754 4580589 -1 4580589 -1 -1 4586334 -1 4586334 -1 -1 -1
r-365 24 0.51087 24 0.369565 1498736 1372275 1498736 1793374 1170297 2449707 2246024 2449707 1255406 1724211 1255406
r-181 24 0.753623 24 0.137681 7756 29236 7756 19256 13784 11996 49294 11996 15397 36307 15397
r-130 24 0.152174 24 0.717391 49766 50840 50840 71081 25398 77082 79063 79063 41101 35500 35500
r-923 24 0.474638 24 0.804348 309277 585143 309277 519868 481744 466270 868045 466270 300344 889328 300344
r-894 24 0.949275 24 0.293478 32772 7065 7065 26313 3811 71264 10391 10391 29824 16048 16048
r-371 24 0.677536 24 0.956522 60613 19929504 60613 14129167 1251675 87098 23306629 87098 1598177 28011218 1598177
r-808 24 0.532609 24 0.583333 3022981 3633212 3022981 3620040 3018089 5283591 6762699 5283591 2939033 3257928 2939033
r-663 24 0.797101 24 0.336957 214773 70116 70116 172680 45292 327301 100439 100439 244594 133141 133141
r-438 24 0.615942 24 0.663043 1873076 2424077 1873076 3323497 2002703 3231408 4300672 3231408 1207256 1377659 1207256
r-93 24 0.815217 24 0.264493 120548 90165 90165 150878 62894 181852 143721 143721 63069 77198 77198
r-369 24 0.344203 24 0.945652 9719 75064 9719 65667 27493 16367 127663 16367 12891 83863 12891
r-680 24 0.449275 24 0.235507 414614 832225 414614 1037613 677680 640410 1431562 640410 754224 989149 754224
r-470 24 0.963768 24 0.0942029 4966 658 658 3703 540 10464 4627 4627 6952 1441 1441
r-464 24 0.572464 24 0.246377 567157 592129 567157 663007 509458 903384 863055 903384 755370 924371 755370
r-701 24 0.0942029 24 0.76087 51832 28319 28319 49396 17536 84951 44850 44850 88457 26767 26767
r-326 24 0.235507 24 0.699275 124738 145813 145813 151793 83447 181401 223690 223690 209439 185711 185711
r-400 24 0.282609 24 0.811594 83562 92022 83562 131788 60925 108843 141215 108843 32872 81882 32872
r-826 24 0.141304 24 0.851449 10282 12884 12884 15741 8654 18149 24230 24230 20574 14725 14725
r-443 24 0.0543478 24 0.380435 1566001 40552 40552 855099 46750 2047432 60279 60279 2266940 91071 91071
r-697 24 0.902174 24 0.391304 40517 23604 23604 31078 9711 77252 37613 37613 47575 44911 44911
r-446 24 0.199275 24 0.706522 124821 80785 80785 131110 41679 182461 125310 125310 133170 87774 87774
r-854 24 0.931159 24 0.485507 463366 37564 37564 121072 22131 652138 60232 60232 186609 148141 148141
r-556 24 0.554348 24 0.297101 745445 748912 745445 1001457 662606 1212172 1135560 1212172 900986 1064800 900986
r-337 24 0.927536 24 0.17029 18062 4264 4264 13619 2322 31643 7905 7905 12899 5634 5634
r-478 24 0.0833333 24 0.416667 346718 51504 51504 264364 60011 505240 59242 59242 482403 37939 37939
r-817 24 0.536232 24 0.952899 23763 2030853 23763 1873093 213455 35168 2752896 35168 40142 2227944 40142
r-673 24 0.0615942 24 0.561594 180855 13158 13158 130891 6851 255685 22417 22417 163133 28367 28367
r-121 24 0.0217391 24 0.126812 -1 551606 551606 -1 548421 -1 574551 574551 -1 -1 -1
r-113 24 0.0543478 24 0.514493 648668 47408 47408 433096 37453 941121 70157 70157 671489 94815 94815
r-416 24 0.15942 24 0.26087 576999 139036 139036 414708 150362 795830 195626 195626 587466 162012 162012
r-530 24 0.173913 24 0.452899 361730 93413 93413 254731 109007 600232 135499 135499 461773 149214 149214
r-84 24 0.981884 24 0.619565 7219221 50240 50240 4830591 46582 8933217 75147 75147 6903322 169585 169585
r-943 24 0.155797 24 0.884058 15732 25300 15732 17895 15898 24004 34232 24004 18849 23508 18849
r-145 24 0.311594 24 0.105072 167273 1256228 167273 1142008 484087 231391 1683252 231391 148529 1433133 148529
r-159 24 0.688406 24 0.126812 22097 47595 22097 56608 38506 33924 74694 33924 30325 67380 30325
r-881 24 0.822464 24 0.554348 301057 224877 224877 230183 271043 507262 331157 331157 367380 180896 180896
r-413 24 0.0833333 24 0.623188 85818 30935 30935 80306 17195 131720 47661 47661 91530 59625 59625
r-228 24 0.630435 24 0.253623 149905 282554 149905 243333 173858 223446 148084 223446 98220 358259 98220
r-162 24 0.134058 24 0.199275 282782 122096 122096 237239 152941 359607 150945 150945 136145 38771 38771
r-288 24 0.721014 24 0.568841 1734786 859784 859784 1474174 960643 3092784 1382264 1382264 1484537 1265141 1265141
r-61 24 0.706522 24 0.84058 700626 1427999 700626 1553486 1102843 678399 2049306 678399 557804 1598025 557804
r-524 24 0.735507 24 0.807971 251632 610429 251632 592436 502332 354798 899727 354798 405147 631792 405147
r-246 24 0.833333 24 0.481884 215261 143193 143193 277042 93123 332636 219904 219904 189417 76974 76974
r-718 24 0.887681 24 0.594203 277301 83744 83744 197308 115453 452150 124463 124463 343148 81772 81772
r-260 24 0.235507 24 0.583333 220413 173428 173428 247080 85623 318543 280290 280290 483253 107714 107714
r-174 24 0.822464 24 0.873188 60160 93610 60160 106073 68777 73580 124045 73580 3580495 77854 3580495
r-608 24 0.942029 24 0.626812 1323489 26604 26604 854094 25037 1818274 39717 39717 1659474 58687 58687
r-537 24 0.413043 24 0.949275 19813 338106 19813 255174 59369 31180 523253 31180 46573 162890 46573
r-543 24 0.271739 24 0.561594 269595 321087 321087 391978 210436 385455 522955 522955 233727 210324 210324
r-940 24 0.195652 24 0.315217 590669 196639 196639 436581 255120 964324 286278 286278 934995 476886 476886
r-933 24 0.836957 24 0.967391 1151836 -1 1151836 -1 235089675 1171279 -1 1171279 4249475 -1 4249475
r-995 24 0.0108696 24 0.880435 6964 1091 1091 5691 796 15795 5532 5532 7478 2310 2310
r-545 24 0.804348 24 0.144928 21513 30895 21513 24292 16179 33938 45480 33938 26564 33214 26564
r-46 24 0.0688406 24 0.692029 61088 11589 11589 29890 5334 67725 19381 19381 31323 27140 27140
r-961 24 0.268116 24 0.0108696 130380 -1 130380 -1 54318723 100517 -1 100517 125275203 -1 125275203
r-747 24 0.971014 24 0.199275 31544 2275 2275 24567 1765 55949 6444 6444 30655 6431 6431
r-686 24 0.0289855 24 0.300725 157518645 491577 491577 80608490 486724 182411351 538837 538837 181294180 4183407 4183407
r-753 24 0.00362319 24 0.608696 433671 28842 28842 353577 27948 575321 36656 36656 446773 70424 70424
r-342 24 0.673913 24 0.717391 1514557 829622 1514557 1441923 718782 2314576 1307210 2314576 797553 1490659 797553
r-489 24 0.268116 24 0.148551 499059 1155390 499059 1329810 784794 671233 1648074 671233 317440 699917 317440
r-23 24 0.807971 24 0.782609 346289 467081 467081 319242 441847 469273 631837 631837 712483 315045 315045
r-160 24 0.992754 24 0.5 3325193 19432 19432 2599778 19035 4602970 38172 38172 3746287 78715 78715
r-266 24 0.333333 24 0.163043 340753 1035689 340753 1169312 672817 499467 1595728 499467 352299 999756 352299
r-247 24 0.572464 24 0.811594 246150 346488 246150 505843 272907 371517 659415 371517 190157 265707 190157
r-746 24 0.688406 24 0.112319 23743 40693 23743 36060 26663 36288 69962 36288 25496 55323 25496
r-401 24 0.336957 24 0.141304 183648 550151 183648 748291 401796 275267 885428 275267 175991 798696 175991
r-132 24 0.0471014 24 0.0978261 -1 13878064 13878064 -1 13903459 -1 13972402 13972402 -1 4264312 4264312
r-699 24 0.0688406 24 0.355072 739466 4355 4355 326211 4190 918947 6540 6540 2437093 39098 39098
r-770 24 0.0108696 24 0.40942 16209416 498492 498492 11724167 491090 20962107 561403 561403 16211290 527679 527679
r-717 24 0.793478 24 0.597826 1378185 665765 665765 1029520 773764 2236189 996924 996924 1662716 713095 713095
r-466 24 0.235507 24 0.706522 129471 114065 114065 150514 66248 192091 176557 176557 164964 130548 130548
r-614 24 0.268116 24 0.818841 28239 61314 28239 38080 38779 39382 91775 39382 51941 82424 51941
r-656 24 0.554348 24 0.84058 173697 254701 173697 301352 173201 251800 418264 251800 143377 404385 143377
r-497 24 0.0289855 24 0.442029 4258986 35881 35881 2973193 35834 5800951 49634 49634 4529870 814647 814647
r-4 24 0.423913 24 0.452899 2785344 2850678 2850678 2717181 2416131 5064307 5117629 5117629 2786431 3010550 3010550
r-984 24 0.257246 24 0.655797 187750 160879 160879 179448 103639 295884 240401 240401 293369 222015 222015
r-21 24 0.351449 24 0.630435 744410 634741 634741 747387 522267 1173167 944618 944618 987657 643723 643723
r-300 24 0.0108696 24 0.134058 -1 6413060 6413060 -1 6396301 -1 6330402 6330402 -1 -1 -1
r-922 24 0.887681 24 0.532609 335679 75607 75607 257759 83332 527104 109438 109438 560401 232674 232674
r-950 24 0.0144928 24 0.869565 4183 899 899 3185 694 11720 4821 4821 5013 1185 1185
r-435 24 0.786232 24 0.84058 637690 467150 637690 954376 407110 805704 655604 805704 453069 600158 453069
r-690 24 0.923913 24 0.768116 2466726 35469 35469 1342273 33504 2787585 39483 39483 4880173 105126 105126
r-916 24 0.213768 24 0.721014 68182 53898 53898 73273 32636 104975 81977 81977 85709 81859 81859
r-214 24 0.525362 24 0.807971 303710 292948 303710 419911 239068 491562 543580 491562 268690 336616 268690
r-572 24 0.351449 24 0.597826 639000 926853 926853 1121529 671649 968780 1550408 1550408 909694 1073335 1073335
r-298 24 0.967391 24 0.242754 62723 5375 5375 49453 4162 102985 10742 10742 79484 8606 8606
r-870 24 0.898551 24 0.210145 19257 10858 10858 13591 4623 32349 18604 18604 15254 23529 23529
r-134 24 0.0434783 24 1 1126 5377 1126 5213 2977 6373 13168 6373 2254 5377 2254
r-604 24 0.456522 24 0.57971 1656288 1281716 1656288 1704849 1204421 2869089 2073133 2869089 1894618 1722776 1894618
r-510 24 0.333333 24 0.221014 439987 847999 439987 1063727 668729 645276 1367210 645276 292504 771298 292504
r-720 24 0.938406 24 0.00724638 554 4498 554 4397 2332 5160 11168 5160 1144 3242 1144
r-3 24 0.0905797 24 0.724638 40407 19795 19795 37573 10892 68234 29423 29423 73250 32672 32672
r-660 24 0.608696 24 0.916667 73656 1327298 73656 1116222 288561 103913 1885628 103913 88781 1764689 88781
r-376 24 0.177536 24 0.974638 814 14338 814 7830 5679 4380 29511 4380 4897 8961 4897
r-374 24 0.231884 24 0.913043 17885 40412 17885 41979 19825 27556 65924 27556 16839 40398 16839
r-253 24 0.847826 24 0.960145 58354 29465239 58354 21042374 6932746 69375 30698045 69375 76676 -1 76676
r-580 24 0.123188 24 0.336957 204919 29126 29126 131074 44927 297409 42765 42765 304463 63959 63959
r-703 24 0.974638 24 0.938406 -1 4293850 4293850 -1 4293826 -1 4299314 4299314 -1 -1 -1
r-846 24 0.152174 24 0.539855 302879 86302 86302 264617 59528 441990 130114 130114 310502 146310 146310
r-802 24 0.655797 24 0.26087 224259 238798 224259 262589 201073 354338 352847 354338 258550 524369 258550
r-360 24 0.811594 24 0.297101 43859 116764 116764 59312 72999 68353 182996 182996 86467 113922 113922
r-9 24 0.967391 24 0.746377 124101376 319989 319989 73234136 314090 144406826 366862 366862 129202685 10850674 10850674
r-375 24 0.652174 24 0.539855 2497866 1586470 1586470 2208492 1581164 4620387 2602162 2602162 1949938 1784836 1784836
r-745 24 0.391304 24 0.956522 23300 143196 23300 125631 48858 35378 215868 35378 20190 60026 20190
r-536 24 0.347826 24 0.0688406 63599 530893 63599 437364 141798 86530 767020 86530 58263 587697 58263
r-845 24 0.913043 24 0.528986 160184 20894 20894 111346 23950 255307 29071 29071 167071 39483 39483
r-277 24 0.746377 24 0.0326087 3132 22695 3132 14325 11162 7450 44967 7450 12277 28649 12277
r-602 24 0.836957 24 0.894928 16553 75983 16553 58678 59891 20373 89885 20373 8579 70421 8579
r-534 24 0.181159 24 0.0471014 419691 -1 419691 269740947 48592228 456313 -1 456313 354995 -1 354995
r-842 24 0.152174 24 0.644928 59807 60660 60660 114496 27108 95804 97794 97794 89257 56719 56719
r-373 24 0.927536 24 0.862319 33395 1235 1235 21129 1472 36779 1221 1221 83762 6164 6164
r-299 24 0.876812 24 0.0615942 7815 4865 7815 5769 3023 14512 9645 14512 8922 10628 8922
r-769 24 0.344203 24 0.413043 1503328 1099347 1099347 1309329 1066753 2693929 1863692 1863692 1149277 922681 922681
r-898 24 0.0797101 24 0.0326087 7818 -1 7818 -1 76313928 8381 -1 8381 17884 -1 17884
r-583 24 0.369565 24 0.615942 1009867 746521 746521 1037855 608099 1650360 1177828 1177828 1082398 758221 758221
r-674 24 0.572464 24 0.789855 192788 700347 192788 571298 524300 277293 1106701 277293 259998 623994 259998
r-227 24 0.90942 24 0.518116 151933 42349 42349 99802 56029 268800 66047 66047 167424 90732 90732
r-41 24 0.753623 24 0.112319 22305 29910 22305 39306 20354 37957 46147 37957 23447 29625 23447
r-112 24 0.956522 24 0.181159 14093 2606 2606 7900 1467 27567 6581 6581 13101 3199 3199
r-919 24 0.188406 24 0.626812 182968 96488 96488 151073 48440 278004 152936 152936 200222 108131 108131
r-578 24 0.456522 24 0.876812 38104 314576 38104 280692 138373 58694 483854 58694 46183 310446 46183
r-564 24 0.612319 24 0.554348 1278499 1568022 1568022 1321566 1466208 2309939 2680067 2680067 1016098 1510146 1510146
r-79 24 0.0326087 24 0.130435 -1 65429 65429 -1 63575 -1 66650 66650 -1 6837821 6837821
r-128 24 0.0507246 24 0.253623 7091591 193914 193914 3835038 194926 8513112 257110 257110 9291336 156649 156649
r-991 24 0.561594 24 0.0362319 15777 438272 15777 418299 71977 22632 643781 22632 43822 475177 43822
r-837 24 0.626812 24 0.539855 2910893 1901902 1901902 2688613 1830464 5519610 3327130 3327130 2227967 2242381 2242381
r-736 24 0.992754 24 0.26087 25759 6864 6864 22748 6325 62977 12412 12412 29151 11134 11134
r-361 24 0.913043 24 0.384058 77257 9116 9116 47697 4538 117446 13836 13836 60738 22356 22356
r-560 24 0.137681 24 0.547101 196247 75375 75375 180000 49642 284719 114598 114598 218250 88626 88626
r-335 24 1 24 0.985507 -1 587500 587500 -1 587500 -1 588155 588155 -1 -1 -1
r-45 24 0.641304 24 0.811594 253214 568335 253214 710227 454761 368502 915696 368502 349830 752792 349830
r-133 24 0.594203 24 0.402174 1027096 961344 1027096 1426164 863353 1658563 1559123 1658563 987608 901098 987608
r-59 24 0.481884 24 0.800725 200441 313675 200441 399236 263790 307089 455766 307089 360966 242619 360966
r-476 24 0.576087 24 0.90942 34818 344723 34818 356997 108559 47681 495440 47681 190590 460056 190590
r-661 24 0.123188 24 0.797101 23063 16281 16281 19820 10306 37168 25178 25178 29880 15383 15383
r-830 24 0.855072 24 0.347826 53259 31646 31646 46850 16089 84609 51391 51391 56543 37800 37800
r-499 24 0.985507 24 0.753623 -1 27016276 27016276 -1 26734537 -1 29818533 29818533 -1 45834913 45834913
r-542 24 0.460145 24 0.188406 316810 724639 316810 802645 555907 495616 1244434 495616 396655 871503 396655
r-948 24 0.561594 24 0.731884 754148 697992 754148 1053827 569076 1212876 1241085 1212876 507823 738043 507823
r-824 24 0.0362319 24 0.15942 15350490 33807 33807 7330124 33020 15691648 27273 27273 -1 47783 47783
r-957 24 0.0942029 24 0.753623 27068 29631 29631 36886 16736 48234 45825 45825 22211 24226 24226
r-367 24 0.996377 24 0.195652 44936 6255 6255 43968 6007 94649 11512 11512 48296 7092 7092
r-426 24 0.228261 24 0.0652174 48431 9649751 48431 6436596 1885605 61379 11132577 61379 698399 8842437 698399
r-494 24 0.199275 24 0.101449 69762 997431 69762 729024 489692 90934 1251436 90934 193039 926452 193039
r-792 24 0.594203 24 0.391304 1561763 1354060 1561763 1889269 1237964 2553787 2118108 2553787 1665966 1961190 1665966
r-177 24 0.818841 24 0.0289855 3852 13444 3852 11471 6498 8097 28760 8097 4608 15181 4608
r-727 24 0.619565 24 0.550725 2719003 2091655 2091655 2658828 1936379 5050800 3604459 3604459 2794625 2167969 2167969
r-625 24 0.836957 24 0.478261 145854 53504 53504 137290 34541 226845 82191 82191 218677 103943 103943
r-185 24 0.355072 24 0.594203 510030 913163 913163 568439 765219 789685 1457655 1457655 697273 423546 423546
r-363 24 0.934783 24 0.525362 606838 124762 124762 460673 129413 927750 191060 191060 777172 251520 251520
r-163 24 0.913043 24 0.644928 1331861 61563 61563 607314 84436 1794871 83879 83879 1555414 56887 56887
r-472 24 0.942029 24 0.206522 41310 4017 4017 26502 1944 66645 8131 8131 28250 5992 5992
r-109 24 0.365942 24 0.105072 39998 570509 39998 401405 204653 53519 781062 53519 31896 648183 31896
r-60 24 0.148551 24 0.00362319 -1 -1 -1 -1 -1 426933852 -1 426933852 -1 -1 -1
r-558 24 0.57971 24 0.615942 1236386 2164647 1236386 1835809 1749555 2122135 3958824 2122135 1335384 1166161 1335384
r-437 24 0.445652 24 0.264493 855705 2024055 855705 1880724 1433641 1386593 3791025 1386593 1186187 1332177 1186187
r-751 24 0.130435 24 0.311594 430357 93506 93506 268586 123248 613499 129939 129939 586564 304250 304250
r-498 24 0.40942 24 0.0869565 132270 2155106 132270 2197296 480238 179128 2930541 179128 2094075 2425584 2094075
r-710 24 0.278986 24 0.858696 36860 45677 36860 50170 34090 56855 73469 56855 44750 43995 44750
r-535 24 0.612319 24 0.594203 3586742 3643611 3643611 4041402 3360245 6455836 6391123 6391123 3197560 3283254 3283254
r-444 24 0.431159 24 0.123188 91050 273115 91050 302079 147496 130934 432066 130934 68145 369681 68145
r-640 24 0.492754 24 0.00724638 112381 19381628 112381 23299296 700347 128397 22857449 128397 174313 21743606 174313
r-997 24 0 24 0.0869565 -1 -1 -1 -1 -1 -1 -1 -1 -1 -1 -1
r-2 24 0.960145 24 0.0942029 4831 2222 2222 4833 1288 11812 6381 6381 4897 2003 2003
r-731 24 0.811594 24 0.59058 373334 109263 109263 295639 137510 612964 149963 149963 340662 126861 126861
r-552 24 0.195652 24 0.82971 22444 26112 22444 32605 19631 31174 42029 31174 18183 34847 18183
r-418 24 0.518116 24 0.0797101 19669 266924 19669 96840 75310 33092 385476 33092 42163 179049 42163
r-793 24 0.358696 24 0.76087 160285 188660 160285 241373 134469 242845 287854 242845 117511 220847 117511
r-772 24 0.855072 24 0.768116 403621 58858 58858 208290 65996 525823 79599 79599 419630 160933 160933
r-31 24 0.452899 24 0.891304 39780 164041 39780 170543 65132 58076 244307 58076 25530 80927 25530
r-999 24 0.949275 24 0.858696 113027606 2632177 2632177 77199837 2621558 121457990 2898820 2898820 72815269 3071500 3071500
r-755 24 0.188406 24 0.927536 7490 17868 7490 16564 9505 12685 31352 12685 9103 15592 9103
r-362 24 0.576087 24 0.601449 2359771 2756410 2359771 3196896 2261283 4204222 5083677 4204222 1430226 2691868 1430226
r-28 24 0.438406 24 0.275362 689045 1472951 689045 1361739 1088627 1085244 2626077 1085244 765586 1127604 765586
r-944 24 0.0507246 24 0.858696 13912 5481 5481 10474 2448 23795 10282 10282 8379 4699 4699
r-171 24 0.478261 24 0.184783 128958 193590 128958 373915 154242 194723 347369 194723 74244 344027 74244
r-714 24 0.195652 24 0.724638 105035 96758 96758 114676 54781 159445 147177 147177 189852 116256 116256
r-315 24 0.630435 24 0.942029 79986 6572178 79986 5006105 611536 112368 8285404 112368 126838 6713585 126838
r-998 24 0.384058 24 0.137681 96125 411271 96125 372412 226015 133965 604911 133965 235429 487566 235429
r-314 24 0.721014 24 0.811594 149497 363107 149497 325455 311545 212412 526054 212412 356861 715322 356861
r-562 24 0.192029 24 0.601449 169520 161517 161517 171540 103862 255299 243532 243532 199036 98290 98290
r-271 24 0.851449 24 0.148551 30092 25980 30092 29873 16566 42968 38363 42968 18180 18583 18180
r-35 24 0.293478 24 0.101449 24857 192648 24857 116899 118914 28519 245125 28519 32216 431254 32216
r-945 24 0.76087 24 0.0181159 4318 45319 4318 30552 12705 9009 80409 9009 24421 48855 24421
r-474 24 0.315217 24 0.586957 541221 498259 498259 629714 406829 827459 775472 775472 786927 691384 691384
r-528 24 0.550725 24 0.884058 117030 285247 117030 316136 188609 173637 474337 173637 121663 456369 121663
r-695 24 0.605072 24 0.858696 161961 639433 161961 590134 390779 231721 1039132 231721 246990 817797 246990
r-151 24 0.782609 24 0.0942029 10400 17885 10400 15119 9583 15769 33854 15769 10150 23756 10150
r-516 24 0.0797101 24 0.681159 41150 20674 20674 44385 10648 68822 33376 33376 23191 16413 16413
r-676 24 0.101449 24 0.521739 364285 37282 37282 286342 17560 533788 57890 57890 340123 33467 33467
r-278 24 0.0253623 24 0.735507 36983 4915 4915 26349 3671 68706 9510 9510 38326 6589 6589
r-707 24 0.315217 24 0.833333 61072 42287 61072 54666 30905 91895 69702 91895 109277 57889 109277
r-517 24 0.807971 24 0.699275 936081 345855 345855 716240 442522 1448756 519799 519799 1012326 1311097 1311097
r-10 24 0.65942 24 0.282609 261079 419449 261079 333463 322043 396927 652480 396927 479522 309554 479522
r-208 24 0.00362319 24 0.438406 24741657 663461 663461 21793546 660479 29624435 741912 741912 32084277 840001 840001
r-44 24 0.48913 24 0.26087 345300 724397 345300 799720 531756 536166 1317406 536166 329323 526048 329323
r-666 24 0.0615942 24 0.134058 2210659 8889 8889 783800 9509 2285916 10271 10271 22625810 140401 140401
r-687 24 0.438406 24 0.434783 2201204 1946404 2201204 2423433 1655804 3859025 3539145 3859025 1965079 2105025 1965079
r-893 24 0.804348 24 0.286232 114054 88286 88286 122391 58987 175103 131339 131339 171529 130240 130240
r-873 24 0.684783 24 0.73913 818903 2333633 818903 1231293 1998159 1279258 3726588 1279258 1074680 1235133 1074680
r-920 24 0.934783 24 0.452899 372007 18787 18787 123175 10485 518704 30625 30625 131049 53795 53795
r-428 24 0.605072 24 0.26087 479973 550921 479973 595783 444603 774398 839671 774398 626430 837212 626430
r-771 24 0.630435 24 0.126812 17800 167482 17800 149940 60575 25814 264231 25814 37857 198986 37857
r-505 24 0.311594 24 0.608696 395744 397546 397546 496276 279107 593330 616945 616945 526951 976421 976421
r-705 24 0.507246 24 0.862319 62699 192742 62699 215619 136934 93977 347127 93977 126992 206320 126992
r-97 24 0.757246 24 0.514493 484956 277612 277612 319032 331412 880181 450504 450504 481242 193887 193887
r-262 24 0.73913 24 0.0652174 9795 22638 9795 23916 14816 16628 43762 16628 8499 22187 8499
r-386 24 0.42029 24 0.956522 19566 158718 19566 94423 38796 29970 240890 29970 26809 170175 26809
r-996 24 0.246377 24 0.73913 90708 64162 64162 75664 39279 143923 93195 93195 132409 117317 117317
r-726 24 0.699275 24 0.673913 1956573 1728147 1728147 2000412 1602037 3149640 2643618 2643618 2262347 2114726 2114726
r-5 24 0.974638 24 0.945652 -1 24440 24440 -1 24380 -1 24691 24691 -1 -1 -1
r-868 24 0.344203 24 0.0905797 24248 623507 24248 1093652 211646 22343 799947 22343 17695 605026 17695
r-26 24 0.0289855 24 0.48913 3215790 51291 51291 2138272 47724 3909685 72573 72573 3272906 80236 80236
r-758 24 0.416667 24 0.902174 36154 212490 36154 249870 90500 53414 340509 53414 81846 276234 81846
r-189 24 0.0144928 24 0.51087 1766376 27872 27872 1411629 26598 2354429 35725 35725 2232064 21015 21015
r-601 24 0.913043 24 0.586957 1302190 114744 114744 866521 117795 1814409 155924 155924 1469388 107697 107697
r-646 24 0.57971 24 0.673913 823291 1243563 823291 1326022 924174 1309375 2158635 1309375 711208 2226336 711208
r-540 24 0.398551 24 0.76087 195174 215014 195174 268963 174486 309668 314859 309668 218025 409190 218025
r-144 24 0.898551 24 0.804348 947894 77678 77678 463732 97017 1122370 98633 98633 1068282 135608 135608
r-819 24 0.0181159 24 0.184783 -1 17857852 17857852 -1 17821393 -1 17971225 17971225 -1 72326901 72326901
r-932 24 0.231884 24 0.282609 1769284 1246286 1246286 1572800 1277586 2773831 1863824 1863824 1841521 1801796 1801796
r-548 24 0.456522 24 0.815217 171872 93961 171872 156322 77063 262815 143763 262815 56507 104177 56507
r-795 24 1 24 0.427536 14921911 364597 364597 13364384 364597 18032932 387021 387021 14921911 709027 709027
r-515 24 0.188406 24 0.764493 64092 40056 40056 49481 27993 96514 57294 57294 75034 81909 81909
r-872 24 0.721014 24 0.811594 306240 1049175 306240 1056005 809687 438423 1554800 438423 1729717 438996 1729717
r-700 24 0.76087 24 0.00724638 8688 43359 8688 47812 24206 16066 95665 16066 13692 46742 13692
r-874 24 0.00362319 24 0.057971 -1 -1 -1 -1 -1 -1 -1 -1 -1 -1 -1
r-263 24 0.423913 24 0.826087 83429 163808 83429 177204 121421 121220 250110 121220 115840 227874 115840
r-492 24 0.666667 24 0.108696 19522 85639 19522 28198 46187 31618 133797 31618 30056 64839 30056
r-964 24 0.945652 24 0.583333 1578275 62155 62155 1148065 71571 2150567 85215 85215 1895652 210260 210260
r-317 24 0.677536 24 0.601449 1828979 1588580 1588580 1678364 1605967 3263524 2713558 2713558 1594486 1119726 1119726
r-567 24 0.318841 24 0.311594 3260944 3553486 3260944 3897056 3273007 5164801 5694432 5164801 3394900 3340123 3394900
r-275 24 0.184783 24 0.326087 544564 234894 234894 367049 310601 837373 338314 338314 589700 239773 239773
r-992 24 0.322464 24 0.297101 2081439 2593177 2081439 2648799 2227260 3267590 4200992 3267590 2104691 2426254 2104691
r-94 24 0.862319 24 0.90942 11262 35741 11262 29095 21398 13289 38645 13289 16920 69841 16920
r-320 24 0.887681 24 0.945652 60928 199975 60928 3599801 135293 68158 208236 68158 13292 2081801 13292
r-324 24 0.0144928 24 0.112319 -1 127692 127692 -1 126408 -1 153979 153979 -1 -1 -1
r-828 24 0.217391 24 0.695652 103004 83312 83312 119304 46011 148303 124777 124777 122680 104724 104724
r-495 24 0.268116 24 0.257246 1201104 1179479 1201104 1530077 990320 1776059 1833497 1776059 414939 458744 414939
r-739 24 0.724638 24 0.224638 116983 135100 116983 184921 98039 181804 203313 181804 71753 106250 71753
r-833 24 0.666667 24 0.927536 59453 741349 59453 495583 165996 90437 1040060 90437 458226 831691 458226
r-42 24 0.539855 24 0.960145 83306 2476878 83306 2694375 224272 118895 3354926 118895 186856 2778573 186856
r-500 24 0.568841 24 0.112319 26547 122390 26547 175744 33601 30922 179968 30922 11277 67559 11277
r-397 24 0.51087 24 1 648484 305774496 648484 378101706 5366193 382486 369801183 382486 8195001 305774496 8195001
r-886 24 0.123188 24 0.57971 123935 46121 46121 98227 27397 190064 70312 70312 115986 117592 117592
r-166 24 0.985507 24 0.844203 -1 41191894 41191894 -1 41078064 -1 43044688 43044688 -1 935959 935959
r-514 24 0.474638 24 0.952899 18935 245689 18935 256656 46443 30533 352148 30533 28580 317342 28580
r-522 24 0.369565 24 0.271739 783636 1522473 783636 1385223 1230585 1252078 2549027 1252078 1233924 1589250 1233924
r-882 24 0.98913 24 0.155797 6382 1236 1236 5233 898 13609 5431 5431 8723 3954 3954
r-926 24 0.626812 24 0.336957 382282 447344 382282 517492 341644 571928 680153 571928 518640 690553 518640
r-878 24 0.568841 24 0.576087 2338863 2959091 2338863 2424117 2340384 4110717 5352020 4110717 2372491 2735432 2372491
r-430 24 0.557971 24 0.282609 613058 609921 613058 784671 545677 974512 931090 974512 655135 673155 655135
r-613 24 0.257246 24 0.413043 696398 493977 493977 594555 569515 1136113 753286 753286 537059 436978 436978
r-538 24 0.0615942 24 0.0326087 1112 -1 1112 112784 778439 1144 -1 1144 20117816 -1 20117816
r-675 24 0.42029 24 0.807971 142309 221455 142309 244995 188249 229894 334707 229894 175993 340250 175993
r-201 24 0.956522 24 0.42029 315680 14946 14946 169148 10138 480310 24914 24914 175582 44003 44003
r-64 24 0.231884 24 0.442029 1302953 614602 614602 1117118 813095 2380529 950566 950566 1504278 536947 536947
r-525 24 0.00724638 24 0.449275 15523321 224350 224350 12671214 223161 19127707 270440 270440 17533753 98257 98257
r-283 24 0.735507 24 0.554348 914507 443236 443236 694710 505507 1499404 705192 705192 1098307 602256 602256
r-209 24 0.286232 24 0.59058 402926 394604 394604 448085 319353 635069 583945 583945 634819 414790 414790
r-657 24 0.144928 24 0.822464 18305 32000 32000 14074 17814 28585 48251 48251 29840 18124 18124
r-784 24 0.996377 24 0.677536 -1 242374172 242374172 -1 242370710 -1 242518896 242518896 -1 15592724 15592724
r-307 24 0.836957 24 0.518116 437120 158025 158025 321624 181990 744524 229355 229355 536207 357336 357336
r-414 24 0.333333 24 0.695652 347344 281987 347344 415994 240431 541950 424606 541950 463487 577214 463487
r-599 24 0.728261 24 0.557971 1906730 780112 780112 1473564 954931 3499081 1266775 1266775 1503970 1037625 1037625
r-138 24 0.913043 24 0.271739 30546 6448 6448 21879 3865 56994 11539 11539 44728 9818 9818
r-405 24 0.876812 24 0.644928 1074407 274545 274545 747948 375148 1668799 409983 409983 1473413 395098 395098
r-801 24 0.894928 24 0.949275 3848 25546 3848 88494 18991 4025 26752 4025 3358 251912 3358
r-390 24 0.398551 24 0.00362319 405008 -1 405008 -1 14309754 439336 -1 439336 62188 -1 62188
r-131 24 0.971014 24 0.619565 2208847 130410 130410 1327832 123906 2927423 178134 178134 2315682 57075 57075
r-887 24 0.144928 24 0.934783 5956 14258 5956 11862 8694 10750 24478 10750 6444 12772 6444
r-914 24 0.612319 24 0.565217 3014951 2648921 2648921 3012445 2372838 5494567 4782689 4782689 2865048 2584535 2584535
r-754 24 0.311594 24 0.0942029 57810 243401 57810 396716 114220 84873 344854 84873 106644 361764 106644
r-596 24 0.0362319 24 0.311594 39922759 63691 63691 24950728 60724 46286182 85647 85647 42426645 36640 36640
r-752 24 0.442029 24 0.00724638 832153 15114837 832153 16558270 1008935 895117 19187167 895117 3246061 18027085 3246061
r-733 24 0.702899 24 0.862319 123616 327405 123616 658568 239213 156613 487054 156613 271346 446011 271346
r-619 24 0.731884 24 0.996377 17532512 -1 17532512 -1 -1 19269631 -1 19269631 -1 -1 -1
r-811 24 0.684783 24 0.677536 994359 1217663 1217663 1020919 1104630 1636703 2011214 2011214 927240 1014456 1014456
r-597 24 0.365942 24 0.905797 14754 231488 14754 144741 78943 22321 348385 22321 42506 172139 42506
r-527 24 0.565217 24 0.431159 1829321 1820438 1829321 2089654 1655201 3160648 3121902 3160648 1830226 2022944 1830226
r-490 24 0.612319 24 0.17029 63365 75926 63365 90137 49512 91831 117524 91831 41332 153770 41332
r-203 24 0.518116 24 0.271739 708762 954227 708762 997528 835282 1139736 1409908 1139736 991107 1259964 991107
r-110 24 0.369565 24 0.543478 1134795 2051809 2051809 1684128 1655250 1810796 3616863 3616863 2468880 1720226 1720226
r-161 24 0.742754 24 0 7964 463316 7964 233887 37320 14563 576180 14563 50705 463316 50705
r-849 24 0.336957 24 0.00724638 4266309 137870043 4266309 156957196 3568583 4392492 165924585 4392492 229675 149002374 229675
r-137 24 0.597826 24 0.0615942 15045 124369 15045 126339 37851 19709 193647 19709 32520 136334 32520
r-949 24 0.351449 24 0.423913 1445535 2043531 2043531 1282056 1949862 2578851 3481247 3481247 1624080 1078566 1078566
r-532 24 0.228261 24 0.695652 116054 170084 170084 173417 106492 171675 267339 267339 215747 231063 231063
r-678 24 0.789855 24 0.76087 726123 542622 542622 690085 516249 1024722 728166 728166 998586 721714 721714
r-857 24 0.782609 24 0.98913 1667383 -1 1667383 -1 -1 1723764 -1 1723764 72702574 -1 72702574
r-913 24 0.543478 24 0.811594 150289 357052 150289 482716 288226 226400 633243 226400 268076 482890 268076
r-554 24 0.764493 24 0.0326087 5870 30208 5870 21894 16516 11364 59456 11364 7253 25642 7253
r-392 24 0.710145 24 0.898551 54968 627940 54968 432530 298736 74393 822748 74393 85867 745970 85867
r-407 24 0.289855 24 0.721014 106207 108310 106207 165332 84828 159531 162672 159531 181488 178190 181488
r-825 24 0.684783 24 0.98913 451139 256262486 451139 -1 5355912 384844 -1 384844 3818564 243674842 3818564
r-68 24 0.307971 24 0.615942 314932 270311 270311 331125 185575 482580 414973 414973 413346 407903 407903
r-114 24 0.90942 24 0.0217391 831 4410 831 3281 1920 5251 10021 5251 1592 5302 1592
r-506 24 0.971014 24 0.826087 -1 757990 757990 -1 747046 -1 830899 830899 -1 1251970 1251970
r-140 24 0.73913 24 0.76087 506620 695317 506620 762932 549498 761593 1058118 761593 592063 680390 592063
r-917 24 0.855072 24 0.456522 173728 43022 43022 144003 27090 260382 61025 61025 219346 47949 47949
r-384 24 0.0615942 24 0.666667 124663 9136 9136 86922 6379 183454 14282 14282 95812 30198 30198
r-968 24 0.206522 24 0.626812 95053 243367 243367 164228 149684 140324 401337 401337 110030 72648 72648
r-193 24 0.25 24 0.894928 21868 50428 21868 40007 31310 33019 83292 33019 14742 57417 14742
r-969 24 0.26087 24 0.568841 483617 272474 272474 535686 223519 743181 413988 413988 474864 491785 491785
r-834 24 0.981884 24 0.923913 -1 89707094 89707094 -1 89706745 -1 89717865 89717865 -1 -1 -1
r-859 24 0.126812 24 0.134058 91796 117177 117177 119066 114585 108882 145320 145320 206522 266516 266516
r-721 24 0.771739 24 0.115942 7433 35535 7433 19798 14786 11925 61107 11925 12613 40731 12613
r-158 24 0.960145 24 0.405797 272179 13245 13245 234285 10621 428998 20729 20729 98885 18597 18597
r-258 24 0.358696 24 0.391304 1969523 1449621 1449621 1948489 1352243 3420555 2540072 2540072 1559727 1355700 1355700
r-582 24 0.898551 24 0.619565 594544 125895 125895 450259 154817 821833 188447 188447 598354 120959 120959
r-419 24 0.869565 24 0.753623 703897 140736 140736 409650 227355 936767 191219 191219 1160631 157899 157899
r-863 24 0.818841 24 0.380435 64701 119049 119049 103326 58879 97705 190005 190005 94865 87024 87024
r-477 24 0.0181159 24 0.0833333 -1 -1 -1 -1 -1 -1 -1 -1 -1 -1 -1
r-708 24 0.771739 24 0.525362 985513 590858 590858 755806 719487 1691457 941091 941091 797106 841159 841159
r-245 24 0.536232 24 0.927536 13855 222537 13855 213705 55994 13954 339025 13954 17756 238446 17756
r-273 24 0.981884 24 0.336957 356014 12885 12885 272114 11565 497410 16071 16071 328021 32213 32213
r-776 24 0.804348 24 0.996377 15128275 -1 15128275 -1 -1 1183793 -1 1183793 10334167 -1 10334167
r-216 24 0.971014 24 0.894928 -1 58496 58496 -1 57153 -1 64748 64748 -1 55465 55465
r-988 24 0.731884 24 0.981884 15226 209263529 15226 140617284 8356060 22976 224506185 22976 345895 -1 345895
r-653 24 0.481884 24 0.413043 876770 1232655 876770 1085009 969345 1495298 2287576 1495298 894433 1186136 894433
r-468 24 0.333333 24 0.956522 13882 120506 13882 83730 34520 22131 191210 22131 21755 131092 21755
r-958 24 0.764493 24 0.492754 331077 413140 413140 478594 294131 485421 645970 645970 349230 205511 205511
r-561 24 0.971014 24 0.0181159 765 668 765 759 576 5536 5438 5536 999 911 999
r-410 24 0.815217 24 0.26087 82495 32228 32228 68212 23161 129601 46070 46070 106188 70702 70702
r-302 24 0.706522 24 0.652174 768893 748161 748161 939077 696283 1268467 1196303 1196303 657361 832353 832353
r-150 24 0.387681 24 0.206522 346269 881715 346269 1519878 721855 522080 1474389 522080 703928 869567 703928
r-135 24 0.224638 24 0.59058 208660 103034 103034 276669 66939 310076 154042 154042 145620 120687 120687
r-821 24 0.0833333 24 0.463768 120817 31703 31703 89191 41734 190567 46377 46377 203836 40008 40008
r-447 24 0.253623 24 0.492754 578917 241260 241260 455718 253834 1076708 370838 370838 534358 407694 407694
r-785 24 0.82971 24 0.00362319 3829 17196 3829 12992 8044 8545 36377 8545 6445 18351 6445
r-667 24 0.0615942 24 0.822464 12966 5729 5729 10498 3378 24500 10210 10210 11957 5767 5767
r-779 24 0.73913 24 0.684783 490337 437365 437365 411727 392278 757145 660419 660419 551619 593500 593500
r-630 24 0.923913 24 0.576087 847045 22641 22641 519504 29303 1171169 31833 31833 1134744 179586 179586
r-153 24 0.134058 24 0.148551 407429 235402 235402 481153 204629 488712 293474 293474 810724 1905001 1905001
r-843 24 0.514493 24 0.391304 1713461 1492898 1713461 1982019 1378066 3012107 2455567 3012107 1585389 2017030 1585389
r-301 24 0.884058 24 0.804348 213947 55082 55082 149141 71907 273201 70757 70757 1531010 166688 166688
r-387 24 0.351449 24 0.0398551 75707 2882179 75707 3868153 260913 74432 3581460 74432 120065 3271159 120065
r-487 24 0.231884 24 0.833333 43805 77700 43805 88887 47429 65906 120253 65906 85493 87586 85493
r-251 24 0.594203 24 0.637681 3121180 3116688 3121180 4445126 2718452 5350931 5557863 5350931 1698324 2355614 1698324
r-551 24 0.318841 24 0.0797101 159738 1338702 159738 1589450 360052 216309 1685975 216309 96875 2097274 96875
r-75 24 0.98913 24 0.0217391 513 824 824 581 693 5284 5995 5995 573 1200 1200
r-359 24 0.0253623 24 0.25 62672373 290052 290052 32242522 287237 74043217 311662 311662 67246939 127353 127353
r-934 24 0.315217 24 0.630435 341566 324671 324671 463584 245395 508212 505351 505351 300017 467010 467010
r-835 24 0.619565 24 0.427536 668660 635704 635704 762625 502459 1070387 1008517 1008517 831075 897490 897490
r-937 24 0.300725 24 0.195652 595928 1302621 595928 1585680 1088810 859794 2016453 859794 704975 1332175 704975
r-389 24 0.474638 24 0.644928 722271 1083203 722271 1136333 876297 1108956 1788422 1108956 701565 1235343 701565
r-241 24 0.586957 24 0.782609 287525 636161 287525 791307 462567 426172 1137513 426172 311022 532378 311022
r-48 24 0.460145 24 0.76087 605618 341700 605618 577403 301855 966349 486850 966349 327384 507896 327384
r-590 24 0.326087 24 0.242754 541437 952176 541437 950866 778360 812113 1512803 812113 796971 883474 796971
r-696 24 0.934783 24 0.865942 5920 5863 5863 3612 5602 6413 1801 1801 45888 213 213
r-123 24 0.0326087 24 0.351449 33243876 117225 117225 23787060 113616 39749292 148284 148284 36601174 245309 245309
r-790 24 0.931159 24 0.992754 -1 -1 -1 -1 -1 -1 -1 -1 -1 -1 -1
r-891 24 0.333333 24 0.898551 33026 52050 33026 43272 30846 48505 87574 48505 25628 62667 25628
r-884 24 0.199275 24 0.0289855 49731 -1 49731 -1 60025456 62699 -1 62699 398595 -1 398595
r-290 24 0.554348 24 0.318841 361021 472966 361021 640845 393106 553022 721227 553022 420913 551952 420913
r-539 24 0.485507 24 0.605072 1681180 1809993 1681180 2078953 1593626 2830557 3088504 2830557 1862246 1848093 1862246
r-691 24 0.351449 24 0.717391 315725 312717 315725 415614 246186 479556 471405 479556 441643 665417 441643
r-618 24 0.076087 24 0.90942 2733 5254 5254 3818 2965 6376 11280 11280 6860 5707 5707
r-890 24 0.235507 24 0.105072 71507 257868 71507 210466 177475 92476 325047 92476 593847 437078 593847
r-182 24 0.177536 24 0.311594 692979 381684 381684 536475 501703 1080171 552296 552296 648008 439359 439359
r-103 24 0.503623 24 0.822464 161208 422362 161208 464355 301231 246888 788746 246888 356440 551084 356440
r-735 24 0.742754 24 0.213768 87538 139217 87538 136375 82798 127947 213733 127947 170189 91160 170189
r-383 24 0.119565 24 0.362319 298907 68954 68954 191677 121338 455376 98175 98175 305034 412335 412335
r-394 24 0.336957 24 0.289855 1020586 1414851 1020586 2022594 1108867 1608695 2330715 1608695 651749 702871 651749
r-892 24 0.311594 24 0.815217 56407 55115 56407 95769 40973 86213 82382 86213 118620 121887 118620
r-202 24 0.413043 24 0.253623 682345 978106 682345 1263531 740329 1025633 1776991 1025633 551111 849598 551111
r-101 24 0.771739 24 0.706522 669211 487179 487179 712791 489545 1044112 700349 700349 489855 757934 757934
r-280 24 0.373188 24 0.228261 389050 1021056 389050 989549 827624 554147 1597474 554147 809623 1053627 809623
r-952 24 0.57971 24 0.155797 57070 125624 57070 137844 75200 85714 186864 85714 123248 195999 123248
r-809 24 0.768116 24 0.880435 87395 253919 87395 255856 192688 109000 348995 109000 90033 480106 90033
r-194 24 0.344203 24 0.536232 1875545 1511371 1511371 1939901 1198852 3003340 2405831 2405831 2078099 1770101 1770101
r-895 24 0.844203 24 0.438406 183283 74901 74901 169740 45609 269555 116001 116001 240220 97664 97664
r-715 24 0.478261 24 0.811594 128257 309050 128257 444187 227971 185467 451095 185467 194319 227639 194319
r-760 24 0.880435 24 0.543478 184736 118679 118679 131154 169089 317246 183472 183472 251604 50337 50337
r-239 24 0.438406 24 0.706522 617362 697267 617362 777666 604829 988939 1063894 988939 1005185 932344 1005185
r-178 24 0.73913 24 0.384058 439597 297172 297172 467568 215930 679991 451630 451630 706658 494648 494648
r-852 24 0.688406 24 0.0615942 11647 31166 11647 29738 17751 19562 56443 19562 11307 32335 11307
r-764 24 0.391304 24 0.0724638 51445 694628 51445 605919 155184 75620 1015750 75620 39428 960552 39428
r-126 24 0.0217391 24 0.0217391 1 1 1 1 1 2 2 2 1 -1 1
r-98 24 0.789855 24 0.851449 268161 573025 268161 604478 473499 359191 785136 359191 130185 627952 130185
r-329 24 0.800725 24 0.923913 19208 209658 19208 124297 113311 23448 244407 23448 35333 885194 35333
r-240 24 0.485507 24 0.0978261 135434 708538 135434 838499 265696 192261 1093933 192261 183101 534947 183101
r-106 24 0.891304 24 0.619565 334300 133963 133963 225989 164414 527849 206077 206077 551470 86811 86811
r-722 24 0.858696 24 0.65942 404748 90289 90289 268740 148171 624442 128361 128361 316416 284517 284517
r-411 24 0.152174 24 0.315217 450570 114428 114428 299072 139290 664888 160737 160737 949066 136648 136648
r-172 24 0.48913 24 0.195652 147455 177129 147455 318421 135430 230073 311646 230073 260255 240222 260255
r-767 24 0.612319 24 0.492754 1805301 1932047 1932047 2139475 1570781 2982927 3273956 3273956 2120054 1961544 1961544
r-402 24 0.586957 24 0.942029 48515 376110 48515 297528 65010 73587 518841 73587 85369 631283 85369
r-588 24 0.148551 24 0.518116 161774 131656 131656 239741 81888 246826 215426 215426 167156 161700 161700
r-285 24 0.528986 24 0.822464 258453 645440 258453 668962 485726 389051 1122007 389051 269166 758945 269166
r-34 24 0.65942 24 0.597826 1492180 1066043 1066043 1465713 971558 2569844 1748602 1748602 1725990 975226 975226
r-681 24 0.057971 24 0.532609 496177 25988 25988 341411 21056 724550 35403 35403 558643 67780 67780
r-557 24 0.507246 24 0.666667 1178805 1618830 1178805 1995601 1177825 1894677 2983940 1894677 837217 1356330 837217
r-513 24 0.326087 24 0.282609 1667084 1637358 1667084 2440458 1385074 2670865 2671000 2670865 1438879 1048905 1438879
r-976 24 0.880435 24 0.818841 63751 16242 16242 54569 22253 80609 20143 20143 66501 23398 23398
r-889 24 0.347826 24 0.481884 1165111 854522 854522 1017960 841874 2260337 1430103 1430103 699506 610910 610910
r-773 24 0.253623 24 0.25 574551 950041 574551 689551 858477 853543 1446888 853543 690311 830082 690311
r-729 24 0.315217 24 0.557971 909100 891515 891515 1135717 667061 1408403 1470821 1470821 1331882 879727 879727
r-188 24 0.568841 24 0.384058 637699 813502 637699 904165 644511 999753 1331200 999753 960328 892115 960328
r-190 24 0.771739 24 0.644928 1520546 889070 889070 1279496 965696 2543256 1360650 1360650 1542289 1077418 1077418
r-955 24 0.402174 24 0.847826 66387 211274 66387 143383 133029 100150 329574 100150 99374 212165 99374
r-641 24 0.913043 24 0.206522 28971 26282 26282 38819 13490 46414 40979 40979 27831 24011 24011
r-918 24 0.717391 24 0.706522 1049739 1089342 1089342 1127195 973143 1645245 1691092 1691092 915087 1180864 1180864
r-30 24 0.25 24 0.268116 454758 757776 757776 578695 623798 693990 1151034 1151034 572566 392910 392910
r-226 24 0.449275 24 0.963768 36606 657482 36606 496086 156810 53543 963383 53543 147606 644530 147606
r-238 24 0.615942 24 0.496377 1448929 1485324 1485324 1540536 1349236 2446395 2408375 2408375 1696274 1790892 1790892
r-741 24 0.771739 24 0.402174 301496 277649 277649 329332 180063 448869 416162 416162 408800 439885 439885
r-330 24 0.376812 24 0.48913 1869458 1371063 1371063 1658878 1268752 3503186 2246885 2246885 1810001 1276235 1276235
r-465 24 0.00362319 24 0.15942 -1 241560448 241560448 -1 241553672 -1 277349380 277349380 -1 -1 -1
r-544 24 0.90942 24 0.757246 1405670 25064 25064 877961 37717 1789765 32172 32172 1620816 1387463 1387463
r-980 24 0.0869565 24 0.231884 4123676 275188 275188 2239409 343267 5076331 351376 351376 4403910 838118 838118
r-655 24 0.15942 24 0.565217 137514 111427 111427 174827 72484 208460 172572 172572 138056 76014 76014
r-343 24 0.528986 24 0.0507246 25039 1005865 25039 635763 223130 36882 1491890 36882 132905 889330 132905
r-282 24 1 24 0.503623 54346536 2445458 2445458 55254009 2445458 60536157 1109111 1109111 54346536 560354 560354
r-88 24 0.51087 24 0.742754 333242 809259 333242 874142 553879 513541 1500260 513541 703191 631657 703191
r-664 24 0.884058 24 0.115942 19385 13048 19385 19808 8692 27739 21085 27739 23577 20730 23577
r-512 24 0.112319 24 0.213768 896849 158249 158249 630038 198702 1119584 195492 195492 1162837 492912 492912
r-279 24 0.485507 24 0.289855 874563 1141506 874563 1319266 848377 1404999 2061081 1404999 690781 881475 690781
r-777 24 0.797101 24 0.568841 595433 307240 307240 494183 369463 1044898 470651 470651 665702 334886 334886
r-638 24 0.427536 24 0.789855 188137 446661 188137 447195 347599 267060 665221 267060 226612 457772 226612
r-617 24 0.532609 24 0.0181159 26141 502456 26141 239059 45806 37123 701013 37123 47445 497673 47445
r-20 24 0.557971 24 0.413043 1399469 1151508 1399469 1409504 1062727 2421312 1826955 2421312 1638959 1600396 1638959
r-425 24 0.0797101 24 0.554348 528275 46102 46102 412277 35536 727400 67672 67672 609171 57743 57743
r-855 24 0.221014 24 0.478261 580208 389950 389950 426246 535632 1070265 598477 598477 615057 298256 298256
r-606 24 0.811594 24 0.800725 338511 264261 264261 353690 256022 465152 361212 361212 614307 638440 638440
r-967 24 0.876812 24 0.688406 1651430 226906 226906 1119011 269241 2339649 308969 308969 1142366 356668 356668
r-313 24 0.387681 24 0.126812 72901 153776 72901 182628 107605 104737 251075 104737 154074 155377 154074
r-415 24 0.797101 24 0.76087 688143 681612 681612 816714 632336 994309 918767 918767 713670 248446 248446
r-169 24 0.293478 24 0.105072 160082 784200 160082 1180118 363149 211655 1095363 211655 405192 1153842 405192
r-794 24 0.518116 24 0.938406 55541 729349 55541 647070 109723 81146 1044140 81146 37446 1205948 37446
r-295 24 0.115942 24 0.40942 255739 94027 94027 165925 138265 399908 144951 144951 383233 235830 235830
r-915 24 0.677536 24 0.275362 223501 161910 223501 234456 128654 342198 245070 342198 279514 266898 279514
r-668 24 0.0507246 24 0.376812 5269491 31827 31827 3234830 31593 6666980 42534 42534 7283791 21255 21255
r-85 24 0.221014 24 0.0652174 27486 776198 27486 730647 344798 34797 898006 34797 62472 1366674 62472
r-230 24 0.0289855 24 0.144928 -1 3576889 3576889 -1 3568992 -1 3728985 3728985 -1 -1 -1
r-627 24 0.902174 24 0.807971 373918 54579 54579 210315 56847 417681 63697 63697 208601 147845 147845
r-409 24 0.0434783 24 0.528986 608099 18804 18804 491531 15400 771575 28775 28775 466399 22384 22384
r-212 24 0.369565 24 0.336957 523570 1057102 523570 730282 855759 852508 1787230 852508 1085666 342890 1085666
r-91 24 0.445652 24 0.865942 93378 80576 93378 89847 55830 138586 130168 138586 229446 92254 229446
r-983 24 0.0507246 24 0.931159 4956 1604 1604 3969 929 9810 5954 5954 4506 1770 1770
r-507 24 0.416667 24 0.789855 80412 176559 80412 222814 130497 113647 259851 113647 137054 227195 137054
r-631 24 0.123188 24 0.463768 146896 137136 137136 115799 151986 244553 216155 216155 106152 90470 90470
r-15 24 0 24 0.275362 -1 -1 -1 -1 -1 -1 -1 -1 -1 -1 -1
r-127 24 0.076087 24 0.192029 2435757 76918 76918 1508813 75994 2782217 92521 92521 2442097 196765 196765
r-252 24 0.148551 24 0.75 67467 75420 75420 89932 49616 103709 91995 91995 139810 63876 63876
r-975 24 0.23913 24 0.692029 174462 104575 104575 168315 69785 262641 161418 161418 235616 206830 206830
r-966 24 0.797101 24 0.862319 132705 565322 132705 420119 435673 173765 750515 173765 264134 737133 264134
r-321 24 0.673913 24 0.434783 985863 970567 970567 1119835 772062 1539915 1530481 1530481 1980935 825366 825366
r-829 24 0.0253623 24 0.384058 4233141 34216 34216 2655349 33349 5725908 40142 40142 4636379 179764 179764
r-647 24 0.666667 24 0.300725 405194 346383 405194 494131 242502 619520 533677 619520 318281 125978 318281
r-593 24 0.434783 24 0.23913 696209 1540488 696209 1553057 1286859 1089003 2738329 1089003 1014078 1385084 1014078
r-458 24 0.836957 24 0.851449 60431 125262 60431 163278 113348 77985 160385 77985 96768 88738 96768
r-626 24 0.833333 24 0.811594 149625 103915 103915 145738 103925 197246 139462 139462 121526 134406 134406
r-576 24 0.442029 24 0.40942 2052347 1683365 2052347 1681173 1361224 3682645 3048441 3682645 1164749 1634619 1164749
r-96 24 0.561594 24 0.51087 2457945 2385925 2385925 2334186 2153293 4565121 4045390 4045390 2226634 2568757 2568757
r-768 24 0.119565 24 0.112319 19818 21853 19818 21267 20483 23698 26649 23698 18542 37262 18542
r-57 24 0.268116 24 0.996377 5821 47191 5821 40408 15179 9608 97297 9608 12756 50326 12756
r-333 24 0.851449 24 0.949275 17288 621408 17288 282406 358289 19633 670183 19633 8937 1279475 8937
r-658 24 0.0326087 24 0.913043 3881 874 874 3400 640 9260 5036 5036 3701 2308 2308
r-546 24 0.166667 24 0.873188 21225 28232 21225 28745 17538 33663 44223 33663 27693 34172 27693
r-250 24 0.148551 24 0.15942 98323 107739 107739 94855 101175 122710 131114 131114 122723 30672 30672
r-480 24 0.188406 24 0.956522 5429 19041 5429 17037 10625 11222 33272 11222 9814 20757 9814
r-276 24 0.221014 24 0.543478 266658 146821 146821 283585 95244 415236 220097 220097 292967 207210 207210
r-866 24 0.405797 24 0.188406 330172 900048 330172 828177 729909 496567 1494277 496567 396416 781345 396416
r-491 24 0.855072 24 0.807971 229621 78733 78733 145484 78583 312087 101484 101484 414258 308358 308358
r-684 24 0.644928 24 0.913043 23901 433476 23901 311083 148640 33088 584540 33088 30578 607927 30578
r-204 24 0.688406 24 0.304348 250905 348988 250905 322554 229625 376590 538620 376590 360945 296487 360945
r-297 24 0.550725 24 0.326087 485411 650978 485411 867787 526180 731399 1041427 731399 668943 819884 668943
r-120 24 0.76087 24 0.507246 1397766 685784 685784 1140610 885315 2465501 1094453 1094453 1113348 895236 895236
r-176 24 0.634058 24 0.112319 43409 140760 43409 106049 79485 68147 220091 68147 78621 130964 78621
r-669 24 0.778986 24 0.0942029 8881 21537 8881 12790 15126 15024 36587 15024 11016 25296 11016
r-577 24 0.286232 24 0.184783 423013 480743 423013 463720 397421 609536 737200 609536 384177 480825 384177
r-257 24 0.692029 24 0.0144928 5588 151673 5588 128352 26231 10007 237434 10007 13945 143304 13945
r-724 24 0.789855 24 0.456522 317482 139255 139255 407877 99447 478547 201098 201098 303650 105356 105356
r-319 24 0.992754 24 0.126812 15385 632 632 7513 589 33835 4947 4947 11560 1464 1464
r-129 24 0.619565 24 0.163043 70464 103794 70464 137689 69506 106657 156786 106657 76597 81073 76597
r-486 24 0.626812 24 0.0253623 7302 150502 7302 115994 31129 12418 236058 12418 14879 158774 14879
r-603 24 0.992754 24 0.0253623 1348 540 540 1311 534 6118 5636 5636 1387 501 501
r-366 24 0.673913 24 0.956522 74101 15409966 74101 12713770 1533200 98585 19648575 98585 134581 15521755 134581
r-820 24 0.692029 24 0.42029 781399 491870 491870 810634 397577 1242227 753553 753553 914447 876250 876250
r-393 24 0.608696 24 0.695652 1133644 1711400 1133644 1711761 1363513 1874802 2970376 1874802 1155280 1306113 1155280
r-459 24 0.257246 24 0.333333 588170 520347 520347 479419 496415 950674 780041 780041 655032 550761 550761
r-186 24 0.0543478 24 0.202899 12063841 31145 31145 6778745 24851 13082100 21384 21384 17419309 7271232 7271232
r-368 24 0.57971 24 0.177536 119024 156397 119024 213527 126982 183946 227606 183946 149326 145256 149326
r-956 24 0.380435 24 0.163043 136327 341875 136327 469291 258377 205359 599311 205359 151031 324270 151031
r-853 24 0.210145 24 0.0652174 150470 13910934 150470 9501105 5904211 180047 16058042 180047 267876 11908401 267876
r-49 24 0.699275 24 0.677536 2490552 1935271 1935271 2774114 1800646 4098030 3079217 3079217 2274546 2246304 2246304
r-399 24 0.807971 24 0.271739 89286 63396 63396 84281 38855 136945 91186 91186 162592 100314 100314
r-728 24 0.974638 24 0.862319 -1 113139 113139 -1 110962 -1 131201 131201 -1 1353401 1353401
r-927 24 0.503623 24 0.771739 169622 487139 169622 436212 369834 259918 896300 259918 291103 409328 291103
r-434 24 0.648551 24 0.271739 236873 257512 236873 285086 193860 352005 384893 352005 343520 439875 343520
r-568 24 0.101449 24 0.438406 518540 53239 53239 375318 78470 814838 59154 59154 755059 137282 137282
r-665 24 0.452899 24 0.597826 1162288 1169479 1162288 1315822 1002642 1928883 1950720 1928883 1258596 1744769 1258596
r-654 24 0.307971 24 0.271739 977718 1272461 977718 1374697 1066377 1502010 2060676 1502010 992298 1172687 992298
r-553 24 0.297101 24 0.605072 895140 613490 613490 991033 472151 1420768 1006659 1006659 891165 281486 281486
r-175 24 0.405797 24 0.576087 1152690 1027334 1027334 1236798 879363 1924604 1665498 1665498 1452720 1215982 1215982
r-379 24 0.405797 24 0.282609 1019915 1043340 1019915 1216647 836498 1627470 1833360 1627470 1011177 860785 1011177
r-804 24 0.376812 24 0.757246 188442 261116 188442 370029 207985 286138 390228 286138 361125 425259 361125
r-332 24 0.554348 24 0.710145 352797 748804 352797 693687 543163 580518 1367956 580518 373130 544509 373130
r-179 24 0.0326087 24 0.804348 18008 4744 4744 15113 2585 32922 9563 9563 21507 8062 8062
r-763 24 0.460145 24 0.724638 513114 748938 513114 792515 641406 802023 1158051 802023 757073 831659 757073
r-471 24 0.25 24 0.90942 20967 24970 20967 25160 14740 20658 43652 20658 12919 18175 12919
r-104 24 0.387681 24 0.826087 154634 152882 154634 192687 127529 251246 228221 251246 251555 113180 251555
r-901 24 0.373188 24 0.891304 44460 85204 44460 89924 54188 60900 138041 60900 39868 60916 39868
r-65 24 0.115942 24 0.304348 921920 145248 145248 566704 162797 1280850 223433 223433 2060196 371949 371949
r-197 24 0.115942 24 0.601449 97449 51147 51147 102654 30320 158827 77611 77611 212376 77277 77277
r-609 24 0.677536 24 0.0217391 3791 61391 3791 60595 13467 6069 117808 6069 10931 70974 10931
r-184 24 0.224638 24 0.188406 1246541 1368299 1246541 1753691 1116486 1677202 1875532 1677202 1452787 1422449 1452787
r-248 24 0.699275 24 0.532609 1663994 885303 885303 1373861 998225 2971574 1381373 1381373 1481472 985608 985608
r-305 24 0.706522 24 0.355072 402456 297401 297401 489557 223690 612392 451951 451951 582047 436820 436820
r-605 24 0.934783 24 0.48913 156697 24403 24403 95308 19535 253066 37766 37766 201997 25511 25511
r-575 24 0.398551 24 0.550725 1190509 1238803 1238803 1331210 935927 1953392 2127123 2127123 1313788 1343355 1343355
r-457 24 0.666667 24 0.757246 2008479 2905369 2008479 3420797 2419569 2981198 4581983 2981198 2912407 2638305 2912407
r-750 24 0.304348 24 0.797101 136482 202382 136482 207715 136893 216915 317898 216915 148282 208368 148282
r-118 24 0.246377 24 0.594203 510607 316656 316656 628382 249539 785123 485992 485992 680395 489724 489724
r-876 24 0.278986 24 0.112319 101151 916311 101151 634810 576879 142364 1227745 142364 296390 1414988 296390
r-287 24 0.753623 24 0 66880 81986 66880 84659 25625 79036 140619 79036 37986 81986 37986
r-265 24 0.449275 24 0.960145 22893 360761 22893 460967 49571 31757 509567 31757 29111 372618 29111
r-54 24 0.981884 24 0.152174 15461 968 968 10297 814 31412 4899 4899 11669 5322 5322
r-192 24 0 24 0.0833333 -1 158520442 158520442 -1 158520442 -1 167303864 167303864 -1 -1 -1
r-734 24 0.253623 24 0.746377 103736 116025 103736 124851 68897 149615 177078 149615 127164 140457 127164
r-791 24 0.547101 24 0.536232 2514813 1542646 1542646 2315830 1382610 4640151 2787153 2787153 2571422 1576574 1576574
r-672 24 0.307971 24 0.793478 99125 117150 99125 127688 69312 147772 174532 147772 141965 147918 141965
r-72 24 0.692029 24 0.373188 340501 353973 353973 317076 271126 527401 533575 533575 337336 513472 513472
r-90 24 0.0144928 24 0.851449 8019 1788 1788 5664 1321 14175 6041 6041 8287 2647 2647
r-836 24 0.210145 24 0.84058 16868 20592 16868 21612 13005 24345 34212 24345 14475 27076 14475
r-816 24 0.586957 24 0.568841 2869838 2412155 2412155 2963522 2221941 5185600 4280975 4280975 2489754 2214032 2214032
r-281 24 0.304348 24 0.449275 2256597 1480486 1480486 2022851 1732173 4192714 2464945 2464945 1654054 2061879 2061879
r-6 24 0.891304 24 0.605072 507561 114208 114208 344489 150254 746525 161359 161359 715828 281795 281795
r-520 24 0.536232 24 0.673913 1411423 2039086 1411423 2348537 1605631 2278028 3666471 2278028 1461986 1728550 1461986
r-879 24 0.481884 24 0.123188 42818 136566 42818 181777 77120 64763 227368 64763 96211 134516 96211
r-345 24 0.699275 24 0.202899 77037 66068 77037 113257 49300 111936 103383 111936 126087 127401 126087
r-844 24 0.445652 24 0.362319 2553989 3251344 2553989 3451963 2713710 4363669 5882109 4363669 2378551 2889960 2378551
r-80 24 0.652174 24 0.615942 2967896 1499881 1499881 2138087 1380337 5207551 2502993 2502993 1493858 1402581 1402581
r-388 24 0.123188 24 0.974638 1833 12172 1833 9427 5909 6330 23009 6330 3700 13941 3700
r-469 24 0.48913 24 0.858696 93162 448814 93162 395462 260701 136744 634164 136744 154851 338800 154851
r-942 24 0.652174 24 0.369565 583002 508607 508607 651281 365582 916421 789475 789475 771418 572323 572323
r-848 24 0.275362 24 0.492754 964755 495969 495969 784907 631333 1738840 797483 797483 867625 769396 769396
r-688 24 0.195652 24 0.17029 316531 400028 316531 406906 341353 411509 515643 411509 453815 373000 453815
r-621 24 0.90942 24 0.0652174 2942 4405 2942 3467 2200 7928 8671 7928 3120 4270 3120
r-391 24 0.0326087 24 0.445652 3072475 22922 22922 2008281 20972 4000844 35384 35384 3079774 76199 76199
r-354 24 0.32971 24 0.82971 52709 72026 52709 75391 53742 74609 114235 74609 47138 75811 47138
r-244 24 0.442029 24 0.554348 1807753 1644958 1644958 2126272 1458926 3096049 2796928 2796928 1901524 2117778 2117778
r-100 24 0.449275 24 0.373188 1902820 2937360 1902820 2467239 2292184 3264010 5453277 3264010 2342969 2553628 2342969
r-815 24 0.0434783 24 0.398551 2886386 35109 35109 1349355 31770 4108692 49668 49668 3135775 50471 50471
r-723 24 0.75 24 0.0688406 14533 30706 14533 26022 20534 24174 56905 24174 17086 30954 17086
r-119 24 0.858696 24 0.173913 19113 36008 36008 32780 21498 31354 53641 53641 18086 14163 14163
r-732 24 0.847826 24 0.913043 144868 3601555 144868 1087741 2498432 159493 3869926 159493 1296142 4746754 1296142
r-832 24 0.166667 24 0.076087 134038 91821 134038 278356 65933 158448 103101 158448 19229 225435 19229
r-71 24 0.253623 24 0.699275 152790 167910 167910 172252 104171 236489 258814 258814 109745 222954 222954
r-623 24 0.626812 24 0.746377 681957 1449852 681957 1411081 1095586 1109652 2463633 1109652 1369116 1398851 1369116
r-896 24 0.891304 24 0.637681 551787 57102 57102 357717 88066 774699 82280 82280 583857 198031 198031
r-83 24 0.789855 24 0.82971 706650 890050 706650 1243925 719906 960307 1217335 960307 414804 822321 414804
r-168 24 0.884058 24 0.304348 65358 36428 36428 76340 16993 71799 55014 55014 54854 38840 38840
r-645 24 0.268116 24 0.264493 1084366 975805 1084366 1348540 888002 1654128 1464494 1654128 1279280 1361751 1279280
r-152 24 0.492754 24 0.0507246 39365 386123 39365 428090 78883 59192 576324 59192 68951 396792 68951
r-738 24 0.945652 24 0.974638 6156 -1 6156 -1 -1 6301 -1 6301 5429 -1 5429
r-921 24 0.956522 24 0.467391 417976 13000 13000 231226 10310 602837 22080 22080 428698 86797 86797
r-89 24 0.376812 24 0.608696 386674 746851 746851 443348 584929 594498 1159960 1159960 545202 413747 413747
r-493 24 0.202899 24 0.768116 45918 84259 84259 56416 52270 68559 130297 130297 98192 58665 58665
r-909 24 0.514493 24 0.391304 2009487 1797095 2009487 2146199 1572240 3497533 2978378 3497533 2003178 2011897 2003178
r-125 24 0.0833333 24 0.148551 153671 9743 9743 56218 11943 172934 11866 11866 492886 5701 5701
r-323 24 0.615942 24 0.891304 96900 307129 96900 389363 140302 140685 478624 140685 86151 466601 86151
r-565 24 0.119565 24 0.742754 35056 6326 6326 20239 2839 57538 11020 11020 54783 12964 12964
r-47 24 0.992754 24 0.318841 72336 9889 9889 54788 9353 123586 14071 14071 78734 24137 24137
r-8 24 0.75 24 0.985507 2749959 -1 2749959 -1 19756223 2888909 -1 2888909 2925397 -1 2925397
r-111 24 0.0833333 24 0.0181159 46237983 -1 46237983 -1 -1 45828796 -1 45828796 -1 -1 -1
r-800 24 0.637681 24 0.90942 52691 645191 52691 845538 267239 75025 952714 75025 260813 741844 260813
r-146 24 0.681159 24 0.630435 1911604 1403518 1403518 1823986 1369192 3198602 2309873 2309873 1945603 1567069 1567069
r-511 24 0.275362 24 0.869565 40984 58541 40984 55465 42265 69252 92860 69252 48089 66063 48089
r-970 24 0.387681 24 0.318841 2257037 1939086 2257037 2654066 1577974 3840610 3462602 3840610 1834098 1462417 1834098
r-381 24 0.344203 24 0.0362319 39861 5687386 39861 4934728 516831 55298 7227872 55298 923649 5705841 923649
