instance n1 density1 n2 density2 mcsplit mcsplit-swapped mcsplit-smart-swapped-D mcsplit-smart-swapped-O mcsplit+f mcsplit+bigf mcsplit-b mcsplit-b-swapped mcsplit-b-smart-swapped-D mcsplit-b-smart-swapped-O mcsplit-nosort mcsplit-nosort-swapped mcsplit-nosort-smart-swapped-D mcsplit-nosort-smart-swapped-O
r-563 37 0.364865 31 0.830108 322069 157725 322069 157725 579246 135580 414396 223744 414396 223744 301960 700271 301960 700271
r-780 30 0.995402 22 0.0562771 456 33 33 33 459 53 926 589 589 589 422 76 76 76
r-284 28 0.801587 20 0.984211 1043800 -1 1043800 -1 -1 -1 1156696 -1 1156696 -1 96208955 -1 96208955 -1
r-338 13 0.782051 11 0.709091 281 87 87 87 294 89 365 116 116 116 458 597 597 597
r-600 12 0.636364 28 0.671958 2907 15400 2907 2907 13903 2929 3035 18962 3035 3035 14163 6166 14163 14163
r-762 29 0.174877 26 0.852308 2212 5850 2212 5850 3168 3898 2346 5142 2346 5142 4813 39399 4813 39399
r-89 37 0.136637 31 0.307527 28703057 619002 619002 619002 27852268 1111415 45392415 862361 862361 862361 36134747 1780942 1780942 1780942
r-317 21 0.219048 16 0.891667 242 944 242 944 362 626 345 1649 345 1649 227 1928 227 1928
r-120 20 0.121053 16 0.516667 4987 1514 1514 1514 5619 838 6545 2122 2122 2122 4113 2137 2137 2137
r-446 28 0.753968 13 0.923077 28608 80491 28608 80491 47084 68156 7170 32932 7170 32932 153900 116246 153900 116246
r-966 14 0.89011 36 0.444444 54869 4416 4416 54869 5804 45899 79482 1452 1452 79482 166768 62905 62905 166768
r-749 29 0.194581 15 0.466667 53233 5698 5698 5698 54720 6376 81525 7399 7399 7399 11194 17605 17605 17605
r-640 35 0.12605 13 0.0769231 59 114 59 114 59 114 81 114 81 114 94 196 94 196
r-349 10 0.0666667 15 0.504762 7277 111 111 7277 273 1158 6152 60 60 6152 5702 878 878 5702
r-402 13 0.75641 19 0.0175439 27 518 27 27 529 48 200 942 200 200 107 506 107 107
r-737 26 0.363077 15 0.72381 3075 11393 3075 11393 3850 7418 1432 14860 1432 14860 17703 26712 17703 26712
r-785 20 0.421053 13 0.730769 354 4712 354 4712 574 3866 335 5217 335 5217 270 6936 270 6936
r-948 24 0.996377 36 0.0904762 2379 74 74 2379 31 1127 5481 537 537 5481 1910 74 74 1910
r-760 18 0.267974 36 0.957143 1227 3156 1227 1227 3237 785 1236 4289 1236 1236 6290 3764 6290 6290
r-798 13 0.74359 34 0.748663 3341 15605 3341 3341 13979 3302 3137 15676 3137 3137 16354 1631 16354 16354
r-971 17 0.786765 37 0.0375375 2204 2086 2204 2204 2186 1661 3126 2857 3126 3126 1318 2387 1318 1318
r-683 16 0.975 10 0.266667 230 70 70 70 236 59 385 152 152 152 199 122 122 122
r-968 15 0.857143 14 0.692308 3996 443 443 443 4277 599 5197 101 101 101 1673 899 899 899
r-25 14 1 36 0.809524 -1 -1 -1 -1 -1 -1 -1 -1 -1 -1 -1 -1 -1 -1
r-98 23 0.667984 36 0.920635 8563 1618261 8563 8563 1524764 14327 7700 1959014 7700 7700 80685 5564979 80685 80685
r-234 36 0.106349 17 0.397059 59554 1435 1435 1435 57333 1071 92575 1160 1160 1160 62133 23104 23104 23104
r-185 21 0.3 11 0.509091 482 1288 1288 1288 572 1406 431 1339 1339 1339 1970 677 677 677
r-78 40 0.429487 16 0.916667 8888 184224 8888 184224 32215 112198 13448 274400 13448 274400 128240 466898 128240 466898
r-626 32 0.372984 21 0.419048 2183955 1203949 1203949 1203949 2215954 1184155 4140963 1971776 1971776 1971776 2084666 2151142 2151142 2151142
r-913 17 0.588235 11 0.109091 155 1312 155 1312 216 683 66 1763 66 1763 78 3204 78 3204
r-171 34 0.627451 32 0.278226 1733611 2188855 1733611 2188855 2743774 1803990 2711565 3380036 2711565 3380036 9195445 5647297 9195445 5647297
r-28 34 0.26738 31 0.888172 6395 29194 6395 29194 12443 18345 7842 35891 7842 35891 39633 34891 39633 34891
r-811 35 0.561345 24 0.960145 28487 15946815 28487 15946815 340093 1314718 19921 19891306 19921 19891306 264142 17504393 264142 17504393
r-943 19 0.894737 21 1 10486 -1 10486 10486 -1 10486 11222 -1 11222 11222 -1 -1 -1 -1
r-486 24 0.134058 10 0.644444 43 518 518 518 43 406 69 635 635 635 209 1047 1047 1047
r-278 11 0.236364 29 0.0714286 422 1828 422 422 1296 744 467 2118 467 467 553 3184 553 553
r-36 11 0.290909 28 0.269841 247 1097 247 247 1034 251 197 1078 197 197 4168 2729 4168 4168
r-117 23 0.438735 16 0.458333 25552 54262 54262 54262 27338 52317 37404 81434 81434 81434 115941 120516 120516 120516
r-306 12 0.318182 21 0 1784 7283189 1784 1784 6921487 1784 1477 7192671 1477 1477 347881 7085000 347881 347881
r-254 40 0.0717949 10 0.955556 21 780 21 780 21 596 108 1647 108 1647 184 1100 184 1100
r-605 22 0.978355 23 0.960474 -1 12848 12848 -1 -1 -1 -1 13121 13121 -1 -1 -1 -1 -1
r-122 13 0.576923 17 0.698529 2459 8834 2459 2459 7346 3313 3512 13954 3512 3512 3862 3236 3862 3862
r-841 39 0.508772 12 0.984848 95829 1331727 95829 1331727 1475788 801211 93462 1634919 93462 1634919 135240 2005942 135240 2005942
r-706 33 0.121212 24 0.300725 3517321 200603 200603 200603 3561738 470217 5734039 291966 291966 291966 2115616 735360 735360 735360
r-694 39 0.983806 16 0.458333 24985 518 518 518 25386 347 33223 546 546 546 14018 2621 2621 2621
r-452 17 0.147059 24 0.40942 233868 18037 18037 233868 36196 186307 374340 25185 25185 374340 132595 44430 44430 132595
r-642 16 0.375 34 0.629234 24480 32583 24480 24480 33550 41044 34727 38255 34727 34727 138199 202681 138199 138199
r-377 24 0.807971 12 0.727273 2840 469 469 469 2851 467 3019 522 522 522 2233 2188 2188 2188
r-633 12 0.787879 29 0.391626 6656 1116 1116 6656 2409 5522 7835 510 510 7835 24372 9791 9791 24372
r-738 22 0.380952 19 0.497076 148533 52831 52831 52831 143640 47517 262038 77755 77755 77755 140198 60703 60703 60703
r-237 35 0.406723 22 0 488253 -1 488253 -1 -1 76163265 10499 -1 10499 -1 -1 -1 -1 -1
r-819 19 0.502924 26 0.821538 3648 68396 3648 3648 54377 3485 1896 115726 1896 1896 24701 15378 24701 24701
r-878 40 0.453846 30 0.314943 -1 -1 -1 -1 -1 -1 -1 -1 -1 -1 -1 -1 -1 -1
r-650 22 0.220779 10 0.333333 1411 147 147 147 1411 145 1453 187 187 187 84 454 454 454
r-42 11 0.109091 39 0.153846 103 46 46 103 46 103 103 74 74 103 220 98 98 220
r-321 40 0.396154 39 0.0148448 115415 -1 115415 -1 -1 4094333 141358 -1 141358 -1 120559546 -1 120559546 -1
r-567 12 0.909091 37 0.16967 2142 267 267 2142 325 1602 4262 221 221 4262 1857 742 742 1857
r-382 35 0.830252 32 0.354839 387506 179611 179611 179611 465021 128923 422368 108531 108531 108531 656171 991291 991291 991291
r-187 24 0.855072 17 0.669118 80487 12515 12515 12515 79165 16196 96207 16423 16423 16423 45764 122783 122783 122783
r-126 28 0.0846561 31 0.301075 12015472 272229 272229 12015472 3299073 1858352 15897544 386548 386548 15897544 40272438 1787319 1787319 40272438
r-848 19 0.409357 17 0.183824 1567 27816 1567 27816 6283 20053 1728 43522 1728 43522 29532 18942 29532 18942
r-56 33 0.032197 38 0.0113798 -1 -1 -1 -1 -1 -1 -1 -1 -1 -1 -1 -1 -1 -1
r-546 13 0.564103 38 0.237553 13843 2127 13843 13843 2458 14539 15425 2211 15425 15425 65929 7195 65929 65929
r-428 28 0.388889 24 0.155797 93604 1899507 93604 1899507 169798 1379579 126121 3202597 126121 3202597 145073 1372379 145073 1372379
r-143 27 0.652422 20 0.378947 38911 113631 113631 113631 46687 78651 45229 143650 143650 143650 207376 440903 440903 440903
r-831 26 0.104615 11 0.509091 937 378 378 378 936 323 575 141 141 141 826 651 651 651
r-416 10 1 21 1 175 65 175 175 65 175 175 76 175 175 175 65 175 175
r-146 36 0.68254 14 0.296703 5981 41717 5981 41717 6081 34945 4455 54998 4455 54998 49899 66204 49899 66204
r-194 26 0.92 30 0.898851 41975 106440 106440 41975 119517 49538 27406 104839 104839 27406 2300354 5785524 5785524 2300354
r-905 14 0.89011 10 0.0444444 13 37 13 37 13 37 92 106 92 106 65 213 65 213
r-494 27 0.00854701 24 0.442029 5338917 11224 11224 11224 5197965 10656 6191875 6782 6782 6782 6606033 9005 9005 9005
r-277 27 0.746439 34 0.327986 253890 92751 92751 253890 162498 179337 329390 114617 114617 329390 1419837 534590 534590 1419837
r-99 33 0.863636 31 0.0537634 3460 4745 3460 4745 3674 2975 4421 6110 4421 6110 2833 5709 2833 5709
r-394 37 0.0135135 17 0.382353 940420 710 710 710 940251 588 1017866 720 720 720 654527 18850 18850 18850
r-594 39 0.0782726 39 0.178138 -1 43056637 43056637 -1 -1 -1 -1 -1 -1 -1 -1 -1 -1 -1
r-974 40 0.520513 17 0.419118 226105 1832071 226105 1832071 244984 1768403 323099 2741946 323099 2741946 1209100 1902414 1209100 1902414
r-236 27 0.552707 36 0.62381 20069685 34113871 20069685 20069685 32822500 21350428 38648017 -1 38648017 38648017 39449561 59698384 39449561 39449561
r-316 29 0.568966 28 0.796296 745080 6288292 745080 6288292 1016880 4555103 1132985 11541506 1132985 11541506 2891112 2487894 2891112 2487894
r-145 36 0.331746 32 0.0604839 233065 -1 233065 -1 943020 6679837 301410 -1 301410 -1 20288349 -1 20288349 -1
r-906 10 0.955556 18 0.359477 2813 113 113 2813 284 736 3373 63 63 3373 1934 2077 2077 1934
r-477 25 0.616667 11 0.418182 875 6286 6286 6286 1051 5832 774 7451 7451 7451 12593 8972 8972 8972
r-341 26 0.184615 31 0.393548 6985407 619381 619381 6985407 1071232 5362356 11587258 752348 752348 11587258 3156143 4877213 4877213 3156143
r-927 29 0.615764 15 0.952381 32195 1672447 32195 1672447 70311 744286 17293 1763663 17293 1763663 185058 2003266 185058 2003266
r-342 12 0.272727 21 0.861905 577 138 577 577 138 398 597 153 597 597 1208 552 1208 1208
r-119 38 0.475107 36 0.626984 -1 -1 -1 -1 -1 -1 -1 -1 -1 -1 -1 -1 -1 -1
r-726 23 0.284585 11 0.945455 184 2020 184 2020 376 872 94 3560 94 3560 733 2256 733 2256
r-320 28 0.505291 19 0.74269 92439 653759 92439 653759 161282 565499 127421 1147642 127421 1147642 269386 347239 269386 347239
r-590 34 0.491979 35 0.156303 1299349 14488628 1299349 1299349 10041200 1754208 2173854 27103299 2173854 2173854 1758197 5366245 1758197 1758197
r-873 23 0.383399 13 0.628205 1348 7080 1348 7080 1735 6798 1255 9004 1255 9004 8233 23609 8233 23609
r-566 29 0.916256 23 0.652174 393255 56263 56263 56263 343396 101218 627675 77011 77011 77011 726913 116109 116109 116109
r-243 22 0.112554 31 0.683871 19338 8436 8436 19338 15378 10953 26072 8185 8185 26072 18947 47709 47709 18947
r-26 22 0.337662 34 0.427807 7163882 1687183 1687183 7163882 2232880 6741295 12839475 2758808 2758808 12839475 7347801 6342382 6342382 7347801
r-872 11 0.927273 32 0.625 19313 2813 2813 19313 3680 14921 18541 2131 2131 18541 2631 1325 1325 2631
r-103 10 0.822222 18 0.588235 1530 100 100 1530 230 1471 1759 111 111 1759 1472 1074 1074 1472
r-991 34 0.131907 10 0.288889 22754 292 292 292 22755 294 22789 322 322 322 7730 56306 56306 56306
r-354 20 0.294737 14 0.252747 8475 4694 8475 4694 8952 4175 11523 5501 11523 5501 9702 14406 9702 14406
r-474 40 0.942308 19 0.0818713 519 794 794 794 519 543 302 1469 1469 1469 396 4079 4079 4079
r-823 40 0.0923077 11 0.454545 5623 1015 1015 1015 5785 1313 7483 1170 1170 1170 811 1705 1705 1705
r-836 12 0.106061 29 0.433498 7859 8512 8512 7859 11974 7379 5190 2812 2812 5190 6684 18323 18323 6684
r-720 31 0.597849 36 0.501587 -1 -1 -1 -1 -1 -1 -1 -1 -1 -1 -1 -1 -1 -1
r-6 23 0.304348 37 0.53003 6270759 2178452 2178452 6270759 3232120 4814183 10089906 3275510 3275510 10089906 4467749 9055697 9055697 4467749
r-998 37 0.39039 15 0.428571 144547 136586 136586 136586 150311 137583 204154 178861 178861 178861 289627 206196 206196 206196
r-87 24 0.971014 39 0.712551 -1 531650 531650 -1 -1 -1 -1 242778 242778 -1 -1 -1 -1 -1
r-429 27 0.210826 22 0.640693 31877 42162 42162 42162 34387 25727 27169 57985 57985 57985 66387 207475 207475 207475
r-398 14 0.692308 17 1 4979 3440377 4979 4979 3386245 4979 144 3715141 144 144 75765 3239720 75765 75765
r-969 34 0.285205 10 0.288889 204 211 211 211 204 221 217 194 194 194 38 68 68 68
r-37 18 0.24183 31 0.591398 142139 29944 29944 142139 52945 91251 197862 22864 22864 197862 427812 136975 136975 427812
r-132 25 0.46 23 0.225296 234006 752480 234006 752480 285564 623079 353022 1350204 353022 1350204 483837 259721 483837 259721
r-105 38 0.559033 16 0.808333 48726 752946 48726 752946 66383 697178 63935 1068895 63935 1068895 395462 652552 395462 652552
r-993 39 0.155196 19 0.438596 248537 9858 9858 9858 238831 27546 404787 13662 13662 13662 170445 482290 482290 482290
r-761 23 0.695652 36 0.453968 2129321 620912 620912 2129321 780310 1778679 3237438 921235 921235 3237438 7204750 3827252 3827252 7204750
r-887 30 0.347126 29 0.268473 8521110 19618643 8521110 19618643 10240388 16184316 14871467 35651576 14871467 35651576 11239324 20916914 11239324 20916914
r-608 33 0.198864 15 0.257143 31794 7041 7041 7041 32372 7655 37052 7564 7564 7564 24628 47604 47604 47604
r-703 23 0.822134 19 0.146199 719 1189 719 1189 729 861 753 1158 753 1158 1657 3159 1657 3159
r-157 32 0.016129 23 0.916996 397 101 101 101 397 115 801 715 715 715 550 208 208 208
r-787 24 0.057971 11 0.454545 365 312 312 312 416 298 403 100 100 100 332 266 266 266
r-576 24 0.992754 40 0.462821 18065090 16327 16327 18065090 774941 967640 24413704 23110 23110 24413704 20416973 132859 132859 20416973
r-918 35 0.29916 38 0.163585 27590604 -1 27590604 27590604 -1 34043307 43035659 -1 43035659 43035659 -1 -1 -1 -1
r-707 22 0.0692641 26 0.572308 100513 4635 4635 100513 23529 9118 97839 1239 1239 97839 59965 16109 16109 59965
r-80 12 0.787879 33 0.130682 970 956 970 970 904 1115 1736 1089 1736 1736 3756 3052 3756 3756
r-441 32 0.163306 33 0.346591 53764617 5518667 5518667 53764617 9686325 39449334 92139255 7653656 7653656 92139255 20144133 22426943 22426943 20144133
r-366 26 0.267692 17 0.705882 5791 9441 9441 9441 6801 9300 5367 12166 12166 12166 4242 55096 55096 55096
r-530 29 0.211823 13 0.5 11388 4303 4303 4303 11832 4867 16436 5017 5017 5017 8807 11129 11129 11129
r-339 25 0.24 25 0.563333 100912 60219 60219 100912 121965 53690 123315 79839 79839 123315 521986 148382 148382 521986
r-916 27 0.165242 32 0.879032 2612 5625 2612 2612 6701 2261 3495 5261 3495 3495 12728 8878 12728 12728
r-311 31 0.16129 12 0.166667 157 206 206 206 157 206 152 178 178 178 3234 238 238 238
r-256 13 0.641026 12 0.969697 152 53280 152 53280 97 8623 191 63601 191 63601 258 53765 258 53765
r-168 16 0.716667 23 0.134387 2552 1548 2552 2552 1606 1673 2381 1763 2381 2381 2827 1087 2827 2827
r-844 37 0.852853 12 0.878788 68 129 68 129 67 129 74 99 74 99 41 88 41 88
r-154 15 0.647619 12 0.257576 572 414 572 414 565 401 473 526 473 526 1086 2721 1086 2721
r-344 19 0.140351 24 0.155797 12655 28024 28024 12655 26107 14194 7958 25079 25079 7958 46924 143079 143079 46924
r-451 21 0.77619 23 0.339921 10857 4554 4554 10857 7636 9051 10179 4820 4820 10179 57475 24446 24446 57475
r-558 38 0.362731 40 0.773077 2978720 4768297 2978720 2978720 5619274 2228608 2227150 7422136 2227150 2227150 6470444 18305643 6470444 6470444
r-767 34 0.199643 24 0.141304 2807535 2577391 2807535 2577391 3095217 2600368 3447818 2946836 3447818 2946836 23552589 16121711 23552589 16121711
r-999 33 0.261364 32 0.502016 6876846 9373771 9373771 9373771 8140368 6063147 10851498 16528467 16528467 16528467 11433067 11584181 11584181 11584181
r-928 18 0.202614 14 0.010989 2697 85351251 2697 85351251 1129462 11051871 1291 86844031 1291 86844031 671009 82386131 671009 82386131
r-183 23 0.166008 18 0.156863 13010 5375 13010 5375 14281 6792 13037 6255 13037 6255 36140 107817 36140 107817
r-60 38 0.789474 35 0.769748 -1 -1 -1 -1 -1 -1 -1 -1 -1 -1 -1 -1 -1 -1
r-564 30 1 10 0.177778 433 31 31 31 439 31 902 249 249 249 433 61 61 61
r-455 39 0.592443 27 0.626781 -1 44798732 -1 44798732 -1 41813634 -1 -1 -1 -1 77470657 116549076 77470657 116549076
r-101 20 0.257895 23 0.142292 6475 47644 6475 6475 39945 7564 8155 69792 8155 8155 83509 98227 83509 83509
r-414 36 0.839683 23 0.3083 16752 36719 36719 36719 21347 20005 14327 49767 49767 49767 73738 122476 122476 122476
r-884 20 0.594737 38 0.719772 427078 2238253 427078 427078 2039973 501027 616080 3750036 616080 616080 1289568 1522070 1289568 1289568
r-620 19 0.134503 11 0.0909091 69 89 69 89 69 89 55 62 55 62 10886 1062 10886 1062
r-547 23 0.181818 10 0.333333 1042 202 202 202 1043 202 1075 236 236 236 658 336 336 336
r-591 19 0.51462 28 0.814815 23450 211652 23450 23450 147774 41368 35543 397638 35543 35543 42008 78023 42008 42008
r-950 34 0.16934 16 0.416667 80190 16475 16475 16475 80448 30009 120614 19586 19586 19586 55546 19809 19809 19809
r-914 34 0.368984 39 0.0931174 1503532 21202513 1503532 1503532 18147558 2089553 698088 32497000 698088 698088 2060988 33617902 2060988 2060988
r-302 14 0.472527 21 0.214286 2632 21329 2632 2632 17546 3849 2798 36794 2798 2798 6206 6587 6206 6206
r-987 27 0.57265 33 0.94697 11739 1075908 11739 11739 1045111 11555 11385 1618070 11385 11385 162228 763417 162228 162228
r-846 38 0.662873 26 0.424615 2692214 6472008 6472008 6472008 3050016 6600982 4156163 10585204 10585204 10585204 5771449 11799944 11799944 11799944
r-7 21 0.909524 15 0.609524 9769 1193 1193 1193 9961 1365 15012 1552 1552 1552 2914 875 875 875
r-955 34 0.782531 24 0.148551 5603 11786 5603 11786 6341 9710 6642 15779 6642 15779 31038 73790 31038 73790
r-263 40 0.842308 32 0.790323 -1 23179819 23179819 23179819 -1 48457513 -1 32556620 32556620 32556620 -1 -1 -1 -1
r-550 32 0.719758 18 0.20915 4769 15572 4769 15572 5664 21468 4748 23349 4748 23349 12266 30314 12266 30314
r-714 25 0.516667 14 0.516484 31735 53947 53947 53947 33290 48562 44669 74943 74943 74943 43730 69618 69618 69618
r-261 28 0.00529101 16 0.616667 5263 336 336 336 5407 295 8292 629 629 629 8362 9048 9048 9048
r-485 36 0.0031746 40 0.273077 -1 -1 -1 -1 -1 -1 -1 -1 -1 -1 -1 -1 -1 -1
r-741 14 0.428571 27 0.783476 9696 3366 9696 9696 4211 7063 12623 3708 12623 12623 14068 9025 14068 14068
r-574 23 0.865613 34 0.627451 7361488 705907 705907 7361488 1482698 5427129 11706525 1075603 1075603 11706525 6727386 8475991 8475991 6727386
r-307 24 0.706522 16 0.508333 81697 13232 13232 13232 83803 15811 148303 18515 18515 18515 28980 24498 24498 24498
r-461 34 0.850267 26 0.772308 14272837 1877381 1877381 1877381 14570831 2478840 20525600 2541670 2541670 2541670 9952157 3024115 3024115 3024115
r-165 14 0.043956 35 0.388235 5514447 39093 39093 5514447 174088 2996158 6272415 47085 47085 6272415 6733994 222988 222988 6733994
r-369 11 0.945455 11 0.927273 54 53 53 54 54 53 69 68 68 69 3653 213 213 3653
r-399 32 0.296371 24 0.550725 362651 627520 627520 627520 420471 494014 477336 976314 976314 976314 2099392 2705510 2705510 2705510
r-293 20 0.178947 25 0.07 14082 1368525 14082 14082 1185235 14078 13895 1499505 13895 13895 1294496 4702765 1294496 1294496
r-629 15 0.695238 38 0.291607 21354 2655 21354 21354 4550 24928 27799 2329 27799 27799 66709 7566 66709 66709
r-520 28 0.674603 29 0.394089 766253 1340632 1340632 766253 1655131 728274 1141917 2111838 2111838 1141917 3194257 2479069 2479069 3194257
r-397 24 0.851449 37 0.933934 145629 -1 145629 145629 -1 167748 173897 -1 173897 173897 1260604 -1 1260604 1260604
r-35 28 0.0291005 15 0.352381 346083 701 701 701 350254 671 387457 343 343 343 1076348 2491 2491 2491
r-331 32 0.782258 10 0.466667 238 1800 1800 1800 280 1814 126 733 733 733 207 1704 1704 1704
r-313 10 0.2 38 0.231863 135 102 102 135 98 150 122 113 113 122 84 32 32 84
r-850 31 0.455914 31 0.690323 1853278 5328734 1853278 1853278 2405879 4781771 2422869 8144879 2422869 2422869 11672177 9689694 11672177 11672177
r-425 22 0.692641 35 0.789916 820626 4225403 820626 820626 3626990 1074327 1180792 6485683 1180792 1180792 933647 1707616 933647 933647
r-867 17 0.735294 28 0.113757 1611 2240 1611 1611 2643 989 2383 1056 2383 2383 13532 3686 13532 13532
r-418 31 0.802151 10 0.577778 2594 745 745 745 2597 788 2674 795 795 795 273 864 864 864
r-392 15 0.914286 14 0.461538 2423 491 491 491 2492 367 2856 646 646 646 3310 1698 1698 1698
r-352 35 0.344538 32 0.764113 564029 380127 564029 380127 731388 360117 819968 545881 819968 545881 3224851 1515498 3224851 1515498
r-722 18 0.20915 31 0.423656 1136003 224308 224308 1136003 320042 1017613 1890312 361180 361180 1890312 987459 823312 823312 987459
r-627 40 0.839744 28 0.507937 13243659 697186 697186 697186 12139281 1149679 25591564 1156507 1156507 1156507 4126114 5860620 5860620 5860620
r-498 26 0.704615 13 0.858974 9456 5789 9456 5789 9705 5686 4357 4673 4357 4673 16915 38802 16915 38802
r-757 15 0.209524 21 0.161905 9204 50093 9204 9204 39805 12409 9956 55453 9956 9956 43866 79754 43866 43866
r-665 12 0.272727 18 0.542484 2627 909 909 2627 1100 1742 2921 708 708 2921 2966 1723 1723 2966
r-447 30 0.124138 31 0.651613 108679 17268 17268 108679 25070 69310 172613 17420 17420 172613 96702 129410 129410 96702
r-637 16 0.675 33 0.244318 19803 6941 19803 19803 8216 18501 25264 8065 25264 25264 29303 26214 29303 29303
r-816 35 0.710924 35 0.196639 189447 269245 189447 189447 272711 230023 280514 386391 280514 280514 1177668 919958 1177668 1177668
r-34 22 0.688312 24 0.764493 91325 477041 91325 91325 431736 104316 132987 749880 132987 132987 727865 569288 727865 727865
r-260 10 0.488889 25 0.516667 4077 2941 4077 4077 3157 4072 4233 3411 4233 4233 3272 3549 3272 3272
r-835 26 0.618462 30 0.926437 19321 1196476 19321 19321 903409 29509 23627 1681425 23627 23627 46639 3288167 46639 46639
r-287 13 0.384615 40 0.278205 5435 15851 5435 5435 14934 5664 4814 14640 4814 4814 6592 10911 6592 6592
r-882 22 0.82684 38 0.0896159 3699 2137 3699 3699 2471 2303 5280 3463 5280 5280 17741 4533 17741 17741
r-436 32 0.758065 15 0.133333 208 4471 208 4471 332 2742 218 7354 218 7354 4078 6307 4078 6307
r-257 36 0.274603 31 0.597849 1218534 1720155 1720155 1720155 1497338 959407 1870422 2656971 2656971 2656971 3518493 11640227 11640227 11640227
r-532 38 0.916074 29 0.137931 3598 1753 1753 1753 4303 2397 4876 1615 1615 1615 12565 23038 23038 23038
r-517 24 0.855072 16 0.433333 3243 5269 5269 5269 3847 2911 3885 6697 6697 6697 2645 4646 4646 4646
r-495 18 0.294118 38 0.822191 14860 11488 14860 14860 13438 15337 17065 3481 17065 17065 72473 14577 72473 72473
r-527 34 0.919786 18 0.588235 134498 7699 7699 7699 120621 13493 208998 11730 11730 11730 65963 150786 150786 150786
r-484 36 0.687302 33 0.0435606 8180 251507 8180 251507 12021 19099 7116 332393 7116 332393 55385 238352 55385 238352
r-615 13 0.692308 33 0.274621 3712 4366 3712 3712 4416 4138 3805 4330 3805 3805 14079 3817 14079 14079
r-612 33 0.924242 37 0.870871 30134079 2045974 2045974 30134079 6407883 17802380 33186621 1380500 1380500 33186621 224523352 -1 -1 224523352
r-213 13 0.820513 18 0.104575 95 133 95 95 153 112 232 309 232 232 407 131 407 407
r-569 17 0.382353 24 0.438406 81052 92365 92365 81052 107341 72730 129072 149516 149516 129072 148978 173009 173009 148978
r-72 40 0.0794872 15 0.361905 31795 10273 10273 10273 31827 15714 38142 13982 13982 13982 10463 16170 16170 16170
r-94 38 0.748222 34 0.536542 -1 29727089 29727089 29727089 -1 -1 -1 -1 -1 -1 -1 -1 -1 -1
r-79 25 0.0966667 22 0.844156 978 984 984 984 983 454 505 600 600 600 651 5462 5462 5462
r-421 18 0.300654 25 0.266667 73197 157649 73197 73197 140308 86693 99300 247767 99300 99300 185795 304862 185795 185795
r-961 34 0.108734 28 0.0343915 41297658 -1 41297658 -1 -1 -1 44592962 -1 44592962 -1 -1 -1 -1 -1
r-255 40 0.548718 23 0.181818 243297 684285 243297 684285 819467 373558 338968 906591 338968 906591 1517301 1969625 1517301 1969625
r-497 36 0.739683 30 0.689655 -1 23733695 23733695 23733695 -1 24988399 -1 34012605 34012605 34012605 -1 87352879 87352879 87352879
r-457 36 0.768254 11 0.236364 599 3271 3271 3271 724 3725 288 3078 3078 3078 5440 7398 7398 7398
r-323 21 0.238095 12 0.515152 2185 1540 1540 1540 2298 1303 2222 1702 1702 1702 2974 2337 2337 2337
r-958 27 0.908832 18 0.75817 22734 2110 2110 2110 23119 1120 29232 486 486 486 385861 3467 3467 3467
r-345 38 0.526316 24 0.130435 129829 1025752 129829 1025752 404732 517776 140538 1423347 140538 1423347 635146 1099399 635146 1099399
r-560 21 0.5 25 0.83 18187 53618 18187 18187 64422 14572 26789 65133 26789 26789 93341 76958 93341 93341
r-790 35 0.226891 39 0.333333 -1 -1 -1 -1 -1 -1 -1 -1 -1 -1 -1 -1 -1 -1
r-58 11 0.745455 18 0.712418 378 2373 2373 378 2330 351 382 2870 2870 382 2511 2021 2021 2511
r-405 28 0.560847 19 0.169591 16962 57663 16962 57663 23989 39674 3568 89512 3568 89512 116121 227458 116121 227458
r-469 33 0.462121 38 0.334282 -1 -1 -1 -1 -1 -1 -1 -1 -1 -1 -1 -1 -1 -1
r-730 14 0.428571 24 0.865942 1069 3787 1069 1069 3948 1103 647 4241 647 647 2553 5706 2553 2553
r-901 11 0.418182 25 0.903333 422 1202 422 422 1208 248 304 945 304 304 368 1015 368 368
r-902 28 0.439153 18 0.823529 16012 38911 16012 38911 20359 25951 5102 51366 5102 51366 71259 64295 71259 64295
r-378 32 0.41129 18 0.843137 2257 46643 2257 46643 4983 26470 222 60707 222 60707 99622 141119 99622 141119
r-52 22 0.203463 12 0.0151515 42983 45403544 42983 45403544 246934 36602989 43051 46175107 43051 46175107 698392 48764325 698392 48764325
r-478 27 0.635328 15 0.87619 25001 213103 25001 213103 40675 169579 32610 277854 32610 277854 107452 279634 107452 279634
r-528 36 0.304762 35 0.623529 8036892 9123149 9123149 9123149 9611185 7475636 11268114 13937131 13937131 13937131 28915096 39908902 39908902 39908902
r-247 31 0.924731 35 0.836975 -1 2812436 2812436 -1 -1 -1 -1 3766821 3766821 -1 -1 18732638 18732638 -1
r-557 40 0.591026 31 0.0709677 39596 2133539 39596 2133539 211058 124072 12418 2421137 12418 2421137 126925 1759710 126925 1759710
r-297 26 0.473846 10 0.977778 969 30938 969 30938 15098 21261 1653 42588 1653 42588 3150 34301 3150 34301
r-422 19 0.380117 32 0.00604839 2404 52067343 2404 2404 50735838 2350 2596 56771815 2596 2596 2255008 31870818 2255008 2255008
r-501 12 0.151515 19 0.146199 103 90 103 103 87 106 66 60 66 66 171 252 171 171
r-593 33 0.5625 27 0.88604 79906 2359165 79906 2359165 215016 1433293 105969 3883188 105969 3883188 776839 3725884 776839 3725884
r-625 16 0.125 22 0.861472 1221 345 345 1221 362 839 762 218 218 762 836 1282 1282 836
r-265 23 0.438735 40 0.0435897 3124 1602697 3124 3124 1607254 3218 4811 2198545 4811 4811 49996 1609884 49996 49996
r-709 20 0.331579 23 0.956522 1630 7111 1630 1630 7216 1250 478 8774 478 478 1773 1887 1773 1773
r-90 19 0.666667 17 0.566176 53521 16884 16884 16884 55281 13470 94110 22699 22699 22699 15293 51506 51506 51506
r-635 13 0.948718 21 0.728571 352400 8493 8493 352400 74390 132453 315432 3597 3597 315432 406813 83073 83073 406813
r-308 23 0.865613 34 0.286988 23971 15210 15210 23971 17019 18183 40216 10202 10202 40216 82373 52587 52587 82373
r-607 30 0.241379 13 0.24359 8910 3416 3416 3416 8939 4114 8929 3404 3404 3404 5286 6754 6754 6754
r-868 15 0.285714 35 0.205042 9775 117541 9775 9775 102598 10077 11619 146040 11619 11619 92017 39761 92017 92017
r-545 36 0.28254 21 0.580952 277092 229417 229417 229417 307789 233287 118265 250699 250699 250699 564959 835757 835757 835757
r-644 35 0.542857 30 0.0666667 36102 1221631 36102 1221631 148591 136096 36484 1461630 36484 1461630 178069 403696 178069 403696
r-319 33 0.327652 26 0.267692 4395028 14622466 4395028 14622466 5575102 13411642 7082380 24955106 7082380 24955106 20561182 15318647 20561182 15318647
r-212 20 0.447368 37 0.86036 66631 23205 66631 66631 25485 39840 55542 13138 55542 55542 58158 69804 58158 58158
r-266 16 0.483333 32 0.629032 225677 82717 225677 225677 87082 202136 275316 111675 275316 275316 353837 142026 353837 353837
r-281 10 0.311111 19 0.251462 538 1221 538 538 1066 553 525 1242 525 525 624 739 624 624
r-753 34 0.518717 14 0.285714 15836 90537 15836 90537 20283 84518 19075 110250 19075 110250 164916 115890 164916 115890
r-199 23 0.652174 15 0.933333 2545 221405 2545 221405 15122 117215 3285 263308 3285 263308 64503 272019 64503 272019
r-598 10 0.0222222 14 0.681319 368 41 41 368 79 254 681 99 99 681 416 120 120 416
r-127 22 0.367965 29 0.315271 600374 1983201 600374 600374 1800813 701474 946497 3557768 946497 946497 1887672 1662940 1887672 1887672
r-890 36 0.969841 28 0.0555556 909 229 229 229 988 206 2125 1030 1030 1030 739 1551 1551 1551
r-759 33 0.776515 13 0.653846 17176 5022 5022 5022 17834 5045 20797 6089 6089 6089 5993 6331 6331 6331
r-492 40 0.734615 26 0.913846 4424506 -1 4424506 -1 9917707 125263113 6721040 -1 6721040 -1 69689134 -1 69689134 -1
r-776 11 0.509091 24 0.0507246 313 3238 313 313 3278 252 326 3308 326 326 1609 1411 1609 1609
r-837 11 0.0545455 33 0.626894 24385 2130 2130 24385 2750 16533 35545 1002 1002 35545 36831 5254 5254 36831
r-553 31 0.417204 29 0.130542 81700 5216517 81700 5216517 140873 3314231 30730 8285494 30730 8285494 670077 2953658 670077 2953658
r-203 19 0 40 0.984615 400 20 20 400 20 193 1055 381 381 1055 400 20 20 400
r-322 20 0.868421 19 0.48538 15981 6118 6118 6118 18493 3391 18163 7180 7180 7180 14506 14776 14776 14776
r-175 30 0.308046 18 0.529412 65499 108150 108150 108150 77431 92616 90222 171734 171734 171734 144661 180297 180297 180297
r-448 13 0.205128 23 0.27668 1262 2969 2969 1262 3008 1224 1138 3029 3029 1138 3282 8738 8738 3282
r-543 20 0.152632 36 0.419048 3171848 533349 533349 3171848 1006111 2827231 5252386 781640 781640 5252386 2926308 2111551 2111551 2926308
r-178 19 0.280702 21 0.280952 36042 32269 32269 36042 32786 29666 53341 50808 50808 53341 57079 64706 64706 57079
r-535 17 0.279412 16 0.258333 11993 10614 11993 10614 14413 9340 17136 14933 17136 14933 14583 18207 14583 18207
r-623 35 0.917647 31 0.817204 42387937 435018 435018 435018 38540408 648931 51876299 435741 435741 435741 -1 640943 640943 640943
r-420 40 0.947436 17 0.463235 30241 5885 5885 5885 31637 4644 32936 8163 8163 8163 11001 15260 15260 15260
r-180 36 0.939683 30 0.278161 25921 12117 12117 12117 29847 3963 41240 4408 4408 4408 43067 25550 25550 25550
r-184 36 0.846032 16 0.191667 1559 3556 3556 3556 1559 2793 780 4102 4102 4102 3848 9174 9174 9174
r-595 14 0.0769231 27 0.603989 17114 2469 2469 17114 12313 5363 26069 2133 2133 26069 20304 9682 9682 20304
r-113 22 0.683983 12 0.409091 588 2499 2499 2499 796 2524 443 2996 2996 2996 10822 7543 7543 7543
r-389 36 0.503175 30 0.885057 338966 2606156 338966 2606156 464648 1594201 512145 4494451 512145 4494451 833615 1371186 833615 1371186
r-161 11 0.545455 32 0.0685484 875 1525 875 875 1519 653 1074 315 1074 1074 709 383 709 709
r-656 13 0.0384615 29 0.827586 4038 149 149 4038 265 2073 6206 143 143 6206 4613 255 255 4613
r-141 12 0.030303 27 0.168091 1689240 417260 417260 1689240 1615543 1209505 1672354 416342 416342 1672354 349 380 380 349
r-88 10 0.777778 12 0.030303 38 85 38 38 85 45 91 146 91 91 38 61 38 38
r-186 37 0.854354 30 1 -1 -1 -1 -1 -1 -1 -1 -1 -1 -1 -1 -1 -1 -1
r-124 28 0.179894 27 0.381766 1963103 246856 246856 246856 1797882 337246 3241664 341565 341565 341565 1520576 1549227 1549227 1549227
r-450 13 0.589744 33 0.727273 5428 27524 5428 5428 24611 5309 6521 34477 6521 6521 6183 9110 6183 6183
r-387 34 0.650624 29 0.0763547 19576 168197 19576 168197 59634 11705 11544 228940 11544 228940 60079 169140 60079 169140
r-995 19 0.45614 34 0.864528 16574 27456 16574 16574 31598 11352 21774 24708 21774 21774 57676 65384 57676 57676
r-75 40 0.0948718 20 0.352632 224409 17366 17366 17366 213893 40790 281888 15623 15623 15623 380715 62692 62692 62692
r-111 30 0.843678 20 0.473684 88704 17479 17479 17479 98317 11846 112584 22749 22749 22749 44111 62661 62661 62661
r-731 29 0.130542 19 0.116959 63430 6601 63430 6601 64082 6571 61973 3076 61973 3076 201172 13900 201172 13900
r-664 12 0 24 0.554348 276811 456 456 276811 735 101647 329560 248 248 329560 271995 7077 7077 271995
r-151 39 0.117409 19 0.0409357 208753 21761367 208753 21761367 2212989 15092349 138504 5627256 138504 5627256 95260 2939 95260 2939
r-795 12 0.393939 22 0.969697 156 601 156 156 620 109 199 677 199 199 337 1112 337 337
r-724 33 0.893939 23 0.339921 32431 19524 19524 19524 38562 9516 23509 23859 23859 23859 35302 51718 51718 51718
r-109 40 0.903846 40 0.187179 49650 11763 11763 49650 60252 12526 60153 18165 18165 60153 63326 133669 133669 63326
r-984 35 0.406723 39 0.296896 -1 -1 -1 -1 -1 -1 -1 -1 -1 -1 -1 -1 -1 -1
r-473 22 0.324675 33 0.685606 200342 158757 200342 200342 203487 148445 292261 229117 292261 292261 140809 301927 140809 140809
r-806 16 0.75 39 0.349528 131807 8691 8691 131807 11641 110079 189704 9847 9847 189704 376391 135974 135974 376391
r-443 22 0.017316 21 0.204762 -1 4758 4758 4758 -1 4604 -1 7016 7016 7016 -1 3315056 3315056 3315056
r-81 34 0.946524 36 0.314286 112912 24486 24486 112912 31135 22285 179099 17088 17088 179099 88763 40352 40352 88763
r-796 11 0.872727 23 0.624506 13236 1617 1617 13236 2262 11628 14744 1918 1918 14744 4438 2415 2415 4438
r-181 24 0 39 0.905533 4679 49 49 4679 27 1815 10495 565 565 10495 4410 1776 1776 4410
r-825 29 0.29064 28 0.703704 120225 205441 205441 205441 184256 158422 162412 237315 237315 237315 184622 673534 673534 673534
r-173 20 0.184211 29 0.805419 6980 6217 6217 6980 7019 4351 7890 1434 1434 7890 17416 3859 3859 17416
r-880 15 0.590476 23 0.909091 968 8709 968 968 7217 1418 1030 12316 1030 1030 9561 5648 9561 9561
r-817 28 0.230159 22 0.731602 10684 11981 11981 11981 13298 9377 10669 13951 13951 13951 35436 64171 64171 64171
r-945 40 0.638462 34 0.279857 5648506 3091178 5648506 3091178 8845192 2376146 9526015 4537084 9526015 4537084 17207882 28215156 17207882 28215156
r-271 17 0.433824 11 0.472727 1452 952 952 952 1465 952 1755 1134 1134 1134 1824 1526 1526 1526
r-351 33 0.846591 34 0.352941 316635 255304 255304 316635 426865 268582 534433 355018 355018 534433 427819 322238 322238 427819
r-270 14 0.164835 39 0.68691 20766 533 533 20766 689 13442 19285 173 173 19285 48959 18395 18395 48959
r-208 32 0.0262097 16 0.283333 60093760 2143 2143 2143 60642713 2141 57001422 2052 2052 2052 44472541 16944 16944 16944
r-711 32 0.772177 20 0.178947 1851 7547 1851 7547 2986 6474 1949 12417 1949 12417 4897 31226 4897 31226
r-231 27 0.0683761 22 0.246753 1868022 28918 28918 28918 1911470 28732 2273644 28507 28507 28507 5583731 3126554 3126554 3126554
r-715 21 0.390476 31 0.832258 38455 23146 38455 38455 25216 16276 49101 4575 49101 49101 180133 70270 180133 180133
r-437 16 0.2 26 0.956923 90 711 90 90 709 96 324 759 324 324 1494 867 1494 1494
r-38 13 0.884615 13 1 21134 23990643 21134 21134 22005895 1463579 21409 25002931 21409 21409 1988288 23990634 1988288 1988288
r-634 30 0.636782 31 0.819355 3114726 33225391 3114726 3114726 26152341 4067506 4948054 58090862 4948054 4948054 23566848 20880281 23566848 23566848
r-910 10 0.533333 13 0.782051 125 1151 125 125 941 130 179 1648 179 179 544 365 544 544
r-92 15 0.304762 36 0.207937 4044 40723 4044 4044 37402 3821 4769 50080 4769 4769 21802 29916 21802 21802
r-86 18 0.777778 25 0.666667 135478 74442 74442 135478 126600 125246 194504 105923 105923 194504 191141 302159 302159 191141
r-83 39 0.978408 32 0.362903 262162 17705 17705 17705 274814 14811 456343 13339 13339 13339 289794 39361 39361 39361
r-896 24 0.855072 26 0.661538 461834 38521 38521 461834 60719 372471 755797 56429 56429 755797 541464 83073 83073 541464
r-226 29 0.416256 20 0.563158 605558 925064 925064 925064 680948 864075 965004 1527054 1527054 1527054 508531 1041113 1041113 1041113
r-660 39 0.747638 12 0.0757576 553 7125 553 7125 729 4666 297 13020 297 13020 12946 16067 12946 16067
r-967 33 0.979167 24 0.735507 47349053 92949 92949 92949 47063341 88824 54025562 15034 15034 15034 36746997 481222 481222 481222
r-229 27 0.883191 15 0.92381 1062648 25959 1062648 25959 1088469 7195 1054433 215 1054433 215 1111 349 1111 349
r-346 27 0.712251 12 0.136364 705 2736 705 2736 491 1965 833 4126 833 4126 4037 5638 4037 5638
r-139 18 0.24183 28 0.589947 29087 12811 12811 29087 16002 24080 39032 11464 11464 39032 174293 85534 85534 174293
r-468 36 0.442857 26 0.0984615 145984 3283893 145984 3283893 469408 1375509 179130 5202596 179130 5202596 208273 2790238 208273 2790238
r-692 24 0.144928 24 0.144928 66979 99529 66979 66979 73907 85867 75715 110712 75715 75715 1430086 820281 1430086 1430086
r-674 38 0.704125 34 0.736185 -1 -1 -1 -1 -1 -1 -1 -1 -1 -1 -1 -1 -1 -1
r-799 26 0.304615 22 0.47619 998868 218817 218817 218817 1006823 244488 1651318 350254 350254 350254 492821 725602 725602 725602
r-419 34 0.247772 10 0.355556 898 411 411 411 899 389 889 380 380 380 1323 2136 2136 2136
r-33 15 0.466667 29 0.408867 119335 119373 119335 119335 109752 117240 170909 187112 170909 170909 152320 81168 152320 152320
r-864 25 0.326667 31 0.913978 8919 14878 8919 8919 18326 3355 8213 24431 8213 8213 10034 71646 10034 10034
r-290 20 0.842105 17 0.808824 22469 3850 3850 3850 23881 4041 29047 5011 5011 5011 35312 22267 22267 22267
r-631 24 0.637681 32 0.52621 8890816 1663967 1663967 8890816 2386378 7829685 17398171 2768425 2768425 17398171 8131028 4655982 4655982 8131028
r-413 31 0.696774 13 0.0512821 606 24120 606 24120 1462 8337 646 34513 646 34513 3573 36441 3573 36441
r-571 33 0.00189394 29 0.125616 -1 -1 -1 -1 -1 -1 -1 4177198 4177198 4177198 -1 -1 -1 -1
r-488 38 0.268848 19 0.502924 270962 186791 186791 186791 287390 167266 358717 279744 279744 279744 627603 557814 557814 557814
r-490 22 0.974026 20 0.789474 77053797 8835 8835 8835 68522903 8271 86289883 13937 13937 13937 179440314 60362 60362 60362
r-110 21 0.771429 20 0.468421 19106 17424 17424 17424 21637 11034 25132 11441 11441 11441 54915 40185 40185 40185
r-565 13 0.807692 33 0.888258 282 5839 282 282 4456 348 317 5881 317 317 4206 5005 4206 4206
r-997 24 0.235507 38 0.642959 233231 151838 151838 233231 200707 240870 304380 221978 221978 304380 1038666 649509 649509 1038666
r-248 11 0.472727 22 0.541126 5931 1179 5931 5931 1299 5674 7127 1328 7127 7127 6894 5150 6894 6894
r-223 17 0.5 40 0.266667 80735 291015 80735 80735 253463 106541 104830 442182 104830 104830 136163 195958 136163 136163
r-988 28 0.76455 14 0.21978 715 3808 715 3808 1347 2270 820 6196 820 6196 16659 5957 16659 5957
r-847 24 0.286232 35 0.141176 436904 3659968 436904 436904 2866495 836249 607784 5222615 607784 607784 2817013 1653408 2817013 2817013
r-356 26 0.855385 37 0.429429 449796 109830 109830 449796 559373 128872 632294 142254 142254 632294 929100 604143 604143 929100
r-74 16 0.933333 14 0.340659 908 852 852 852 945 673 960 491 491 491 444 1412 1412 1412
r-891 16 0.925 38 0.820768 47724 45671 45671 47724 40698 47536 17519 17480 17480 17519 6616 2761 2761 6616
r-462 32 0.862903 38 0.0170697 187 6690 187 187 6813 193 1175 11247 1175 1175 1497 3646 1497 1497
r-601 10 0.377778 22 0.160173 280 1715 280 280 1533 535 326 1984 326 326 402 823 402 402
r-76 28 0.915344 20 0.421053 61295 7702 7702 7702 68042 5361 73487 1989 1989 1989 32838 33818 33818 33818
r-367 12 0.151515 18 0.235294 384 522 522 384 469 389 421 552 552 421 365 4551 4551 365
r-167 20 0.289474 26 0.492308 447066 85063 85063 447066 147443 369108 812998 126702 126702 812998 510646 101838 101838 510646
r-40 11 0.654545 36 0.930159 1302 8654 1302 1302 8292 1810 1615 11709 1615 1615 7040 4183 7040 7040
r-359 26 0.563077 29 0.369458 1097124 1818460 1097124 1097124 2096982 970521 1159439 2477274 1159439 1159439 4609785 5620889 4609785 4609785
r-582 26 0.378462 16 0.591667 23878 29916 29916 29916 29577 23163 24677 36321 36321 36321 119053 53909 53909 53909
r-224 12 0.666667 34 1 2445 16236252 2445 2445 16064279 2445 3748 16927521 3748 3748 40657 16164040 40657 40657
r-467 25 0.803333 35 0.823529 3229855 6215299 3229855 3229855 5650526 4074130 4346203 9250273 4346203 4346203 10944896 5451991 10944896 10944896
r-996 30 0.0344828 20 0.221053 6024327 4717 4717 4717 5994872 4543 6651221 3591 3591 3591 11316315 19854 19854 19854
r-653 34 0.083779 25 0.693333 24725 3647 3647 3647 31683 1333 37341 4537 4537 4537 29000 13214 13214 13214
r-773 27 0.988604 37 0.264264 189776 2016 2016 189776 4881 19334 295564 3362 3362 295564 181755 16334 16334 181755
r-174 10 0.8 15 0 31 273 31 31 277 31 129 469 129 129 31 273 31 31
r-191 16 0.283333 30 0.045977 370 1496134 370 370 1415103 401 286 1597893 286 286 11660 1540374 11660 11660
r-496 31 0.0817204 40 0.984615 51 1289 51 51 1297 105 1108 2226 1108 1108 901 1249 901 901
r-792 25 0.18 35 0.0487395 14871 -1 14871 14871 -1 24110 13491 -1 13491 13491 105770 -1 105770 105770
r-570 14 0.263736 39 0.322537 61826 140407 140407 61826 138837 61900 64967 161047 161047 64967 363177 53154 53154 363177
r-327 14 0.813187 15 0.609524 7385 1148 1148 7385 1681 5338 11738 1621 1621 11738 3239 4649 4649 3239
r-155 10 0.333333 34 0.907308 861 828 861 861 826 939 1137 811 1137 1137 2285 1004 2285 2285
r-347 22 0.831169 28 0.121693 954 2261 954 954 2615 1088 1580 2044 1580 1580 8429 2893 8429 8429
r-784 23 0.695652 26 0.750769 646681 1198810 646681 646681 1131497 690904 988915 2009913 988915 988915 1130812 931092 1130812 1130812
r-680 40 0.179487 32 0.310484 -1 14278996 14278996 14278996 -1 18019137 -1 8086457 8086457 8086457 -1 26325312 26325312 26325312
r-267 23 0.0909091 34 0.552585 362193 22954 22954 362193 63805 54314 529128 21040 21040 529128 268441 116993 116993 268441
r-661 34 0.269162 14 0.175824 33803 5161 33803 5161 33838 5697 31535 4254 31535 4254 31774 12562 31774 12562
r-264 12 0.0757576 28 0.396825 119057 4992 4992 119057 11934 82984 126135 1261 1261 126135 72405 25166 25166 72405
r-282 18 0.705882 18 0.379085 6544 4120 4120 6544 7725 3049 7548 4982 4982 7548 25883 17015 17015 25883
r-513 40 0.897436 16 0.341667 4594 7276 7276 7276 4609 5304 2299 7732 7732 7732 8706 23046 23046 23046
r-572 13 0.692308 32 0.046371 267 756 267 267 792 174 443 910 443 443 1799 807 1799 1799
r-153 32 0.354839 31 0.12043 1419694 8743581 1419694 8743581 2300918 5705505 2010642 14460720 2010642 14460720 4392837 4973429 4392837 4973429
r-907 36 0.895238 18 0.0718954 206 1990 206 1990 206 888 266 2198 266 2198 1657 2527 1657 2527
r-114 32 0.893145 35 0.801681 -1 8051630 8051630 -1 14084044 100729565 -1 10084779 10084779 -1 -1 79184334 79184334 -1
r-747 39 0.345479 15 0.352381 291390 205757 205757 205757 299644 206035 397077 257881 257881 257881 171488 675660 675660 675660
r-196 37 0.376877 33 1 5574 88759541 5574 88759541 99899 2251819 11846 92708416 11846 92708416 35192972 86869698 35192972 86869698
r-952 15 0.857143 10 0.266667 207 114 114 114 217 127 294 178 178 178 401 112 112 112
r-130 33 0.975379 19 0.48538 109183 620 620 620 114497 527 115931 810 810 810 134288 19503 19503 19503
r-538 36 0.407937 24 0.336957 6443807 13739793 6443807 13739793 7298574 12436188 11326255 25317657 11326255 25317657 13605558 23891336 13605558 23891336
r-938 37 0.361862 15 0.980952 2214 303872 2214 303872 10755 52815 1764 364416 1764 364416 4300 211599 4300 211599
r-647 17 0.992647 20 0.889474 -1 -1 -1 -1 -1 -1 -1 -1 -1 -1 -1 -1 -1 -1
r-617 28 0.505291 12 0.257576 2689 10681 2689 10681 3300 10219 3024 12528 3024 12528 8803 16081 8803 16081
r-923 17 0.919118 30 0.0873563 883 229 229 883 251 543 1114 394 394 1114 1034 1198 1198 1034
r-380 32 0.756048 17 0.338235 25086 19915 19915 19915 28987 17112 35279 27924 27924 27924 25816 36420 36420 36420
r-879 33 0.181818 27 0.333333 12230723 679075 679075 679075 12075505 980183 21305666 1082859 1082859 1082859 5453738 5441914 5441914 5441914
r-892 27 0.0683761 11 0.272727 1129 172 172 172 1182 189 1262 107 107 107 955 440 440 440
r-57 36 0.465079 10 0.377778 1150 632 1150 632 1149 626 1163 615 1163 615 2781 1143 2781 1143
r-2 38 0.203414 20 0.989474 66 17847 66 17847 126 4154 354 33929 354 33929 2163 18282 2163 18282
r-911 19 0.918129 19 0.0116959 22 349 22 22 22 136 340 601 340 340 169 320 169 169
r-855 36 0.747619 19 0.935673 476044 13689261 476044 13689261 885700 11996076 605054 15321057 605054 15321057 19682726 40476144 19682726 40476144
r-136 23 0.391304 10 0.377778 3485 2341 3485 2341 3485 2287 3513 2375 3513 2375 4129 3956 4129 3956
r-589 35 0.734454 18 0.986928 -1 -1 -1 -1 -1 -1 -1 -1 -1 -1 36916118 -1 36916118 -1
r-791 33 0.123106 17 0.198529 101539 2216 2216 2216 101873 4561 113627 2359 2359 2359 227363 33871 33871 33871
r-531 35 0.0252101 32 0.340726 -1 114249 114249 114249 -1 111963 -1 141944 141944 141944 -1 5340398 5340398 5340398
r-985 16 0.45 12 0.681818 321 1026 321 1026 407 847 308 1117 308 1117 4216 4141 4216 4141
r-95 25 0.303333 26 0.286154 1158950 1467824 1158950 1158950 1612393 1025645 1886636 2478303 1886636 1886636 2289226 2122124 2289226 2289226
r-782 28 0.465608 39 0.218623 3107184 13825997 3107184 3107184 10505009 4644578 4994547 25763191 4994547 4994547 3901113 7711070 3901113 3901113
r-621 20 0.3 39 0.848853 12510 17971 12510 12510 18680 13782 16621 23041 16621 16621 56907 55775 56907 56907
r-940 38 0.119488 28 0.0820106 2121812 1332964 2121812 1332964 2385956 1307630 2482313 1445656 2482313 1445656 145048876 69603706 145048876 69603706
r-214 19 0.0643275 14 0.263736 56462 176 176 176 56227 205 63094 128 128 128 76894 6425 6425 6425
r-204 21 0.371429 19 0.520468 31832 50647 50647 50647 38634 39429 41147 63324 63324 63324 83019 80982 80982 80982
r-904 35 0.665546 18 0.176471 3320 68798 3320 68798 4701 39889 3166 99735 3166 99735 23843 302929 23843 302929
r-410 12 0.848485 28 0.949735 212 37708 212 212 36535 218 88 37692 88 88 37685 60136 37685 37685
r-609 31 0.0408602 20 0.447368 72993 2568 2568 2568 73286 2053 109350 3254 3254 3254 67466 12404 12404 12404
r-697 38 0.630156 37 0.668168 -1 -1 -1 -1 -1 -1 -1 -1 -1 -1 -1 -1 -1 -1
r-170 11 0.309091 40 0.476923 14945 6479 6479 14945 7131 14915 14730 5949 5949 14730 4806 32563 32563 4806
r-210 15 0.409524 14 0.89011 273 889 273 889 617 443 213 833 213 833 109 2765 109 2765
r-922 21 0.504762 14 0.604396 9821 23755 9821 23755 10918 21711 9918 32077 9918 32077 16943 35010 16943 35010
r-39 15 0.409524 13 0.897436 584 867 584 867 727 450 899 1137 899 1137 430 1617 430 1617
r-649 27 0.282051 27 0.048433 10122 7326810 10122 10122 689352 301264 5302 8961043 5302 5302 85422 7890522 85422 85422
r-13 22 0.329004 14 0.549451 898 10919 10919 10919 1031 9514 704 15288 15288 15288 25446 11097 11097 11097
r-53 11 0.418182 37 0.722222 8105 1595 8105 8105 1872 8265 9212 1758 9212 9212 8835 14836 8835 8835
r-802 24 0.365942 18 0.287582 55356 140574 55356 140574 65215 129969 79075 219252 79075 219252 141285 190359 141285 190359
r-47 31 0.427957 20 0.784211 20861 95768 20861 95768 23587 43527 21981 108939 21981 108939 161323 427294 161323 427294
r-464 28 0.119048 32 0 -1 -1 -1 -1 -1 -1 -1 -1 -1 -1 -1 -1 -1 -1
r-275 12 0.348485 35 0.640336 31181 3690 3690 31181 4254 29556 35031 3574 3574 35031 42149 14862 14862 42149
r-821 36 0.522222 27 0.102564 160439 748714 160439 748714 384232 108579 137726 1023278 137726 1023278 384696 830177 384696 830177
r-335 15 0 36 0.366667 -1 747783 747783 -1 -1 -1 -1 87598 87598 -1 -1 8400223 8400223 -1
r-652 40 0.117949 25 0.69 36347 48317 48317 48317 47009 25730 14910 32739 32739 32739 77607 134917 134917 134917
r-176 29 0.618227 35 0.552941 60290273 25559841 25559841 60290273 33548190 51728399 -1 -1 -1 -1 53504231 37300094 37300094 53504231
r-937 36 0.336508 16 0.75 10427 77127 10427 77127 14305 66038 8109 108469 8109 108469 77982 145194 77982 145194
r-59 10 0.422222 28 0.253968 773 2692 773 773 2417 787 812 2734 812 812 789 557 789 789
r-874 23 0.367589 36 0.271429 940980 5173105 940980 940980 4676578 1044642 1422258 8769455 1422258 1422258 4967590 1911259 4967590 4967590
r-696 18 0.816993 31 0.0408602 243 820 243 243 833 197 618 1191 618 618 1223 494 1223 1223
r-360 33 0.479167 18 0.803922 52978 196819 52978 196819 99872 158043 67214 285419 67214 285419 302704 360721 302704 360721
r-240 33 0.566288 34 0.684492 32510494 -1 32510494 32510494 72057604 32122561 -1 -1 -1 -1 81711247 -1 81711247 81711247
r-585 18 0.633987 16 0.35 3545 8049 3545 8049 3783 6731 913 6115 913 6115 4305 6102 4305 6102
r-555 15 0.228571 23 0.932806 224 939 224 224 966 182 383 643 383 383 387 493 387 387
r-695 36 0.815873 16 0.808333 79970 8844 8844 8844 80531 9172 87244 9141 9141 9141 73429 33712 33712 33712
r-280 11 0.781818 29 0.184729 1018 210 1018 1018 183 1048 1330 169 1330 1330 2513 3183 2513 2513
r-537 10 1 32 0.358871 45673 237 237 45673 1258 23368 65120 388 388 65120 32707 309 309 32707
r-822 39 0.434548 39 0.412955 -1 -1 -1 -1 -1 -1 -1 -1 -1 -1 -1 -1 -1 -1
r-32 24 0.242754 10 0.0666667 20838 17265 20838 17265 22945 15663 19737 13615 19737 13615 69 98 69 98
r-989 13 0.807692 38 0.108108 1391 422 1391 1391 418 1090 1314 123 1314 1314 2052 1504 2052 2052
r-162 21 0.633333 13 0.294872 153 4495 153 4495 157 3660 78 5344 78 5344 4405 10917 4405 10917
r-920 11 0.0363636 19 0.684211 843 123 123 843 208 540 1570 187 187 1570 1233 279 279 1233
r-518 18 0.816993 40 0.274359 15337 4985 4985 15337 6671 16040 26430 3052 3052 26430 73983 35537 35537 73983
r-14 40 0.111538 31 0.602151 516104 166413 166413 166413 618121 116150 510559 98911 98911 98911 712312 283041 283041 283041
r-876 37 0.501502 18 0.614379 133469 2415526 133469 2415526 155531 2206471 147472 3915764 147472 3915764 1230988 2075863 1230988 2075863
r-975 22 0.311688 38 0.608819 1140334 817905 817905 1140334 1122220 765731 1739877 1261318 1261318 1739877 1625613 620432 620432 1625613
r-506 33 0.0890152 11 0.927273 19 689 19 689 19 397 106 1075 106 1075 278 862 278 862
r-962 13 0.512821 11 0.436364 496 1168 496 1168 568 1097 527 997 527 997 463 1112 463 1112
r-693 36 0.6 38 0.300142 18437927 26918951 18437927 18437927 34970461 15048510 -1 -1 -1 -1 46488449 31914207 46488449 46488449
r-216 16 0.925 12 0.651515 3693 58 58 58 3765 65 4229 115 115 115 10450 1956 1956 1956
r-43 10 0 36 0.201587 58861 335418 335418 58861 453830 53739 49862 319242 319242 49862 153 65 65 153
r-115 30 0.0137931 14 0.153846 69819984 420 420 420 69651410 419 73175444 281 281 281 21614742 727 727 727
r-839 11 0.636364 20 0.194737 1104 509 1104 1104 515 846 1355 569 1355 1355 1221 536 1221 1221
r-363 17 0.617647 36 0.671429 264252 705780 264252 264252 675290 266138 369776 1094194 369776 369776 294453 271499 294453 294453
r-48 18 0.189542 10 0.0666667 416 1040 416 1040 566 988 277 688 277 688 26108 2477 26108 2477
r-412 39 0.643725 40 0.689744 -1 -1 -1 -1 -1 -1 -1 -1 -1 -1 -1 -1 -1 -1
r-681 25 0.683333 13 0.25641 764 5028 764 5028 1002 3890 194 6923 194 6923 11989 12063 11989 12063
r-870 26 0.575385 31 0.443011 3640392 2775848 2775848 3640392 3356652 3014931 6148520 4612877 4612877 6148520 7628363 9750582 9750582 7628363
r-273 39 0.82861 21 0.347619 46450 34393 34393 34393 51830 29341 57774 38788 38788 38788 55709 141655 141655 141655
r-794 18 0.568627 38 0.638691 292765 1520462 292765 292765 1444879 302727 350056 2531465 350056 350056 1447689 665528 1447689 1447689
r-750 30 0.468966 40 0.897436 47409 1512348 47409 47409 1688860 25516 59099 1900485 59099 59099 805723 864534 805723 805723
r-866 32 0.822581 23 0.833992 477221 99832 477221 99832 495097 103142 610311 107125 610311 107125 1726665 656902 1726665 656902
r-66 13 0.974359 23 0.620553 961979 5816 5816 961979 58125 197364 1097928 7276 7276 1097928 847473 8234 8234 847473
r-465 35 0.263866 27 0.985755 954 26178 954 26178 3159 4684 949 54231 949 54231 6736 28356 6736 28356
r-583 30 0.496552 29 0.977833 18885 1082847 18885 1082847 179372 46221 14557 1538281 14557 1538281 88862 512457 88862 512457
r-235 35 0.215126 28 0.195767 12467904 13865317 12467904 13865317 14871135 14835839 14873258 17340966 14873258 17340966 55366113 43622190 55366113 43622190
r-630 13 0.141026 10 0.777778 120 160 160 160 120 107 114 210 210 210 241 144 144 144
r-502 34 0.643494 29 0.295567 959255 1494526 959255 1494526 1266072 1329891 1371598 2152390 1371598 2152390 1018716 5531944 1018716 5531944
r-978 34 0.71123 25 0.206667 14897 39150 14897 39150 20929 35222 18345 49881 18345 49881 315232 117479 315232 117479
r-227 33 0.575758 28 0.952381 235843 3127769 235843 3127769 1815874 353573 104714 4376818 104714 4376818 222574 13334761 222574 13334761
r-990 38 0.335704 30 0.650575 2222956 3049384 3049384 3049384 3095758 2245690 3418296 2786180 2786180 2786180 10396225 22540767 22540767 22540767
r-930 22 0.961039 25 0.703333 6915789 32496 32496 6915789 314325 268603 8184785 46631 46631 8184785 5868596 366096 366096 5868596
r-979 26 0.273846 39 0.11336 168001 4281832 168001 168001 3232212 232178 218163 6148416 218163 218163 359472 17495068 359472 359472
r-24 37 0.605105 11 0.6 18209 3709 3709 3709 18211 3660 18172 3486 3486 3486 12151 10369 10369 10369
r-552 13 0.551282 17 0.683824 1805 3367 1805 1805 2745 1827 2234 4995 2234 2234 3369 2515 3369 3369
r-549 14 0.846154 34 0.16934 1755 2135 2135 1755 3199 1612 2667 3335 3335 2667 4485 2939 2939 4485
r-73 19 0.684211 30 0.951724 9765 854200 9765 9765 900304 10543 3757 970247 3757 3757 53016 773402 53016 53016
r-725 24 0.00362319 14 0.89011 379 27 27 27 385 39 786 300 300 300 327 641 641 641
r-685 17 0.470588 10 0.0444444 233 4741 233 4741 487 2640 269 5634 269 5634 1208 3785 1208 3785
r-573 10 0.888889 31 0.187097 1136 154 154 1136 148 1135 2255 77 77 2255 1508 773 773 1508
r-954 23 0.418972 15 0.961905 2175 7837 2175 7837 4732 2085 889 12070 889 12070 6227 37117 6227 37117
r-10 29 0.761084 39 0.0796221 14219 20951 14219 14219 25844 7853 7019 32891 7019 7019 28304 93309 28304 28304
r-511 13 0.102564 11 0.236364 1649 76 76 76 1675 100 1770 86 86 86 764 635 635 635
r-279 23 0.940711 28 0.542328 331953 6050 6050 331953 17680 38297 477387 10031 10031 477387 259202 94557 94557 259202
r-524 20 0.368421 39 0.278003 569871 4698576 569871 569871 4309859 687297 801212 7378857 801212 801212 1519949 1306731 1519949 1519949
r-540 40 0.660256 18 0.647059 2175106 1051882 1051882 1051882 2256148 1052570 3358722 1467111 1467111 1467111 1607552 3249412 3249412 3249412
r-672 22 0.87013 25 0 51 3150 51 51 3156 51 520 4449 520 520 1901 2670 1901 1901
r-62 30 0.243678 22 0.0909091 44699 1220121 44699 1220121 127242 1039591 54130 1609346 54130 1609346 1932172 2719586 1932172 2719586
r-23 23 0.347826 15 0.00952381 315895 32442025 315895 32442025 1088428 8273198 2625 33271220 2625 33271220 175560 23106483 175560 23106483
r-379 18 0.130719 31 0.627957 33219 4811 4811 33219 13945 10541 45138 5929 5929 45138 43071 8033 8033 43071
r-286 33 0.765152 24 0.76087 6565124 2752664 2752664 2752664 7051111 2964976 10154627 3810897 3810897 3810897 10753068 13682096 13682096 13682096
r-69 29 0.94335 13 0.205128 607 151 151 151 625 113 273 241 241 241 771 1291 1291 1291
r-217 39 0.221323 30 0.409195 75389198 8759715 8759715 8759715 73326203 11287445 -1 15158781 15158781 15158781 49280677 74959620 74959620 74959620
r-337 32 0.933468 20 0.831579 930705 4723 4723 4723 932366 5180 936440 1332 1332 1332 7621065 138303 138303 138303
r-646 35 0.105882 36 0.819048 16336 5120 5120 16336 10836 13981 15769 7091 7091 15769 91950 67138 67138 91950
r-682 38 0.059744 34 0.180036 -1 984625 984625 984625 -1 1338127 -1 1108014 1108014 1108014 -1 -1 -1 -1
r-881 13 0.384615 36 0.609524 53473 8991 8991 53473 9486 51687 62106 5945 5945 62106 81893 68175 68175 81893
r-668 35 0.77479 31 0.941935 1205802 -1 1205802 -1 -1 -1 1457998 -1 1457998 -1 -1 -1 -1 -1
r-386 40 0.55 36 0.771429 14899136 -1 14899136 -1 -1 -1 -1 -1 -1 -1 -1 -1 -1 -1
r-82 24 0.811594 16 0.25 565 857 857 857 568 469 154 1028 1028 1028 1002 9419 9419 9419
r-515 35 0.221849 12 0.348485 9100 1448 1448 1448 9125 1527 9273 1469 1469 1469 5152 6815 6815 6815
r-104 21 0.438095 17 0.433824 23039 37304 23039 37304 25387 30275 33276 57599 33276 57599 43783 55220 43783 55220
r-372 22 0.649351 25 0.273333 33039 26992 33039 33039 33591 23932 44718 34944 44718 44718 138163 89813 138163 138163
r-396 25 0.91 14 0.989011 123465 1084437 123465 1084437 123459 1084443 123443 1084410 123443 1084410 137 150 137 150
r-9 25 0.443333 30 0.583908 3383996 1824406 3383996 3383996 2036290 2869558 5825235 2727264 5825235 5825235 7987532 6852107 7987532 7987532
r-65 40 0.982051 29 0.123153 3796 74 74 74 3847 138 6057 1025 1025 1025 3319 1902 1902 1902
r-289 32 0.193548 19 0.28655 255323 39260 39260 39260 264469 55300 330818 49766 49766 49766 308456 84899 84899 84899
r-929 29 0.76601 14 0.56044 56345 4329 4329 4329 58235 5747 83557 5324 5324 5324 27763 15184 15184 15184
r-735 25 0.373333 38 0.624467 6097694 1243693 1243693 6097694 1533002 4171191 9049772 1385462 1385462 9049772 5393944 11787326 11787326 5393944
r-828 31 0.156989 17 0.610294 3694 16243 16243 16243 4000 8407 3596 22918 22918 22918 7379 15383 15383 15383
r-432 34 0.814617 19 0.479532 18705 47999 47999 47999 21340 42109 21286 18167 18167 18167 82496 79379 79379 79379
r-616 25 0.863333 17 0.382353 3848 1382 1382 1382 4175 647 2664 314 314 314 3244 5028 5028 5028
r-470 18 0.0849673 23 0.134387 5784 122553 122553 5784 8825 120802 3947 7496 7496 3947 87589 87041 87041 87589
r-807 39 0.238866 34 0.42959 -1 33512211 33512211 33512211 -1 42574766 -1 -1 -1 -1 -1 -1 -1 -1
r-438 13 0.282051 18 1 343 2451 343 343 2430 343 190 2869 190 190 378 2292 378 378
r-140 13 0.897436 10 0.822222 146 45 45 45 144 70 146 59 59 59 736 128 128 128
r-908 38 0.550498 23 0.245059 463229 1311144 463229 1311144 772561 977115 638015 1990819 638015 1990819 978806 6312851 978806 6312851
r-433 17 0.0808824 36 0.690476 33403 580 580 33403 5499 8612 49850 520 520 49850 30644 5861 5861 30644
r-827 38 0.142248 29 0.684729 40482 130095 130095 130095 56045 76123 55350 210913 210913 210913 283832 527904 527904 527904
r-362 36 0.473016 20 0.915789 12995 454990 12995 454990 67851 149263 8190 686925 8190 686925 44536 1054114 44536 1054114
r-744 12 0.106061 34 0.456328 211102 3003 3003 211102 5914 204542 269565 1463 1463 269565 183749 95256 95256 183749
r-658 14 0.912088 30 0.0528736 336 346 336 336 346 360 525 167 525 525 279 728 279 279
r-220 16 0.233333 25 0.153333 1739 15088 1739 1739 12612 2911 2115 19456 2115 2115 62479 34717 62479 62479
r-207 25 0.843333 19 0.947368 43779 5991104 43779 5991104 1287712 1852477 51268 4561222 51268 4561222 1501347 4412598 1501347 4412598
r-893 17 0.0882353 24 0.663043 7306 377 377 7306 659 2128 8644 477 477 8644 8026 1258 1258 8026
r-521 22 0.714286 15 0.87619 7928 31598 7928 31598 9902 28761 8266 37584 8266 37584 28119 49777 28119 49777
r-568 31 0.247312 25 0.16 918123 3789794 918123 3789794 1190606 3159451 702111 5323956 702111 5323956 6790573 3955952 6790573 3955952
r-562 18 0.235294 35 0.27395 275879 962774 962774 275879 917131 276619 307443 1311731 1311731 307443 430866 556862 556862 430866
r-96 21 0.342857 16 0.633333 5031 2639 2639 2639 6400 2514 5630 1948 1948 1948 15404 4699 4699 4699
r-177 32 0.254032 37 0.256757 -1 -1 -1 -1 -1 -1 -1 -1 -1 -1 -1 -1 -1 -1
r-118 36 0.447619 20 0.0789474 6841 959572 6841 959572 28284 613788 9773 1508405 9773 1508405 556263 681826 556263 681826
r-482 11 0.872727 21 0.452381 1960 1140 1140 1960 1274 1518 1831 570 570 1831 3665 1540 1540 3665
r-93 15 0.390476 31 0.621505 84797 27382 84797 84797 33018 75179 119823 38482 119823 119823 220552 84001 220552 220552
r-21 13 0.141026 25 0.85 515 280 280 515 272 388 850 320 320 850 460 579 579 460
r-858 13 0.910256 40 0.802564 1151 178 178 1151 1353 212 375 103 103 375 155 93 93 155
r-597 21 0.0761905 22 0.5671 43966 542 542 43966 574 8280 31327 288 288 31327 30261 8520 8520 30261
r-712 24 0.478261 17 0.176471 9886 128725 9886 128725 26887 108546 12368 225948 12368 225948 54575 38458 54575 38458
r-786 10 0.933333 33 0.986742 192 45 192 192 45 192 192 68 192 192 460 105 460 460
r-673 22 0.393939 13 0.897436 338 5275 338 5275 629 2379 113 7521 113 7521 1953 2347 1953 2347
r-312 16 0.808333 16 0.3 1173 1022 1022 1173 1276 863 1192 1072 1072 1192 1566 1209 1209 1566
r-645 34 0.190731 19 0.994152 77 11506 77 11506 169 3104 371 20986 371 20986 506 11718 506 11718
r-810 15 0.285714 12 0.969697 102 501 102 501 91 215 107 512 107 512 433 379 433 379
r-580 20 0.168421 11 0.872727 32 328 32 328 32 197 93 391 93 391 302 591 302 591
r-137 32 0.0181452 30 0.712644 28066 1272 1272 1272 28493 732 47829 2529 2529 2529 32885 33404 33404 33404
r-355 31 0.997849 32 0.949597 -1 -1 -1 -1 -1 -1 -1 -1 -1 -1 -1 -1 -1 -1
r-539 12 0.469697 25 0.193333 1883 6845 1883 1883 5832 3820 2311 9358 2311 2311 1531 6141 1531 1531
r-679 16 0.791667 31 0.152688 1954 1764 1954 1954 2077 2428 3328 854 3328 3328 8738 3241 8738 8738
r-431 40 0.216667 36 0.301587 -1 -1 -1 -1 -1 -1 -1 -1 -1 -1 -1 -1 -1 -1
r-84 29 0.660099 13 0.461538 9540 12399 12399 12399 10858 12249 11783 14585 14585 14585 19032 11781 11781 11781
r-221 22 0.675325 21 0.980952 26079 53016292 26079 53016292 1917971 897341 3891 59490356 3891 59490356 2023981 37900953 2023981 37900953
r-128 17 0.764706 14 0.56044 8192 919 919 919 7734 1304 11965 1202 1202 1202 6365 5458 5458 5458
r-190 23 0.928854 20 0.184211 2799 804 804 804 2822 876 1149 563 563 563 839 2768 2768 2768
r-946 36 0.97619 29 0.726601 -1 329538 329538 329538 -1 256338 -1 366740 366740 366740 -1 3098035 3098035 3098035
r-479 38 0.433855 21 0.0857143 242280 3607993 242280 3607993 937900 2378799 321265 5090499 321265 5090499 1232103 3688577 1232103 3688577
r-783 25 0.436667 23 0.332016 398895 1875291 398895 1875291 541854 1511044 620065 3466275 620065 3466275 754278 1049852 754278 1049852
r-716 17 0.382353 22 0.441558 50845 30266 30266 50845 34703 43221 78869 44163 44163 78869 63600 64920 64920 63600
r-365 28 0.978836 13 0.74359 73653 231 231 231 74251 255 74372 256 256 256 43499 18110 18110 18110
r-751 13 0.935897 23 0.980237 269 -1 269 269 -1 270 60 -1 60 60 1818 -1 1818 1818
r-805 33 0.464015 28 0.917989 34684 624406 34684 624406 82288 65913 49368 877508 49368 877508 457221 903240 457221 903240
r-63 18 0.509804 19 0.608187 25761 39538 25761 25761 36709 24591 34514 63170 34514 34514 65769 58538 65769 65769
r-200 19 0.923977 11 0.490909 1166 473 473 473 1218 422 1232 495 495 495 3204 904 904 904
r-687 40 0.320513 23 0.15415 1433671 7905058 1433671 7905058 2227432 6954116 536315 10197513 536315 10197513 7404667 7614220 7404667 7614220
r-11 24 0.702899 27 0.843305 287092 1387788 287092 287092 1101148 355669 333225 2063725 333225 333225 1874090 1278432 1874090 1874090
r-169 10 0.711111 28 0.939153 253 1769 253 253 1532 395 342 2164 342 342 479 1275 479 479
r-242 37 0.033033 14 0.549451 5222 205 205 205 5438 266 6771 304 304 304 1823 1400 1400 1400
r-206 38 0.997155 39 0.255061 323584 430 430 323584 328 30397 523302 1289 1289 523302 329962 18082 18082 329962
r-713 10 0.733333 36 0.874603 74 33 74 74 33 74 74 59 74 74 174 130 174 174
r-926 17 0.176471 39 0.346829 577004 258571 258571 577004 306886 564143 647670 349688 349688 647670 627033 919272 919272 627033
r-238 36 0.0111111 14 0.164835 2391361 1562 1562 1562 3292019 1491 1461380 1296 1296 1296 22350381 133173 133173 133173
r-915 39 0.19973 15 0.609524 6707 8646 8646 8646 8587 8033 2089 12056 12056 12056 10095 43544 43544 43544
r-956 19 0.362573 13 0.435897 2019 945 945 945 2067 868 2762 1213 1213 1213 6292 5161 5161 5161
r-861 14 0.131868 34 0.714795 7813 3732 3732 7813 3392 6655 13412 3707 3707 13412 19971 7151 7151 19971
r-375 11 0.545455 23 0.197628 1700 703 1700 1700 759 1397 2221 719 2221 2221 1249 2093 1249 1249
r-230 16 0.308333 40 0.34359 111167 370642 370642 111167 340306 110383 110018 501694 501694 110018 992465 501547 501547 992465
r-592 19 0.0877193 38 0.100996 443 9038 9038 443 556 943 435 1307 1307 435 4865 5399 5399 4865
r-505 31 0.307527 37 0.653153 3615293 1687417 1687417 3615293 2155047 2724887 5574802 1941324 1941324 5574802 14399608 3558362 3558362 14399608
r-500 29 0.825123 28 0.878307 1276926 2808059 1276926 2808059 1678024 2331341 868858 3243459 868858 3243459 6344032 45388661 6344032 45388661
r-632 27 1 33 0.933712 -1 -1 -1 -1 -1 -1 -1 -1 -1 -1 -1 -1 -1 -1
r-417 22 0.640693 13 0.397436 1465 4904 4904 4904 1606 4205 1484 6231 6231 6231 5915 13175 13175 13175
r-252 38 0.860597 10 1 65 134 65 134 65 134 93 134 93 134 65 233 65 233
r-246 32 0.59879 17 0.419118 148691 233813 233813 233813 175629 215145 222197 343652 343652 343652 377471 540247 540247 540247
r-670 33 0.778409 28 0.648148 16368886 2271504 2271504 2271504 15983448 3357269 29673872 3778967 3778967 3778967 13146148 6644366 6644366 6644366
r-334 36 0.463492 37 0.539039 -1 -1 -1 -1 -1 -1 -1 -1 -1 -1 -1 -1 -1 -1
r-514 24 0.51087 27 0.0512821 13808 197899 13808 13808 201749 9738 10097 198858 10097 10097 16109 98701 16109 16109
r-249 17 0.764706 21 0.771429 56424 31867 56424 56424 32259 55633 78625 45089 78625 78625 27433 92101 27433 27433
r-108 22 0.402597 14 0.637363 5182 8453 5182 8453 6996 7651 5064 9312 5064 9312 10178 9863 10178 9863
r-838 20 0.747368 36 0.728571 484301 1073368 1073368 484301 1006092 500320 660761 1600647 1600647 660761 4084859 1954177 1954177 4084859
r-897 39 0.174089 27 0.413105 10334329 2233345 2233345 2233345 9411533 3198397 18591929 3539687 3539687 3539687 4440668 2834998 2834998 2834998
r-400 33 0.0473485 13 0.487179 8103 625 625 625 7982 475 9607 806 806 806 7516 6035 6035 6035
r-765 10 0.488889 13 1 50 1244 50 50 1254 50 134 1979 134 134 50 1244 50 50
r-489 34 0.0998217 35 0.309244 71248311 545984 545984 71248311 950507 20817536 102066223 722877 722877 102066223 39317328 2255187 2255187 39317328
r-245 22 0.142857 25 0.56 70581 19603 19603 70581 34668 16251 92471 17527 17527 92471 61384 42008 42008 61384
r-41 32 0.528226 33 0.965909 8234 1807105 8234 8234 1802562 4235 3193 2584209 3193 3193 492762 5063446 492762 492762
r-768 38 0.116643 31 0.819355 12427 24077 24077 24077 17625 12860 18437 18493 18493 18493 18227 36229 36229 36229
r-976 12 0.69697 40 0.312821 11994 3198 3198 11994 4388 12566 11832 4013 4013 11832 22085 14466 14466 22085
r-253 23 0.592885 26 0.0923077 16398 18133 16398 16398 19086 12688 7369 17863 7369 7369 20011 19726 20011 20011
r-869 33 0.263258 36 0.353968 -1 -1 -1 -1 -1 -1 -1 -1 -1 -1 -1 -1 -1 -1
r-525 10 0.0222222 21 0.104762 92 57 57 92 57 92 92 68 68 92 158 81 81 158
r-493 21 0.438095 39 0.0121457 4005 1861561 4005 4005 1866232 3901 5371 2179446 5371 5371 303355 783153 303355 303355
r-300 33 0.356061 32 0.300403 44399756 -1 44399756 -1 -1 -1 -1 -1 -1 -1 -1 -1 -1 -1
r-764 21 0.366667 12 0.69697 225 3006 225 3006 270 2418 161 3275 161 3275 3203 1845 3203 1845
r-1 33 0.42803 20 0.926316 26106 472260 26106 472260 79241 79278 7964 649749 7964 649749 247624 198549 247624 198549
r-766 13 0.269231 40 0.552564 58266 26744 26744 58266 29911 55151 56390 24049 24049 56390 76456 70983 70983 76456
r-149 17 0.823529 11 0.545455 678 359 359 359 640 372 864 338 338 338 902 840 840 840
r-548 19 0.865497 20 0.310526 3429 1896 1896 3429 3249 1194 3434 1728 1728 3434 3468 4861 4861 3468
r-667 21 0.257143 32 0.794355 26015 3466 26015 26015 4576 15426 29614 3538 29614 29614 62749 32916 62749 62749
r-698 38 0.889047 24 0.460145 156287 59198 59198 59198 188979 32969 219147 92932 92932 92932 411844 162890 162890 162890
r-388 19 0.906433 30 0.809195 34953 37199 37199 34953 49363 32219 27268 22120 22120 27268 118957 1511534 1511534 118957
r-516 22 0.670996 37 0.912913 22465 490155 22465 22465 359252 51658 27612 745832 27612 27612 39198 441491 39198 39198
r-803 38 0.30441 12 0.484848 25661 8596 8596 8596 26923 8713 33891 10037 10037 10037 15254 16104 16104 16104
r-259 34 0.827094 30 0.335632 152898 82089 82089 82089 214991 42027 210788 109815 109815 109815 308719 508086 508086 508086
r-935 19 0.333333 29 0.591133 175806 54147 54147 175806 64770 132474 265353 68304 68304 265353 491600 238863 238863 491600
r-808 25 0.0966667 34 0.488414 1932437 86177 86177 1932437 327614 917285 3110472 122759 122759 3110472 779013 822017 822017 779013
r-944 20 0.742105 14 0.824176 5252 4119 5252 4119 5590 3869 6357 4826 6357 4826 8951 11085 8951 11085
r-476 10 0.777778 37 0.545045 6919 7509 7509 6919 8201 6840 6873 7492 7492 6873 771 1354 1354 771
r-833 22 0.995671 18 0.712418 -1 5816 5816 5816 -1 5760 -1 1036 1036 1036 82901751 576668 576668 576668
r-584 26 0.621538 37 0.468468 11817411 10734592 10734592 11817411 12704970 10357113 18430927 12830233 12830233 18430927 27376377 22388639 22388639 27376377
r-107 39 0.88664 15 0.714286 130578 1367 1367 1367 131024 1915 139179 1703 1703 1703 94931 8185 8185 8185
r-406 34 0.491979 11 0.181818 884 13578 884 13578 1152 12997 995 13998 995 13998 17139 13570 17139 13570
r-842 19 0.918129 25 0.17 3473 1029 1029 3473 1105 1770 4427 756 756 4427 3126 843 843 3126
r-135 21 0.161905 15 0.780952 249 523 523 523 257 394 409 789 789 789 1226 2927 2927 2927
r-888 38 0.125178 21 0.0904762 106419 14873 106419 14873 107306 14994 104520 10320 104520 10320 537799 53672 537799 53672
r-754 28 0.806878 25 0.12 2412 3191 2412 3191 3182 2347 2361 4463 2361 4463 9452 32632 9452 32632
r-328 30 0.0528736 15 0.990476 18 518 18 518 18 258 208 1179 208 1179 61 489 61 489
r-728 18 0.20915 17 0.397059 20289 5887 5887 5887 17870 8169 32712 8471 8471 8471 18251 5889 5889 5889
r-752 36 0.731746 13 0.423077 6781 12600 12600 12600 7193 11185 6993 14823 14823 14823 10921 32038 32038 32038
r-813 20 0.942105 24 0.416667 46239 226 226 46239 293 4712 54474 277 277 54474 27646 2930 2930 27646
r-581 23 0.00395257 10 0.511111 7499 209 209 209 7639 197 10174 328 328 328 7830 2128 2128 2128
r-883 29 0.847291 13 0.576923 9725 1609 1609 1609 9577 2215 11514 1028 1028 1028 2764 1022 1022 1022
r-138 11 0.472727 30 0.91954 1451 462 1451 1451 462 774 349 67 349 349 539 150 539 539
r-228 40 0.0961538 30 0.464368 4868813 361335 361335 361335 4423791 556278 9097749 554827 554827 554827 2891144 1783529 1783529 1783529
r-925 38 0.748222 31 0.554839 85041954 9889602 9889602 9889602 82436566 14001618 -1 16786732 16786732 16786732 55210968 29876576 29876576 29876576
r-150 19 0.169591 31 0.212903 23372 95472 95472 23372 92587 23364 21962 115003 115003 21962 82771 271731 271731 82771
r-426 31 0.550538 10 0.844444 9837 26584 9837 26584 10221 25495 4983 17602 4983 17602 12724 17833 12724 17833
r-258 12 0.621212 33 0.359848 15290 7524 15290 15290 6691 15719 18551 6712 18551 18551 12926 10488 12926 12926
r-826 15 0.685714 27 0.421652 40226 6951 6951 40226 10940 37361 32983 8637 8637 32983 68129 37996 37996 68129
r-739 34 0.231729 32 0.106855 2728315 23150855 2728315 23150855 10297686 11618283 964416 27972892 964416 27972892 34432886 132036659 34432886 132036659
r-639 30 0.544828 16 0.391667 56873 229589 56873 229589 62717 208036 79374 336400 79374 336400 258340 362811 258340 362811
r-705 26 0.833846 20 0.178947 767 3215 3215 3215 797 2066 913 2514 2514 2514 7192 5994 5994 5994
r-700 22 0.675325 26 0.643077 990345 661688 661688 990345 759344 941191 1685474 1149387 1149387 1685474 1140392 1047295 1047295 1140392
r-121 17 0.830882 30 0.981609 12780 -1 12780 12780 -1 12665 15138 -1 15138 15138 35280907 -1 35280907 35280907
r-202 37 0.78979 40 0.171795 55530 73771 55530 55530 91768 56938 87216 99181 87216 87216 798721 253508 798721 798721
r-657 29 0.295567 12 0.530303 2405 8517 8517 8517 2584 7784 2557 10506 10506 10506 16999 18324 18324 18324
r-152 37 0.312312 38 0.887624 182706 179173 182706 182706 223481 102978 260684 298667 260684 260684 782990 549125 782990 782990
r-666 20 0.0157895 26 0.92 687 34 34 687 34 278 1157 363 363 1157 523 215 215 523
r-292 23 0.592885 38 0.815078 394486 3987657 394486 394486 3350871 653547 631784 6591969 631784 631784 1526666 1575439 1526666 1526666
r-340 11 0.418182 32 0.689516 5805 2964 5805 5805 3365 5629 6843 4195 6843 6843 11494 9899 11494 11494
r-315 27 0.509972 26 0.409231 1305435 3698851 1305435 3698851 1472097 3217504 1924212 6471429 1924212 6471429 6063280 4665426 6063280 4665426
r-195 16 0.108333 12 0.378788 2729 321 321 321 2737 293 3507 398 398 398 2414 1428 1428 1428
r-30 20 0.236842 39 0.815115 32674 15114 32674 32674 21289 20065 27954 5400 27954 27954 65798 56249 65798 65798
r-840 37 0.641141 39 0.632928 -1 -1 -1 -1 -1 -1 -1 -1 -1 -1 -1 -1 -1 -1
r-27 39 0.836707 33 0.992424 -1 -1 -1 -1 -1 -1 -1 -1 -1 -1 -1 -1 -1 -1
r-992 13 0.0897436 20 0.884211 205 24 24 205 24 133 426 134 134 426 765 89 89 765
r-618 23 0.383399 10 0.711111 302 3039 302 3039 388 2547 144 2854 144 2854 4344 2335 4344 2335
r-393 30 0.816092 25 0.766667 1824989 359329 359329 359329 1911837 466084 2744591 489091 489091 489091 7414011 4365084 4365084 4365084
r-123 12 0.439394 34 0.625668 17987 4483 17987 17987 4897 17322 20649 4069 20649 20649 15416 11125 15416 15416
r-522 29 0.716749 27 0.874644 590618 9072089 590618 9072089 899545 6454626 919189 14462652 919189 14462652 1545783 6053646 1545783 6053646
r-291 26 0.572308 35 0.554622 34299514 21227474 21227474 34299514 22812095 32522272 68587981 41579051 41579051 68587981 38718398 11592508 11592508 38718398
r-669 24 0.442029 12 0.727273 426 4379 426 4379 696 3858 104 2984 104 2984 4132 6118 4132 6118
r-305 30 0.708046 31 0.997849 -1 -1 -1 -1 -1 -1 -1 -1 -1 -1 -1 -1 -1 -1
r-793 34 0.55615 14 0.252747 8679 100715 8679 100715 10207 92018 7391 139853 7391 139853 16900 199557 16900 199557
r-797 36 0.346032 29 0.391626 -1 -1 -1 -1 -1 -1 -1 -1 -1 -1 -1 -1 -1 -1
r-374 34 0.918004 32 0.330645 54814 24351 24351 24351 63338 12942 76444 7111 7111 7111 45653 72267 72267 72267
r-953 19 0.959064 26 0.673846 1887221 15370 15370 1887221 426238 272958 2332448 21267 21267 2332448 1684741 387491 387491 1684741
r-384 12 0.0454545 17 0.654412 2441 157 157 2441 427 652 3553 175 175 3553 2106 666 666 2106
r-133 10 0.911111 40 0.884615 120 43 43 120 43 120 120 73 73 120 194 57 57 194
r-721 25 0.703333 27 0.700855 1582636 1755853 1755853 1582636 1986480 1359990 2455647 2928969 2928969 2455647 1981778 2242921 2242921 1981778
r-472 31 0.767742 32 0.697581 28893650 9409455 9409455 28893650 13158871 18491508 48224199 15267836 15267836 48224199 33863849 36070131 36070131 33863849
r-439 18 0.254902 18 0.771242 1285 1516 1285 1285 1352 1025 1471 1050 1471 1471 560 2150 560 560
r-225 18 0.607843 20 0.442105 28627 21621 21621 28627 24649 25191 36974 28497 28497 36974 58487 102348 102348 58487
r-628 37 0.617117 22 0.0909091 36347 193845 36347 193845 40171 36316 12648 204877 12648 204877 132449 188337 132449 188337
r-401 31 0.141935 18 0.379085 248572 28235 28235 28235 258168 41148 394466 39157 39157 39157 97023 211226 211226 211226
r-903 28 0.0132275 37 0.957958 949 57 57 949 57 408 2041 735 735 2041 920 534 534 920
r-702 26 0.273846 21 0.304762 498382 368758 368758 368758 484696 382959 789886 497830 497830 497830 741995 1528184 1528184 1528184
r-164 32 0.552419 31 0.847312 165297 6862049 165297 6862049 205686 3761122 257422 11475918 257422 11475918 2181122 3997650 2181122 3997650
r-898 12 0.348485 31 0.0924731 113 2468 113 113 2101 171 128 2927 128 128 703 595 703 703
r-404 29 0.73399 37 0.294294 336251 252873 252873 336251 428334 228591 476138 301635 301635 476138 2597820 2310194 2310194 2597820
r-648 15 0.742857 29 0.884236 1841 22102 1841 1841 18721 3498 2201 27761 2201 2201 3195 10973 3195 3195
r-142 31 0.0795699 12 0.121212 103 126 126 126 103 184 98 90 90 90 72 194 194 194
r-353 17 0.0367647 19 0.614035 7011 532 532 7011 967 1817 11119 556 556 11119 6518 1463 1463 6518
r-310 15 0.161905 40 0.335897 58254 87750 87750 58254 95466 57879 61970 91690 91690 61970 65441 203557 203557 65441
r-659 28 0.645503 24 0.887681 16191 901895 16191 901895 18416 467513 20009 1270882 20009 1270882 153562 1682030 153562 1682030
r-756 24 0.141304 17 0.264706 30968 4620 4620 4620 27790 9713 37203 4924 4924 4924 18108 8290 8290 8290
r-610 28 0.521164 17 0.669118 57856 444536 57856 444536 74950 397861 75969 699927 75969 699927 274175 377521 274175 377521
r-919 11 0.109091 12 0.712121 195 69 69 195 59 158 218 85 85 218 203 204 204 203
r-676 35 0.890756 20 0.978947 -1 -1 -1 -1 -1 -1 -1 -1 -1 -1 -1 -1 -1 -1
r-424 29 0.413793 11 0.454545 4981 5080 5080 5080 5007 5070 5212 5304 5304 5304 11826 12652 12652 12652
r-863 20 0.484211 38 0.687055 811304 460630 811304 811304 527517 738787 1333612 653971 1333612 1333612 1566687 1663891 1566687 1566687
r-699 24 0.0362319 15 0.514286 35042 554 554 554 35425 346 39273 431 431 431 8639 1384 1384 1384
r-71 11 0.290909 26 0.221538 168 2170 168 168 1886 168 113 2135 113 113 1208 397 1208 1208
r-276 19 0.578947 21 0.8 22468 64954 22468 22468 43980 30740 31933 108142 31933 31933 13090 59246 13090 13090
r-205 23 0.770751 25 0.306667 22032 8429 8429 22032 22812 9973 28810 11828 11828 28810 59914 85458 85458 59914
r-12 31 0.944086 28 0 29 1245 29 1245 29 591 757 2763 757 2763 2381 1248 2381 1248
r-717 39 0.249663 12 0.969697 199 17412 199 17412 2273 8167 162 28580 162 28580 2667 13584 2667 13584
r-719 25 0.9 31 0.984946 -1 -1 -1 -1 -1 -1 -1 -1 -1 -1 -1 -1 -1 -1
r-350 13 0.102564 27 0.931624 428 268 428 428 354 457 490 436 490 490 693 837 693 693
r-688 13 0.474359 26 0.532308 34201 9210 34201 34201 9737 32641 44994 11038 44994 44994 34600 9659 34600 34600
r-801 39 0.964912 18 0.228758 1835 373 373 373 1859 367 1793 784 784 784 1627 810 810 810
r-233 10 0.4 35 0.788235 3525 812 3525 3525 969 3199 4538 948 4538 4538 2225 859 2225 2225
r-134 10 0.777778 19 0.865497 48 33 48 48 33 48 48 42 48 48 187 106 187 187
r-981 12 0.363636 28 0.280423 10352 19216 10352 10352 18044 10253 11794 24574 11794 11794 13334 10739 13334 13334
r-453 30 0.427586 38 0.14936 1722778 10403812 1722778 1722778 7407651 1981854 2562521 18136540 2562521 2562521 5381599 12826497 5381599 5381599
r-865 16 0.275 29 0.773399 3695 1484 3695 3695 2313 2250 3978 365 3978 3978 20992 3906 20992 20992
r-463 22 0.0779221 39 0.535762 854972 15525 15525 854972 83196 238321 1312937 5710 5710 1312937 1770961 425061 425061 1770961
r-385 32 0.237903 24 0.615942 69497 123333 123333 123333 81782 101164 89250 171578 171578 171578 103433 415002 415002 415002
r-296 24 0.565217 18 0.20915 11863 16987 11863 16987 13457 10932 5824 20833 5824 20833 62151 37668 62151 37668
r-912 36 0.866667 34 0.245989 76221 47924 47924 47924 89916 31705 107196 57790 57790 57790 47056 506463 506463 506463
r-358 32 0.264113 33 0.541667 3897938 2687164 2687164 3897938 4246759 3172701 5780877 3789978 3789978 5780877 7290319 3669733 3669733 7290319
r-512 35 0.0436975 26 0.941538 547 215 215 215 551 170 1125 915 915 915 586 2270 2270 2270
r-536 38 0.910384 21 0.0714286 691 2227 691 2227 694 1330 613 4360 613 4360 2170 9830 2170 9830
r-445 36 0.934921 37 0.606607 29017066 923712 923712 29017066 2968027 5670998 43205770 1400376 1400376 43205770 46281883 3441766 3441766 46281883
r-298 27 0.327635 23 0.711462 26785 80742 26785 80742 30378 70738 34869 116110 34869 116110 115938 244216 115938 244216
r-734 17 0.897059 17 0.0735294 102 273 102 102 102 259 235 385 235 235 195 348 195 195
r-963 18 0.862745 37 0.0105105 48 948 48 48 960 76 570 1513 570 570 223 783 223 223
r-376 39 0.746289 21 1 -1 -1 -1 -1 -1 -1 -1 -1 -1 -1 -1 -1 -1 -1
r-727 23 0.794466 12 0.0606061 20 1659 20 1659 20 763 115 3154 115 3154 1155 1486 1155 1486
r-45 33 0.833333 22 0.316017 7648 8061 8061 8061 9833 5012 10371 10617 10617 10617 17009 41971 41971 41971
r-599 40 0.529487 16 0.675 247550 971725 247550 971725 266446 906277 369213 1359739 369213 1359739 574135 1148929 574135 1148929
r-70 40 0.364103 30 0.287356 -1 -1 -1 -1 -1 -1 -1 -1 -1 -1 -1 -1 -1 -1
r-475 15 0.980952 27 0.267806 10037 286 286 10037 938 2023 15265 441 441 15265 9929 928 928 9929
r-781 39 0.31309 23 0.695652 250931 343837 250931 343837 310888 261703 347388 486197 347388 486197 1167894 2056086 1167894 2056086
r-318 20 0.0894737 10 0.133333 36 62 62 62 36 62 46 62 62 62 42 74 74 74
r-460 21 0.152381 12 0.181818 5480 759 759 759 5492 829 3131 538 538 538 1004 604 604 604
r-701 34 0.989305 35 0.907563 -1 -1 -1 -1 -1 -1 -1 1476068 1476068 -1 -1 -1 -1 -1
r-364 38 0.594595 27 0.894587 416268 13994990 416268 13994990 1416015 8641810 629374 23290513 629374 23290513 2009787 11643715 2009787 11643715
r-274 17 0.404412 38 0.059744 3346 246308 3346 3346 246498 6591 4662 380887 4662 4662 42571 339289 42571 42571
r-357 18 0.777778 27 0.139601 5223 1863 5223 5223 1845 3000 5140 237 5140 5140 4095 5210 4095 4095
r-643 25 0.956667 16 0.325 3819 494 494 494 3989 280 5153 696 696 696 4818 388 388 388
r-604 31 0.4 25 0.176667 243037 3418325 243037 3418325 375502 2629716 349398 5844049 349398 5844049 951600 4012636 951600 4012636
r-606 17 0.742647 25 0.74 29580 144539 144539 29580 133524 33356 17221 58808 58808 17221 42687 122463 122463 42687
r-778 16 0.175 21 0.395238 22488 5786 5786 22488 7452 20294 31676 6728 6728 31676 25662 25256 25256 25662
r-957 14 0.571429 34 0.254902 35480 5831 35480 35480 6711 32662 48303 6384 48303 48303 76982 35506 76982 76982
r-408 36 0.9 27 0.304843 18579 11335 11335 11335 22355 3738 23407 5313 5313 5313 43964 32362 32362 32362
r-740 18 0.0326797 28 0.320106 9200714 19687 19687 9200714 2839784 1821323 9871163 29381 29381 9871163 8326085 452052 452052 8326085
r-533 19 0.0994152 40 0.347436 3598892 277031 277031 3598892 692981 2804096 4758206 414171 414171 4758206 3262045 1033392 1033392 3262045
r-758 29 0.46798 13 0.961538 8019 55755 8019 55755 58492 20546 2566 57121 2566 57121 3844 49443 3844 49443
r-4 37 0.159159 28 0.285714 12138525 1276813 1276813 1276813 12249428 2016279 20209947 1912538 1912538 1912538 7054519 3574602 3574602 3574602
r-343 15 0.514286 33 0.24053 30422 16337 30422 30422 17084 34098 40282 20502 40282 40282 39857 22796 39857 39857
r-746 13 0.576923 21 0.219048 576 1413 576 576 1628 619 627 1740 627 627 3880 2089 3880 3880
r-29 31 0.602151 20 0.0894737 2057 53289 2057 53289 17162 11487 511 70570 511 70570 53627 48191 53627 48191
r-775 38 0.486486 31 0.0473118 76607 5327355 76607 5327355 308757 654576 114920 8346273 114920 8346273 1192748 4000614 1192748 4000614
r-64 28 0.539683 14 0.197802 6417 34552 6417 34552 9245 27720 2140 33357 2140 33357 17258 83614 17258 83614
r-22 19 0.497076 23 0.383399 73161 157998 73161 73161 145030 68525 108527 266813 108527 108527 224094 188361 224094 224094
r-156 32 0.205645 36 0.211111 41304674 44582868 44582868 41304674 -1 39378809 -1 -1 -1 -1 -1 -1 -1 -1
r-16 25 0.0166667 34 0.766488 18876 293 293 18876 1730 3393 36013 529 529 36013 19256 23462 23462 19256
r-294 10 0.577778 15 0.761905 217 1412 217 217 1140 306 282 1814 282 282 458 220 458 458
r-641 31 0.232258 24 0.981884 368 13167 368 13167 851 2811 819 26248 819 26248 6678 19188 6678 19188
r-852 38 0.25889 35 0.0168067 5619677 -1 5619677 -1 -1 -1 7168604 -1 7168604 -1 -1 -1 -1 -1
r-523 36 0.306349 35 0.642017 6097577 4384122 4384122 4384122 7399821 3687402 6932371 6561815 6561815 6561815 19199507 29337810 29337810 29337810
r-324 19 0.0818713 24 0.0543478 73830 -1 73830 73830 392985614 311814 76439 -1 76439 76439 149827903 -1 149827903 149827903
r-924 21 0.642857 37 0.312312 554107 154890 554107 554107 195104 418195 778351 204467 778351 778351 1536915 529878 1536915 1536915
r-588 38 0.392603 32 0.1875 8277002 135294899 8277002 135294899 11876667 104842852 13383766 -1 13383766 -1 32227792 50401910 32227792 50401910
r-931 29 0.527094 30 0.565517 18936155 22187677 18936155 18936155 23312243 16977439 37065709 45045551 37065709 37065709 27347146 25217788 27347146 27347146
r-102 30 0.708046 15 0.990476 228333 -1 228333 -1 -1 -1 70632 -1 70632 -1 34764373 -1 34764373 -1
r-166 39 0.897436 25 0.0166667 77 4326 77 4326 32 1993 586 6478 586 6478 1012 3468 1012 3468
r-481 18 0.0130719 25 0.5 1435288 865 865 1435288 11848 80199 1826819 1479 1479 1826819 1279407 19610 19610 1279407
