instance n1 density1 n2 density2 mcsplit mcsplit-swapped mcsplit-smart-swapped-D mcsplit-smart-swapped-O mcsplit+f mcsplit+bigf mcsplit-b mcsplit-b-swapped mcsplit-b-smart-swapped-D mcsplit-b-smart-swapped-O mcsplit-nosort mcsplit-nosort-swapped mcsplit-nosort-smart-swapped-D mcsplit-nosort-smart-swapped-O
r-563 37 0.364865 31 0.830108 3509303 3557505 3509303 3557505 5233663 2635741 5890361 5731504 5890361 5731504 5163039 6209775 5163039 6209775
r-780 30 0.995402 22 0.0562771 5612 641 641 641 5371 660 14556 5855 5855 5855 2647 769 769 769
r-284 28 0.801587 20 0.984211 10621427 -1 10621427 -1 -1 -1 11611766 -1 11611766 -1 105048777 -1 105048777 -1
r-338 13 0.782051 11 0.709091 465 132 132 132 499 134 601 163 163 163 716 624 624 624
r-600 12 0.636364 28 0.671958 2908 34035 2908 2908 30505 2930 3037 37598 3037 3037 14164 15235 14164 14164
r-762 29 0.174877 26 0.852308 49413 79836 49413 79836 66512 45464 71669 126390 71669 126390 84934 143964 84934 143964
r-89 37 0.136637 31 0.307527 88035767 5368811 5368811 5368811 80132933 8023009 131921864 7562221 7562221 7562221 150364675 17212708 17212708 17212708
r-317 21 0.219048 16 0.891667 4740 8480 4740 8480 8164 5788 7459 14160 7459 14160 6793 7878 6793 7878
r-120 20 0.121053 16 0.516667 28933 6748 6748 6748 32516 4299 39810 10014 10014 10014 22302 15918 15918 15918
r-446 28 0.753968 13 0.923077 116366 80492 116366 80492 134842 68157 94928 32933 94928 32933 399267 116247 399267 116247
r-966 14 0.89011 36 0.444444 116689 100845 100845 116689 160806 107027 159469 158639 158639 159469 259510 202251 202251 259510
r-749 29 0.194581 15 0.466667 131908 18617 18617 18617 132588 19740 207242 22910 22910 22910 79054 36614 36614 36614
r-640 35 0.12605 13 0.0769231 60 115 60 115 60 115 82 115 82 115 95 197 95 197
r-349 10 0.0666667 15 0.504762 12260 1573 1573 12260 10052 3041 11786 1862 1862 11786 10308 2959 2959 10308
r-402 13 0.75641 19 0.0175439 357 3965 357 357 3723 323 1128 7887 1128 1128 2931 4446 2931 2931
r-737 26 0.363077 15 0.72381 31462 34191 31462 34191 45355 25309 40241 46145 40241 46145 53684 53386 53684 53386
r-785 20 0.421053 13 0.730769 5475 9217 5475 9217 7342 7926 7384 10843 7384 10843 8869 11211 8869 11211
r-948 24 0.996377 36 0.0904762 20373 4555 4555 20373 9314 8949 42142 15801 15801 42142 20283 6369 6369 20283
r-760 18 0.267974 36 0.957143 12638 35550 12638 12638 36465 9861 19179 56144 19179 19179 14937 29094 14937 14937
r-798 13 0.74359 34 0.748663 3342 57312 3342 3342 51018 3303 3139 57384 3139 3139 16355 34235 16355 16355
r-971 17 0.786765 37 0.0375375 6848 28218 6848 6848 28403 4719 11402 40496 11402 11402 6760 17616 6760 6760
r-683 16 0.975 10 0.266667 1443 365 365 365 1670 300 2815 701 701 701 999 357 357 357
r-968 15 0.857143 14 0.692308 5559 2638 2638 2638 5783 2853 7264 565 565 565 4131 1263 1263 1263
r-25 14 1 36 0.809524 -1 -1 -1 -1 -1 -1 -1 -1 -1 -1 -1 -1 -1 -1
r-98 23 0.667984 36 0.920635 45799 8529246 45799 45799 7852848 67199 57833 10316981 57833 57833 524263 14193586 524263 524263
r-234 36 0.106349 17 0.397059 259626 16998 16998 16998 262880 26419 417467 21419 21419 21419 316106 32725 32725 32725
r-185 21 0.3 11 0.509091 2647 1715 1715 1715 2911 1798 3130 1814 1814 1814 4916 1114 1114 1114
r-78 40 0.429487 16 0.916667 186186 583916 186186 583916 402606 452886 299626 832948 299626 832948 415669 897779 415669 897779
r-626 32 0.372984 21 0.419048 8470268 3321304 3321304 3321304 8650534 3234238 15583311 5234486 5234486 5234486 7318897 4503041 4503041 4503041
r-913 17 0.588235 11 0.109091 871 3122 871 3122 1243 2044 1093 4318 1093 4318 2268 4207 2268 4207
r-171 34 0.627451 32 0.278226 13151539 19472103 13151539 19472103 19753310 13901533 22673236 33183380 22673236 33183380 20810213 26561602 20810213 26561602
r-28 34 0.26738 31 0.888172 314336 318615 314336 318615 412980 197492 530709 553825 530709 553825 276698 356051 276698 356051
r-811 35 0.561345 24 0.960145 316790 52105120 316790 52105120 14486160 7485823 437336 67640599 437336 67640599 1936483 58671685 1936483 58671685
r-943 19 0.894737 21 1 31543 -1 31543 31543 -1 31543 35788 -1 35788 35788 -1 -1 -1 -1
r-486 24 0.134058 10 0.644444 1319 1307 1307 1307 2073 1006 1958 1655 1655 1655 2511 2032 2032 2032
r-278 11 0.236364 29 0.0714286 549 5021 549 549 4299 913 595 5312 595 595 554 6242 554 554
r-36 11 0.290909 28 0.269841 248 1098 248 248 1035 252 198 1079 198 198 4169 8113 4169 4169
r-117 23 0.438735 16 0.458333 187336 109531 109531 109531 195583 104446 302125 155499 155499 155499 228080 174663 174663 174663
r-306 12 0.318182 21 0 12631 25599586 12631 12631 23783981 12631 12602 25895887 12602 12602 349756 25401397 349756 349756
r-254 40 0.0717949 10 0.955556 2947 3169 2947 3169 3980 2789 5494 5992 5494 5992 3603 5619 3603 5619
r-605 22 0.978355 23 0.960474 -1 17295 17295 -1 -1 -1 -1 17593 17593 -1 -1 -1 -1 -1
r-122 13 0.576923 17 0.698529 3235 14546 3235 3235 11478 4160 4441 22224 4441 4441 4602 5778 4602 4602
r-841 39 0.508772 12 0.984848 192936 2009714 192936 2009714 1879734 1345742 259275 2430920 259275 2430920 544815 2683929 544815 2683929
r-706 33 0.121212 24 0.300725 8784815 1043602 1043602 1043602 8673447 1600313 13524197 1449386 1449386 1449386 10990863 1593532 1593532 1593532
r-694 39 0.983806 16 0.458333 157209 2004 2004 2004 158385 1417 217181 3367 3367 3367 144417 9872 9872 9872
r-452 17 0.147059 24 0.40942 403644 127120 127120 403644 240710 304241 616087 187732 187732 616087 370353 207608 207608 370353
r-642 16 0.375 34 0.629234 89827 378669 89827 89827 378589 109197 118301 574592 118301 118301 256408 669328 256408 256408
r-377 24 0.807971 12 0.727273 5523 470 470 470 5534 468 5703 524 524 524 4367 2189 2189 2189
r-633 12 0.787879 29 0.391626 10125 29774 29774 10125 43757 8925 11817 42110 42110 11817 30559 32220 32220 30559
r-738 22 0.380952 19 0.497076 492382 217450 217450 217450 463104 206240 871508 326846 326846 326846 397892 271005 271005 271005
r-237 35 0.406723 22 0 43475431 -1 43475431 -1 -1 468633702 3483495 -1 3483495 -1 -1 -1 -1 -1
r-819 19 0.502924 26 0.821538 37774 141636 37774 37774 113306 55135 48054 235039 48054 48054 76838 96402 76838 76838
r-878 40 0.453846 30 0.314943 -1 -1 -1 -1 -1 -1 -1 -1 -1 -1 -1 -1 -1 -1
r-650 22 0.220779 10 0.333333 2934 148 148 148 2934 146 2977 189 189 189 1608 455 455 455
r-42 11 0.109091 39 0.153846 104 47 47 104 47 104 104 75 75 104 221 99 99 221
r-321 40 0.396154 39 0.0148448 5114364 -1 5114364 -1 -1 155846544 7406230 -1 7406230 -1 223895752 -1 223895752 -1
r-567 12 0.909091 37 0.16967 7504 5051 5051 7504 7700 6440 14790 8472 8472 14790 5760 7045 7045 5760
r-382 35 0.830252 32 0.354839 3920541 1845472 1845472 1845472 4185023 1349869 6077722 2942360 2942360 2942360 5259256 2856291 2856291 2856291
r-187 24 0.855072 17 0.669118 189427 27395 27395 27395 181897 36990 259232 34981 34981 34981 107716 146330 146330 146330
r-126 28 0.0846561 31 0.301075 31071207 684289 684289 31071207 13288887 6624804 41268146 1000552 1000552 41268146 67848184 2708185 2708185 67848184
r-848 19 0.409357 17 0.183824 16981 38700 16981 38700 25604 30093 22929 60390 22929 60390 49147 28657 49147 28657
r-56 33 0.032197 38 0.0113798 -1 -1 -1 -1 -1 -1 -1 -1 -1 -1 -1 -1 -1 -1
r-546 13 0.564103 38 0.237553 40679 80144 40679 40679 88410 40365 47900 106292 47900 47900 89766 130219 89766 89766
r-428 28 0.388889 24 0.155797 739894 4196080 739894 4196080 1709640 3161133 1094182 6896557 1094182 6896557 2284882 4552582 2284882 4552582
r-143 27 0.652422 20 0.378947 411254 429136 429136 429136 503267 320829 595528 627980 627980 627980 814434 769951 769951 769951
r-831 26 0.104615 11 0.509091 4093 1335 1335 1335 4312 1139 4390 1305 1305 1305 2078 879 879 879
r-416 10 1 21 1 176 66 176 176 66 176 176 77 176 176 176 66 176 176
r-146 36 0.68254 14 0.296703 52514 65097 52514 65097 64957 56103 71859 85533 71859 85533 173351 106598 173351 106598
r-194 26 0.92 30 0.898851 93250 133225 133225 93250 155965 83400 81370 136295 136295 81370 2360254 6020747 6020747 2360254
r-905 14 0.89011 10 0.0444444 223 180 223 180 240 180 760 480 760 480 344 424 344 424
r-494 27 0.00854701 24 0.442029 19771422 262482 262482 262482 17286193 260470 24601285 284188 284188 284188 22179760 137462 137462 137462
r-277 27 0.746439 34 0.327986 2812928 2257885 2257885 2812928 3714425 1951851 4371507 3563126 3563126 4371507 4427059 4097239 4097239 4427059
r-99 33 0.863636 31 0.0537634 45478 57080 45478 57080 72293 47828 79217 112752 79217 112752 46455 83322 46455 83322
r-394 37 0.0135135 17 0.382353 4966226 8378 8378 8378 4921800 8048 5575199 9926 9926 9926 4764619 23025 23025 23025
r-594 39 0.0782726 39 0.178138 -1 308833336 308833336 -1 -1 -1 -1 -1 -1 -1 -1 -1 -1 -1
r-974 40 0.520513 17 0.419118 4691700 3113114 4691700 3113114 5056658 3001401 7537864 4485794 7537864 4485794 6723827 3168383 6723827 3168383
r-236 27 0.552707 36 0.62381 66556252 130804506 66556252 66556252 120177438 66955500 123357321 -1 123357321 123357321 90723950 144335294 90723950 90723950
r-316 29 0.568966 28 0.796296 4043304 14207661 4043304 14207661 9295740 10402310 6406895 25494684 6406895 25494684 6877622 12435093 6877622 12435093
r-145 36 0.331746 32 0.0604839 3557057 -1 3557057 -1 114505530 44375647 5295360 -1 5295360 -1 52795637 -1 52795637 -1
r-906 10 0.955556 18 0.359477 4613 595 595 4613 2608 1943 5702 805 805 5702 3894 3051 3051 3894
r-477 25 0.616667 11 0.418182 11114 7827 7827 7827 12534 7485 13686 8994 8994 8994 26240 10942 10942 10942
r-341 26 0.184615 31 0.393548 13196800 3130518 3130518 13196800 8015714 10137932 21841971 4610271 4610271 21841971 10809608 8285957 8285957 10809608
r-927 29 0.615764 15 0.952381 183522 3089398 183522 3089398 1046646 1618761 233841 3371670 233841 3371670 1001158 3770303 1001158 3770303
r-342 12 0.272727 21 0.861905 1132 1589 1132 1132 1624 794 1432 2623 1432 1432 2471 2378 2471 2471
r-119 38 0.475107 36 0.626984 -1 -1 -1 -1 -1 -1 -1 -1 -1 -1 -1 -1 -1 -1
r-726 23 0.284585 11 0.945455 2454 6026 2454 6026 5155 3777 3679 10054 3679 10054 5864 9097 5864 9097
r-320 28 0.505291 19 0.74269 655825 1362195 655825 1362195 1000777 1180740 1025421 2334558 1025421 2334558 935908 1186528 935908 1186528
r-590 34 0.491979 35 0.156303 8141664 36905110 8141664 8141664 22893815 12179991 13579834 68542589 13579834 13579834 18743575 32432225 18743575 18743575
r-873 23 0.383399 13 0.628205 25236 20079 25236 20079 28833 19057 33716 24776 33716 24776 46921 36426 46921 36426
r-566 29 0.916256 23 0.652174 791216 97654 97654 97654 696959 173061 1215209 138466 138466 138466 1194152 336787 336787 336787
r-243 22 0.112554 31 0.683871 147497 84634 84634 147497 168418 86733 249897 125506 125506 249897 219779 134219 134219 219779
r-26 22 0.337662 34 0.427807 17011550 17699222 17699222 17011550 20761287 16092963 29202317 31593231 31593231 29202317 16329794 20717824 20717824 16329794
r-872 11 0.927273 32 0.625 19314 25486 25486 19314 39784 14922 18542 24804 24804 18542 2632 1326 1326 2632
r-103 10 0.822222 18 0.588235 1531 1890 1890 1531 2202 1472 1761 2113 2113 1761 1473 1902 1902 1473
r-991 34 0.131907 10 0.288889 72473 293 293 293 72474 295 72509 324 324 324 57543 56307 56307 56307
r-354 20 0.294737 14 0.252747 22500 8834 22500 8834 23825 8212 30624 10166 30624 10166 27417 18524 27417 18524
r-474 40 0.942308 19 0.0818713 5630 7664 7664 7664 6592 6140 12283 13661 13661 13661 6112 9057 9057 9057
r-823 40 0.0923077 11 0.454545 10506 2051 2051 2051 11053 2360 14068 2421 2421 2421 5976 1835 1835 1835
r-836 12 0.106061 29 0.433498 7860 16969 16969 7860 21254 7380 5192 11229 11229 5192 6685 26823 26823 6685
r-720 31 0.597849 36 0.501587 -1 -1 -1 -1 -1 -1 -1 -1 -1 -1 -1 -1 -1 -1
r-6 23 0.304348 37 0.53003 16400643 16133561 16133561 16400643 20719143 13800570 26527503 27365260 27365260 26527503 14714632 26597752 26597752 14714632
r-998 37 0.39039 15 0.428571 984590 203661 203661 203661 1017825 206296 1400914 255171 255171 255171 971600 278971 278971 278971
r-87 24 0.971014 39 0.712551 -1 4806772 4806772 -1 -1 -1 -1 6251381 6251381 -1 -1 -1 -1 -1
r-429 27 0.210826 22 0.640693 126529 162059 162059 162059 185476 91862 160271 244940 244940 244940 397114 323814 323814 323814
r-398 14 0.692308 17 1 147349 8867717 147349 147349 8470848 147349 73498 9746901 73498 73498 90953 8667060 90953 90953
r-969 34 0.285205 10 0.288889 205 212 212 212 205 222 218 195 195 195 39 69 69 69
r-37 18 0.24183 31 0.591398 559981 325600 325600 559981 532607 421779 798243 456481 456481 798243 846777 705729 705729 846777
r-132 25 0.46 23 0.225296 584708 1451237 584708 1451237 933744 1207475 898314 2572750 898314 2572750 991715 1102417 991715 1102417
r-105 38 0.559033 16 0.808333 1087671 1168969 1087671 1168969 1292400 1090386 1595342 1597249 1595342 1597249 1713548 1041924 1713548 1041924
r-993 39 0.155196 19 0.438596 859360 46116 46116 46116 822887 93994 1381366 61338 61338 61338 734602 557605 557605 557605
r-761 23 0.695652 36 0.453968 12436552 13862911 13862911 12436552 16936399 11145563 19788424 24122187 24122187 19788424 20072022 20667059 20667059 20072022
r-887 30 0.347126 29 0.268473 28524062 50696587 28524062 50696587 40370220 42523219 48541846 90022760 48541846 90022760 35664748 48606052 35664748 48606052
r-608 33 0.198864 15 0.257143 120546 8161 8161 8161 122924 8798 139759 8686 8686 8686 108862 50100 50100 50100
r-703 23 0.822134 19 0.146199 5592 5565 5592 5565 5493 3402 8596 8249 8596 8249 9240 14322 9240 14322
r-157 32 0.016129 23 0.916996 1726 1521 1521 1521 1574 1003 9709 7395 7395 7395 2065 2140 2140 2140
r-787 24 0.057971 11 0.454545 1923 480 480 480 2082 463 2411 294 294 294 2039 399 399 399
r-576 24 0.992754 40 0.462821 83703971 1797215 1797215 83703971 53179541 9490098 115168768 2507559 2507559 115168768 98622417 10768980 10768980 98622417
r-918 35 0.29916 38 0.163585 160351883 -1 160351883 160351883 -1 218435698 251181493 -1 251181493 251181493 -1 -1 -1 -1
r-707 22 0.0692641 26 0.572308 220455 22810 22810 220455 120623 48490 295930 25678 25678 295930 199957 37720 37720 199957
r-80 12 0.787879 33 0.130682 4384 6637 4384 4384 7518 3959 6660 9091 6660 6660 7232 8170 7232 7232
r-441 32 0.163306 33 0.346591 121087627 29309283 29309283 121087627 92079610 87740270 207685959 45961577 45961577 207685959 89973509 49963530 49963530 89973509
r-366 26 0.267692 17 0.705882 29953 56287 56287 56287 39897 56740 38777 79914 79914 79914 53494 77365 77365 77365
r-530 29 0.211823 13 0.5 25579 8290 8290 8290 26590 9106 36860 9607 9607 9607 20508 12663 12663 12663
r-339 25 0.24 25 0.563333 793921 441323 441323 793921 934882 357499 1147462 640799 640799 1147462 1326783 901730 901730 1326783
r-916 27 0.165242 32 0.879032 93890 88572 93890 93890 108688 59155 151781 129642 151781 151781 93701 114628 93701 93701
r-311 31 0.16129 12 0.166667 158 207 207 207 158 207 153 179 179 179 3235 239 239 239
r-256 13 0.641026 12 0.969697 2419 131785 2419 131785 71539 33973 2723 154659 2723 154659 5933 132327 5933 132327
r-168 16 0.716667 23 0.134387 5404 9165 5404 5404 8725 3892 6783 12247 6783 6783 11759 9296 11759 11759
r-844 37 0.852853 12 0.878788 69 130 69 130 68 130 75 100 75 100 42 89 42 89
r-154 15 0.647619 12 0.257576 2076 2015 2076 2015 2696 1827 2524 2615 2524 2615 4007 4121 4007 4121
r-344 19 0.140351 24 0.155797 17316 52481 52481 17316 45712 18738 12715 55146 55146 12715 51180 208863 208863 51180
r-451 21 0.77619 23 0.339921 81036 81925 81925 81036 105395 58156 112045 113787 113787 112045 131434 113990 113990 131434
r-558 38 0.362731 40 0.773077 41572145 76090681 41572145 41572145 70426076 32966582 72177197 133736035 72177197 72177197 78235674 95637451 78235674 78235674
r-767 34 0.199643 24 0.141304 13039675 7088977 13039675 7088977 14397045 6982116 17404963 8567423 17404963 8567423 47768327 27073546 47768327 27073546
r-999 33 0.261364 32 0.502016 60799805 50730652 50730652 50730652 69284327 39514523 102320615 92245932 92245932 92245932 77105289 61927742 61927742 61927742
r-928 18 0.202614 14 0.010989 9877 112515383 9877 112515383 36425288 24907830 9658 115386635 9658 115386635 1344663 113239574 1344663 113239574
r-183 23 0.166008 18 0.156863 31951 9606 31951 9606 34265 11218 37650 10967 37650 10967 63807 118367 63807 118367
r-60 38 0.789474 35 0.769748 -1 -1 -1 -1 -1 -1 -1 -1 -1 -1 -1 -1 -1 -1
r-564 30 1 10 0.177778 6401 1179 1179 1179 6474 1179 13432 2025 2025 2025 6401 2079 2079 2079
r-455 39 0.592443 27 0.626781 -1 137448538 -1 137448538 -1 127888056 -1 -1 -1 -1 206535501 211445698 206535501 211445698
r-101 20 0.257895 23 0.142292 15836 119174 15836 15836 87524 21666 20363 170414 20363 20363 95138 257075 95138 95138
r-414 36 0.839683 23 0.3083 241437 210415 210415 210415 303194 135734 355804 326018 326018 326018 435302 393773 393773 393773
r-884 20 0.594737 38 0.719772 1580558 8065544 1580558 1580558 7204976 1707106 2197324 13245512 2197324 2197324 2486858 6425451 2486858 2486858
r-620 19 0.134503 11 0.0909091 70 90 70 90 70 90 56 63 56 63 10887 1063 10887 1063
r-547 23 0.181818 10 0.333333 3679 203 203 203 3680 203 3713 238 238 238 3505 337 337 337
r-591 19 0.51462 28 0.814815 73047 388410 73047 73047 282097 109360 107861 705049 107861 107861 105458 288143 105458 105458
r-950 34 0.16934 16 0.416667 232926 34887 34887 34887 230258 51297 353719 42806 42806 42806 149183 58996 58996 58996
r-914 34 0.368984 39 0.0931174 9017015 78005668 9017015 9017015 62717350 12653029 8540423 120397407 8540423 8540423 13026334 101099157 13026334 13026334
r-302 14 0.472527 21 0.214286 7095 39892 7095 7095 31352 9056 8646 66231 8646 8646 12211 40162 12211 12211
r-987 27 0.57265 33 0.94697 191650 4591499 191650 191650 3983126 208232 285697 6945701 285697 285697 469498 4853726 469498 469498
r-846 38 0.662873 26 0.424615 24918185 19465523 19465523 19465523 28516339 19456358 43603606 32948274 32948274 32948274 28913397 27260218 27260218 27260218
r-7 21 0.909524 15 0.609524 20526 3570 3570 3570 20980 4329 31175 4927 4927 4927 17591 4917 4917 4917
r-955 34 0.782531 24 0.148551 143863 143997 143863 143997 223428 101865 223849 230678 223849 230678 246749 312950 246749 312950
r-263 40 0.842308 32 0.790323 -1 129859820 129859820 129859820 -1 180570324 -1 178568958 178568958 178568958 -1 -1 -1 -1
r-550 32 0.719758 18 0.20915 58874 45752 58874 45752 72426 53080 81994 72444 81994 72444 141139 131555 141139 131555
r-714 25 0.516667 14 0.516484 165757 96255 96255 96255 171573 89036 247033 128764 128764 128764 177106 102809 102809 102809
r-261 28 0.00529101 16 0.616667 49913 5203 5203 5203 50758 5031 85681 7243 7243 7243 57639 14250 14250 14250
r-485 36 0.0031746 40 0.273077 -1 -1 -1 -1 -1 -1 -1 -1 -1 -1 -1 -1 -1 -1
r-741 14 0.428571 27 0.783476 22173 21866 22173 22173 28679 17938 29934 27300 29934 29934 21183 31484 21183 21183
r-574 23 0.865613 34 0.627451 11890333 5177214 5177214 11890333 11066750 9238843 19305466 8076171 8076171 19305466 11900836 16806327 16806327 11900836
r-307 24 0.706522 16 0.508333 137107 45262 45262 45262 138279 49116 241700 62306 62306 62306 88581 50360 50360 50360
r-461 34 0.850267 26 0.772308 34307665 4013837 4013837 4013837 34867789 5159677 48827394 5403207 5403207 5403207 37864194 8759320 8759320 8759320
r-165 14 0.043956 35 0.388235 8880999 777929 777929 8880999 5250164 5420782 10028235 1042793 1042793 10028235 9884974 3158572 3158572 9884974
r-369 11 0.945455 11 0.927273 55 54 54 55 55 54 71 70 70 71 3654 214 214 3654
r-399 32 0.296371 24 0.550725 4699211 3463525 3463525 3463525 5343716 3000059 7480436 5687731 5687731 5687731 7699419 5635593 5635593 5635593
r-293 20 0.178947 25 0.07 18659 2566976 18659 18659 2054571 19015 19615 2860503 19615 19615 1404032 5967380 1404032 1404032
r-629 15 0.695238 38 0.291607 47032 56869 47032 47032 75543 50474 62810 80744 62810 62810 109733 125048 109733 109733
r-520 28 0.674603 29 0.394089 5938176 6602897 6602897 5938176 7861574 5118080 9721171 11470952 11470952 9721171 7613945 8067548 8067548 7613945
r-397 24 0.851449 37 0.933934 247744 -1 247744 247744 -1 296859 291255 -1 291255 291255 2634691 -1 2634691 2634691
r-35 28 0.0291005 15 0.352381 1820003 2424 2424 2424 1836852 2380 2186844 2551 2551 2551 2707484 3865 3865 3865
r-331 32 0.782258 10 0.466667 3385 2390 2390 2390 3668 2405 3765 1324 1324 1324 4763 1705 1705 1705
r-313 10 0.2 38 0.231863 136 103 103 136 99 151 123 114 114 123 85 33 33 85
r-850 31 0.455914 31 0.690323 26844829 27559329 26844829 26844829 35712617 24683449 47728057 45937863 47728057 47728057 33007940 37520446 33007940 33007940
r-425 22 0.692641 35 0.789916 1394444 10523873 1394444 1394444 8804412 1766712 1969382 16498057 1969382 1969382 1506250 4872661 1506250 1506250
r-867 17 0.735294 28 0.113757 14925 23360 14925 14925 28242 9936 22182 30697 22182 22182 23878 32193 23878 23878
r-418 31 0.802151 10 0.577778 9357 746 746 746 9360 789 9438 797 797 797 5651 865 865 865
r-392 15 0.914286 14 0.461538 10009 1373 1373 1373 8066 912 12987 2074 2074 2074 11525 3100 3100 3100
r-352 35 0.344538 32 0.764113 10604773 12292729 10604773 12292729 14438110 9039990 18362144 20154290 18362144 20154290 14110571 19020528 14110571 19020528
r-722 18 0.20915 31 0.423656 1725380 982895 982895 1725380 1488052 1578146 2777293 1624393 1624393 2777293 1653168 2027615 2027615 1653168
r-627 40 0.839744 28 0.507937 29119988 6279671 6279671 6279671 25780902 8973464 55055302 10201689 10201689 10201689 19209188 10534745 10534745 10534745
r-498 26 0.704615 13 0.858974 30029 5790 30029 5790 30278 5687 24931 4675 24931 4675 41608 38803 41608 38803
r-757 15 0.209524 21 0.161905 17695 117294 17695 17695 91441 23322 18922 128050 18922 18922 48946 146256 48946 48946
r-665 12 0.272727 18 0.542484 3431 5209 5209 3431 6894 2531 3889 6285 6285 3889 4172 4779 4779 4172
r-447 30 0.124138 31 0.651613 470982 245619 245619 470982 564034 299147 785315 414537 414537 785315 747121 438147 438147 747121
r-637 16 0.675 33 0.244318 54227 81713 54227 54227 103193 50493 75087 109773 75087 75087 104781 126012 104781 104781
r-816 35 0.710924 35 0.196639 2289730 2352579 2289730 2289730 2968223 1635434 3974572 3840050 3974572 3974572 3895578 3758910 3895578 3895578
r-34 22 0.688312 24 0.764493 666717 2026998 666717 666717 1524220 747443 962098 3193288 962098 962098 1267654 1795327 1267654 1267654
r-260 10 0.488889 25 0.516667 4078 14296 4078 4078 14256 4073 4235 14767 4235 4235 3273 12219 3273 3273
r-835 26 0.618462 30 0.926437 53902 7159765 53902 53902 4058155 78582 75101 10061970 75101 75101 276277 16215292 276277 276277
r-287 13 0.384615 40 0.278205 5436 69896 5436 5436 65247 5665 4816 68686 4816 4816 6593 40278 6593 6593
r-882 22 0.82684 38 0.0896159 34554 46311 34554 34554 60073 22399 54377 76924 54377 54377 64981 67833 64981 64981
r-436 32 0.758065 15 0.133333 11838 21116 11838 21116 18926 15490 17685 35264 17685 35264 20963 23779 20963 23779
r-257 36 0.274603 31 0.597849 25745303 30231851 30231851 30231851 32492313 20909065 43162547 56206378 56206378 56206378 47093261 40912737 40912737 40912737
r-532 38 0.916074 29 0.137931 91056 76425 76425 76425 90742 47935 153560 94439 94439 94439 94229 84802 84802 84802
r-517 24 0.855072 16 0.433333 20560 12666 12666 12666 25112 7743 28659 16703 16703 16703 28315 20186 20186 20186
r-495 18 0.294118 38 0.822191 83903 109311 83903 83903 143114 80500 121498 145296 121498 121498 108546 175772 108546 108546
r-527 34 0.919786 18 0.588235 411256 25588 25588 25588 391554 38612 605345 38032 38032 38032 362049 178095 178095 178095
r-484 36 0.687302 33 0.0435606 89911 1856220 89911 1856220 979132 279663 160257 2921484 160257 2921484 299593 843778 299593 843778
r-615 13 0.692308 33 0.274621 11137 21177 11137 11137 22330 12184 13567 27882 13567 13567 22861 35176 22861 22861
r-612 33 0.924242 37 0.870871 37640482 12275349 12275349 37640482 42015054 22785683 42040931 13444196 13444196 42040931 236592290 -1 -1 236592290
r-213 13 0.820513 18 0.104575 607 1069 607 607 977 420 1191 2255 1191 1191 1216 1198 1216 1216
r-569 17 0.382353 24 0.438406 141324 290817 290817 141324 311033 128125 214117 470330 470330 214117 206077 460306 460306 206077
r-72 40 0.0794872 15 0.361905 118003 21604 21604 21604 119129 28415 163263 28020 28020 28020 86782 40807 40807 40807
r-94 38 0.748222 34 0.536542 -1 189448511 189448511 189448511 -1 -1 -1 -1 -1 -1 -1 -1 -1 -1
r-79 25 0.0966667 22 0.844156 9654 6578 6578 6578 9440 3535 13465 11019 11019 11019 8761 11869 11869 11869
r-421 18 0.300654 25 0.266667 121193 451194 121193 121193 400316 137988 160995 687733 160995 160995 263594 576945 263594 263594
r-961 34 0.108734 28 0.0343915 248971246 -1 248971246 -1 -1 -1 257739237 -1 257739237 -1 -1 -1 -1 -1
r-255 40 0.548718 23 0.181818 4012934 4027509 4012934 4027509 7406347 3102262 6412974 5979683 6412974 5979683 5244124 7007975 5244124 7007975
r-497 36 0.739683 30 0.689655 -1 139539942 139539942 139539942 -1 149984271 -1 216177920 216177920 216177920 -1 237251522 237251522 237251522
r-457 36 0.768254 11 0.236364 9915 6863 6863 6863 12861 7053 13277 8062 8062 8062 13229 9683 9683 9683
r-323 21 0.238095 12 0.515152 5884 2510 2510 2510 6422 2072 6796 2903 2903 2903 6619 7916 7916 7916
r-958 27 0.908832 18 0.75817 107465 4190 4190 4190 109056 3573 133108 3083 3083 3083 537584 7731 7731 7731
r-345 38 0.526316 24 0.130435 1092311 4408463 1092311 4408463 2231237 2967392 1698345 6507775 1698345 6507775 2431713 3499854 2431713 3499854
r-560 21 0.5 25 0.83 76005 165815 76005 76005 193132 57166 115027 227022 115027 115027 133400 254130 133400 133400
r-790 35 0.226891 39 0.333333 -1 -1 -1 -1 -1 -1 -1 -1 -1 -1 -1 -1 -1 -1
r-58 11 0.745455 18 0.712418 379 4278 4278 379 3985 352 384 4868 4868 384 2512 3054 3054 2512
r-405 28 0.560847 19 0.169591 146993 176714 146993 176714 234509 141975 196537 265254 196537 265254 299476 479999 299476 479999
r-469 33 0.462121 38 0.334282 -1 -1 -1 -1 -1 -1 -1 -1 -1 -1 -1 -1 -1 -1
r-730 14 0.428571 24 0.865942 2322 22877 2322 2322 23582 2262 2426 28708 2426 2426 5171 28864 5171 5171
r-901 11 0.418182 25 0.903333 1060 6538 1060 1060 6798 775 1098 7188 1098 1098 567 2129 567 567
r-902 28 0.439153 18 0.823529 121719 147153 121719 147153 173583 117806 119571 213362 119571 213362 214915 240832 214915 240832
r-378 32 0.41129 18 0.843137 88981 211597 88981 211597 173459 163842 121768 292846 121768 292846 234844 195832 234844 195832
r-52 22 0.203463 12 0.0151515 2792094 51865514 2792094 51865514 13222314 43064959 3026779 52637078 3026779 52637078 43124200 54110618 43124200 54110618
r-478 27 0.635328 15 0.87619 106428 361057 106428 361057 204330 297855 149915 447795 149915 447795 337785 403556 337785 403556
r-528 36 0.304762 35 0.623529 72635535 70948585 70948585 70948585 105605027 51780201 125622344 129104777 129104777 129104777 83946237 93619219 93619219 93619219
r-247 31 0.924731 35 0.836975 -1 24328346 24328346 -1 -1 -1 -1 31442389 31442389 -1 -1 126724479 126724479 -1
r-557 40 0.591026 31 0.0709677 524994 12745260 524994 12745260 4751774 2660434 778946 19163713 778946 19163713 1573105 6241973 1573105 6241973
r-297 26 0.473846 10 0.977778 20464 56724 20464 56724 78517 43501 33004 74651 33004 74651 22158 67791 22158 67791
r-422 19 0.380117 32 0.00604839 21301 192960558 21301 21301 183838202 21051 25969 216844269 25969 25969 2350916 192870019 2350916 2350916
r-501 12 0.151515 19 0.146199 104 91 104 104 88 107 67 61 67 67 172 253 172 172
r-593 33 0.5625 27 0.88604 855600 6600207 855600 6600207 2508116 3935105 1331923 10747762 1331923 10747762 2131011 9929755 2131011 9929755
r-625 16 0.125 22 0.861472 5160 4366 4366 5160 5955 3230 7558 4969 4969 7558 6158 5180 5180 6158
r-265 23 0.438735 40 0.0435897 59125 11337445 59125 59125 10977167 62352 84169 16428746 84169 84169 114251 12035021 114251 114251
r-709 20 0.331579 23 0.956522 5835 40698 5835 5835 34513 4168 7476 62115 7476 7476 3364 14217 3364 3364
r-90 19 0.666667 17 0.566176 99671 44375 44375 44375 99117 40718 170709 61521 61521 61521 55529 73298 73298 73298
r-635 13 0.948718 21 0.728571 523312 57578 57578 523312 346681 228188 491531 63292 63292 491531 597279 359620 359620 597279
r-308 23 0.865613 34 0.286988 247790 202757 202757 247790 329344 180338 412450 297619 297619 412450 412657 328357 328357 412657
r-607 30 0.241379 13 0.24359 28367 3417 3417 3417 28396 4115 28387 3406 3406 3406 19669 6755 6755 6755
r-868 15 0.285714 35 0.205042 12851 205585 12851 12851 177566 13300 14697 251253 14697 14697 92718 118024 92718 92718
r-545 36 0.28254 21 0.580952 1864349 781462 781462 781462 2100136 788902 2649367 1077734 1077734 1077734 1847770 1584645 1584645 1584645
r-644 35 0.542857 30 0.0666667 321677 4130938 321677 4130938 1363001 970473 533084 6048436 533084 6048436 818564 3130434 818564 3130434
r-319 33 0.327652 26 0.267692 48055612 42746457 48055612 42746457 54696957 39602628 79831577 69940260 79831577 69940260 58980925 45236366 58980925 45236366
r-212 20 0.447368 37 0.86036 177967 254650 177967 177967 301295 136742 227827 348591 227827 227827 156708 339868 156708 156708
r-266 16 0.483333 32 0.629032 445385 675567 445385 445385 744267 415312 567800 995406 567800 567800 664696 898792 664696 664696
r-281 10 0.311111 19 0.251462 539 2574 539 539 2150 554 527 2596 527 527 625 2226 625 625
r-753 34 0.518717 14 0.285714 201362 137764 201362 137764 225415 130370 274632 163965 274632 163965 432638 166496 432638 166496
r-199 23 0.652174 15 0.933333 30352 437492 30352 437492 143765 262127 40254 513522 40254 513522 167538 454046 167538 454046
r-598 10 0.0222222 14 0.681319 1239 364 364 1239 1029 947 2120 769 769 2120 1640 592 592 1640
r-127 22 0.367965 29 0.315271 2553246 6531534 2553246 2553246 5874445 2713688 3909973 11377723 3909973 3909973 4097587 5961319 4097587 4097587
r-890 36 0.969841 28 0.0555556 15312 2841 2841 2841 15408 1876 39010 12563 12563 12563 9840 5897 5897 5897
r-759 33 0.776515 13 0.653846 54782 5873 5873 5873 57053 5912 65928 6942 6942 6942 46502 7751 7751 7751
r-492 40 0.734615 26 0.913846 48185323 -1 48185323 -1 131027227 247825604 71222494 -1 71222494 -1 172963871 -1 172963871 -1
r-776 11 0.509091 24 0.0507246 730 19722 730 730 20029 528 930 22595 930 930 1760 4371 1760 1760
r-837 11 0.0545455 33 0.626894 56172 32947 32947 56172 67076 43266 77913 49551 49551 77913 91162 49992 49992 91162
r-553 31 0.417204 29 0.130542 2077510 11642531 2077510 11642531 6959630 6633827 2809607 18631848 2809607 18631848 5738967 11468354 5738967 11468354
r-203 19 0 40 0.984615 3913 780 780 3913 3235 2026 9504 10738 10738 9504 3913 1141 1141 3913
r-322 20 0.868421 19 0.48538 42114 13632 13632 13632 45436 7778 56112 17252 17252 17252 50299 30852 30852 30852
r-175 30 0.308046 18 0.529412 461536 268465 268465 268465 555921 246999 656724 402855 402855 402855 792908 414359 414359 414359
r-448 13 0.205128 23 0.27668 1263 7741 7741 1263 7371 1225 1140 7802 7802 1140 3283 12828 12828 3283
r-543 20 0.152632 36 0.419048 4572070 2140689 2140689 4572070 3696648 4153209 7425716 3427264 3427264 7425716 5325810 4627457 4627457 5325810
r-178 19 0.280702 21 0.280952 111745 76194 76194 111745 72033 87740 160462 118497 118497 160462 81651 112603 112603 81651
r-535 17 0.279412 16 0.258333 23310 24274 23310 24274 28695 22212 32876 33166 32876 33166 30780 28724 30780 28724
r-623 35 0.917647 31 0.817204 148851377 2284633 2284633 2284633 116994766 3712828 179253598 2701933 2701933 2701933 -1 4109435 4109435 4109435
r-420 40 0.947436 17 0.463235 177733 13260 13260 13260 189323 9631 238348 18597 18597 18597 82433 28323 28323 28323
r-180 36 0.939683 30 0.278161 290213 71612 71612 71612 296498 30487 535604 99448 99448 99448 222478 137834 137834 137834
r-184 36 0.846032 16 0.191667 28010 17542 17542 17542 34410 14372 38975 25610 25610 25610 28898 30860 30860 30860
r-595 14 0.0769231 27 0.603989 38055 14040 14040 38055 37474 20404 58972 21403 21403 58972 66834 31862 31862 66834
r-113 22 0.683983 12 0.409091 6545 4265 4265 4265 7965 4254 8106 5033 5033 5033 22270 8739 8739 8739
r-389 36 0.503175 30 0.885057 2246181 9238376 2246181 9238376 4576799 5184624 3528765 15992147 3528765 15992147 3634914 9787292 3634914 9787292
r-161 11 0.545455 32 0.0685484 1446 9603 1446 1446 10170 1042 1846 9741 1846 1846 1246 1805 1246 1246
r-656 13 0.0384615 29 0.827586 17709 7914 7914 17709 17228 10843 27457 12690 12690 27457 16971 9040 9040 16971
r-141 12 0.030303 27 0.168091 1689241 417261 417261 1689241 1615544 1209506 1672355 416343 416343 1672355 350 381 381 350
r-88 10 0.777778 12 0.030303 129 303 129 129 298 135 383 590 383 383 152 350 152 152
r-186 37 0.854354 30 1 -1 -1 -1 -1 -1 -1 -1 -1 -1 -1 -1 -1 -1 -1
r-124 28 0.179894 27 0.381766 5550759 1365031 1365031 1365031 4598846 1805521 9127717 2005850 2005850 2005850 4400599 3195385 3195385 3195385
r-450 13 0.589744 33 0.727273 7115 90086 7115 7115 81007 7038 8210 110192 8210 8210 8646 49398 8646 8646
r-387 34 0.650624 29 0.0763547 103300 1033400 103300 1033400 592022 208112 154940 1596740 154940 1596740 270993 1248087 270993 1248087
r-995 19 0.45614 34 0.864528 85827 339017 85827 85827 396209 63651 122119 457297 122119 122119 200973 357295 200973 200973
r-75 40 0.0948718 20 0.352632 704349 85620 85620 85620 693075 131767 939462 107847 107847 107847 979915 251310 251310 251310
r-111 30 0.843678 20 0.473684 264615 61544 61544 61544 310446 48531 373040 87172 87172 87172 292204 170467 170467 170467
r-731 29 0.130542 19 0.116959 137169 7012 137169 7012 137275 7030 139768 3488 139768 3488 226985 13901 226985 13901
r-664 12 0 24 0.554348 661192 176963 176963 661192 586302 297436 795478 188112 188112 795478 656376 72124 72124 656376
r-151 39 0.117409 19 0.0409357 208754 21761368 208754 21761368 2212990 15092350 138505 5627257 138505 5627257 95261 2940 95261 2940
r-795 12 0.393939 22 0.969697 487 3419 487 487 3404 397 878 5148 878 878 544 3598 544 544
r-724 33 0.893939 23 0.339921 204686 136297 136297 136297 239553 97602 301394 209009 209009 209009 214888 119751 119751 119751
r-109 40 0.903846 40 0.187179 638271 503395 503395 638271 688755 290677 1136325 872050 872050 1136325 1068428 574490 574490 1068428
r-984 35 0.406723 39 0.296896 -1 -1 -1 -1 -1 -1 -1 -1 -1 -1 -1 -1 -1 -1
r-473 22 0.324675 33 0.685606 732393 1196843 732393 732393 1444612 583414 1068061 1868792 1068061 1068061 1264973 2001112 1264973 1264973
r-806 16 0.75 39 0.349528 291835 321006 321006 291835 387350 256559 407387 485589 485589 407387 610264 703505 703505 610264
r-443 22 0.017316 21 0.204762 -1 32138 32138 32138 -1 30072 -1 46746 46746 46746 -1 3849700 3849700 3849700
r-81 34 0.946524 36 0.314286 757892 183100 183100 757892 564253 266417 1385776 292220 292220 1385776 952311 200261 200261 952311
r-796 11 0.872727 23 0.624506 13237 8219 8219 13237 10179 11629 14746 8928 8928 14746 4439 8823 8823 4439
r-181 24 0 39 0.905533 44540 9612 9612 44540 31055 20531 106062 24352 24352 106062 44271 12444 12444 44271
r-825 29 0.29064 28 0.703704 1899491 2304982 2304982 2304982 2297658 1588011 2966025 3645042 3645042 3645042 3334109 2978977 2978977 2978977
r-173 20 0.184211 29 0.805419 24068 29379 29379 24068 40721 17555 37186 36433 36433 37186 40136 39845 39845 40136
r-880 15 0.590476 23 0.909091 2581 21487 2581 2581 19103 3723 3370 31208 3370 3370 12315 20896 12315 12315
r-817 28 0.230159 22 0.731602 128260 85764 85764 85764 136809 63903 186752 123176 123176 123176 216095 199870 199870 199870
r-945 40 0.638462 34 0.279857 92070759 97081076 92070759 97081076 126745816 76239775 168022582 170628227 168022582 170628227 138999459 151164213 138999459 151164213
r-271 17 0.433824 11 0.472727 3586 1420 1420 1420 3754 1406 4539 1604 1604 1604 3761 1822 1822 1822
r-351 33 0.846591 34 0.352941 3438483 2636939 2636939 3438483 4047580 2585650 5433740 4524597 4524597 5433740 5735625 3890585 3890585 5735625
r-270 14 0.164835 39 0.68691 48879 27276 27276 48879 48829 37798 55688 39843 39843 55688 131765 101906 101906 131765
r-208 32 0.0262097 16 0.283333 206639955 3761 3761 3761 207083133 3650 206604558 4006 4006 4006 185360233 24178 24178 24178
r-711 32 0.772177 20 0.178947 68508 55483 68508 55483 92834 44364 102837 91021 102837 91021 103536 160881 103536 160881
r-231 27 0.0683761 22 0.246753 7135948 76872 76872 76872 6498654 79799 8815157 86234 86234 86234 16268179 3942336 3942336 3942336
r-715 21 0.390476 31 0.832258 261335 197662 261335 261335 265627 150346 408453 247601 408453 408453 267513 283286 267513 267513
r-437 16 0.2 26 0.956923 936 4537 936 936 4133 568 2445 7359 2445 2445 3899 4666 3899 3899
r-38 13 0.884615 13 1 48569 38677836 48569 48569 27599551 5987338 49271 40261335 49271 49271 2249736 38677827 2249736 2249736
r-634 30 0.636782 31 0.819355 16757940 53513595 16757940 16757940 39540885 22524388 26370657 93932318 26370657 26370657 39023444 43242455 39023444 39023444
r-910 10 0.533333 13 0.782051 378 1802 378 378 1523 419 482 2635 482 482 857 1355 857 857
r-92 15 0.304762 36 0.207937 5120 135285 5120 5120 119728 4961 5847 161246 5847 5847 25635 123365 25635 25635
r-86 18 0.777778 25 0.666667 223353 283363 283363 223353 383487 209925 312964 424042 424042 312964 268272 503965 503965 268272
r-83 39 0.978408 32 0.362903 3040331 66691 66691 66691 2395019 52395 5379323 94716 94716 94716 1686949 226622 226622 226622
r-896 24 0.855072 26 0.661538 1055970 129380 129380 1055970 556708 730259 1579491 188605 188605 1579491 1545069 486431 486431 1545069
r-226 29 0.416256 20 0.563158 2530581 2007117 2007117 2007117 2894458 1888839 4132991 3240546 3240546 3240546 2151451 2200799 2200799 2200799
r-660 39 0.747638 12 0.0757576 16042 23111 16042 23111 27808 18424 24698 37832 24698 37832 38922 38990 38922 38990
r-967 33 0.979167 24 0.735507 192427666 365143 365143 365143 180448749 346360 232204716 254964 254964 254964 185856585 3194218 3194218 3194218
r-229 27 0.883191 15 0.92381 1062649 25960 1062649 25960 1088470 7196 1054434 216 1054434 216 1112 350 1112 350
r-346 27 0.712251 12 0.136364 5530 7009 5530 7009 9474 5896 7867 10015 7867 10015 21337 14397 21337 14397
r-139 18 0.24183 28 0.589947 206188 186765 186765 206188 248994 165051 287282 267566 267566 287282 368708 292381 292381 368708
r-468 36 0.442857 26 0.0984615 1341526 8361018 1341526 8361018 3723588 4175088 1989986 13506845 1989986 13506845 1135679 9129292 1135679 9129292
r-692 24 0.144928 24 0.144928 130637 164068 130637 130637 154813 144856 152908 194256 152908 152908 1482789 1016717 1482789 1482789
r-674 38 0.704125 34 0.736185 -1 -1 -1 -1 -1 -1 -1 -1 -1 -1 -1 -1 -1 -1
r-799 26 0.304615 22 0.47619 2394365 710535 710535 710535 2299707 819704 4195867 1111501 1111501 1111501 1605863 1241821 1241821 1241821
r-419 34 0.247772 10 0.355556 899 412 412 412 900 390 890 381 381 381 1324 2137 2137 2137
r-33 15 0.466667 29 0.408867 189624 483646 189624 189624 448845 186961 260213 762782 260213 260213 220706 500713 220706 220706
r-864 25 0.326667 31 0.913978 59879 145492 59879 59879 180815 32564 87779 264046 87779 87779 84947 159610 84947 84947
r-290 20 0.842105 17 0.808824 49684 7328 7328 7328 51402 7616 62129 8961 8961 8961 66007 24789 24789 24789
r-631 24 0.637681 32 0.52621 22757277 17463226 17463226 22757277 22172236 20559654 42984226 31732016 31732016 42984226 20396720 21311536 21311536 20396720
r-413 31 0.696774 13 0.0512821 7726 72702 7726 72702 34401 37699 12289 103103 12289 103103 38341 99384 38341 99384
r-571 33 0.00189394 29 0.125616 -1 -1 -1 -1 -1 -1 -1 229148147 229148147 229148147 -1 -1 -1 -1
r-488 38 0.268848 19 0.502924 1722719 526988 526988 526988 1858156 497271 2539310 747617 747617 747617 2047690 895832 895832 895832
r-490 22 0.974026 20 0.789474 175190117 14408 14408 14408 136653713 13502 197758343 21048 21048 21048 271881273 277063 277063 277063
r-110 21 0.771429 20 0.468421 89949 69570 69570 69570 104224 51123 123992 86828 86828 86828 157190 100678 100678 100678
r-565 13 0.807692 33 0.888258 283 19937 283 283 15742 349 319 19980 319 319 4207 31506 4207 4207
r-997 24 0.235507 38 0.642959 2176117 2640660 2640660 2176117 3279329 1867031 3228277 4308830 4308830 3228277 4747437 3933220 3933220 4747437
r-248 11 0.472727 22 0.541126 7489 11856 7489 7489 12798 7228 8687 14782 8687 8687 8338 18643 8338 8338
r-223 17 0.5 40 0.266667 148964 939074 148964 148964 814198 183582 197343 1470273 197343 197343 301260 737477 301260 301260
r-988 28 0.76455 14 0.21978 9805 17162 9805 17162 15155 12221 13483 26500 13483 26500 38548 27051 38548 27051
r-847 24 0.286232 35 0.141176 1199802 10552344 1199802 1199802 8355758 1842720 1645575 15475525 1645575 1645575 8179933 9584859 8179933 8179933
r-356 26 0.855385 37 0.429429 3991070 1479603 1479603 3991070 3117303 2287505 6173226 2326640 2326640 6173226 4722751 2116951 2116951 4722751
r-74 16 0.933333 14 0.340659 2268 1142 1142 1142 1994 920 3210 1236 1236 1236 2809 1935 1935 1935
r-891 16 0.925 38 0.820768 47725 45672 45672 47725 40699 47537 17520 17481 17481 17520 6617 2762 2762 6617
r-462 32 0.862903 38 0.0170697 5922 64010 5922 5922 50767 3116 20456 138018 20456 20456 16214 58478 16214 16214
r-601 10 0.377778 22 0.160173 403 4903 403 403 4491 704 451 5862 451 451 714 5337 714 714
r-76 28 0.915344 20 0.421053 282570 34758 34758 34758 302623 25316 390510 34135 34135 34135 168770 54825 54825 54825
r-367 12 0.151515 18 0.235294 385 1222 1222 385 1106 390 423 1253 1253 423 366 5478 5478 366
r-167 20 0.289474 26 0.492308 941154 433114 433114 941154 724451 760197 1657964 670609 670609 1657964 1367373 1309119 1309119 1367373
r-40 11 0.654545 36 0.930159 2609 29582 2609 2609 27708 3172 3160 41089 3160 3160 7954 44329 7954 7954
r-359 26 0.563077 29 0.369458 7691903 9962349 7691903 7691903 10586093 6860722 12143827 16133872 12143827 12143827 13006860 17529987 13006860 13006860
r-582 26 0.378462 16 0.591667 138554 60738 60738 60738 168729 50788 185292 78185 78185 78185 179774 96755 96755 96755
r-224 12 0.666667 34 1 10777 111673007 10777 10777 109684580 10777 15062 117877823 15062 15062 1271940 111600795 1271940 1271940
r-467 25 0.803333 35 0.823529 5705109 19825796 5705109 5705109 17514477 6745312 7452194 28617676 7452194 7452194 12400767 26869253 12400767 12400767
r-996 30 0.0344828 20 0.221053 24436519 12412 12412 12412 23494342 12313 27078811 12395 12395 12395 33717611 40342 40342 40342
r-653 34 0.083779 25 0.693333 153071 61260 61260 61260 151769 31630 268072 93951 93951 93951 148418 99531 99531 99531
r-773 27 0.988604 37 0.264264 1595025 60759 60759 1595025 1289046 259998 2500351 115108 115108 2500351 1488690 299601 299601 1488690
r-174 10 0.8 15 0 369 1966 369 369 1798 369 810 3390 810 810 819 1966 819 819
r-191 16 0.283333 30 0.045977 4132 7410217 4132 4132 6745533 5162 4388 8092334 4388 4388 15027 7528581 15027 15027
r-496 31 0.0817204 40 0.984615 5411 27036 5411 5411 22450 2849 19802 51243 19802 19802 9128 32742 9128 9128
r-792 25 0.18 35 0.0487395 26266 -1 26266 26266 -1 45654 27031 -1 27031 27031 126735 -1 126735 126735
r-570 14 0.263736 39 0.322537 61827 300222 300222 61827 287889 61901 64969 320863 320863 64969 363178 202260 202260 363178
r-327 14 0.813187 15 0.609524 12367 3824 3824 12367 10022 8885 19205 5262 5262 19205 6791 6970 6970 6791
r-155 10 0.333333 34 0.907308 1421 2920 1421 1421 3349 1542 1904 4059 1904 1904 2910 4795 2910 2910
r-347 22 0.831169 28 0.121693 14595 26766 14595 14595 32959 9663 25950 42633 25950 25950 33636 30244 33636 33636
r-784 23 0.695652 26 0.750769 1629298 3521842 1629298 1629298 3041389 1761556 2444005 5768337 2444005 2444005 1938514 2944778 1938514 1938514
r-680 40 0.179487 32 0.310484 -1 63452579 63452579 63452579 -1 87618608 -1 79884083 79884083 79884083 -1 105011438 105011438 105011438
r-267 23 0.0909091 34 0.552585 1460508 273368 273368 1460508 675846 609023 2183707 426634 426634 2183707 1460207 755364 755364 1460207
r-661 34 0.269162 14 0.175824 42349 5162 42349 5162 42384 5698 40081 4255 40081 4255 31775 12563 31775 12563
r-264 12 0.0757576 28 0.396825 132773 62083 62083 132773 139245 96058 139853 70940 70940 139853 79580 163596 163596 79580
r-282 18 0.705882 18 0.379085 20994 30530 30530 20994 27937 20074 25989 44224 44224 25989 54930 47437 47437 54930
r-513 40 0.897436 16 0.341667 43072 29215 29215 29215 50906 21313 52221 40353 40353 40353 41414 33814 33814 33814
r-572 13 0.692308 32 0.046371 2503 7753 2503 2503 8392 1379 3738 11479 3738 3738 2990 4229 2990 2990
r-153 32 0.354839 31 0.12043 6265778 19601484 6265778 19601484 13812213 11717769 9611085 32076105 9611085 32076105 7344214 18774686 7344214 18774686
r-907 36 0.895238 18 0.0718954 6265 12093 6265 12093 8816 7039 12271 19288 12271 19288 10537 17153 10537 17153
r-114 32 0.893145 35 0.801681 -1 107361487 107361487 -1 319826488 252663416 -1 148332245 148332245 -1 -1 173048838 173048838 -1
r-747 39 0.345479 15 0.352381 1894908 331209 331209 331209 1943759 332962 2619753 397841 397841 397841 1252172 775605 775605 775605
r-196 37 0.376877 33 1 3941539 497460367 3941539 497460367 512802604 17865016 3472354 537136896 3472354 537136896 35759646 495570524 35759646 495570524
r-952 15 0.857143 10 0.266667 889 327 327 327 902 334 1366 528 528 528 1448 637 637 637
r-130 33 0.975379 19 0.48538 804628 10472 10472 10472 848719 9362 1142284 14559 14559 14559 492968 51385 51385 51385
r-538 36 0.407937 24 0.336957 48219025 40534857 48219025 40534857 52857913 37218022 88363797 71591071 88363797 71591071 55734742 49897239 55734742 49897239
r-938 37 0.361862 15 0.980952 22176 781679 22176 781679 595128 227796 47596 969023 47596 969023 84016 617807 84016 617807
r-647 17 0.992647 20 0.889474 -1 -1 -1 -1 -1 -1 -1 -1 -1 -1 -1 -1 -1 -1
r-617 28 0.505291 12 0.257576 30011 13583 30011 13583 33017 13030 38583 15432 38583 15432 44720 20121 44720 20121
r-923 17 0.919118 30 0.0873563 6448 4889 4889 6448 7975 4685 11739 10046 10046 11739 7713 8664 8664 7713
r-380 32 0.756048 17 0.338235 205145 81484 81484 81484 242610 66340 302794 118659 118659 118659 189717 95121 95121 95121
r-879 33 0.181818 27 0.333333 29166145 5766233 5766233 5766233 28662063 7122917 50141431 8666278 8666278 8666278 22021273 10017141 10017141 10017141
r-892 27 0.0683761 11 0.272727 5687 287 287 287 5828 304 6229 261 261 261 7343 572 572 572
r-57 36 0.465079 10 0.377778 1151 633 1151 633 1150 627 1164 616 1164 616 2782 1144 2782 1144
r-2 38 0.203414 20 0.989474 14654 104879 14654 104879 83162 34915 28460 202524 28460 202524 20280 113969 20280 113969
r-911 19 0.918129 19 0.0116959 441 2964 441 441 2330 1155 2975 5331 2975 2975 1019 3181 1019 1019
r-855 36 0.747619 19 0.935673 9705921 23517026 9705921 23517026 17782000 20968430 11565916 25641957 11565916 25641957 394302513 58415837 394302513 58415837
r-136 23 0.391304 10 0.377778 14860 2342 14860 2342 14860 2288 14889 2377 14889 2377 12408 3957 12408 3957
r-589 35 0.734454 18 0.986928 -1 -1 -1 -1 -1 -1 -1 -1 -1 -1 90413773 -1 90413773 -1
r-791 33 0.123106 17 0.198529 161728 3436 3436 3436 162197 5853 178813 3766 3766 3766 352351 34478 34478 34478
r-531 35 0.0252101 32 0.340726 -1 483035 483035 483035 -1 458256 -1 728427 728427 728427 -1 47871986 47871986 47871986
r-985 16 0.45 12 0.681818 3019 3437 3019 3437 3859 3119 3834 4066 3834 4066 9000 8257 9000 8257
r-95 25 0.303333 26 0.286154 4724060 6131455 4724060 4724060 6045824 4218456 7410011 10107699 7410011 7410011 5782511 6142642 5782511 5782511
r-782 28 0.465608 39 0.218623 12397802 36865322 12397802 12397802 27589686 17296228 20417510 68962034 20417510 20417510 12428226 31724193 12428226 12428226
r-621 20 0.3 39 0.848853 96273 166126 96273 96273 190391 90220 147816 244946 147816 147816 128789 210521 128789 128789
r-940 38 0.119488 28 0.0820106 9347498 2142880 9347498 2142880 10781235 2097527 10975601 2316549 10975601 2316549 255780187 70788964 255780187 70788964
r-214 19 0.0643275 14 0.263736 168687 1159 1159 1159 158754 1300 188596 1221 1221 1221 247230 7259 7259 7259
r-204 21 0.371429 19 0.520468 123656 117257 117257 117257 137464 93571 178611 156882 156882 156882 176498 183318 183318 183318
r-904 35 0.665546 18 0.176471 174843 381517 174843 381517 280469 247167 250702 566355 250702 566355 406084 865933 406084 865933
r-410 12 0.848485 28 0.949735 323 242653 323 323 233570 329 200 242638 200 200 37686 261546 37686 37686
r-609 31 0.0408602 20 0.447368 413351 25204 25204 25204 399593 28974 601124 33661 33661 33661 449992 37515 37515 37515
r-697 38 0.630156 37 0.668168 -1 -1 -1 -1 -1 -1 -1 -1 -1 -1 -1 -1 -1 -1
r-170 11 0.309091 40 0.476923 14946 24163 24163 14946 25607 14916 14731 23633 23633 14731 4807 34956 34956 4807
r-210 15 0.409524 14 0.89011 1631 2716 1631 2716 2934 1772 2210 3436 2210 3436 2024 4351 2024 4351
r-922 21 0.504762 14 0.604396 43754 42361 43754 42361 48940 38795 58822 56173 58822 56173 55316 51428 55316 51428
r-39 15 0.409524 13 0.897436 1709 2667 1709 2667 2105 1894 2845 3587 2845 3587 1884 4879 1884 4879
r-649 27 0.282051 27 0.048433 71531 21487013 71531 71531 11140900 2171371 89129 26538287 89129 89129 323008 21356618 323008 323008
r-13 22 0.329004 14 0.549451 31700 24327 24327 24327 36805 22856 41869 33462 33462 33462 53147 28049 28049 28049
r-53 11 0.418182 37 0.722222 10354 25590 10354 10354 26757 10527 11463 31390 11463 11463 11929 54219 11929 11929
r-802 24 0.365942 18 0.287582 300214 268274 300214 268274 338401 250466 456903 401936 456903 401936 411154 303617 411154 303617
r-47 31 0.427957 20 0.784211 368707 566608 368707 566608 521685 410339 555950 801892 555950 801892 881472 1067514 881472 1067514
r-464 28 0.119048 32 0 -1 -1 -1 -1 -1 -1 -1 -1 -1 -1 -1 -1 -1 -1
r-275 12 0.348485 35 0.640336 34809 44148 44148 34809 51462 33187 38661 55645 55645 38661 47840 59699 59699 47840
r-821 36 0.522222 27 0.102564 895728 4398382 895728 4398382 2234410 1911599 1309476 6588226 1309476 6588226 2389507 4635961 2389507 4635961
r-335 15 0 36 0.366667 -1 16701551 16701551 -1 -1 -1 -1 17571824 17571824 -1 -1 305451408 305451408 -1
r-652 40 0.117949 25 0.69 492571 358214 358214 358214 659548 252633 724878 542811 542811 542811 590324 480087 480087 480087
r-176 29 0.618227 35 0.552941 183970302 147934184 147934184 183970302 178738070 164406177 -1 -1 -1 -1 173625825 183563165 183563165 173625825
r-937 36 0.336508 16 0.75 335853 252551 335853 252551 446945 223122 495499 347295 495499 347295 588916 405436 588916 405436
r-59 10 0.422222 28 0.253968 774 7411 774 774 6803 788 814 7454 814 814 790 4979 790 790
r-874 23 0.367589 36 0.271429 3730495 15820572 3730495 3730495 13969015 4310243 5545239 26908151 5545239 5545239 6298278 6537658 6298278 6298278
r-696 18 0.816993 31 0.0408602 3352 9855 3352 3352 8350 1877 6659 17491 6659 6659 4245 8135 4245 4245
r-360 33 0.479167 18 0.803922 496684 542805 496684 542805 757380 466537 743005 773185 743005 773185 775640 1035902 775640 1035902
r-240 33 0.566288 34 0.684492 157192551 -1 157192551 157192551 213086649 167081144 -1 -1 -1 -1 194344610 -1 194344610 194344610
r-585 18 0.633987 16 0.35 12374 14173 12374 14173 17110 11233 10307 14388 10307 14388 16574 11759 16574 11759
r-555 15 0.228571 23 0.932806 1612 3851 1612 1612 3754 1061 2877 5785 2877 2877 1623 3146 1623 1623
r-695 36 0.815873 16 0.808333 161859 8845 8845 8845 162420 9173 169134 9143 9143 9143 124761 33713 33713 33713
r-280 11 0.781818 29 0.184729 3524 3589 3524 3524 4862 3507 4826 5045 4826 4826 4909 7675 4909 4909
r-537 10 1 32 0.358871 86346 41900 41900 86346 150560 52350 120434 58991 58991 120434 73380 32582 32582 73380
r-822 39 0.434548 39 0.412955 -1 -1 -1 -1 -1 -1 -1 -1 -1 -1 -1 -1 -1 -1
r-32 24 0.242754 10 0.0666667 21922 17266 21922 17266 24029 15664 20821 13616 20821 13616 70 99 70 99
r-989 13 0.807692 38 0.108108 4714 9345 4714 4714 11356 3467 6750 8592 6750 6750 6148 7596 6148 6148
r-162 21 0.633333 13 0.294872 8079 13486 8079 13486 9323 11563 10556 17719 10556 17719 14651 14930 14651 14930
r-920 11 0.0363636 19 0.684211 2564 1149 1149 2564 2934 1990 4602 2022 2022 4602 3336 2078 2078 3336
r-518 18 0.816993 40 0.274359 107075 163364 163364 107075 230057 103748 164139 240395 240395 164139 216398 227300 227300 216398
r-14 40 0.111538 31 0.602151 2743827 1154039 1154039 1154039 3067822 810541 3958193 1652210 1652210 1652210 3373978 1741135 1741135 1741135
r-876 37 0.501502 18 0.614379 3932509 3081175 3932509 3081175 4313899 2833929 6318311 4845925 6318311 4845925 4945483 2690132 4945483 2690132
r-975 22 0.311688 38 0.608819 4282749 4309683 4309683 4282749 5490573 3534578 6596861 6814245 6814245 6596861 7392272 7921261 7921261 7392272
r-506 33 0.0890152 11 0.927273 720 2241 720 2241 886 1562 2521 3953 2521 3953 1675 2017 1675 2017
r-962 13 0.512821 11 0.436364 1405 1827 1405 1827 1721 1698 1781 1753 1781 1753 1411 1801 1411 1801
r-693 36 0.6 38 0.300142 168218554 183526831 168218554 168218554 233158396 127850616 -1 -1 -1 -1 189943266 223749919 189943266 189943266
r-216 16 0.925 12 0.651515 9594 297 297 297 9433 317 11121 460 460 460 19219 2772 2772 2772
r-43 10 0 36 0.201587 58862 335419 335419 58862 453831 53740 49863 319243 319243 49863 154 66 66 154
r-115 30 0.0137931 14 0.153846 133206363 552 552 552 132694037 549 139760889 447 447 447 74769042 72657 72657 72657
r-839 11 0.636364 20 0.194737 2051 2750 2051 2051 2760 1704 2543 3522 2543 2543 1861 3905 1861 1861
r-363 17 0.617647 36 0.671429 392134 2024573 392134 392134 1855474 394994 528553 3147232 528553 528553 558292 1149011 558292 558292
r-48 18 0.189542 10 0.0666667 417 1041 417 1041 567 989 278 689 278 689 26109 2478 26109 2478
r-412 39 0.643725 40 0.689744 -1 -1 -1 -1 -1 -1 -1 -1 -1 -1 -1 -1 -1 -1
r-681 25 0.683333 13 0.25641 14148 16788 14148 16788 16143 14615 18709 22395 18709 22395 27420 27830 27420 27830
r-870 26 0.575385 31 0.443011 15968292 16452794 16452794 15968292 19588284 13655210 28016995 29324387 29324387 28016995 21257577 25265566 25265566 21257577
r-273 39 0.82861 21 0.347619 275797 274912 274912 274912 340352 249122 399446 420337 420337 420337 378796 293077 293077 293077
r-794 18 0.568627 38 0.638691 1881523 3823747 1881523 1881523 3593688 1862338 2544111 6229961 2544111 2544111 1783207 2517566 1783207 1783207
r-750 30 0.468966 40 0.897436 625714 7908173 625714 625714 8469402 524821 985631 11451141 985631 985631 1898580 6873229 1898580 1898580
r-866 32 0.822581 23 0.833992 2014684 319941 2014684 319941 2095843 336076 2566454 354107 2566454 354107 5248464 778827 5248464 778827
r-66 13 0.974359 23 0.620553 1648483 34250 34250 1648483 763937 474296 1896951 47268 47268 1896951 1534214 196103 196103 1534214
r-465 35 0.263866 27 0.985755 32623 189632 32623 189632 156853 59173 60950 441360 60950 441360 50020 191718 50020 191718
r-583 30 0.496552 29 0.977833 219889 3395154 219889 3395154 2434055 394260 322096 5531740 322096 5531740 393699 3005273 393699 3005273
r-235 35 0.215126 28 0.195767 51064543 28307761 51064543 28307761 56792264 28945911 71732051 37829562 71732051 37829562 73767471 51372102 73767471 51372102
r-630 13 0.141026 10 0.777778 824 370 370 370 743 271 1163 545 545 545 445 376 376 376
r-502 34 0.643494 29 0.295567 8101858 9501012 8101858 9501012 11394600 6607335 13249694 16045825 13249694 16045825 11355607 15239263 11355607 15239263
r-978 34 0.71123 25 0.206667 526419 508326 526419 508326 748284 401853 844949 790377 844949 790377 853831 1390916 853831 1390916
r-227 33 0.575758 28 0.952381 575390 13531116 575390 13531116 7057672 2102544 653776 19745637 653776 19745637 1233187 24589744 1233187 24589744
r-990 38 0.335704 30 0.650575 45174881 28735696 28735696 28735696 53947852 23556039 79751667 47092470 47092470 47092470 61348910 44348267 44348267 44348267
r-930 22 0.961039 25 0.703333 15126798 89282 89282 15126798 7772897 963055 18154388 125100 125100 18154388 12965468 2002677 2002677 12965468
r-979 26 0.273846 39 0.11336 779273 26971092 779273 779273 20193444 1261942 1061825 36818908 1061825 1061825 1325862 51953896 1325862 1325862
r-24 37 0.605105 11 0.6 41788 3710 3710 3710 41790 3661 41751 3487 3487 3487 12152 10370 10370 10370
r-552 13 0.551282 17 0.683824 2412 6439 2412 2412 5253 2511 2929 9443 2929 2929 4321 4835 4321 4321
r-549 14 0.846154 34 0.16934 9700 19148 19148 9700 27899 8867 16846 31806 31806 16846 14394 20846 20846 14394
r-73 19 0.684211 30 0.951724 17296 3520934 17296 17296 3322969 19249 12692 4352338 12692 12692 60442 3724414 60442 60442
r-725 24 0.00362319 14 0.89011 3620 305 305 305 3583 323 8379 1789 1789 1789 3661 912 912 912
r-685 17 0.470588 10 0.0444444 669 6881 669 6881 1794 4452 873 8030 873 8030 2506 6041 2506 6041
r-573 10 0.888889 31 0.187097 2959 3123 3123 2959 4999 3269 5541 4931 4931 5541 4240 3517 3517 4240
r-954 23 0.418972 15 0.961905 11468 25590 11468 25590 32181 11629 16548 40854 16548 40854 20825 62274 20825 62274
r-10 29 0.761084 39 0.0796221 183060 330103 183060 183060 367332 109223 296279 552779 296279 296279 207405 366714 207405 207405
r-511 13 0.102564 11 0.236364 2098 314 314 314 2145 358 2266 340 340 340 1205 675 675 675
r-279 23 0.940711 28 0.542328 1312902 44947 44947 1312902 504247 240827 1940785 76004 76004 1940785 1317775 185762 185762 1317775
r-524 20 0.368421 39 0.278003 1189563 9559240 1189563 1189563 8659739 1316251 1590161 14711657 1590161 1590161 2077018 5191685 2077018 2077018
r-540 40 0.660256 18 0.647059 10724043 2592524 2592524 2592524 11141114 2582326 16568041 3412575 3412575 3412575 8150581 4371328 4371328 4371328
r-672 22 0.87013 25 0 4919 26041 4919 4919 23722 4919 9722 45416 9722 9722 6769 25561 6769 6769
r-62 30 0.243678 22 0.0909091 393410 2726101 393410 2726101 1110228 2265806 539887 3355447 539887 3355447 21690937 4594979 21690937 4594979
r-23 23 0.347826 15 0.00952381 5811616 48709963 5811616 48709963 45287012 14744383 5542418 51646002 5542418 51646002 1068669 47100310 1068669 47100310
r-379 18 0.130719 31 0.627957 135043 40962 40962 135043 98755 74094 187934 63226 63226 187934 204870 117166 117166 204870
r-286 33 0.765152 24 0.76087 24327349 7825035 7825035 7825035 25589957 8203695 37303595 10789355 10789355 10789355 27111085 19769218 19769218 19769218
r-69 29 0.94335 13 0.205128 5109 2074 2074 2074 5605 1162 5178 2588 2588 2588 4302 2402 2402 2402
r-217 39 0.221323 30 0.409195 172820177 61205338 61205338 61205338 164868701 78799213 -1 104887618 104887618 104887618 141504018 106488256 106488256 106488256
r-337 32 0.933468 20 0.831579 1455098 25786 25786 25786 1459187 26569 1483787 22598 22598 22598 8363346 141235 141235 141235
r-646 35 0.105882 36 0.819048 375417 278489 278489 375417 405977 260270 658727 438973 438973 658727 498267 411926 411926 498267
r-682 38 0.059744 34 0.180036 -1 5169435 5169435 5169435 -1 6503108 -1 6562300 6562300 6562300 -1 -1 -1 -1
r-881 13 0.384615 36 0.609524 80811 151799 151799 80811 165924 79207 92705 201851 201851 92705 116774 323394 323394 116774
r-668 35 0.77479 31 0.941935 11167995 -1 11167995 -1 -1 -1 14187185 -1 14187185 -1 -1 -1 -1 -1
r-386 40 0.55 36 0.771429 180888664 -1 180888664 -1 -1 -1 -1 -1 -1 -1 -1 -1 -1 -1
r-82 24 0.811594 16 0.25 5413 5458 5458 5458 4820 3335 6291 7718 7718 7718 11509 15827 15827 15827
r-515 35 0.221849 12 0.348485 26751 1449 1449 1449 26776 1528 26925 1471 1471 1471 16414 6816 6816 6816
r-104 21 0.438095 17 0.433824 120048 104520 120048 104520 127637 88301 192791 159213 192791 159213 148277 102140 148277 102140
r-372 22 0.649351 25 0.273333 159022 186537 159022 159022 239927 111512 232268 267971 232268 232268 394930 307823 394930 394930
r-396 25 0.91 14 0.989011 123466 1084438 123466 1084438 123460 1084444 123444 1084411 123444 1084411 138 151 138 151
r-9 25 0.443333 30 0.583908 15868998 17176316 15868998 15868998 19194966 14437557 27881877 29894572 27881877 27881877 22386376 23067662 22386376 22386376
r-65 40 0.982051 29 0.123153 59025 4306 4306 4306 49606 2412 111523 16245 16245 16245 42088 11021 11021 11021
r-289 32 0.193548 19 0.28655 1170816 106997 106997 106997 1201071 135907 1606182 129830 129830 129830 1315753 280700 280700 280700
r-929 29 0.76601 14 0.56044 158866 20302 20302 20302 161540 22651 234450 23847 23847 23847 116300 20892 20892 20892
r-735 25 0.373333 38 0.624467 19298885 19981163 19981163 19298885 24029536 15577205 31633224 32877496 32877496 31633224 17095641 34838652 34838652 17095641
r-828 31 0.156989 17 0.610294 30148 35545 35545 35545 34456 22247 38639 51283 51283 51283 62134 41656 41656 41656
r-432 34 0.814617 19 0.479532 201883 200597 200597 200597 226636 187424 288770 206753 206753 206753 380852 151672 151672 151672
r-616 25 0.863333 17 0.382353 30985 10478 10478 10478 33132 7327 40922 12202 12202 12202 19899 20621 20621 20621
r-470 18 0.0849673 23 0.134387 7187 127705 127705 7187 14025 122054 5352 13464 13464 5352 91430 296046 296046 91430
r-807 39 0.238866 34 0.42959 -1 168897426 168897426 168897426 -1 221161982 -1 -1 -1 -1 -1 -1 -1 -1
r-438 13 0.282051 18 1 1573 12553 1573 1573 10933 1573 1754 15804 1754 1754 1536 12394 1536 1536
r-140 13 0.897436 10 0.822222 397 46 46 46 395 71 398 61 61 61 1217 129 129 129
r-908 38 0.550498 23 0.245059 6774139 7594654 6774139 7594654 9666322 6284020 11198351 11704682 11198351 11704682 11644682 11751002 11644682 11751002
r-433 17 0.0808824 36 0.690476 94976 33757 33757 94976 75248 47909 154366 53645 53645 154366 107353 36469 36469 107353
r-827 38 0.142248 29 0.684729 1512688 1090280 1090280 1090280 2044002 697069 2403652 1930008 1930008 1930008 2028411 1701602 1701602 1701602
r-362 36 0.473016 20 0.915789 228077 1717637 228077 1717637 656646 954259 351731 2581774 351731 2581774 915154 2601585 915154 2601585
r-744 12 0.106061 34 0.456328 295593 241116 241116 295593 319893 283842 367342 334403 334403 367342 276464 381336 381336 276464
r-658 14 0.912088 30 0.0528736 1959 3541 1959 1959 3932 2174 3134 4505 3134 3134 1709 2206 1709 1709
r-220 16 0.233333 25 0.153333 2558 47724 2558 2558 38154 3904 3089 64060 3089 3089 63572 112072 63572 63572
r-207 25 0.843333 19 0.947368 82444 6196546 82444 6196546 1461181 2022631 95989 4769850 95989 4769850 1810426 4683435 1810426 4683435
r-893 17 0.0882353 24 0.663043 34270 7200 7200 34270 19601 15947 49363 11148 11148 49363 41669 30419 30419 41669
r-521 22 0.714286 15 0.87619 25468 41660 25468 41660 32864 38027 30616 48491 30616 48491 53422 61539 53422 61539
r-568 31 0.247312 25 0.16 5570160 8437676 5570160 8437676 7299789 7277973 7321973 11873943 7321973 11873943 14342522 9431125 14342522 9431125
r-562 18 0.235294 35 0.27395 343027 2374854 2374854 343027 2264221 343916 383963 3232904 3232904 383963 545124 1302903 1302903 545124
r-96 21 0.342857 16 0.633333 18232 13851 13851 13851 23468 11910 23803 16459 16459 16459 28958 22405 22405 22405
r-177 32 0.254032 37 0.256757 -1 -1 -1 -1 -1 -1 -1 -1 -1 -1 -1 -1 -1 -1
r-118 36 0.447619 20 0.0789474 422029 1778998 422029 1778998 1272074 1217262 682858 2760784 682858 2760784 1789305 1427089 1789305 1427089
r-482 11 0.872727 21 0.452381 2883 5254 5254 2883 6142 2396 2924 6325 6325 2924 5468 3621 3621 5468
r-93 15 0.390476 31 0.621505 203849 295148 203849 203849 343795 189996 280616 436187 280616 280616 386653 419738 386653 386653
r-21 13 0.141026 25 0.85 1597 1741 1741 1597 1984 1369 2896 3335 3335 2896 2294 2611 2611 2294
r-858 13 0.910256 40 0.802564 1152 179 179 1152 1354 213 376 104 104 376 156 94 94 156
r-597 21 0.0761905 22 0.5671 156070 18674 18674 156070 130609 50243 195332 24858 24858 195332 161280 37688 37688 161280
r-712 24 0.478261 17 0.176471 77453 208886 77453 208886 126670 181906 115529 363196 115529 363196 125010 147266 125010 147266
r-786 10 0.933333 33 0.986742 193 46 193 193 46 193 193 69 193 193 461 106 461 461
r-673 22 0.393939 13 0.897436 3471 14892 3471 14892 6522 9460 4649 21278 4649 21278 6862 6317 6862 6317
r-312 16 0.808333 16 0.3 5096 3280 3280 5096 5146 2295 6548 4481 4481 6548 4371 7779 7779 4371
r-645 34 0.190731 19 0.994152 12310 72722 12310 72722 54836 27429 23004 137570 23004 137570 14944 77579 14944 77579
r-810 15 0.285714 12 0.969697 658 1501 658 1501 1027 742 1162 1864 1162 1864 787 1422 787 1422
r-580 20 0.168421 11 0.872727 870 1320 870 1320 1237 866 1745 1779 1745 1779 1115 1435 1115 1435
r-137 32 0.0181452 30 0.712644 307365 27529 27529 27529 231088 21909 598071 50285 50285 50285 312817 73631 73631 73631
r-355 31 0.997849 32 0.949597 -1 -1 -1 -1 -1 -1 -1 -1 -1 -1 -1 -1 -1 -1
r-539 12 0.469697 25 0.193333 2698 13592 2698 2698 11462 4716 3286 19333 3286 3286 2638 9529 2638 2638
r-679 16 0.791667 31 0.152688 14517 23038 14517 14517 28497 14012 22128 32556 22128 22128 24191 17338 24191 24191
r-431 40 0.216667 36 0.301587 -1 -1 -1 -1 -1 -1 -1 -1 -1 -1 -1 -1 -1 -1
r-84 29 0.660099 13 0.461538 48441 16605 16605 16605 52266 16422 64170 19402 19402 19402 76930 20844 20844 20844
r-221 22 0.675325 21 0.980952 289370 113057693 289370 113057693 69291209 4476069 300519 130096659 300519 130096659 2708442 116707135 2708442 116707135
r-128 17 0.764706 14 0.56044 19207 3819 3819 3819 18159 4278 28849 4640 4640 4640 16127 8284 8284 8284
r-190 23 0.928854 20 0.184211 12475 8032 8032 8032 15438 5340 16646 12984 12984 12984 6856 4805 4805 4805
r-946 36 0.97619 29 0.726601 -1 7532716 7532716 7532716 -1 7447726 -1 7817238 7817238 7817238 -1 9967889 9967889 9967889
r-479 38 0.433855 21 0.0857143 987559 8817660 987559 8817660 3545738 5817912 1496865 12504816 1496865 12504816 4822774 9300956 4822774 9300956
r-783 25 0.436667 23 0.332016 2352591 3679361 2352591 3679361 3379463 2971069 3873172 6668138 3873172 6668138 1947474 2316682 1947474 2316682
r-716 17 0.382353 22 0.441558 102138 115430 115430 102138 120279 86704 152407 175382 175382 152407 128636 193742 193742 128636
r-365 28 0.978836 13 0.74359 164309 1111 1111 1111 165249 1129 176441 1314 1314 1314 155958 19893 19893 19893
r-751 13 0.935897 23 0.980237 430 -1 430 430 -1 431 222 -1 222 222 1819 -1 1819 1819
r-805 33 0.464015 28 0.917989 518825 3795359 518825 3795359 1308997 1416841 841975 5792774 841975 5792774 1182265 3751108 1182265 3751108
r-63 18 0.509804 19 0.608187 61467 97385 61467 61467 76421 57196 86138 159684 86138 86138 97679 102621 97679 97679
r-200 19 0.923977 11 0.490909 7337 1110 1110 1110 7863 971 9350 1353 1353 1353 8186 1195 1195 1195
r-687 40 0.320513 23 0.15415 19918114 11763003 19918114 11763003 25049565 10524412 24314095 15535996 24314095 15535996 25364974 12892985 25364974 12892985
r-11 24 0.702899 27 0.843305 771569 2333906 771569 771569 1720910 997649 1051183 3492831 1051183 1051183 2023819 2555893 2023819 2023819
r-169 10 0.711111 28 0.939153 352 8687 352 352 8271 518 443 9436 443 443 578 10683 578 578
r-242 37 0.033033 14 0.549451 38153 1227 1227 1227 42251 948 64266 2033 2033 2033 31251 2643 2643 2643
r-206 38 0.997155 39 0.255061 3884113 223847 223847 3884113 3180867 481449 6400295 322453 322453 6400295 4015100 516216 516216 4015100
r-713 10 0.733333 36 0.874603 75 34 75 75 34 75 75 60 75 75 175 131 175 175
r-926 17 0.176471 39 0.346829 694079 2031798 2031798 694079 2305211 679030 773173 2658330 2658330 773173 918778 2851632 2851632 918778
r-238 36 0.0111111 14 0.164835 5927021 2036 2036 2036 6817428 1947 5049847 1899 1899 1899 26139985 232776 232776 232776
r-915 39 0.19973 15 0.609524 126778 55392 55392 55392 152095 50082 159984 74740 74740 74740 164954 80347 80347 80347
r-956 19 0.362573 13 0.435897 8429 1923 1923 1923 8872 1736 12505 2365 2365 2365 11224 6518 6518 6518
r-861 14 0.131868 34 0.714795 33353 33689 33689 33353 58436 32014 51854 47745 47745 51854 71919 52550 52550 71919
r-375 11 0.545455 23 0.197628 2136 3350 2136 2136 3976 1792 2745 4222 2745 2745 2243 6518 2243 2243
r-230 16 0.308333 40 0.34359 122960 1419046 1419046 122960 1325397 122153 121813 1864319 1864319 121813 1005864 1029212 1029212 1005864
r-592 19 0.0877193 38 0.100996 444 9039 9039 444 557 944 436 1308 1308 436 4866 5400 5400 4866
r-505 31 0.307527 37 0.653153 18957546 20367263 20367263 18957546 26254201 13681638 32193708 33945150 33945150 32193708 34291574 21736329 21736329 34291574
r-500 29 0.825123 28 0.878307 3427565 9814242 3427565 9814242 6437242 8033259 3552923 11914235 3552923 11914235 9610501 57759737 9610501 57759737
r-632 27 1 33 0.933712 -1 -1 -1 -1 -1 -1 -1 -1 -1 -1 -1 -1 -1 -1
r-417 22 0.640693 13 0.397436 15355 12693 12693 12693 17473 11290 20221 15763 15763 15763 30025 19882 19882 19882
r-252 38 0.860597 10 1 66 135 66 135 66 135 94 135 94 135 66 234 66 234
r-246 32 0.59879 17 0.419118 802613 542394 542394 542394 918243 513213 1234532 771719 771719 771719 1048803 871384 871384 871384
r-670 33 0.778409 28 0.648148 49121350 11591519 11591519 11591519 46981353 14998174 86614521 18476284 18476284 18476284 42562991 26065869 26065869 26065869
r-334 36 0.463492 37 0.539039 -1 -1 -1 -1 -1 -1 -1 -1 -1 -1 -1 -1 -1 -1
r-514 24 0.51087 27 0.0512821 45406 596912 45406 45406 473926 30639 58504 830608 58504 58504 123135 505403 123135 123135
r-249 17 0.764706 21 0.771429 63784 76165 63784 63784 73019 62916 87630 106942 87630 87630 41168 156573 41168 41168
r-108 22 0.402597 14 0.637363 14966 15908 14966 15908 18787 14597 18304 18554 18304 18554 29516 18882 29516 18882
r-838 20 0.747368 36 0.728571 1246463 5049212 5049212 1246463 4739521 1264764 1589041 7331936 7331936 1589041 4545712 5991144 5991144 4545712
r-897 39 0.174089 27 0.413105 26273081 7042394 7042394 7042394 23734185 9953856 47250829 11167195 11167195 11167195 17548651 11200554 11200554 11200554
r-400 33 0.0473485 13 0.487179 64335 2370 2370 2370 64191 2523 75169 3077 3077 3077 72494 11849 11849 11849
r-765 10 0.488889 13 1 290 5149 290 290 4281 290 520 8027 520 520 459 5149 459 459
r-489 34 0.0998217 35 0.309244 191389660 8366425 8366425 191389660 134358034 53247315 279773702 11781309 11781309 279773702 157457267 29192981 29192981 157457267
r-245 22 0.142857 25 0.56 188007 80270 80270 188007 199256 79015 278992 109888 109888 278992 169509 127804 127804 169509
r-41 32 0.528226 33 0.965909 257953 10705806 257953 257953 7100016 221679 296726 15635840 296726 296726 1674392 14843971 1674392 1674392
r-768 38 0.116643 31 0.819355 265324 324485 324485 324485 355874 188134 447989 537982 537982 537982 456412 356791 356791 356791
r-976 12 0.69697 40 0.312821 20253 54207 54207 20253 59727 21042 21172 74863 74863 21172 31625 90720 90720 31625
r-253 23 0.592885 26 0.0923077 45226 61676 45226 45226 64608 32479 36426 86448 36426 36426 46128 60857 46128 46128
r-869 33 0.263258 36 0.353968 -1 -1 -1 -1 -1 -1 -1 -1 -1 -1 -1 -1 -1 -1
r-525 10 0.0222222 21 0.104762 93 58 58 93 58 93 93 69 69 93 159 82 82 159
r-493 21 0.438095 39 0.0121457 28113 4374893 28113 28113 4276584 27527 36802 6010048 36802 36802 2598438 3318171 2598438 2598438
r-300 33 0.356061 32 0.300403 243385398 -1 243385398 -1 -1 -1 -1 -1 -1 -1 -1 -1 -1 -1
r-764 21 0.366667 12 0.69697 4738 4413 4738 4413 5936 3721 6259 4953 6259 4953 6861 2723 6861 2723
r-1 33 0.42803 20 0.926316 99742 1713169 99742 1713169 298501 529758 127296 2404757 127296 2404757 773449 638030 773449 638030
r-766 13 0.269231 40 0.552564 71014 277518 277518 71014 300485 67682 69140 364311 364311 69140 90546 242032 242032 90546
r-149 17 0.823529 11 0.545455 2071 907 907 907 2216 976 2986 1056 1056 1056 2558 1066 1066 1066
r-548 19 0.865497 20 0.310526 24585 14087 14087 24585 19503 11565 36178 19475 19475 36178 20380 13962 13962 20380
r-667 21 0.257143 32 0.794355 101348 79867 101348 101348 108354 75875 143304 118607 143304 143304 161744 188112 161744 161744
r-698 38 0.889047 24 0.460145 959753 362458 362458 362458 1240886 252976 1420383 581299 581299 581299 1257965 612139 612139 612139
r-388 19 0.906433 30 0.809195 37876 152297 152297 37876 163235 35123 30193 153582 153582 30193 122045 1833871 1833871 122045
r-516 22 0.670996 37 0.912913 94076 1749106 94076 94076 1534691 179239 127661 2397735 127661 127661 329049 2517010 329049 329049
r-803 38 0.30441 12 0.484848 114881 11176 11176 11176 121669 11361 154308 12619 12619 12619 88183 20138 20138 20138
r-259 34 0.827094 30 0.335632 1868949 1248326 1248326 1248326 2222064 801823 2929199 2104041 2104041 2104041 2557887 1914015 1914015 1914015
r-935 19 0.333333 29 0.591133 541197 507142 507142 541197 633405 436875 806418 768603 768603 806418 942267 1002735 1002735 942267
r-808 25 0.0966667 34 0.488414 4679969 553829 553829 4679969 1822684 2114918 7840627 888957 888957 7840627 3506850 3411037 3411037 3506850
r-944 20 0.742105 14 0.824176 13535 4728 13535 4728 14189 4457 16357 5437 16357 5437 25738 11597 25738 11597
r-476 10 0.777778 37 0.545045 6920 41533 41533 6920 43710 6841 6874 41516 41516 6874 772 1355 1355 772
r-833 22 0.995671 18 0.712418 -1 316914 316914 316914 -1 316774 -1 315911 315911 315911 254867079 604931 604931 604931
r-584 26 0.621538 37 0.468468 43107666 63670173 63670173 43107666 74825507 38536998 74500952 111300799 111300799 74500952 58913059 63219099 63219099 58913059
r-107 39 0.88664 15 0.714286 538997 2756 2756 2756 541105 3494 576619 3226 3226 3226 478409 15366 15366 15366
r-406 34 0.491979 11 0.181818 35840 13579 35840 13579 36818 12998 37126 14000 37126 14000 49495 13571 49495 13571
r-842 19 0.918129 25 0.17 16631 7417 7417 16631 17427 9160 31384 11480 11480 31384 21808 9717 9717 21808
r-135 21 0.161905 15 0.780952 4977 3659 3659 3659 6029 3064 8323 5770 5770 5770 8130 7010 7010 7010
r-888 38 0.125178 21 0.0904762 370824 14874 370824 14874 371711 14995 368926 10322 368926 10322 1060700 53673 1060700 53673
r-754 28 0.806878 25 0.12 41290 35864 41290 35864 40265 27152 61599 58277 61599 58277 55899 79313 55899 79313
r-328 30 0.0528736 15 0.990476 858 3302 858 3302 2242 1869 4575 7105 4575 7105 1550 3393 1550 3393
r-728 18 0.20915 17 0.397059 36688 17447 17447 17447 32005 22460 61368 25020 25020 25020 27658 10035 10035 10035
r-752 36 0.731746 13 0.423077 60462 20174 20174 20174 66358 18666 76615 23803 23803 23803 95931 41021 41021 41021
r-813 20 0.942105 24 0.416667 126787 18349 18349 126787 90007 35514 183733 26471 26471 183733 114059 25835 25835 114059
r-581 23 0.00395257 10 0.511111 53811 1783 1783 1783 55318 1753 74912 2210 2210 2210 59298 2980 2980 2980
r-883 29 0.847291 13 0.576923 19095 5605 5605 5605 19353 6407 24814 5808 5808 5808 8194 3846 3846 3846
r-138 11 0.472727 30 0.91954 2525 1625 2525 2525 1767 1438 960 1762 960 960 722 1012 722 722
r-228 40 0.0961538 30 0.464368 11876896 2526536 2526536 2526536 11014321 3413591 21293453 4070397 4070397 4070397 9259311 4361411 4361411 4361411
r-925 38 0.748222 31 0.554839 218833839 42277549 42277549 42277549 209738358 59428276 -1 71620513 71620513 71620513 192303635 81243065 81243065 81243065
r-150 19 0.169591 31 0.212903 24421 314101 314101 24421 284369 24463 23013 392857 392857 23013 84356 356770 356770 84356
r-426 31 0.550538 10 0.844444 45277 26585 45277 26585 45661 25496 40423 17603 40423 17603 53600 17834 53600 17834
r-258 12 0.621212 33 0.359848 16136 45917 16136 16136 44805 16581 19399 57775 19399 19399 14686 52912 14686 14686
r-826 15 0.685714 27 0.421652 67847 73450 73450 67847 96030 64940 68321 105238 105238 68321 125299 172953 172953 125299
r-739 34 0.231729 32 0.106855 9831484 56246718 9831484 56246718 43043480 32025459 7870810 71869280 7870810 71869280 38290503 203457922 38290503 203457922
r-639 30 0.544828 16 0.391667 555262 449757 555262 449757 623255 418063 839057 636901 839057 636901 891498 554978 891498 554978
r-705 26 0.833846 20 0.178947 17246 25662 25662 25662 17906 17876 24558 36117 36117 36117 30513 18174 18174 18174
r-700 22 0.675325 26 0.643077 2552600 2534874 2534874 2552600 2942839 2387782 4228457 4398119 4398119 4228457 2553971 2788689 2788689 2553971
r-121 17 0.830882 30 0.981609 51098 -1 51098 51098 -1 50136 57613 -1 57613 57613 35494651 -1 35494651 35494651
r-202 37 0.78979 40 0.171795 2266796 2443983 2266796 2266796 2915132 1592046 4133323 4107828 4133323 4133323 3154855 3907435 3154855 3154855
r-657 29 0.295567 12 0.530303 35932 14130 14130 14130 39855 13180 45416 16878 16878 16878 54873 32189 32189 32189
r-152 37 0.312312 38 0.887624 2736653 3947277 2736653 2736653 4175564 1587899 4752320 6464484 4752320 4752320 4068516 6799467 4068516 4068516
r-666 20 0.0157895 26 0.92 3613 902 902 3613 2711 1668 7564 5405 5405 7564 3917 957 957 3917
r-292 23 0.592885 38 0.815078 1835533 12413797 1835533 1835533 10604165 2590223 2655537 20362215 2655537 2655537 4358723 10028292 4358723 4358723
r-340 11 0.418182 32 0.689516 8534 20292 8534 8534 20747 8364 9574 26038 9574 9574 13708 35298 13708 13708
r-315 27 0.509972 26 0.409231 7689921 8882682 7689921 8882682 10441104 7618726 12997408 15784887 12997408 15784887 11567287 12122833 11567287 12122833
r-195 16 0.108333 12 0.378788 6889 549 549 549 6698 596 8612 696 696 696 7742 2323 2323 2323
r-30 20 0.236842 39 0.815115 192301 207962 192301 192301 313480 128379 279408 241832 279408 279408 318761 367553 318761 318761
r-840 37 0.641141 39 0.632928 -1 -1 -1 -1 -1 -1 -1 -1 -1 -1 -1 -1 -1 -1
r-27 39 0.836707 33 0.992424 -1 -1 -1 -1 -1 -1 -1 -1 -1 -1 -1 -1 -1 -1
r-992 13 0.0897436 20 0.884211 1273 801 801 1273 1263 900 2345 2068 2068 2345 1988 1470 1470 1988
r-618 23 0.383399 10 0.711111 3929 3970 3929 3970 4737 3483 4573 3786 4573 3786 8763 3262 8763 3262
r-393 30 0.816092 25 0.766667 5920958 998049 998049 998049 5852164 1176793 8811375 1330440 1330440 1330440 14530986 5242216 5242216 5242216
r-123 12 0.439394 34 0.625668 17988 29655 17988 17988 30806 17323 20651 31787 20651 20651 15417 76179 15417 15417
r-522 29 0.716749 27 0.874644 3711338 24274113 3711338 24274113 11458502 15255669 5420018 36681372 5420018 36681372 9180807 17415263 9180807 17415263
r-291 26 0.572308 35 0.554622 71919579 70014153 70014153 71919579 72991643 67306135 139242589 138890361 138890361 139242589 74710643 53320272 53320272 74710643
r-669 24 0.442029 12 0.727273 10071 4845 10071 4845 13259 4325 13322 3452 13322 3452 11581 6951 11581 6951
r-305 30 0.708046 31 0.997849 -1 -1 -1 -1 -1 -1 -1 -1 -1 -1 -1 -1 -1 -1
r-793 34 0.55615 14 0.252747 221613 175776 221613 175776 269653 163891 318873 233771 318873 233771 368313 296950 368313 296950
r-797 36 0.346032 29 0.391626 -1 -1 -1 -1 -1 -1 -1 -1 -1 -1 -1 -1 -1 -1
r-374 34 0.918004 32 0.330645 447695 145400 145400 145400 341211 70908 806613 195880 195880 195880 376627 259452 259452 259452
r-953 19 0.959064 26 0.673846 4418062 102342 102342 4418062 2075992 976159 5467233 160688 160688 5467233 4234237 505787 505787 4234237
r-384 12 0.0454545 17 0.654412 6572 1257 1257 6572 5668 2702 9386 1996 1996 9386 6339 1590 1590 6339
r-133 10 0.911111 40 0.884615 121 44 44 121 44 121 121 74 74 121 195 58 58 195
r-721 25 0.703333 27 0.700855 4150933 5398668 5398668 4150933 6258289 3728210 6652373 9014293 9014293 6652373 5817349 4396024 4396024 5817349
r-472 31 0.767742 32 0.697581 89222946 26811286 26811286 89222946 47607034 65584991 147635660 42918419 42918419 147635660 70552563 63482630 63482630 70552563
r-439 18 0.254902 18 0.771242 4282 6649 4282 4282 5836 4442 5842 8231 5842 5842 4584 12633 4584 4584
r-225 18 0.607843 20 0.442105 133522 133432 133432 133522 158486 117959 192745 197819 197819 192745 166289 238739 238739 166289
r-628 37 0.617117 22 0.0909091 220298 933455 220298 933455 421980 482937 307016 1345745 307016 1345745 573955 1242723 573955 1242723
r-401 31 0.141935 18 0.379085 419851 79013 79013 79013 427281 111691 651602 107698 107698 107698 194753 261795 261795 261795
r-903 28 0.0132275 37 0.957958 13322 2794 2794 13322 10086 6681 28146 17866 17866 28146 14103 5845 5845 14103
r-702 26 0.273846 21 0.304762 3039648 1232940 1232940 1232940 3002362 1276437 4877684 1729028 1729028 1729028 2443859 2241633 2241633 2241633
r-164 32 0.552419 31 0.847312 3664029 19137438 3664029 19137438 11796302 12365283 5756424 32624009 5756424 32624009 6626289 14773737 6626289 14773737
r-898 12 0.348485 31 0.0924731 355 7197 355 355 6549 522 419 8469 419 419 824 5397 824 824
r-404 29 0.73399 37 0.294294 4027988 3349774 3349774 4027988 4318494 2634955 6580905 5594352 5594352 6580905 7079058 7554936 7554936 7079058
r-648 15 0.742857 29 0.884236 2827 84740 2827 2827 69320 4853 3278 100470 3278 3278 7780 79654 7780 7780
r-142 31 0.0795699 12 0.121212 104 127 127 127 104 185 99 91 91 91 73 195 195 195
r-353 17 0.0367647 19 0.614035 43356 7021 7021 43356 32107 18314 68558 10105 10105 68558 43124 10316 10316 43124
r-310 15 0.161905 40 0.335897 58255 330212 330212 58255 340775 57880 61972 353924 353924 61972 65442 332253 332253 65442
r-659 28 0.645503 24 0.887681 137978 2272018 137978 2272018 537445 1300600 200466 3136821 200466 3136821 768322 3686457 768322 3686457
r-756 24 0.141304 17 0.264706 58735 6936 6936 6936 55916 12036 74738 7794 7794 7794 46830 10603 10603 10603
r-610 28 0.521164 17 0.669118 759947 836908 759947 836908 882558 752738 1184104 1281062 1184104 1281062 1005885 738045 1005885 738045
r-919 11 0.109091 12 0.712121 543 197 197 543 345 365 720 411 411 720 623 433 433 623
r-676 35 0.890756 20 0.978947 -1 -1 -1 -1 -1 -1 -1 -1 -1 -1 -1 -1 -1 -1
r-424 29 0.413793 11 0.454545 37954 5081 5081 5081 37980 5071 38186 5306 5306 5306 33300 12653 12653 12653
r-863 20 0.484211 38 0.687055 2106328 4409068 2106328 2106328 4980655 2020467 3339828 6799910 3339828 3339828 3120879 5872916 3120879 3120879
r-699 24 0.0362319 15 0.514286 73028 2312 2312 2312 73162 1783 88600 3018 3018 3018 46168 2410 2410 2410
r-71 11 0.290909 26 0.221538 169 2171 169 169 1887 169 114 2136 114 114 1209 398 1209 1209
r-276 19 0.578947 21 0.8 39562 128321 39562 39562 84424 52101 54303 203908 54303 54303 47852 125754 47852 47852
r-205 23 0.770751 25 0.306667 120148 57511 57511 120148 98136 63709 179125 82725 82725 179125 151574 164128 164128 151574
r-12 31 0.944086 28 0 3248 14614 3248 14614 12456 6922 14587 33269 14587 33269 4788 14617 4788 14617
r-717 39 0.249663 12 0.969697 14522 35733 14522 35733 41036 21535 24567 58121 24567 58121 19532 35261 19532 35261
r-719 25 0.9 31 0.984946 -1 -1 -1 -1 -1 -1 -1 -1 -1 -1 -1 -1 -1 -1
r-350 13 0.102564 27 0.931624 2620 3537 2620 2620 4404 2649 3052 7246 3052 3052 2190 4246 2190 2190
r-688 13 0.474359 26 0.532308 50669 72529 50669 50669 81424 48943 64272 97969 64272 64272 50516 72705 50516 50516
r-801 39 0.964912 18 0.228758 22598 3871 3871 3871 22626 2457 37508 7174 7174 7174 22673 11026 11026 11026
r-233 10 0.4 35 0.788235 4144 5750 4144 4144 6443 3746 5159 7017 5159 5159 3041 12337 3041 3041
r-134 10 0.777778 19 0.865497 49 34 49 49 34 49 49 43 49 49 188 107 188 188
r-981 12 0.363636 28 0.280423 11700 75776 11700 11700 68281 11648 13143 95749 13143 13143 17393 55888 17393 17393
r-453 30 0.427586 38 0.14936 8577873 31920571 8577873 8577873 24681906 12271722 13792028 56846989 13792028 13792028 12692059 29482107 12692059 12692059
r-865 16 0.275 29 0.773399 13677 22560 13677 13677 30199 8938 18224 30081 18224 18224 49638 30360 49638 49638
r-463 22 0.0779221 39 0.535762 3709843 335226 335226 3709843 1254083 2012807 5687921 529847 529847 5687921 5370399 815334 815334 5370399
r-385 32 0.237903 24 0.615942 1010267 818829 818829 818829 1285705 632730 1503588 1285161 1285161 1285161 1692049 1465470 1465470 1465470
r-296 24 0.565217 18 0.20915 115620 61673 115620 61673 163503 49131 156610 83771 156610 83771 105516 127071 105516 127071
r-912 36 0.866667 34 0.245989 869644 592027 592027 592027 950430 353773 1419323 1029878 1029878 1029878 1140514 1118781 1118781 1118781
r-358 32 0.264113 33 0.541667 28248263 25374839 25374839 28248263 34945283 23511621 46487032 44826632 44826632 46487032 42295307 37638201 37638201 42295307
r-512 35 0.0436975 26 0.941538 13468 6474 6474 6474 12699 3676 30477 15552 15552 15552 16198 12873 12873 12873
r-536 38 0.910384 21 0.0714286 5278 17090 5278 17090 9307 9033 13519 33266 13519 33266 16074 25988 16074 25988
r-445 36 0.934921 37 0.606607 111999314 5704691 5704691 111999314 70922316 13785031 169790317 8734612 8734612 169790317 152354104 31241001 31241001 152354104
r-298 27 0.327635 23 0.711462 466108 541139 466108 541139 601613 388940 732796 834111 732796 834111 755206 684558 755206 684558
r-734 17 0.897059 17 0.0735294 846 1810 846 846 1515 1463 2056 3234 2056 2056 882 2354 882 882
r-963 18 0.862745 37 0.0105105 986 12164 986 986 11315 847 4650 28970 4650 4650 2961 11755 2961 2961
r-376 39 0.746289 21 1 -1 -1 -1 -1 -1 -1 -1 -1 -1 -1 -1 -1 -1 -1
r-727 23 0.794466 12 0.0606061 1240 7061 1240 7061 2820 4077 2511 12170 2511 12170 2589 4887 2589 4887
r-45 33 0.833333 22 0.316017 151896 80635 80635 80635 177554 53404 228241 120421 120421 120421 239036 157413 157413 157413
r-599 40 0.529487 16 0.675 2675333 1571649 2675333 1571649 2872993 1478338 4010019 2111878 4010019 2111878 2952331 1747717 2952331 1747717
r-70 40 0.364103 30 0.287356 -1 -1 -1 -1 -1 -1 -1 -1 -1 -1 -1 -1 -1 -1
r-475 15 0.980952 27 0.267806 40395 3615 3615 40395 25122 13512 66431 6982 6982 66431 45168 10283 10283 45168
r-781 39 0.31309 23 0.695652 3267980 2459383 3267980 2459383 4041907 2040735 5266941 3820836 5266941 3820836 6476802 4518997 6476802 4518997
r-318 20 0.0894737 10 0.133333 37 63 63 63 37 63 47 63 63 63 43 75 75 75
r-460 21 0.152381 12 0.181818 5894 760 760 760 5906 830 3545 539 539 539 1661 605 605 605
r-701 34 0.989305 35 0.907563 -1 -1 -1 -1 -1 -1 -1 28769970 28769970 -1 -1 -1 -1 -1
r-364 38 0.594595 27 0.894587 3670202 32651174 3670202 32651174 10823054 18493771 5925073 51805666 5925073 51805666 10860637 36043878 10860637 36043878
r-274 17 0.404412 38 0.059744 6351 2057532 6351 6351 2128183 13844 9090 3423078 9090 9090 45938 2276582 45938 45938
r-357 18 0.777778 27 0.139601 16508 17400 16508 16508 23728 10137 21988 16905 21988 21988 15313 25703 15313 15313
r-643 25 0.956667 16 0.325 29390 1532 1532 1532 30000 914 42301 2812 2812 2812 12758 3219 3219 3219
r-604 31 0.4 25 0.176667 2738453 7141952 2738453 7141952 4246723 5553227 4227218 11766967 4227218 11766967 5068659 7350967 5068659 7350967
r-606 17 0.742647 25 0.74 40421 215921 215921 40421 199437 44596 29778 139326 139326 29778 50435 185176 185176 50435
r-778 16 0.175 21 0.395238 42402 21268 21268 42402 30253 38887 58637 27651 27651 58637 39782 55317 55317 39782
r-957 14 0.571429 34 0.254902 43328 53431 43328 43328 62857 39755 57866 71462 57866 57866 93230 94443 93230 93230
r-408 36 0.9 27 0.304843 176294 74974 74974 74974 187450 30468 302352 101649 101649 101649 220445 149951 149951 149951
r-740 18 0.0326797 28 0.320106 18922823 257124 257124 18922823 11272026 5096154 21496125 352098 352098 21496125 17809033 1301647 1301647 17809033
r-533 19 0.0994152 40 0.347436 6098661 2465065 2465065 6098661 5482430 4944779 7840914 3767164 3767164 7840914 5176240 4445774 4445774 5176240
r-758 29 0.46798 13 0.961538 30706 86366 30706 86366 155420 42786 35850 99184 35850 99184 44930 84290 44930 84290
r-4 37 0.159159 28 0.285714 36862045 4287064 4287064 4287064 36804411 5855961 57732582 6192435 6192435 6192435 37623183 6731735 6731735 6731735
r-343 15 0.514286 33 0.24053 57489 130538 57489 57489 138754 60454 77267 171294 77267 77267 177714 193866 177714 177714
r-746 13 0.576923 21 0.219048 2484 10646 2484 2484 10761 2473 2981 13989 2981 2981 7420 11227 7420 7420
r-29 31 0.602151 20 0.0894737 50516 184424 50516 184424 135073 91335 78878 292691 78878 292691 207661 300309 207661 300309
r-775 38 0.486486 31 0.0473118 826258 23203753 826258 23203753 11775767 2963255 1342175 38417578 1342175 38417578 2604989 22085895 2604989 22085895
r-64 28 0.539683 14 0.197802 84992 92999 84992 92999 110502 81200 114437 108523 114437 108523 127901 160962 127901 160962
r-22 19 0.497076 23 0.383399 340067 624703 340067 340067 524099 329665 526150 1105250 526150 526150 514653 502180 514653 514653
r-156 32 0.205645 36 0.211111 199711140 264771970 264771970 199711140 -1 181369735 -1 -1 -1 -1 -1 -1 -1 -1
r-16 25 0.0166667 34 0.766488 117400 13043 13043 117400 67835 36223 249692 26668 26668 249692 127002 64363 64363 127002
r-294 10 0.577778 15 0.761905 256 2102 256 256 1787 348 323 2736 323 323 530 875 530 530
r-641 31 0.232258 24 0.981884 14108 109900 14108 109900 72674 35171 24603 223288 24603 223288 27696 124498 27696 124498
r-852 38 0.25889 35 0.0168067 30368869 -1 30368869 -1 -1 -1 39310978 -1 39310978 -1 -1 -1 -1 -1
r-523 36 0.306349 35 0.642017 87968632 73021021 73021021 73021021 102571134 61719281 154680419 130853454 130853454 130853454 117204505 115063751 115063751 115063751
r-324 19 0.0818713 24 0.0543478 74930 -1 74930 74930 498786211 341618 77541 -1 77541 77541 149828082 -1 149828082 149828082
r-924 21 0.642857 37 0.312312 1740468 2180668 1740468 1740468 2922872 1431706 2635552 3350934 2635552 2635552 2878491 3326623 2878491 2878491
r-588 38 0.392603 32 0.1875 97196441 250707957 97196441 250707957 170474459 193969089 162905044 -1 162905044 -1 143772897 139178474 143772897 139178474
r-931 29 0.527094 30 0.565517 74468603 84514985 74468603 74468603 80792439 67524673 145897640 171518612 145897640 145897640 85080839 91800484 85080839 85080839
r-102 30 0.708046 15 0.990476 4515714 -1 4515714 -1 -1 -1 4767554 -1 4767554 -1 128626205 -1 128626205 -1
r-166 39 0.897436 25 0.0166667 11463 35547 11463 35547 33350 16681 25585 73400 25585 73400 12362 37206 12362 37206
r-481 18 0.0130719 25 0.5 4090795 61124 61124 4090795 2813578 428448 5249264 85501 85501 5249264 4146297 106072 106072 4146297
