instance n1 density1 n2 density2 mcsplit mcsplit-swapped mcsplit-smart-swapped-D mcsplit-smart-swapped-O mcsplit+f mcsplit+bigf mcsplit-b mcsplit-b-swapped mcsplit-b-smart-swapped-D mcsplit-b-smart-swapped-O mcsplit-nosort mcsplit-nosort-swapped mcsplit-nosort-smart-swapped-D mcsplit-nosort-smart-swapped-O
r-563 37 0.364865 31 0.830108 3187234 3399780 3187234 3399780 4654417 2500161 5475965 5507760 5475965 5507760 4861079 5509504 4861079 5509504
r-780 30 0.995402 22 0.0562771 5156 608 608 608 4912 607 13630 5266 5266 5266 2225 693 693 693
r-284 28 0.801587 20 0.984211 9577627 -1 9577627 -1 -1 -1 10455070 -1 10455070 -1 8839822 -1 8839822 -1
r-338 13 0.782051 11 0.709091 184 45 45 45 205 45 236 47 47 47 258 27 27 27
r-600 12 0.636364 28 0.671958 1 18635 1 1 16602 1 2 18636 2 2 1 9069 1 1
r-762 29 0.174877 26 0.852308 47201 73986 47201 73986 63344 41566 69323 121248 69323 121248 80121 104565 80121 104565
r-89 37 0.136637 31 0.307527 59332710 4749809 4749809 4749809 52280665 6911594 86529449 6699860 6699860 6699860 114229928 15431766 15431766 15431766
r-317 21 0.219048 16 0.891667 4498 7536 4498 7536 7802 5162 7114 12511 7114 12511 6566 5950 6566 5950
r-120 20 0.121053 16 0.516667 23946 5234 5234 5234 26897 3461 33265 7892 7892 7892 18189 13781 13781 13781
r-446 28 0.753968 13 0.923077 87758 1 87758 1 87758 1 87758 1 87758 1 245367 1 245367 1
r-966 14 0.89011 36 0.444444 61820 96429 96429 61820 155002 61128 79987 157187 157187 79987 92742 139346 139346 92742
r-749 29 0.194581 15 0.466667 78675 12919 12919 12919 77868 13364 125717 15511 15511 15511 67860 19009 19009 19009
r-640 35 0.12605 13 0.0769231 1 1 1 1 1 1 1 1 1 1 1 1 1 1
r-349 10 0.0666667 15 0.504762 4983 1462 1462 4983 9779 1883 5634 1802 1802 5634 4606 2081 2081 4606
r-402 13 0.75641 19 0.0175439 330 3447 330 330 3194 275 928 6945 928 928 2824 3940 2824 2824
r-737 26 0.363077 15 0.72381 28387 22798 28387 22798 41505 17891 38809 31285 38809 31285 35981 26674 35981 26674
r-785 20 0.421053 13 0.730769 5121 4505 5121 4505 6768 4060 7049 5626 7049 5626 8599 4275 8599 4275
r-948 24 0.996377 36 0.0904762 17994 4481 4481 17994 9283 7822 36661 15264 15264 36661 18373 6295 6295 18373
r-760 18 0.267974 36 0.957143 11411 32394 11411 11411 33228 9076 17943 51855 17943 17943 8647 25330 8647 8647
r-798 13 0.74359 34 0.748663 1 41707 1 1 37039 1 2 41708 2 2 1 32604 1 1
r-971 17 0.786765 37 0.0375375 4644 26132 4644 4644 26217 3058 8276 37639 8276 8276 5442 15229 5442 5442
r-683 16 0.975 10 0.266667 1213 295 295 295 1434 241 2430 549 549 549 800 235 235 235
r-968 15 0.857143 14 0.692308 1563 2195 2195 2195 1506 2254 2067 464 464 464 2458 364 364 364
r-25 14 1 36 0.809524 -1 -1 -1 -1 -1 -1 -1 -1 -1 -1 -1 -1 -1 -1
r-98 23 0.667984 36 0.920635 37236 6910985 37236 37236 6328084 52872 50133 8357967 50133 50133 443578 8628607 443578 443578
r-234 36 0.106349 17 0.397059 200072 15563 15563 15563 205547 25348 324892 20259 20259 20259 253973 9621 9621 9621
r-185 21 0.3 11 0.509091 2165 427 427 427 2339 392 2699 475 475 475 2946 437 437 437
r-78 40 0.429487 16 0.916667 177298 399692 177298 399692 370391 340688 286178 558548 286178 558548 287429 430881 287429 430881
r-626 32 0.372984 21 0.419048 6286313 2117355 2117355 2117355 6434580 2050083 11442348 3262710 3262710 3262710 5234231 2351899 2351899 2351899
r-913 17 0.588235 11 0.109091 716 1810 716 1810 1027 1361 1027 2555 1027 2555 2190 1003 2190 1003
r-171 34 0.627451 32 0.278226 11417928 17283248 11417928 17283248 17009536 12097543 19961671 29803344 19961671 29803344 11614768 20914305 11614768 20914305
r-28 34 0.26738 31 0.888172 307941 289421 307941 289421 400537 179147 522867 517934 522867 517934 237065 321160 237065 321160
r-811 35 0.561345 24 0.960145 288303 36158305 288303 36158305 14146067 6171105 417415 47749293 417415 47749293 1672341 41167292 1672341 41167292
r-943 19 0.894737 21 1 21057 -1 21057 21057 -1 21057 24566 -1 24566 24566 -1 -1 -1 -1
r-486 24 0.134058 10 0.644444 1276 789 789 789 2030 600 1889 1020 1020 1020 2302 985 985 985
r-278 11 0.236364 29 0.0714286 127 3193 127 127 3003 169 128 3194 128 128 1 3058 1 1
r-36 11 0.290909 28 0.269841 1 1 1 1 1 1 1 1 1 1 1 5384 1 1
r-117 23 0.438735 16 0.458333 161784 55269 55269 55269 168245 52129 264721 74065 74065 74065 112139 54147 54147 54147
r-306 12 0.318182 21 0 10847 18316397 10847 10847 16862494 10847 11125 18703216 11125 11125 1875 18316397 1875 1875
r-254 40 0.0717949 10 0.955556 2926 2389 2926 2389 3959 2193 5386 4345 5386 4345 3419 4519 3419 4519
r-605 22 0.978355 23 0.960474 -1 4447 4447 -1 -1 -1 -1 4472 4472 -1 -1 -1 -1 -1
r-122 13 0.576923 17 0.698529 776 5712 776 776 4132 847 929 8270 929 929 740 2542 740 740
r-841 39 0.508772 12 0.984848 97107 677987 97107 677987 403946 544531 165813 796001 165813 796001 409575 677987 409575 677987
r-706 33 0.121212 24 0.300725 5267494 842999 842999 842999 5111709 1130096 7790158 1157420 1157420 1157420 8875247 858172 858172 858172
r-694 39 0.983806 16 0.458333 132224 1486 1486 1486 132999 1070 183958 2821 2821 2821 130399 7251 7251 7251
r-452 17 0.147059 24 0.40942 169776 109083 109083 169776 204514 117934 241747 162547 162547 241747 237758 163178 163178 237758
r-642 16 0.375 34 0.629234 65347 346086 65347 65347 345039 68153 83574 536337 83574 83574 118209 466647 118209 118209
r-377 24 0.807971 12 0.727273 2683 1 1 1 2683 1 2684 2 2 2 2134 1 1 1
r-633 12 0.787879 29 0.391626 3469 28658 28658 3469 41348 3403 3982 41600 41600 3982 6187 22429 22429 6187
r-738 22 0.380952 19 0.497076 343849 164619 164619 164619 319464 158723 609470 249091 249091 249091 257694 210302 210302 210302
r-237 35 0.406723 22 0 42987178 -1 42987178 -1 -1 392470437 3472996 -1 3472996 -1 -1 -1 -1 -1
r-819 19 0.502924 26 0.821538 34126 73240 34126 34126 58929 51650 46158 119313 46158 46158 52137 81024 52137 52137
r-878 40 0.453846 30 0.314943 -1 -1 -1 -1 -1 -1 -1 -1 -1 -1 -1 -1 -1 -1
r-650 22 0.220779 10 0.333333 1523 1 1 1 1523 1 1524 2 2 2 1524 1 1 1
r-42 11 0.109091 39 0.153846 1 1 1 1 1 1 1 1 1 1 1 1 1 1
r-321 40 0.396154 39 0.0148448 4998949 -1 4998949 -1 -1 151752211 7264872 -1 7264872 -1 103336206 -1 103336206 -1
r-567 12 0.909091 37 0.16967 5362 4784 4784 5362 7375 4838 10528 8251 8251 10528 3903 6303 6303 3903
r-382 35 0.830252 32 0.354839 3533035 1665861 1665861 1665861 3720002 1220946 5655354 2833829 2833829 2833829 4603085 1865000 1865000 1865000
r-187 24 0.855072 17 0.669118 108940 14880 14880 14880 102732 20794 163025 18558 18558 18558 61952 23547 23547 23547
r-126 28 0.0846561 31 0.301075 19055735 412060 412060 19055735 9989814 4766452 25370602 614004 614004 25370602 27575746 920866 920866 27575746
r-848 19 0.409357 17 0.183824 15414 10884 15414 10884 19321 10040 21201 16868 21201 16868 19615 9715 19615 9715
r-56 33 0.032197 38 0.0113798 -1 -1 -1 -1 -1 -1 -1 -1 -1 -1 -1 -1 -1 -1
r-546 13 0.564103 38 0.237553 26836 78017 26836 26836 85952 25826 32475 104081 32475 32475 23837 123024 23837 23837
r-428 28 0.388889 24 0.155797 646290 2296573 646290 2296573 1539842 1781554 968061 3693960 968061 3693960 2139809 3180203 2139809 3180203
r-143 27 0.652422 20 0.378947 372343 315505 315505 315505 456580 242178 550299 484330 484330 484330 607058 329048 329048 329048
r-831 26 0.104615 11 0.509091 3156 957 957 957 3376 816 3815 1164 1164 1164 1252 228 228 228
r-416 10 1 21 1 1 1 1 1 1 1 1 1 1 1 1 1 1 1
r-146 36 0.68254 14 0.296703 46533 23380 46533 23380 58876 21158 67404 30535 67404 30535 123452 40394 123452 40394
r-194 26 0.92 30 0.898851 51275 26785 26785 51275 36448 33862 53964 31456 31456 53964 59900 235223 235223 59900
r-905 14 0.89011 10 0.0444444 210 143 210 143 227 143 668 374 668 374 279 211 279 211
r-494 27 0.00854701 24 0.442029 14432505 251258 251258 251258 12088228 249814 18409410 277406 277406 277406 15573727 128457 128457 128457
r-277 27 0.746439 34 0.327986 2559038 2165134 2165134 2559038 3551927 1772514 4042117 3448509 3448509 4042117 3007222 3562649 3562649 3007222
r-99 33 0.863636 31 0.0537634 42018 52335 42018 52335 68619 44853 74796 106642 74796 106642 43622 77613 43622 77613
r-394 37 0.0135135 17 0.382353 4025806 7668 7668 7668 3981549 7460 4557333 9206 9206 9206 4110092 4175 4175 4175
r-594 39 0.0782726 39 0.178138 -1 265776699 265776699 -1 -1 -1 -1 -1 -1 -1 -1 -1 -1 -1
r-974 40 0.520513 17 0.419118 4465595 1281043 4465595 1281043 4811674 1232998 7214765 1743848 7214765 1743848 5514727 1265969 5514727 1265969
r-236 27 0.552707 36 0.62381 46486567 96690635 46486567 46486567 87354938 45605072 84709304 -1 84709304 84709304 51274389 84636910 51274389 51274389
r-316 29 0.568966 28 0.796296 3298224 7919369 3298224 7919369 8278860 5847207 5273910 13953178 5273910 13953178 3986510 9947199 3986510 9947199
r-145 36 0.331746 32 0.0604839 3323992 -1 3323992 -1 113562510 37695810 4993950 -1 4993950 -1 32507288 -1 32507288 -1
r-906 10 0.955556 18 0.359477 1800 482 482 1800 2324 1207 2329 742 742 2329 1960 974 974 1960
r-477 25 0.616667 11 0.418182 10239 1541 1541 1541 11483 1653 12912 1543 1543 1543 13647 1970 1970 1970
r-341 26 0.184615 31 0.393548 6211393 2511137 2511137 6211393 6944482 4775576 10254713 3857923 3857923 10254713 7653465 3408744 3408744 7653465
r-927 29 0.615764 15 0.952381 151327 1416951 151327 1416951 976335 874475 216548 1608007 216548 1608007 816100 1767037 816100 1767037
r-342 12 0.272727 21 0.861905 555 1451 555 555 1486 396 835 2470 835 835 1263 1826 1263 1263
r-119 38 0.475107 36 0.626984 -1 -1 -1 -1 -1 -1 -1 -1 -1 -1 -1 -1 -1 -1
r-726 23 0.284585 11 0.945455 2270 4006 2270 4006 4779 2905 3585 6494 3585 6494 5131 6841 5131 6841
r-320 28 0.505291 19 0.74269 563386 708436 563386 708436 839495 615241 898000 1186916 898000 1186916 666522 839289 666522 839289
r-590 34 0.491979 35 0.156303 6842315 22416482 6842315 6842315 12852615 10425783 11405980 41439290 11405980 11405980 16985378 27065980 16985378 16985378
r-873 23 0.383399 13 0.628205 23888 12999 23888 12999 27098 12259 32461 15772 32461 15772 38688 12817 38688 12817
r-566 29 0.916256 23 0.652174 397961 41391 41391 41391 353563 71843 587534 61455 61455 61455 467239 220678 220678 220678
r-243 22 0.112554 31 0.683871 128159 76198 76198 128159 153040 75780 223825 117321 117321 223825 200832 86510 86510 200832
r-26 22 0.337662 34 0.427807 9847668 16012039 16012039 9847668 18528407 9351668 16362842 28834423 28834423 16362842 8981993 14375442 14375442 8981993
r-872 11 0.927273 32 0.625 1 22673 22673 1 36104 1 1 22673 22673 1 1 1 1 1
r-103 10 0.822222 18 0.588235 1 1790 1790 1 1972 1 2 2002 2002 2 1 828 828 1
r-991 34 0.131907 10 0.288889 49719 1 1 1 49719 1 49720 2 2 2 49813 1 1 1
r-354 20 0.294737 14 0.252747 14025 4140 14025 4140 14873 4037 19101 4665 19101 4665 17715 4118 17715 4118
r-474 40 0.942308 19 0.0818713 5111 6870 6870 6870 6073 5597 11981 12192 12192 12192 5716 4978 4978 4978
r-823 40 0.0923077 11 0.454545 4883 1036 1036 1036 5268 1047 6585 1251 1251 1251 5165 130 130 130
r-836 12 0.106061 29 0.433498 1 8457 8457 1 9280 1 2 8417 8417 2 1 8500 8500 1
r-720 31 0.597849 36 0.501587 -1 -1 -1 -1 -1 -1 -1 -1 -1 -1 -1 -1 -1 -1
r-6 23 0.304348 37 0.53003 10129884 13955109 13955109 10129884 17487023 8986387 16437597 24089750 24089750 16437597 10246883 17542055 17542055 10246883
r-998 37 0.39039 15 0.428571 840043 67075 67075 67075 867514 68713 1196760 76310 76310 76310 681973 72775 72775 72775
r-87 24 0.971014 39 0.712551 -1 4275122 4275122 -1 -1 -1 -1 6008603 6008603 -1 -1 -1 -1 -1
r-429 27 0.210826 22 0.640693 94652 119897 119897 119897 151089 66135 133102 186955 186955 186955 330727 116339 116339 116339
r-398 14 0.692308 17 1 142370 5427340 142370 142370 5084603 142370 73354 6031760 73354 73354 15188 5427340 15188 15188
r-969 34 0.285205 10 0.288889 1 1 1 1 1 1 1 1 1 1 1 1 1 1
r-37 18 0.24183 31 0.591398 417842 295656 295656 417842 479662 330528 600381 433617 433617 600381 418965 568754 568754 418965
r-132 25 0.46 23 0.225296 350702 698757 350702 698757 648180 584396 545292 1222546 545292 1222546 507878 842696 507878 842696
r-105 38 0.559033 16 0.808333 1038945 416023 1038945 416023 1226017 393208 1531407 528354 1531407 528354 1318086 389372 1318086 389372
r-993 39 0.155196 19 0.438596 610823 36258 36258 36258 584056 66448 976579 47676 47676 47676 564157 75315 75315 75315
r-761 23 0.695652 36 0.453968 10307231 13241999 13241999 10307231 16156089 9366884 16550986 23200952 23200952 16550986 12867272 16839807 16839807 12867272
r-887 30 0.347126 29 0.268473 20002952 31077944 20002952 31077944 30129832 26338903 33670379 54371184 33670379 54371184 24425424 27689138 24425424 27689138
r-608 33 0.198864 15 0.257143 88752 1120 1120 1120 90552 1143 102707 1122 1122 1122 84234 2496 2496 2496
r-703 23 0.822134 19 0.146199 4873 4376 4873 4376 4764 2541 7843 7091 7843 7091 7583 11163 7583 11163
r-157 32 0.016129 23 0.916996 1329 1420 1420 1420 1177 888 8908 6680 6680 6680 1515 1932 1932 1932
r-787 24 0.057971 11 0.454545 1558 168 168 168 1666 165 2008 194 194 194 1707 133 133 133
r-576 24 0.992754 40 0.462821 65638881 1780888 1780888 65638881 52404600 8522458 90755064 2484449 2484449 90755064 78205444 10636121 10636121 78205444
r-918 35 0.29916 38 0.163585 132761279 -1 132761279 132761279 -1 184392391 208145834 -1 208145834 208145834 -1 -1 -1 -1
r-707 22 0.0692641 26 0.572308 119942 18175 18175 119942 97094 39372 198091 24439 24439 198091 139992 21611 21611 139992
r-80 12 0.787879 33 0.130682 3414 5681 3414 3414 6614 2844 4924 8002 4924 4924 3476 5118 3476 3476
r-441 32 0.163306 33 0.346591 67323010 23790616 23790616 67323010 82393285 48290936 115546704 38307921 38307921 115546704 69829376 27536587 27536587 69829376
r-366 26 0.267692 17 0.705882 24162 46846 46846 46846 33096 47440 33410 67748 67748 67748 49252 22269 22269 22269
r-530 29 0.211823 13 0.5 14191 3987 3987 3987 14758 4239 20424 4590 4590 4590 11701 1534 1534 1534
r-339 25 0.24 25 0.563333 693009 381104 381104 693009 812917 303809 1024147 560960 560960 1024147 804797 753348 753348 804797
r-916 27 0.165242 32 0.879032 91278 82947 91278 91278 101987 56894 148286 124381 148286 148286 80973 105750 80973 80973
r-311 31 0.16129 12 0.166667 1 1 1 1 1 1 1 1 1 1 1 1 1 1
r-256 13 0.641026 12 0.969697 2267 78505 2267 78505 71442 25350 2532 91058 2532 91058 5675 78562 5675 78562
r-168 16 0.716667 23 0.134387 2852 7617 2852 2852 7119 2219 4402 10484 4402 4402 8932 8209 8932 8932
r-844 37 0.852853 12 0.878788 1 1 1 1 1 1 1 1 1 1 1 1 1 1
r-154 15 0.647619 12 0.257576 1504 1601 1504 1601 2131 1426 2051 2089 2051 2089 2921 1400 2921 1400
r-344 19 0.140351 24 0.155797 4661 24457 24457 4661 19605 4544 4757 30067 30067 4757 4256 65784 65784 4256
r-451 21 0.77619 23 0.339921 70179 77371 77371 70179 97759 49105 101866 108967 108967 101866 73959 89544 89544 73959
r-558 38 0.362731 40 0.773077 38593425 71322384 38593425 38593425 64806802 30737974 69950047 126313899 69950047 69950047 71765230 77331808 71765230 71765230
r-767 34 0.199643 24 0.141304 10232140 4511586 10232140 4511586 11301828 4381748 13957145 5620587 13957145 5620587 24215738 10951835 24215738 10951835
r-999 33 0.261364 32 0.502016 53922959 41356881 41356881 41356881 61143959 33451376 91469117 75717465 75717465 75717465 65672222 50343561 50343561 50343561
r-928 18 0.202614 14 0.010989 7180 27164132 7180 27164132 35295826 13855959 8367 28542604 8367 28542604 673654 30853443 673654 30853443
r-183 23 0.166008 18 0.156863 18941 4231 18941 4231 19984 4426 24613 4712 24613 4712 27667 10550 27667 10550
r-60 38 0.789474 35 0.769748 -1 -1 -1 -1 -1 -1 -1 -1 -1 -1 -1 -1 -1 -1
r-564 30 1 10 0.177778 5968 1148 1148 1148 6035 1148 12530 1776 1776 1776 5968 2018 2018 2018
r-455 39 0.592443 27 0.626781 -1 92649806 -1 92649806 -1 86074422 -1 -1 -1 -1 129064844 94896622 129064844 94896622
r-101 20 0.257895 23 0.142292 9361 71530 9361 9361 47579 14102 12208 100622 12208 12208 11629 158848 11629 11629
r-414 36 0.839683 23 0.3083 224685 173696 173696 173696 281847 115729 341477 276251 276251 276251 361564 271297 271297 271297
r-884 20 0.594737 38 0.719772 1153480 5827291 1153480 1153480 5165003 1206079 1581244 9495476 1581244 1581244 1197290 4903381 1197290 1197290
r-620 19 0.134503 11 0.0909091 1 1 1 1 1 1 1 1 1 1 1 1 1 1
r-547 23 0.181818 10 0.333333 2637 1 1 1 2637 1 2638 2 2 2 2847 1 1 1
r-591 19 0.51462 28 0.814815 49597 176758 49597 49597 134323 67992 72318 307411 72318 72318 63450 210120 63450 63450
r-950 34 0.16934 16 0.416667 152736 18412 18412 18412 149810 21288 233105 23220 23220 23220 93637 39187 39187 39187
r-914 34 0.368984 39 0.0931174 7513483 56803155 7513483 7513483 44569792 10563476 7842335 87900407 7842335 7842335 10965346 67481255 10965346 10965346
r-302 14 0.472527 21 0.214286 4463 18563 4463 4463 13806 5207 5848 29437 5848 5848 6005 33575 6005 6005
r-987 27 0.57265 33 0.94697 179911 3515591 179911 179911 2938015 196677 274312 5327631 274312 274312 307270 4090309 307270 307270
r-846 38 0.662873 26 0.424615 22225971 12993515 12993515 12993515 25466323 12855376 39447443 22363070 22363070 22363070 23141948 15460274 15460274 15460274
r-7 21 0.909524 15 0.609524 10757 2377 2377 2377 11019 2964 16163 3375 3375 3375 14677 4042 4042 4042
r-955 34 0.782531 24 0.148551 138260 132211 138260 132211 217087 92155 217207 214899 217207 214899 215711 239160 215711 239160
r-263 40 0.842308 32 0.790323 -1 106680001 106680001 106680001 -1 132112811 -1 146012338 146012338 146012338 -1 -1 -1 -1
r-550 32 0.719758 18 0.20915 54105 30180 54105 30180 66762 31612 77246 49095 77246 49095 128873 101241 128873 101241
r-714 25 0.516667 14 0.516484 134022 42308 42308 42308 138283 40474 202364 53821 53821 53821 133376 33191 33191 33191
r-261 28 0.00529101 16 0.616667 44650 4867 4867 4867 45351 4736 77389 6614 6614 6614 49277 5202 5202 5202
r-485 36 0.0031746 40 0.273077 -1 -1 -1 -1 -1 -1 -1 -1 -1 -1 -1 -1 -1 -1
r-741 14 0.428571 27 0.783476 12477 18500 12477 12477 24468 10875 17311 23592 17311 17311 7115 22459 7115 7115
r-574 23 0.865613 34 0.627451 4528845 4471307 4471307 4528845 9584052 3811714 7598941 7000568 7000568 7598941 5173450 8330336 8330336 5173450
r-307 24 0.706522 16 0.508333 55410 32030 32030 32030 54476 33305 93397 43791 43791 43791 59601 25862 25862 25862
r-461 34 0.850267 26 0.772308 20034828 2136456 2136456 2136456 20296958 2680837 28301794 2861537 2861537 2861537 27912037 5735205 5735205 5735205
r-165 14 0.043956 35 0.388235 3366552 738836 738836 3366552 5076076 2424624 3755820 995708 995708 3755820 3150980 2935584 2935584 3150980
r-369 11 0.945455 11 0.927273 1 1 1 1 1 1 2 2 2 2 1 1 1 1
r-399 32 0.296371 24 0.550725 4336560 2836005 2836005 2836005 4923245 2506045 7003100 4711417 4711417 4711417 5600027 2930083 2930083 2930083
r-293 20 0.178947 25 0.07 4577 1198451 4577 4577 869336 4937 5720 1360998 5720 5720 109536 1264615 109536 109536
r-629 15 0.695238 38 0.291607 25678 54214 25678 25678 70993 25546 35011 78415 35011 35011 43024 117482 43024 43024
r-520 28 0.674603 29 0.394089 5171923 5262265 5262265 5171923 6206443 4389806 8579254 9359114 9359114 8579254 4419688 5588479 5588479 4419688
r-397 24 0.851449 37 0.933934 102115 -1 102115 102115 -1 129111 117358 -1 117358 117358 1374087 -1 1374087 1374087
r-35 28 0.0291005 15 0.352381 1473920 1723 1723 1723 1486598 1709 1799387 2208 2208 2208 1631136 1374 1374 1374
r-331 32 0.782258 10 0.466667 3147 590 590 590 3388 591 3639 591 591 591 4556 1 1 1
r-313 10 0.2 38 0.231863 1 1 1 1 1 1 1 1 1 1 1 1 1 1
r-850 31 0.455914 31 0.690323 24991551 22230595 24991551 24991551 33306738 19901678 45305188 37792984 45305188 45305188 21335763 27830752 21335763 21335763
r-425 22 0.692641 35 0.789916 573818 6298470 573818 573818 5177422 692385 788590 10012374 788590 788590 572603 3165045 572603 572603
r-867 17 0.735294 28 0.113757 13314 21120 13314 13314 25599 8947 19799 29641 19799 19799 10346 28507 10346 10346
r-418 31 0.802151 10 0.577778 6763 1 1 1 6763 1 6764 2 2 2 5378 1 1 1
r-392 15 0.914286 14 0.461538 7586 882 882 882 5574 545 10131 1428 1428 1428 8215 1402 1402 1402
r-352 35 0.344538 32 0.764113 10040744 11912602 10040744 11912602 13706722 8679873 17542176 19608409 17542176 19608409 10885720 17505030 10885720 17505030
r-722 18 0.20915 31 0.423656 589377 758587 758587 589377 1168010 560533 886981 1263213 1263213 886981 665709 1204303 1204303 665709
r-627 40 0.839744 28 0.507937 15876329 5582485 5582485 5582485 13641621 7823785 29463738 9045182 9045182 9045182 15083074 4674125 4674125 4674125
r-498 26 0.704615 13 0.858974 20573 1 20573 1 20573 1 20574 2 20574 2 24693 1 24693 1
r-757 15 0.209524 21 0.161905 8491 67201 8491 8491 51636 10913 8966 72597 8966 8966 5080 66502 5080 5080
r-665 12 0.272727 18 0.542484 804 4300 4300 804 5794 789 968 5577 5577 968 1206 3056 3056 1206
r-447 30 0.124138 31 0.651613 362303 228351 228351 362303 538964 229837 612702 397117 397117 612702 650419 308737 308737 650419
r-637 16 0.675 33 0.244318 34424 74772 34424 34424 94977 31992 49823 101708 49823 49823 75478 99798 75478 75478
r-816 35 0.710924 35 0.196639 2100283 2083334 2100283 2100283 2695512 1405411 3694058 3453659 3694058 3694058 2717910 2838952 2717910 2717910
r-34 22 0.688312 24 0.764493 575392 1549957 575392 575392 1092484 643127 829111 2443408 829111 829111 539789 1226039 539789 539789
r-260 10 0.488889 25 0.516667 1 11355 1 1 11099 1 2 11356 2 2 1 8670 1 1
r-835 26 0.618462 30 0.926437 34581 5963289 34581 34581 3154746 49073 51474 8380545 51474 51474 229638 12927125 229638 229638
r-287 13 0.384615 40 0.278205 1 54045 1 1 50313 1 2 54046 2 2 1 29367 1 1
r-882 22 0.82684 38 0.0896159 30855 44174 30855 30855 57602 20096 49097 73461 49097 49097 47240 63300 47240 47240
r-436 32 0.758065 15 0.133333 11630 16645 11630 16645 18594 12748 17467 27910 17467 27910 16885 17472 16885 17472
r-257 36 0.274603 31 0.597849 24526769 28511696 28511696 28511696 30994975 19949658 41292125 53549407 53549407 53549407 43574768 29272510 29272510 29272510
r-532 38 0.916074 29 0.137931 87458 74672 74672 74672 86439 45538 148684 92824 92824 92824 81664 61764 61764 61764
r-517 24 0.855072 16 0.433333 17317 7397 7397 7397 21265 4832 24774 10006 10006 10006 25670 15540 15540 15540
r-495 18 0.294118 38 0.822191 69043 97823 69043 69043 129676 65163 104433 141815 104433 104433 36073 161195 36073 36073
r-527 34 0.919786 18 0.588235 276758 17889 17889 17889 270933 25119 396347 26302 26302 26302 296086 27309 27309 27309
r-484 36 0.687302 33 0.0435606 81731 1604713 81731 1604713 967111 260564 153141 2589091 153141 2589091 244208 605426 244208 605426
r-615 13 0.692308 33 0.274621 7425 16811 7425 7425 17914 8046 9762 23552 9762 9762 8782 31359 8782 8782
r-612 33 0.924242 37 0.870871 7506403 10229375 10229375 7506403 35607171 4983303 8854310 12063696 12063696 8854310 12068938 -1 -1 12068938
r-213 13 0.820513 18 0.104575 512 936 512 512 824 308 959 1946 959 959 809 1067 809 809
r-569 17 0.382353 24 0.438406 60272 198452 198452 60272 203692 55395 85045 320814 320814 85045 57099 287297 287297 57099
r-72 40 0.0794872 15 0.361905 86208 11331 11331 11331 87302 12701 125121 14038 14038 14038 76319 24637 24637 24637
r-94 38 0.748222 34 0.536542 -1 159721422 159721422 159721422 -1 -1 -1 -1 -1 -1 -1 -1 -1 -1
r-79 25 0.0966667 22 0.844156 8676 5594 5594 5594 8457 3081 12960 10419 10419 10419 8110 6407 6407 6407
r-421 18 0.300654 25 0.266667 47996 293545 47996 47996 260008 51295 61695 439966 61695 61695 77799 272083 77799 77799
r-961 34 0.108734 28 0.0343915 207673588 -1 207673588 -1 -1 -1 213146275 -1 213146275 -1 -1 -1 -1 -1
r-255 40 0.548718 23 0.181818 3769637 3343224 3769637 3343224 6586880 2728704 6074006 5073092 6074006 5073092 3726823 5038350 3726823 5038350
r-497 36 0.739683 30 0.689655 -1 115806247 115806247 115806247 -1 124995872 -1 182165315 182165315 182165315 -1 149898643 149898643 149898643
r-457 36 0.768254 11 0.236364 9316 3592 3592 3592 12137 3328 12989 4984 4984 4984 7789 2285 2285 2285
r-323 21 0.238095 12 0.515152 3699 970 970 970 4124 769 4574 1201 1201 1201 3645 5579 5579 5579
r-958 27 0.908832 18 0.75817 84731 2080 2080 2080 85937 2453 103876 2597 2597 2597 151723 4264 4264 4264
r-345 38 0.526316 24 0.130435 962482 3382711 962482 3382711 1826505 2449616 1557807 5084428 1557807 5084428 1796567 2400455 1796567 2400455
r-560 21 0.5 25 0.83 57818 112197 57818 57818 128710 42594 88238 161889 88238 88238 40059 177172 40059 40059
r-790 35 0.226891 39 0.333333 -1 -1 -1 -1 -1 -1 -1 -1 -1 -1 -1 -1 -1 -1
r-58 11 0.745455 18 0.712418 1 1905 1905 1 1655 1 2 1998 1998 2 1 1033 1033 1
r-405 28 0.560847 19 0.169591 130031 119051 130031 119051 210520 102301 192969 175742 192969 175742 183355 252541 183355 252541
r-469 33 0.462121 38 0.334282 -1 -1 -1 -1 -1 -1 -1 -1 -1 -1 -1 -1 -1 -1
r-730 14 0.428571 24 0.865942 1253 19090 1253 1253 19634 1159 1779 24467 1779 1779 2618 23158 2618 2618
r-901 11 0.418182 25 0.903333 638 5336 638 638 5590 527 794 6243 794 794 199 1114 199 199
r-902 28 0.439153 18 0.823529 105707 108242 105707 108242 153224 91855 114469 161996 114469 161996 143656 176537 143656 176537
r-378 32 0.41129 18 0.843137 86724 164954 86724 164954 168476 137372 121546 232139 121546 232139 135222 54713 135222 54713
r-52 22 0.203463 12 0.0151515 2749111 6461970 2749111 6461970 12975380 6461970 2983728 6461971 2983728 6461971 42425808 5346293 42425808 5346293
r-478 27 0.635328 15 0.87619 81427 147954 81427 147954 163655 128276 117305 169941 117305 169941 230333 123922 230333 123922
r-528 36 0.304762 35 0.623529 64598643 61825436 61825436 61825436 95993842 44304565 114354230 115167646 115167646 115167646 55031141 53710317 53710317 53710317
r-247 31 0.924731 35 0.836975 -1 21515910 21515910 -1 -1 -1 -1 27675568 27675568 -1 -1 107991841 107991841 -1
r-557 40 0.591026 31 0.0709677 485398 10611721 485398 10611721 4540716 2536362 766528 16742576 766528 16742576 1446180 4482263 1446180 4482263
r-297 26 0.473846 10 0.977778 19495 25786 19495 25786 63419 22240 31351 32063 31351 32063 19008 33490 19008 33490
r-422 19 0.380117 32 0.00604839 18897 140893215 18897 18897 133102364 18701 23373 160072454 23373 23373 95908 160999201 95908 95908
r-501 12 0.151515 19 0.146199 1 1 1 1 1 1 1 1 1 1 1 1 1 1
r-593 33 0.5625 27 0.88604 775694 4241042 775694 4241042 2293100 2501812 1225954 6864574 1225954 6864574 1354172 6203871 1354172 6203871
r-625 16 0.125 22 0.861472 3939 4021 4021 3939 5593 2391 6796 4751 4751 6796 5322 3898 3898 5322
r-265 23 0.438735 40 0.0435897 56001 9734748 56001 56001 9369913 59134 79358 14230201 79358 79358 64255 10425137 64255 64255
r-709 20 0.331579 23 0.956522 4205 33587 4205 4205 27297 2918 6998 53341 6998 6998 1591 12330 1591 1591
r-90 19 0.666667 17 0.566176 46150 27491 27491 27491 43836 27248 76599 38822 38822 38822 40236 21792 21792 21792
r-635 13 0.948718 21 0.728571 170912 49085 49085 170912 272291 95735 176099 59695 59695 176099 190466 276547 276547 190466
r-308 23 0.865613 34 0.286988 223819 187547 187547 223819 312325 162155 372234 287417 287417 372234 330284 275770 275770 330284
r-607 30 0.241379 13 0.24359 19457 1 1 1 19457 1 19458 2 2 2 14383 1 1 1
r-868 15 0.285714 35 0.205042 3076 88044 3076 3076 74968 3223 3078 105213 3078 3078 701 78263 701 701
r-545 36 0.28254 21 0.580952 1587257 552045 552045 552045 1792347 555615 2531102 827035 827035 827035 1282811 748888 748888 748888
r-644 35 0.542857 30 0.0666667 285575 2909307 285575 2909307 1214410 834377 496600 4586806 496600 4586806 640495 2726738 640495 2726738
r-319 33 0.327652 26 0.267692 43660584 28123991 43660584 28123991 49121855 26190986 72749197 44985154 72749197 44985154 38419743 29917719 38419743 29917719
r-212 20 0.447368 37 0.86036 111336 231445 111336 111336 275810 96902 172285 335453 172285 172285 98550 270064 98550 98550
r-266 16 0.483333 32 0.629032 219708 592850 219708 219708 657185 213176 292484 883731 292484 292484 310859 756766 310859 310859
r-281 10 0.311111 19 0.251462 1 1353 1 1 1084 1 2 1354 2 2 1 1487 1 1
r-753 34 0.518717 14 0.285714 185526 47227 185526 47227 205132 45852 255557 53715 255557 53715 267722 50606 267722 50606
r-199 23 0.652174 15 0.933333 27807 216087 27807 216087 128643 144912 36969 250214 36969 250214 103035 182027 103035 182027
r-598 10 0.0222222 14 0.681319 871 323 323 871 950 693 1439 670 670 1439 1224 472 472 1224
r-127 22 0.367965 29 0.315271 1952872 4548333 1952872 1952872 4073632 2012214 2963476 7819955 2963476 2963476 2209915 4298379 2209915 2209915
r-890 36 0.969841 28 0.0555556 14403 2612 2612 2612 14420 1670 36885 11533 11533 11533 9101 4346 4346 4346
r-759 33 0.776515 13 0.653846 37606 851 851 851 39219 867 45131 853 853 853 40509 1420 1420 1420
r-492 40 0.734615 26 0.913846 43760817 -1 43760817 -1 121109520 122562491 64501454 -1 64501454 -1 103274737 -1 103274737 -1
r-776 11 0.509091 24 0.0507246 417 16484 417 417 16751 276 604 19287 604 604 151 2960 151 151
r-837 11 0.0545455 33 0.626894 31787 30817 30817 31787 64326 26733 42368 48549 48549 42368 54331 44738 44738 54331
r-553 31 0.417204 29 0.130542 1995810 6426014 1995810 6426014 6818757 3319596 2778877 10346354 2778877 10346354 5068890 8514696 5068890 8514696
r-203 19 0 40 0.984615 3513 760 760 3513 3215 1833 8449 10357 10357 8449 3513 1121 1121 3513
r-322 20 0.868421 19 0.48538 26133 7514 7514 7514 26943 4387 37949 10072 10072 10072 35793 16076 16076 16076
r-175 30 0.308046 18 0.529412 396037 160315 160315 160315 478490 154383 566502 231121 231121 231121 648247 234062 234062 234062
r-448 13 0.205128 23 0.27668 1 4772 4772 1 4363 1 2 4773 4773 2 1 4090 4090 1
r-543 20 0.152632 36 0.419048 1400222 1607340 1607340 1400222 2690537 1325978 2173330 2645624 2645624 2173330 2399502 2515906 2515906 2399502
r-178 19 0.280702 21 0.280952 75703 43925 43925 75703 39247 58074 107121 67689 67689 107121 24572 47897 47897 24572
r-535 17 0.279412 16 0.258333 11317 13660 11317 13660 14282 12872 15740 18233 15740 18233 16197 10517 16197 10517
r-623 35 0.917647 31 0.817204 106463440 1849615 1849615 1849615 78454358 3063897 127377299 2266192 2266192 2266192 -1 3468492 3468492 3468492
r-420 40 0.947436 17 0.463235 147492 7375 7375 7375 157686 4987 205412 10434 10434 10434 71432 13063 13063 13063
r-180 36 0.939683 30 0.278161 264292 59495 59495 59495 266651 26524 494364 95040 95040 95040 179411 112284 112284 112284
r-184 36 0.846032 16 0.191667 26451 13986 13986 13986 32851 11579 38195 21508 21508 21508 25050 21686 21686 21686
r-595 14 0.0769231 27 0.603989 20941 11571 11571 20941 25161 15041 32903 19270 19270 32903 46530 22180 22180 46530
r-113 22 0.683983 12 0.409091 5957 1766 1766 1766 7169 1730 7663 2037 2037 2037 11448 1196 1196 1196
r-389 36 0.503175 30 0.885057 1907215 6632220 1907215 6632220 4112151 3590423 3016620 11497696 3016620 11497696 2801299 8416106 2801299 8416106
r-161 11 0.545455 32 0.0685484 571 8078 571 571 8651 389 772 9426 772 772 537 1422 537 537
r-656 13 0.0384615 29 0.827586 13671 7765 7765 13671 16963 8770 21251 12547 12547 21251 12358 8785 8785 12358
r-141 12 0.030303 27 0.168091 1 1 1 1 1 1 1 1 1 1 1 1 1 1
r-88 10 0.777778 12 0.030303 91 218 91 91 213 90 292 444 292 292 114 289 114 114
r-186 37 0.854354 30 1 -1 -1 -1 -1 -1 -1 -1 -1 -1 -1 -1 -1 -1 -1
r-124 28 0.179894 27 0.381766 3587656 1118175 1118175 1118175 2800964 1468275 5886053 1664285 1664285 1664285 2880023 1646158 1646158 1646158
r-450 13 0.589744 33 0.727273 1687 62562 1687 1687 56396 1729 1689 75715 1689 1689 2463 40288 2463 2463
r-387 34 0.650624 29 0.0763547 83724 865203 83724 865203 532388 196407 143396 1367800 143396 1367800 210914 1078947 210914 1078947
r-995 19 0.45614 34 0.864528 69253 311561 69253 69253 364611 52299 100345 432589 100345 100345 143297 291911 143297 143297
r-75 40 0.0948718 20 0.352632 479940 68254 68254 68254 479182 90977 657574 92224 92224 92224 599200 188618 188618 188618
r-111 30 0.843678 20 0.473684 175911 44065 44065 44065 212129 36685 260456 64423 64423 64423 248093 107806 107806 107806
r-731 29 0.130542 19 0.116959 73739 411 73739 411 73193 459 77795 412 77795 412 25813 1 25813 1
r-664 12 0 24 0.554348 384381 176507 176507 384381 585567 195789 465918 187864 187864 465918 384381 65047 65047 384381
r-151 39 0.117409 19 0.0409357 1 1 1 1 1 1 1 1 1 1 1 1 1 1
r-795 12 0.393939 22 0.969697 331 2818 331 331 2784 288 679 4471 679 679 207 2486 207 207
r-724 33 0.893939 23 0.339921 172255 116773 116773 116773 200991 88086 277885 185150 185150 185150 179586 68033 68033 68033
r-109 40 0.903846 40 0.187179 588621 491632 491632 588621 628503 278151 1076172 853885 853885 1076172 1005102 440821 440821 1005102
r-984 35 0.406723 39 0.296896 -1 -1 -1 -1 -1 -1 -1 -1 -1 -1 -1 -1 -1 -1
r-473 22 0.324675 33 0.685606 532051 1038086 532051 532051 1241125 434969 775800 1639675 775800 775800 1124164 1699185 1124164 1124164
r-806 16 0.75 39 0.349528 160028 312315 312315 160028 375709 146480 217683 475742 475742 217683 233873 567531 567531 233873
r-443 22 0.017316 21 0.204762 -1 27380 27380 27380 -1 25468 -1 39730 39730 39730 -1 534644 534644 534644
r-81 34 0.946524 36 0.314286 644980 158614 158614 644980 533118 244132 1206677 275132 275132 1206677 863548 159909 159909 863548
r-796 11 0.872727 23 0.624506 1 6602 6602 1 7917 1 2 7010 7010 2 1 6408 6408 1
r-181 24 0 39 0.905533 39861 9563 9563 39861 31028 18716 95567 23787 23787 95567 39861 10668 10668 39861
r-825 29 0.29064 28 0.703704 1779266 2099541 2099541 2099541 2113402 1429589 2803613 3407727 3407727 3407727 3149487 2305443 2305443 2305443
r-173 20 0.184211 29 0.805419 17088 23162 23162 17088 33702 13204 29296 34999 34999 29296 22720 35986 35986 22720
r-880 15 0.590476 23 0.909091 1613 12778 1613 1613 11886 2305 2340 18892 2340 2340 2754 15248 2754 2754
r-817 28 0.230159 22 0.731602 117576 73783 73783 73783 123511 54526 176083 109225 109225 109225 180659 135699 135699 135699
r-945 40 0.638462 34 0.279857 86422253 93989898 86422253 93989898 117900624 73863629 158496567 166091143 158496567 166091143 121791577 122949057 121791577 122949057
r-271 17 0.433824 11 0.472727 2134 468 468 468 2289 454 2784 470 470 470 1937 296 296 296
r-351 33 0.846591 34 0.352941 3121848 2381635 2381635 3121848 3620715 2317068 4899307 4169579 4169579 4899307 5307806 3568347 3568347 5307806
r-270 14 0.164835 39 0.68691 28113 26743 26743 28113 48140 24356 36403 39670 39670 36403 82806 83511 83511 82806
r-208 32 0.0262097 16 0.283333 146546195 1618 1618 1618 146440420 1509 149603136 1954 1954 1954 140887692 7234 7234 7234
r-711 32 0.772177 20 0.178947 66657 47936 66657 47936 89848 37890 100888 78604 100888 78604 98639 129655 98639 129655
r-231 27 0.0683761 22 0.246753 5267926 47954 47954 47954 4587184 51067 6541513 57727 57727 57727 10684448 815782 815782 815782
r-715 21 0.390476 31 0.832258 222880 174516 222880 222880 240411 134070 359352 243026 359352 359352 87380 213016 87380 87380
r-437 16 0.2 26 0.956923 846 3826 846 846 3424 472 2121 6600 2121 2121 2405 3799 2405 2405
r-38 13 0.884615 13 1 27435 14687193 27435 27435 5593656 4523759 27862 15258404 27862 27862 261448 14687193 261448 261448
r-634 30 0.636782 31 0.819355 13643214 20288204 13643214 13643214 13388544 18456882 21422603 35841456 21422603 21422603 15456596 22362174 15456596 15456596
r-910 10 0.533333 13 0.782051 253 651 253 253 582 289 303 987 303 303 313 990 313 313
r-92 15 0.304762 36 0.207937 1076 94562 1076 1076 82326 1140 1078 111166 1078 1078 3833 93449 3833 3833
r-86 18 0.777778 25 0.666667 87875 208921 208921 87875 256887 84679 118460 318119 318119 118460 77131 201806 201806 77131
r-83 39 0.978408 32 0.362903 2778169 48986 48986 48986 2120205 37584 4922980 81377 81377 81377 1397155 187261 187261 187261
r-896 24 0.855072 26 0.661538 594136 90859 90859 594136 495989 357788 823694 132176 132176 823694 1003605 403358 403358 1003605
r-226 29 0.416256 20 0.563158 1925023 1082053 1082053 1082053 2213510 1024764 3167987 1713492 1713492 1713492 1642920 1159686 1159686 1159686
r-660 39 0.747638 12 0.0757576 15489 15986 15489 15986 27079 13758 24401 24812 24401 24812 25976 22923 25976 22923
r-967 33 0.979167 24 0.735507 145078613 272194 272194 272194 133385408 257536 178179154 239930 239930 239930 149109588 2712996 2712996 2712996
r-229 27 0.883191 15 0.92381 1 1 1 1 1 1 1 1 1 1 1 1 1 1
r-346 27 0.712251 12 0.136364 4825 4273 4825 4273 8983 3931 7034 5889 7034 5889 17300 8759 17300 8759
r-139 18 0.24183 28 0.589947 177101 173954 173954 177101 232992 140971 248250 256102 256102 248250 194415 206847 206847 194415
r-468 36 0.442857 26 0.0984615 1195542 5077125 1195542 5077125 3254180 2799579 1810856 8304249 1810856 8304249 927406 6339054 927406 6339054
r-692 24 0.144928 24 0.144928 63658 64539 63658 63658 80906 58989 77193 83544 77193 77193 52703 196436 52703 52703
r-674 38 0.704125 34 0.736185 -1 -1 -1 -1 -1 -1 -1 -1 -1 -1 -1 -1 -1 -1
r-799 26 0.304615 22 0.47619 1395497 491718 491718 491718 1292884 575216 2544549 761247 761247 761247 1113042 516219 516219 516219
r-419 34 0.247772 10 0.355556 1 1 1 1 1 1 1 1 1 1 1 1 1 1
r-33 15 0.466667 29 0.408867 70289 364273 70289 70289 339093 69721 89304 575670 89304 89304 68386 419545 68386 68386
r-864 25 0.326667 31 0.913978 50960 130614 50960 50960 162489 29209 79566 239615 79566 79566 74913 87964 74913 74913
r-290 20 0.842105 17 0.808824 27215 3478 3478 3478 27521 3575 33082 3950 3950 3950 30695 2522 2522 2522
r-631 24 0.637681 32 0.52621 13866461 15799259 15799259 13866461 19785858 12729969 25586055 28963591 28963591 25586055 12265692 16655554 16655554 12265692
r-413 31 0.696774 13 0.0512821 7120 48582 7120 48582 32939 29362 11643 68590 11643 68590 34768 62943 34768 62943
r-571 33 0.00189394 29 0.125616 -1 -1 -1 -1 -1 -1 -1 224970949 224970949 224970949 -1 -1 -1 -1
r-488 38 0.268848 19 0.502924 1451757 340197 340197 340197 1570766 330005 2180593 467873 467873 467873 1420087 338018 338018 338018
r-490 22 0.974026 20 0.789474 98136320 5573 5573 5573 68130810 5231 111468460 7111 7111 7111 92440959 216701 216701 216701
r-110 21 0.771429 20 0.468421 70843 52146 52146 52146 82587 40089 98860 75387 75387 75387 102275 60493 60493 60493
r-565 13 0.807692 33 0.888258 1 14098 1 1 11286 1 2 14099 2 2 1 26501 1 1
r-997 24 0.235507 38 0.642959 1942886 2488822 2488822 1942886 3078622 1626161 2923897 4086852 4086852 2923897 3708771 3283711 3283711 3708771
r-248 11 0.472727 22 0.541126 1558 10677 1558 1558 11499 1554 1560 13454 1560 1560 1444 13493 1444 1444
r-223 17 0.5 40 0.266667 68229 648059 68229 68229 560735 77041 92513 1028091 92513 92513 165097 541519 165097 165097
r-988 28 0.76455 14 0.21978 9090 13354 9090 13354 13808 9951 12663 20304 12663 20304 21889 21094 21889 21094
r-847 24 0.286232 35 0.141176 762898 6892376 762898 762898 5489263 1006471 1037791 10252910 1037791 1037791 5362920 7931451 5362920 5362920
r-356 26 0.855385 37 0.429429 3541274 1369773 1369773 3541274 2557930 2158633 5540932 2184386 2184386 5540932 3793651 1512808 1512808 3793651
r-74 16 0.933333 14 0.340659 1360 290 290 290 1049 247 2250 745 745 745 2365 523 523 523
r-891 16 0.925 38 0.820768 1 1 1 1 1 1 1 1 1 1 1 1 1 1
r-462 32 0.862903 38 0.0170697 5735 57320 5735 5735 43954 2923 19281 126771 19281 19281 14717 54832 14717 14717
r-601 10 0.377778 22 0.160173 123 3188 123 123 2958 169 125 3878 125 125 312 4514 312 312
r-76 28 0.915344 20 0.421053 221275 27056 27056 27056 234581 19955 317023 32146 32146 32146 135932 21007 21007 21007
r-367 12 0.151515 18 0.235294 1 700 700 1 637 1 2 701 701 2 1 927 927 1
r-167 20 0.289474 26 0.492308 494088 348051 348051 494088 577008 391089 844966 543907 543907 844966 856727 1207281 1207281 856727
r-40 11 0.654545 36 0.930159 1307 20928 1307 1307 19416 1362 1545 29380 1545 1545 914 40146 914 914
r-359 26 0.563077 29 0.369458 6594779 8143889 6594779 6594779 8489111 5890201 10984388 13656598 10984388 10984388 8397075 11909098 8397075 8397075
r-582 26 0.378462 16 0.591667 114676 30822 30822 30822 139152 27625 160615 41864 41864 41864 60721 42846 42846 42846
r-224 12 0.666667 34 1 8332 95436755 8332 8332 93620301 8332 11314 100950302 11314 11314 1231283 95436755 1231283 1231283
r-467 25 0.803333 35 0.823529 2475254 13610497 2475254 2475254 11863951 2671182 3105991 19367403 3105991 3105991 1455871 21417262 1455871 1455871
r-996 30 0.0344828 20 0.221053 18412192 7695 7695 7695 17499470 7770 20427590 8804 8804 8804 22401296 20488 20488 20488
r-653 34 0.083779 25 0.693333 128346 57613 57613 57613 120086 30297 230731 89414 89414 89414 119418 86317 86317 86317
r-773 27 0.988604 37 0.264264 1405249 58743 58743 1405249 1284165 240664 2204787 111746 111746 2204787 1306935 283267 283267 1306935
r-174 10 0.8 15 0 338 1693 338 338 1521 338 681 2921 681 681 788 1693 788 788
r-191 16 0.283333 30 0.045977 3762 5914083 3762 3762 5330430 4761 4102 6494441 4102 4102 3367 5988207 3367 3367
r-496 31 0.0817204 40 0.984615 5360 25747 5360 5360 21153 2744 18694 49017 18694 18694 8227 31493 8227 8227
r-792 25 0.18 35 0.0487395 11395 -1 11395 11395 -1 21544 13540 -1 13540 13540 20965 -1 20965 20965
r-570 14 0.263736 39 0.322537 1 159815 159815 1 149052 1 2 159816 159816 2 1 149106 149106 1
r-327 14 0.813187 15 0.609524 4982 2676 2676 4982 8341 3547 7467 3641 3641 7467 3552 2321 2321 3552
r-155 10 0.333333 34 0.907308 560 2092 560 560 2523 603 767 3248 767 767 625 3791 625 625
r-347 22 0.831169 28 0.121693 13641 24505 13641 13641 30344 8575 24370 40589 24370 24370 25207 27351 25207 25207
r-784 23 0.695652 26 0.750769 982617 2323032 982617 982617 1909892 1070652 1455090 3758424 1455090 1455090 807702 2013686 807702 807702
r-680 40 0.179487 32 0.310484 -1 49173583 49173583 49173583 -1 69599471 -1 71797626 71797626 71797626 -1 78686126 78686126 78686126
r-267 23 0.0909091 34 0.552585 1098315 250414 250414 1098315 612041 554709 1654579 405594 405594 1654579 1191766 638371 638371 1191766
r-661 34 0.269162 14 0.175824 8546 1 8546 1 8546 1 8546 1 8546 1 1 1 1 1
r-264 12 0.0757576 28 0.396825 13716 57091 57091 13716 127311 13074 13718 69679 69679 13718 7175 138430 138430 7175
r-282 18 0.705882 18 0.379085 14450 26410 26410 14450 20212 17025 18441 39242 39242 18441 29047 30422 30422 29047
r-513 40 0.897436 16 0.341667 38478 21939 21939 21939 46297 16009 49922 32621 32621 32621 32708 10768 10768 10768
r-572 13 0.692308 32 0.046371 2236 6997 2236 2236 7600 1205 3295 10569 3295 3295 1191 3422 1191 1191
r-153 32 0.354839 31 0.12043 4846084 10857903 4846084 10857903 11511295 6012264 7600443 17615385 7600443 17615385 2951377 13801257 2951377 13801257
r-907 36 0.895238 18 0.0718954 6059 10103 6059 10103 8610 6151 12005 17090 12005 17090 8880 14626 8880 14626
r-114 32 0.893145 35 0.801681 -1 99309857 99309857 -1 305742444 151933851 -1 138247466 138247466 -1 -1 93864504 93864504 -1
r-747 39 0.345479 15 0.352381 1603518 125452 125452 125452 1644115 126927 2222676 139960 139960 139960 1080684 99945 99945 99945
r-196 37 0.376877 33 1 3935965 408700826 3935965 408700826 512702705 15613197 3460508 444428480 3460508 444428480 566674 408700826 566674 408700826
r-952 15 0.857143 10 0.266667 682 213 213 213 685 207 1072 350 350 350 1047 525 525 525
r-130 33 0.975379 19 0.48538 695445 9852 9852 9852 734222 8835 1026353 13749 13749 13749 358680 31882 31882 31882
r-538 36 0.407937 24 0.336957 41775218 26795064 41775218 26795064 45559339 24781834 77037542 46273414 77037542 46273414 42129184 26005903 42129184 26005903
r-938 37 0.361862 15 0.980952 19962 477807 19962 477807 584373 174981 45832 604607 45832 604607 79716 406208 79716 406208
r-647 17 0.992647 20 0.889474 -1 -1 -1 -1 -1 -1 -1 -1 -1 -1 -1 -1 -1 -1
r-617 28 0.505291 12 0.257576 27322 2902 27322 2902 29717 2811 35559 2904 35559 2904 35917 4040 35917 4040
r-923 17 0.919118 30 0.0873563 5565 4660 4660 5565 7724 4142 10625 9652 9652 10625 6679 7466 7466 6679
r-380 32 0.756048 17 0.338235 180059 61569 61569 61569 213623 49228 267515 90735 90735 90735 163901 58701 58701 58701
r-879 33 0.181818 27 0.333333 16935422 5087158 5087158 5087158 16586558 6142734 28835765 7583419 7583419 7583419 16567535 4575227 4575227 4575227
r-892 27 0.0683761 11 0.272727 4558 115 115 115 4646 115 4967 154 154 154 6388 132 132 132
r-57 36 0.465079 10 0.377778 1 1 1 1 1 1 1 1 1 1 1 1 1 1
r-2 38 0.203414 20 0.989474 14588 87032 14588 87032 83036 30761 28106 168595 28106 168595 18117 95687 18117 95687
r-911 19 0.918129 19 0.0116959 419 2615 419 419 2308 1019 2635 4730 2635 2635 850 2861 850 850
r-855 36 0.747619 19 0.935673 9229877 9827765 9229877 9827765 16896300 8972354 10960862 10320900 10960862 10320900 374619787 17939693 374619787 17939693
r-136 23 0.391304 10 0.377778 11375 1 11375 1 11375 1 11376 2 11376 2 8279 1 8279 1
r-589 35 0.734454 18 0.986928 -1 -1 -1 -1 -1 -1 -1 -1 -1 -1 53497655 -1 53497655 -1
r-791 33 0.123106 17 0.198529 60189 1220 1220 1220 60324 1292 65186 1407 1407 1407 124988 607 607 607
r-531 35 0.0252101 32 0.340726 -1 368786 368786 368786 -1 346293 -1 586483 586483 586483 -1 42531588 42531588 42531588
r-985 16 0.45 12 0.681818 2698 2411 2698 2411 3452 2272 3526 2949 3526 2949 4784 4116 4784 4116
r-95 25 0.303333 26 0.286154 3565110 4663631 3565110 3565110 4433431 3192811 5523375 7629396 5523375 5523375 3493285 4020518 3493285 3493285
r-782 28 0.465608 39 0.218623 9290618 23039325 9290618 9290618 17084677 12651650 15422963 43198843 15422963 15422963 8527113 24013123 8527113 8527113
r-621 20 0.3 39 0.848853 83763 148155 83763 83763 171711 76438 131195 221905 131195 131195 71882 154746 71882 71882
r-940 38 0.119488 28 0.0820106 7225686 809916 7225686 809916 8395279 789897 8493288 870893 8493288 870893 110731311 1185258 110731311 1185258
r-214 19 0.0643275 14 0.263736 112225 983 983 983 102527 1095 125502 1093 1093 1093 170336 834 834 834
r-204 21 0.371429 19 0.520468 91824 66610 66610 66610 98830 54142 137464 93558 93558 93558 93479 102336 102336 102336
r-904 35 0.665546 18 0.176471 171523 312719 171523 312719 275768 207278 247536 466620 247536 466620 382241 563004 382241 563004
r-410 12 0.848485 28 0.949735 111 204945 111 111 197035 111 112 204946 112 112 1 201410 1 1
r-609 31 0.0408602 20 0.447368 340358 22636 22636 22636 326307 26921 491774 30407 30407 30407 382526 25111 25111 25111
r-697 38 0.630156 37 0.668168 -1 -1 -1 -1 -1 -1 -1 -1 -1 -1 -1 -1 -1 -1
r-170 11 0.309091 40 0.476923 1 17684 17684 1 18476 1 1 17684 17684 1 1 2393 2393 1
r-210 15 0.409524 14 0.89011 1358 1827 1358 1827 2317 1329 1997 2603 1997 2603 1915 1586 1915 1586
r-922 21 0.504762 14 0.604396 33933 18606 33933 18606 38022 17084 48904 24096 48904 24096 38373 16418 38373 16418
r-39 15 0.409524 13 0.897436 1125 1800 1125 1800 1378 1444 1946 2450 1946 2450 1454 3262 1454 3262
r-649 27 0.282051 27 0.048433 61409 14160203 61409 61409 10451548 1870107 83827 17577244 83827 83827 237586 13466096 237586 237586
r-13 22 0.329004 14 0.549451 30802 13408 13408 13408 35774 13342 41165 18174 18174 18174 27701 16952 16952 16952
r-53 11 0.418182 37 0.722222 2249 23995 2249 2249 24885 2262 2251 29632 2251 2251 3094 39383 3094 3094
r-802 24 0.365942 18 0.287582 244858 127700 244858 127700 273186 120497 377828 182684 377828 182684 269869 113258 269869 113258
r-47 31 0.427957 20 0.784211 347846 470840 347846 470840 498098 366812 533969 692953 533969 692953 720149 640220 720149 640220
r-464 28 0.119048 32 0 -1 -1 -1 -1 -1 -1 -1 -1 -1 -1 -1 -1 -1 -1
r-275 12 0.348485 35 0.640336 3628 40458 40458 3628 47208 3631 3630 52071 52071 3630 5691 44837 44837 5691
r-821 36 0.522222 27 0.102564 735289 3649668 735289 3649668 1850178 1803020 1171750 5564948 1171750 5564948 2004811 3805784 2004811 3805784
r-335 15 0 36 0.366667 -1 15953768 15953768 -1 -1 -1 -1 17484226 17484226 -1 -1 297051185 297051185 -1
r-652 40 0.117949 25 0.69 456224 309897 309897 309897 612539 226903 709968 510072 510072 510072 512717 345170 345170 345170
r-176 29 0.618227 35 0.552941 123680029 122374343 122374343 123680029 145189880 112677778 -1 -1 -1 -1 120121594 146263071 146263071 120121594
r-937 36 0.336508 16 0.75 325426 175424 325426 175424 432640 157084 487390 238826 487390 238826 510934 260242 510934 260242
r-59 10 0.422222 28 0.253968 1 4719 1 1 4386 1 2 4720 2 2 1 4422 1 1
r-874 23 0.367589 36 0.271429 2789515 10647467 2789515 2789515 9292437 3265601 4122981 18138696 4122981 4122981 1330688 4626399 1330688 1330688
r-696 18 0.816993 31 0.0408602 3109 9035 3109 3109 7517 1680 6041 16300 6041 6041 3022 7641 3022 3022
r-360 33 0.479167 18 0.803922 443706 345986 443706 345986 657508 308494 675791 487766 675791 487766 472936 675181 472936 675181
r-240 33 0.566288 34 0.684492 124682057 -1 124682057 124682057 141029045 134958583 -1 -1 -1 -1 112633363 -1 112633363 112633363
r-585 18 0.633987 16 0.35 8829 6124 8829 6124 13327 4502 9394 8273 9394 8273 12269 5657 12269 5657
r-555 15 0.228571 23 0.932806 1388 2912 1388 1388 2788 879 2494 5142 2494 2494 1236 2653 1236 1236
r-695 36 0.815873 16 0.808333 81889 1 1 1 81889 1 81890 2 2 2 51332 1 1 1
r-280 11 0.781818 29 0.184729 2506 3379 2506 2506 4679 2459 3496 4876 3496 3496 2396 4492 2396 2396
r-537 10 1 32 0.358871 40673 41663 41663 40673 149302 28982 55314 58603 58603 55314 40673 32273 32273 40673
r-822 39 0.434548 39 0.412955 -1 -1 -1 -1 -1 -1 -1 -1 -1 -1 -1 -1 -1 -1
r-32 24 0.242754 10 0.0666667 1084 1 1084 1 1084 1 1084 1 1084 1 1 1 1 1
r-989 13 0.807692 38 0.108108 3323 8923 3323 3323 10938 2377 5436 8469 5436 5436 4096 6092 4096 4096
r-162 21 0.633333 13 0.294872 7926 8991 7926 8991 9166 7903 10478 12375 10478 12375 10246 4013 10246 4013
r-920 11 0.0363636 19 0.684211 1721 1026 1026 1721 2726 1450 3032 1835 1835 3032 2103 1799 1799 2103
r-518 18 0.816993 40 0.274359 91738 158379 158379 91738 223386 87708 137709 237343 237343 137709 142415 191763 191763 142415
r-14 40 0.111538 31 0.602151 2227723 987626 987626 987626 2449701 694391 3447634 1553299 1553299 1553299 2661666 1458094 1458094 1458094
r-876 37 0.501502 18 0.614379 3799040 665649 3799040 665649 4158368 627458 6170839 930161 6170839 930161 3714495 614269 3714495 614269
r-975 22 0.311688 38 0.608819 3142415 3491778 3491778 3142415 4368353 2768847 4856984 5552927 5552927 4856984 5766659 7300829 7300829 5766659
r-506 33 0.0890152 11 0.927273 701 1552 701 1552 867 1165 2415 2878 2415 2878 1397 1155 1397 1155
r-962 13 0.512821 11 0.436364 909 659 909 659 1153 601 1254 756 1254 756 948 689 948 689
r-693 36 0.6 38 0.300142 149780627 156607880 149780627 149780627 198187935 112802106 -1 -1 -1 -1 143454817 191835712 143454817 143454817
r-216 16 0.925 12 0.651515 5901 239 239 239 5668 252 6892 345 345 345 8769 816 816 816
r-43 10 0 36 0.201587 1 1 1 1 1 1 1 1 1 1 1 1 1 1
r-115 30 0.0137931 14 0.153846 63386379 132 132 132 63042627 130 66585445 166 166 166 53154300 71930 71930 71930
r-839 11 0.636364 20 0.194737 947 2241 947 947 2245 858 1188 2953 1188 1188 640 3369 640 640
r-363 17 0.617647 36 0.671429 127882 1318793 127882 127882 1180184 128856 158777 2053038 158777 158777 263839 877512 263839 263839
r-48 18 0.189542 10 0.0666667 1 1 1 1 1 1 1 1 1 1 1 1 1 1
r-412 39 0.643725 40 0.689744 -1 -1 -1 -1 -1 -1 -1 -1 -1 -1 -1 -1 -1 -1
r-681 25 0.683333 13 0.25641 13384 11760 13384 11760 15141 10725 18515 15472 18515 15472 15431 15767 15431 15767
r-870 26 0.575385 31 0.443011 12327900 13676946 13676946 12327900 16231632 10640279 21868475 24711510 24711510 21868475 13629214 15514984 15514984 13629214
r-273 39 0.82861 21 0.347619 229347 240519 240519 240519 288522 219781 341672 381549 381549 381549 323087 151422 151422 151422
r-794 18 0.568627 38 0.638691 1588758 2303285 1588758 1588758 2148809 1559611 2194055 3698496 2194055 2194055 335518 1852038 335518 335518
r-750 30 0.468966 40 0.897436 578305 6395825 578305 578305 6780542 499305 926532 9550656 926532 926532 1092857 6008695 1092857 1092857
r-866 32 0.822581 23 0.833992 1537463 220109 1537463 220109 1600746 232934 1956143 246982 1956143 246982 3521799 121925 3521799 121925
r-66 13 0.974359 23 0.620553 686504 28434 28434 686504 705812 276932 799023 39992 39992 799023 686741 187869 187869 686741
r-465 35 0.263866 27 0.985755 31669 163454 31669 163454 153694 54489 60001 387129 60001 387129 43284 163362 43284 163362
r-583 30 0.496552 29 0.977833 201004 2312307 201004 2312307 2254683 348039 307539 3993459 307539 3993459 304837 2492816 304837 2492816
r-235 35 0.215126 28 0.195767 38596639 14442444 38596639 14442444 41921129 14110072 56858793 20488596 56858793 20488596 18401358 7749912 18401358 7749912
r-630 13 0.141026 10 0.777778 704 210 210 210 623 164 1049 335 335 335 204 232 232 232
r-502 34 0.643494 29 0.295567 7142603 8006486 7142603 8006486 10128528 5277444 11878096 13893435 11878096 13893435 10336891 9707319 10336891 9707319
r-978 34 0.71123 25 0.206667 511522 469176 511522 469176 727355 366631 826604 740496 826604 740496 538599 1273437 538599 1273437
r-227 33 0.575758 28 0.952381 339547 10403347 339547 10403347 5241798 1748971 549062 15368819 549062 15368819 1010613 11254983 1010613 11254983
r-990 38 0.335704 30 0.650575 42951925 25686312 25686312 25686312 50852094 21310349 76333371 44306290 44306290 44306290 50952685 21807500 21807500 21807500
r-930 22 0.961039 25 0.703333 8211009 56786 56786 8211009 7458572 694452 9969603 78469 78469 9969603 7096872 1636581 1636581 7096872
r-979 26 0.273846 39 0.11336 611272 22689260 611272 611272 16961232 1029764 843662 30670492 843662 843662 966390 34458828 966390 966390
r-24 37 0.605105 11 0.6 23579 1 1 1 23579 1 23579 1 1 1 1 1 1 1
r-552 13 0.551282 17 0.683824 607 3072 607 607 2508 684 695 4448 695 695 952 2320 952 952
r-549 14 0.846154 34 0.16934 7945 17013 17013 7945 24700 7255 14179 28471 28471 14179 9909 17907 17907 9909
r-73 19 0.684211 30 0.951724 7531 2666734 7531 7531 2422665 8706 8935 3382091 8935 8935 7426 2951012 7426 7426
r-725 24 0.00362319 14 0.89011 3241 278 278 278 3198 284 7593 1489 1489 1489 3334 271 271 271
r-685 17 0.470588 10 0.0444444 436 2140 436 2140 1307 1812 604 2396 604 2396 1298 2256 1298 2256
r-573 10 0.888889 31 0.187097 1823 2969 2969 1823 4851 2134 3286 4854 4854 3286 2732 2744 2744 2732
r-954 23 0.418972 15 0.961905 9293 17753 9293 17753 27449 9544 15659 28784 15659 28784 14598 25157 14598 25157
r-10 29 0.761084 39 0.0796221 168841 309152 168841 168841 341488 101370 289260 519888 289260 289260 179101 273405 179101 179101
r-511 13 0.102564 11 0.236364 449 238 238 238 470 258 496 254 254 254 441 40 40 40
r-279 23 0.940711 28 0.542328 980949 38897 38897 980949 486567 202530 1463398 65973 65973 1463398 1058573 91205 91205 1058573
r-524 20 0.368421 39 0.278003 619692 4860664 619692 619692 4349880 628954 788949 7332800 788949 788949 557069 3884954 557069 557069
r-540 40 0.660256 18 0.647059 8548937 1540642 1540642 1540642 8884966 1529756 13209319 1945464 1945464 1945464 6543029 1121916 1121916 1121916
r-672 22 0.87013 25 0 4868 22891 4868 4868 20566 4868 9202 40967 9202 9202 4868 22891 4868 4868
r-62 30 0.243678 22 0.0909091 348711 1505980 348711 1505980 982986 1226215 485757 1746101 485757 1746101 19758765 1875393 19758765 1875393
r-23 23 0.347826 15 0.00952381 5495721 16267938 5495721 16267938 44198584 6471185 5539793 18374782 5539793 18374782 893109 23993827 893109 23993827
r-379 18 0.130719 31 0.627957 101824 36151 36151 101824 84810 63553 142796 57297 57297 142796 161799 109133 109133 161799
r-286 33 0.765152 24 0.76087 17762225 5072371 5072371 5072371 18538846 5238719 27148968 6978458 6978458 6978458 16358017 6087122 6087122 6087122
r-69 29 0.94335 13 0.205128 4502 1923 1923 1923 4980 1049 4905 2347 2347 2347 3531 1111 1111 1111
r-217 39 0.221323 30 0.409195 97430979 52445623 52445623 52445623 91542498 67511768 -1 89728837 89728837 89728837 92223341 31528636 31528636 31528636
r-337 32 0.933468 20 0.831579 524393 21063 21063 21063 526821 21389 547347 21266 21266 21266 742281 2932 2932 2932
r-646 35 0.105882 36 0.819048 359081 273369 273369 359081 395141 246289 642958 431882 431882 642958 406317 344788 344788 406317
r-682 38 0.059744 34 0.180036 -1 4184810 4184810 4184810 -1 5164981 -1 5454286 5454286 5454286 -1 -1 -1 -1
r-881 13 0.384615 36 0.609524 27338 142808 142808 27338 156438 27520 30599 195906 195906 30599 34881 255219 255219 34881
r-668 35 0.77479 31 0.941935 9962193 -1 9962193 -1 -1 -1 12729187 -1 12729187 -1 -1 -1 -1 -1
r-386 40 0.55 36 0.771429 165989528 -1 165989528 -1 -1 -1 -1 -1 -1 -1 -1 -1 -1 -1
r-82 24 0.811594 16 0.25 4848 4601 4601 4601 4252 2866 6137 6690 6690 6690 10507 6408 6408 6408
r-515 35 0.221849 12 0.348485 17651 1 1 1 17651 1 17652 2 2 2 11262 1 1 1
r-104 21 0.438095 17 0.433824 97009 67216 97009 67216 102250 58026 159515 101614 159515 101614 104494 46920 104494 46920
r-372 22 0.649351 25 0.273333 125983 159545 125983 125983 206336 87580 187550 233027 187550 187550 256767 218010 256767 256767
r-396 25 0.91 14 0.989011 1 1 1 1 1 1 1 1 1 1 1 1 1 1
r-9 25 0.443333 30 0.583908 12485002 15351910 12485002 12485002 17158676 11567999 22056642 27167308 22056642 22056642 14398844 16215555 14398844 14398844
r-65 40 0.982051 29 0.123153 55229 4232 4232 4232 45759 2274 105466 15220 15220 15220 38769 9119 9119 9119
r-289 32 0.193548 19 0.28655 915493 67737 67737 67737 936602 80607 1275364 80064 80064 80064 1007297 195801 195801 195801
r-929 29 0.76601 14 0.56044 102521 15973 15973 15973 103305 16904 150893 18523 18523 18523 88537 5708 5708 5708
r-735 25 0.373333 38 0.624467 13201191 18737470 18737470 13201191 22496534 11406014 22583452 31492034 31492034 22583452 11701697 23051326 23051326 11701697
r-828 31 0.156989 17 0.610294 26454 19302 19302 19302 30456 13840 35043 28365 28365 28365 54755 26273 26273 26273
r-432 34 0.814617 19 0.479532 183178 152598 152598 152598 205296 145315 267484 188586 188586 188586 298356 72293 72293 72293
r-616 25 0.863333 17 0.382353 27137 9096 9096 9096 28957 6680 38258 11888 11888 11888 16655 15593 15593 15593
r-470 18 0.0849673 23 0.134387 1403 5152 5152 1403 5200 1252 1405 5968 5968 1405 3841 209005 209005 3841
r-807 39 0.238866 34 0.42959 -1 135385215 135385215 135385215 -1 178587216 -1 -1 -1 -1 -1 -1 -1 -1
r-438 13 0.282051 18 1 1230 10102 1230 1230 8503 1230 1564 12935 1564 1564 1158 10102 1158 1158
r-140 13 0.897436 10 0.822222 251 1 1 1 251 1 252 2 2 2 481 1 1 1
r-908 38 0.550498 23 0.245059 6310910 6283510 6310910 6283510 8893761 5306905 10560336 9713863 10560336 9713863 10665876 5438151 10665876 5438151
r-433 17 0.0808824 36 0.690476 61573 33177 33177 61573 69749 39297 104516 53125 53125 104516 76709 30608 30608 76709
r-827 38 0.142248 29 0.684729 1472206 960185 960185 960185 1987957 620946 2348302 1719095 1719095 1719095 1744579 1173698 1173698 1173698
r-362 36 0.473016 20 0.915789 215082 1262647 215082 1262647 588795 804996 343541 1894849 343541 1894849 870618 1547471 870618 1547471
r-744 12 0.106061 34 0.456328 84491 238113 238113 84491 313979 79300 97777 332940 332940 97777 92715 286080 286080 92715
r-658 14 0.912088 30 0.0528736 1623 3195 1623 1623 3586 1814 2609 4338 2609 2609 1430 1478 1430 1430
r-220 16 0.233333 25 0.153333 819 32636 819 819 25542 993 974 44604 974 974 1093 77355 1093 1093
r-207 25 0.843333 19 0.947368 38665 205442 38665 205442 173469 170154 44721 208628 44721 208628 309079 270837 309079 270837
r-893 17 0.0882353 24 0.663043 26964 6823 6823 26964 18942 13819 40719 10671 10671 40719 33643 29161 29161 33643
r-521 22 0.714286 15 0.87619 17540 10062 17540 10062 22962 9266 22350 10907 22350 10907 25303 11762 25303 11762
r-568 31 0.247312 25 0.16 4652037 4647882 4652037 4647882 6109183 4118522 6619862 6549987 6619862 6549987 7551949 5475173 7551949 5475173
r-562 18 0.235294 35 0.27395 67148 1412080 1412080 67148 1347090 67297 76520 1921173 1921173 76520 114258 746041 746041 114258
r-96 21 0.342857 16 0.633333 13201 11212 11212 11212 17068 9396 18173 14511 14511 14511 13554 17706 17706 17706
r-177 32 0.254032 37 0.256757 -1 -1 -1 -1 -1 -1 -1 -1 -1 -1 -1 -1 -1 -1
r-118 36 0.447619 20 0.0789474 415188 819426 415188 819426 1243790 603474 673085 1252379 673085 1252379 1233042 745263 1233042 745263
r-482 11 0.872727 21 0.452381 923 4114 4114 923 4868 878 1093 5755 5755 1093 1803 2081 2081 1803
r-93 15 0.390476 31 0.621505 119052 267766 119052 119052 310777 114817 160793 397705 160793 160793 166101 335737 166101 166101
r-21 13 0.141026 25 0.85 1082 1461 1461 1082 1712 981 2046 3015 3015 2046 1834 2032 2032 1834
r-858 13 0.910256 40 0.802564 1 1 1 1 1 1 1 1 1 1 1 1 1 1
r-597 21 0.0761905 22 0.5671 112104 18132 18132 112104 130035 41963 164005 24570 24570 164005 131019 29168 29168 131019
r-712 24 0.478261 17 0.176471 67567 80161 67567 80161 99783 73360 103161 137248 103161 137248 70435 108808 70435 108808
r-786 10 0.933333 33 0.986742 1 1 1 1 1 1 1 1 1 1 1 1 1 1
r-673 22 0.393939 13 0.897436 3133 9617 3133 9617 5893 7081 4536 13757 4536 13757 4909 3970 4909 3970
r-312 16 0.808333 16 0.3 3923 2258 2258 3923 3870 1432 5356 3409 3409 5356 2805 6570 6570 2805
r-645 34 0.190731 19 0.994152 12233 61216 12233 61216 54667 24325 22633 116584 22633 116584 14438 65861 14438 65861
r-810 15 0.285714 12 0.969697 556 1000 556 1000 936 527 1055 1352 1055 1352 354 1043 354 1043
r-580 20 0.168421 11 0.872727 838 992 838 992 1205 669 1652 1388 1652 1388 813 844 813 844
r-137 32 0.0181452 30 0.712644 279299 26257 26257 26257 202595 21177 550242 47756 47756 47756 279932 40227 40227 40227
r-355 31 0.997849 32 0.949597 -1 -1 -1 -1 -1 -1 -1 -1 -1 -1 -1 -1 -1 -1
r-539 12 0.469697 25 0.193333 815 6747 815 815 5630 896 975 9975 975 975 1107 3388 1107 1107
r-679 16 0.791667 31 0.152688 12563 21274 12563 12563 26420 11584 18800 31702 18800 18800 15453 14097 15453 15453
r-431 40 0.216667 36 0.301587 -1 -1 -1 -1 -1 -1 -1 -1 -1 -1 -1 -1 -1 -1
r-84 29 0.660099 13 0.461538 38901 4206 4206 4206 41408 4173 52387 4817 4817 4817 57898 9063 9063 9063
r-221 22 0.675325 21 0.980952 263291 60041401 263291 60041401 67373238 3578728 296628 70606303 296628 70606303 684461 78806182 684461 78806182
r-128 17 0.764706 14 0.56044 11015 2900 2900 2900 10425 2974 16884 3438 3438 3438 9762 2826 2826 2826
r-190 23 0.928854 20 0.184211 9676 7228 7228 7228 12616 4464 15497 12421 12421 12421 6017 2037 2037 2037
r-946 36 0.97619 29 0.726601 -1 7203178 7203178 7203178 -1 7191388 -1 7450498 7450498 7450498 -1 6869854 6869854 6869854
r-479 38 0.433855 21 0.0857143 745279 5209667 745279 5209667 2607838 3439113 1175600 7414317 1175600 7414317 3590671 5612379 3590671 5612379
r-783 25 0.436667 23 0.332016 1953696 1804070 1953696 1804070 2837609 1460025 3253107 3201863 3253107 3201863 1193196 1266830 1193196 1266830
r-716 17 0.382353 22 0.441558 51293 85164 85164 51293 85576 43483 73538 131219 131219 73538 65036 128822 128822 65036
r-365 28 0.978836 13 0.74359 90656 880 880 880 90998 874 102069 1058 1058 1058 112459 1783 1783 1783
r-751 13 0.935897 23 0.980237 161 -1 161 161 -1 161 162 -1 162 162 1 -1 1 1
r-805 33 0.464015 28 0.917989 484141 3170953 484141 3170953 1226709 1350928 792607 4915266 792607 4915266 725044 2847868 725044 2847868
r-63 18 0.509804 19 0.608187 35706 57847 35706 35706 39712 32605 51624 96514 51624 51624 31910 44083 31910 31910
r-200 19 0.923977 11 0.490909 6171 637 637 637 6645 549 8118 858 858 858 4982 291 291 291
r-687 40 0.320513 23 0.15415 18484443 3857945 18484443 3857945 22822133 3570296 23777780 5338483 23777780 5338483 17960307 5278765 17960307 5278765
r-11 24 0.702899 27 0.843305 484477 946118 484477 484477 619762 641980 717958 1429106 717958 717958 149729 1277461 149729 149729
r-169 10 0.711111 28 0.939153 99 6918 99 99 6739 123 101 7272 101 101 99 9408 99 99
r-242 37 0.033033 14 0.549451 32931 1022 1022 1022 36813 682 57495 1729 1729 1729 29428 1243 1243 1243
r-206 38 0.997155 39 0.255061 3560529 223417 223417 3560529 3180539 451052 5876993 321164 321164 5876993 3685138 498134 498134 3685138
r-713 10 0.733333 36 0.874603 1 1 1 1 1 1 1 1 1 1 1 1 1 1
r-926 17 0.176471 39 0.346829 117075 1773227 1773227 117075 1998325 114887 125503 2308642 2308642 125503 291745 1932360 1932360 291745
r-238 36 0.0111111 14 0.164835 3535660 474 474 474 3525409 456 3588467 603 603 603 3789604 99603 99603 99603
r-915 39 0.19973 15 0.609524 120071 46746 46746 46746 143508 42049 157895 62684 62684 62684 154859 36803 36803 36803
r-956 19 0.362573 13 0.435897 6410 978 978 978 6805 868 9743 1152 1152 1152 4932 1357 1357 1357
r-861 14 0.131868 34 0.714795 25540 29957 29957 25540 55044 25359 38442 44038 44038 38442 51948 45399 45399 51948
r-375 11 0.545455 23 0.197628 436 2647 436 436 3217 395 524 3503 524 524 994 4425 994 994
r-230 16 0.308333 40 0.34359 11793 1048404 1048404 11793 985091 11770 11795 1362625 1362625 11795 13399 527665 527665 13399
r-592 19 0.0877193 38 0.100996 1 1 1 1 1 1 1 1 1 1 1 1 1 1
r-505 31 0.307527 37 0.653153 15342253 18679846 18679846 15342253 24099154 10956751 26618906 32003826 32003826 26618906 19891966 18177967 18177967 19891966
r-500 29 0.825123 28 0.878307 2150639 7006183 2150639 7006183 4759218 5701918 2684065 8670776 2684065 8670776 3266469 12371076 3266469 12371076
r-632 27 1 33 0.933712 -1 -1 -1 -1 -1 -1 -1 -1 -1 -1 -1 -1 -1 -1
r-417 22 0.640693 13 0.397436 13890 7789 7789 7789 15867 7085 18737 9532 9532 9532 24110 6707 6707 6707
r-252 38 0.860597 10 1 1 1 1 1 1 1 1 1 1 1 1 1 1 1
r-246 32 0.59879 17 0.419118 653922 308581 308581 308581 742614 298068 1012335 428067 428067 428067 671332 331137 331137 331137
r-670 33 0.778409 28 0.648148 32752464 9320015 9320015 9320015 30997905 11640905 56940649 14697317 14697317 14697317 29416843 19421503 19421503 19421503
r-334 36 0.463492 37 0.539039 -1 -1 -1 -1 -1 -1 -1 -1 -1 -1 -1 -1 -1 -1
r-514 24 0.51087 27 0.0512821 31598 399013 31598 31598 272177 20901 48407 631750 48407 48407 107026 406702 107026 107026
r-249 17 0.764706 21 0.771429 7360 44298 7360 7360 40760 7283 9005 61853 9005 9005 13735 64472 13735 13735
r-108 22 0.402597 14 0.637363 9784 7455 9784 7455 11791 6946 13240 9242 13240 9242 19338 9019 19338 9019
r-838 20 0.747368 36 0.728571 762162 3975844 3975844 762162 3733429 764444 928280 5731289 5731289 928280 460853 4036967 4036967 460853
r-897 39 0.174089 27 0.413105 15938752 4809049 4809049 4809049 14322652 6755459 28658900 7627508 7627508 7627508 13107983 8365556 8365556 8365556
r-400 33 0.0473485 13 0.487179 56232 1745 1745 1745 56209 2048 65562 2271 2271 2271 64978 5814 5814 5814
r-765 10 0.488889 13 1 240 3905 240 240 3027 240 386 6048 386 386 409 3905 409 409
r-489 34 0.0998217 35 0.309244 120141349 7820441 7820441 120141349 133407527 32429779 177707479 11058432 11058432 177707479 118139939 26937794 26937794 118139939
r-245 22 0.142857 25 0.56 117426 60667 60667 117426 164588 62764 186521 92361 92361 186521 108125 85796 85796 108125
r-41 32 0.528226 33 0.965909 249719 8898701 249719 249719 5297454 217444 293533 13051631 293533 293533 1181630 9780525 1181630 1181630
r-768 38 0.116643 31 0.819355 252897 300408 300408 300408 338249 175274 429552 519489 519489 519489 438185 320562 320562 320562
r-976 12 0.69697 40 0.312821 8259 51009 51009 8259 55339 8476 9340 70850 70850 9340 9540 76254 76254 9540
r-253 23 0.592885 26 0.0923077 28828 43543 28828 28828 45522 19791 29057 68585 29057 29057 26117 41131 26117 26117
r-869 33 0.263258 36 0.353968 -1 -1 -1 -1 -1 -1 -1 -1 -1 -1 -1 -1 -1 -1
r-525 10 0.0222222 21 0.104762 1 1 1 1 1 1 1 1 1 1 1 1 1 1
r-493 21 0.438095 39 0.0121457 24108 2513332 24108 24108 2410352 23626 31431 3830602 31431 31431 2295083 2535018 2295083 2295083
r-300 33 0.356061 32 0.300403 198985642 -1 198985642 -1 -1 -1 -1 -1 -1 -1 -1 -1 -1 -1
r-764 21 0.366667 12 0.69697 4513 1407 4513 1407 5666 1303 6098 1678 6098 1678 3658 878 3658 878
r-1 33 0.42803 20 0.926316 73636 1240909 73636 1240909 219260 450480 119332 1755008 119332 1755008 525825 439481 525825 439481
r-766 13 0.269231 40 0.552564 12748 250774 250774 12748 270574 12531 12750 340262 340262 12750 14090 171049 171049 14090
r-149 17 0.823529 11 0.545455 1393 548 548 548 1576 604 2122 718 718 718 1656 226 226 226
r-548 19 0.865497 20 0.310526 21156 12191 12191 21156 16254 10371 32744 17747 17747 32744 16912 9101 9101 16912
r-667 21 0.257143 32 0.794355 75333 76401 75333 75333 103778 60449 113690 115069 113690 113690 98995 155196 98995 98995
r-698 38 0.889047 24 0.460145 803466 303260 303260 303260 1051907 220007 1201236 488367 488367 488367 846121 449249 449249 449249
r-388 19 0.906433 30 0.809195 2923 115098 115098 2923 113872 2904 2925 131462 131462 2925 3088 322337 322337 3088
r-516 22 0.670996 37 0.912913 71611 1258951 71611 71611 1175439 127581 100049 1651903 100049 100049 289851 2075519 289851 289851
r-803 38 0.30441 12 0.484848 89220 2580 2580 2580 94746 2648 120417 2582 2582 2582 72929 4034 4034 4034
r-259 34 0.827094 30 0.335632 1716051 1166237 1166237 1166237 2007073 759796 2718411 1994226 1994226 1994226 2249168 1405929 1405929 1405929
r-935 19 0.333333 29 0.591133 365391 452995 452995 365391 568635 304401 541065 700299 700299 541065 450667 763872 763872 450667
r-808 25 0.0966667 34 0.488414 2747532 467652 467652 2747532 1495070 1197633 4730155 766198 766198 4730155 2727837 2589020 2589020 2727837
r-944 20 0.742105 14 0.824176 8283 609 8283 609 8599 588 10000 611 10000 611 16787 512 16787 512
r-476 10 0.777778 37 0.545045 1 34024 34024 1 35509 1 1 34024 34024 1 1 1 1 1
r-833 22 0.995671 18 0.712418 -1 311098 311098 311098 -1 311014 -1 314875 314875 314875 171965328 28263 28263 28263
r-584 26 0.621538 37 0.468468 31290255 52935581 52935581 31290255 62120537 28179885 56070025 98470566 98470566 56070025 31536682 40830460 40830460 31536682
r-107 39 0.88664 15 0.714286 408419 1389 1389 1389 410081 1579 437440 1523 1523 1523 383478 7181 7181 7181
r-406 34 0.491979 11 0.181818 34956 1 34956 1 35666 1 36131 2 36131 2 32356 1 32356 1
r-842 19 0.918129 25 0.17 13158 6388 6388 13158 16322 7390 26957 10724 10724 26957 18682 8874 8874 18682
r-135 21 0.161905 15 0.780952 4728 3136 3136 3136 5772 2670 7914 4981 4981 4981 6904 4083 4083 4083
r-888 38 0.125178 21 0.0904762 264405 1 264405 1 264405 1 264406 2 264406 2 522901 1 522901 1
r-754 28 0.806878 25 0.12 38878 32673 38878 32673 37083 24805 59238 53814 59238 53814 46447 46681 46447 46681
r-328 30 0.0528736 15 0.990476 840 2784 840 2784 2224 1611 4367 5926 4367 5926 1489 2904 1489 2904
r-728 18 0.20915 17 0.397059 16399 11560 11560 11560 14135 14291 28656 16549 16549 16549 9407 4146 4146 4146
r-752 36 0.731746 13 0.423077 53681 7574 7574 7574 59165 7481 69622 8980 8980 8980 85010 8983 8983 8983
r-813 20 0.942105 24 0.416667 80548 18123 18123 80548 89714 30802 129259 26194 26194 129259 86413 22905 22905 86413
r-581 23 0.00395257 10 0.511111 46312 1574 1574 1574 47679 1556 64738 1882 1882 1882 51468 852 852 852
r-883 29 0.847291 13 0.576923 9370 3996 3996 3996 9776 4192 13300 4780 4780 4780 5430 2824 2824 2824
r-138 11 0.472727 30 0.91954 1074 1163 1074 1074 1305 664 611 1695 611 611 183 862 183 183
r-228 40 0.0961538 30 0.464368 7008083 2165201 2165201 2165201 6590530 2857313 12195704 3515570 3515570 3515570 6368167 2577882 2577882 2577882
r-925 38 0.748222 31 0.554839 133791885 32387947 32387947 32387947 127301792 45426658 -1 54833781 54833781 54833781 137092667 51366489 51366489 51366489
r-150 19 0.169591 31 0.212903 1049 218629 218629 1049 191782 1099 1051 277854 277854 1051 1585 85039 85039 1585
r-426 31 0.550538 10 0.844444 35440 1 35440 1 35440 1 35440 1 35440 1 40876 1 40876 1
r-258 12 0.621212 33 0.359848 846 38393 846 846 38114 862 848 51063 848 848 1760 42424 1760 1760
r-826 15 0.685714 27 0.421652 27621 66499 66499 27621 85090 27579 35338 96601 96601 35338 57170 134957 134957 57170
r-739 34 0.231729 32 0.106855 7103169 33095863 7103169 33095863 32745794 20407176 6906394 43896388 6906394 43896388 3857617 71421263 3857617 71421263
r-639 30 0.544828 16 0.391667 498389 220168 498389 220168 560538 210027 759683 300501 759683 300501 633158 192167 633158 192167
r-705 26 0.833846 20 0.178947 16479 22447 22447 22447 17109 15810 23645 33603 33603 33603 23321 12180 12180 12180
r-700 22 0.675325 26 0.643077 1562255 1873186 1873186 1562255 2183495 1446591 2542983 3248732 3248732 2542983 1413579 1741394 1741394 1413579
r-121 17 0.830882 30 0.981609 38318 -1 38318 38318 -1 37471 42475 -1 42475 42475 213744 -1 213744 213744
r-202 37 0.78979 40 0.171795 2211266 2370212 2211266 2211266 2823364 1535108 4046107 4008647 4046107 4046107 2356134 3653927 2356134 2356134
r-657 29 0.295567 12 0.530303 33527 5613 5613 5613 37271 5396 42859 6372 6372 6372 37874 13865 13865 13865
r-152 37 0.312312 38 0.887624 2553947 3768104 2553947 2553947 3952083 1484921 4491636 6165817 4491636 4491636 3285526 6250342 3285526 3285526
r-666 20 0.0157895 26 0.92 2926 868 868 2926 2677 1390 6407 5042 5042 6407 3394 742 742 3394
r-292 23 0.592885 38 0.815078 1441047 8426140 1441047 1441047 7253294 1936676 2023753 13770246 2023753 2023753 2832057 8452853 2832057 2832057
r-340 11 0.418182 32 0.689516 2729 17328 2729 2729 17382 2735 2731 21843 2731 2731 2214 25399 2214 2214
r-315 27 0.509972 26 0.409231 6384486 5183831 6384486 5183831 8969007 4401222 11073196 9313458 11073196 9313458 5504007 7457407 5504007 7457407
r-195 16 0.108333 12 0.378788 4160 228 228 228 3961 303 5105 298 298 298 5328 895 895 895
r-30 20 0.236842 39 0.815115 159627 192848 159627 159627 292191 108314 251454 236432 251454 251454 252963 311304 252963 252963
r-840 37 0.641141 39 0.632928 -1 -1 -1 -1 -1 -1 -1 -1 -1 -1 -1 -1 -1 -1
r-27 39 0.836707 33 0.992424 -1 -1 -1 -1 -1 -1 -1 -1 -1 -1 -1 -1 -1 -1
r-992 13 0.0897436 20 0.884211 1068 777 777 1068 1239 767 1919 1934 1934 1919 1223 1381 1381 1223
r-618 23 0.383399 10 0.711111 3627 931 3627 931 4349 936 4429 932 4429 932 4419 927 4419 927
r-393 30 0.816092 25 0.766667 4095969 638720 638720 638720 3940327 710709 6066784 841349 841349 841349 7116975 877132 877132 877132
r-123 12 0.439394 34 0.625668 1 25172 1 1 25909 1 2 27718 2 2 1 65054 1 1
r-522 29 0.716749 27 0.874644 3120720 15202024 3120720 15202024 10558957 8801043 4500829 22218720 4500829 22218720 7635024 11361617 7635024 11361617
r-291 26 0.572308 35 0.554622 37620065 48786679 48786679 37620065 50179548 34783863 70654608 97311310 97311310 70654608 35992245 41727764 41727764 35992245
r-669 24 0.442029 12 0.727273 9645 466 9645 466 12563 467 13218 468 13218 468 7449 833 7449 833
r-305 30 0.708046 31 0.997849 -1 -1 -1 -1 -1 -1 -1 -1 -1 -1 -1 -1 -1 -1
r-793 34 0.55615 14 0.252747 212934 75061 212934 75061 259446 71873 311482 93918 311482 93918 351413 97393 351413 97393
r-797 36 0.346032 29 0.391626 -1 -1 -1 -1 -1 -1 -1 -1 -1 -1 -1 -1 -1 -1
r-374 34 0.918004 32 0.330645 392881 121049 121049 121049 277873 57966 730169 188769 188769 188769 330974 187185 187185 187185
r-953 19 0.959064 26 0.673846 2530841 86972 86972 2530841 1649754 703201 3134785 139421 139421 3134785 2549496 118296 118296 2549496
r-384 12 0.0454545 17 0.654412 4131 1100 1100 4131 5241 2050 5833 1821 1821 5833 4233 924 924 4233
r-133 10 0.911111 40 0.884615 1 1 1 1 1 1 1 1 1 1 1 1 1 1
r-721 25 0.703333 27 0.700855 2568297 3642815 3642815 2568297 4271809 2368220 4196726 6085324 6085324 4196726 3835571 2153103 2153103 3835571
r-472 31 0.767742 32 0.697581 60329296 17401831 17401831 60329296 34448163 47093483 99411461 27650583 27650583 99411461 36688714 27412499 27412499 36688714
r-439 18 0.254902 18 0.771242 2997 5133 2997 2997 4484 3417 4371 7181 4371 4371 4024 10483 4024 4024
r-225 18 0.607843 20 0.442105 104895 111811 111811 104895 133837 92768 155771 169322 169322 155771 107802 136391 136391 107802
r-628 37 0.617117 22 0.0909091 183951 739610 183951 739610 381809 446621 294368 1140868 294368 1140868 441506 1054386 441506 1054386
r-401 31 0.141935 18 0.379085 171279 50778 50778 50778 169113 70543 257136 68541 68541 68541 97730 50569 50569 50569
r-903 28 0.0132275 37 0.957958 12373 2737 2737 12373 10029 6273 26105 17131 17131 26105 13183 5311 5311 13183
r-702 26 0.273846 21 0.304762 2541266 864182 864182 864182 2517666 893478 4087798 1231198 1231198 1231198 1701864 713449 713449 713449
r-164 32 0.552419 31 0.847312 3498732 12275389 3498732 12275389 11590616 8604161 5499002 21148091 5499002 21148091 4445167 10776087 4445167 10776087
r-898 12 0.348485 31 0.0924731 242 4729 242 242 4448 351 291 5542 291 291 121 4802 121 121
r-404 29 0.73399 37 0.294294 3691737 3096901 3096901 3691737 3890160 2406364 6104767 5292717 5292717 6104767 4481238 5244742 5244742 4481238
r-648 15 0.742857 29 0.884236 986 62638 986 986 50599 1355 1077 72709 1077 1077 4585 68681 4585 4585
r-142 31 0.0795699 12 0.121212 1 1 1 1 1 1 1 1 1 1 1 1 1 1
r-353 17 0.0367647 19 0.614035 36345 6489 6489 36345 31140 16497 57439 9549 9549 57439 36606 8853 8853 36606
r-310 15 0.161905 40 0.335897 1 242462 242462 1 245309 1 2 262234 262234 2 1 128696 128696 1
r-659 28 0.645503 24 0.887681 121787 1370123 121787 1370123 519029 833087 180457 1865939 180457 1865939 614760 2004427 614760 2004427
r-756 24 0.141304 17 0.264706 27767 2316 2316 2316 28126 2323 37535 2870 2870 2870 28722 2313 2313 2313
r-610 28 0.521164 17 0.669118 702091 392372 702091 392372 807608 354877 1108135 581135 1108135 581135 731710 360524 731710 360524
r-919 11 0.109091 12 0.712121 348 128 128 348 286 207 502 326 326 502 420 229 229 420
r-676 35 0.890756 20 0.978947 -1 -1 -1 -1 -1 -1 -1 -1 -1 -1 -1 -1 -1 -1
r-424 29 0.413793 11 0.454545 32973 1 1 1 32973 1 32974 2 2 2 21474 1 1 1
r-863 20 0.484211 38 0.687055 1295024 3948438 1295024 1295024 4453138 1281680 2006216 6145939 2006216 2006216 1554192 4209025 1554192 1554192
r-699 24 0.0362319 15 0.514286 37986 1758 1758 1758 37737 1437 49327 2587 2587 2587 37529 1026 1026 1026
r-71 11 0.290909 26 0.221538 1 1 1 1 1 1 1 1 1 1 1 1 1 1
r-276 19 0.578947 21 0.8 17094 63367 17094 17094 40444 21361 22370 95766 22370 22370 34762 66508 34762 34762
r-205 23 0.770751 25 0.306667 98116 49082 49082 98116 75324 53736 150315 70897 70897 150315 91660 78670 78670 91660
r-12 31 0.944086 28 0 3219 13369 3219 13369 12427 6331 13830 30506 13830 30506 2407 13369 2407 13369
r-717 39 0.249663 12 0.969697 14323 18321 14323 18321 38763 13368 24405 29541 24405 29541 16865 21677 16865 21677
r-719 25 0.9 31 0.984946 -1 -1 -1 -1 -1 -1 -1 -1 -1 -1 -1 -1 -1 -1
r-350 13 0.102564 27 0.931624 2192 3269 2192 2192 4050 2192 2562 6810 2562 2562 1497 3409 1497 1497
r-688 13 0.474359 26 0.532308 16468 63319 16468 16468 71687 16302 19278 86931 19278 19278 15916 63046 15916 15916
r-801 39 0.964912 18 0.228758 20763 3498 3498 3498 20767 2090 35715 6390 6390 6390 21046 10216 10216 10216
r-233 10 0.4 35 0.788235 619 4938 619 619 5474 547 621 6069 621 621 816 11478 816 816
r-134 10 0.777778 19 0.865497 1 1 1 1 1 1 1 1 1 1 1 1 1 1
r-981 12 0.363636 28 0.280423 1348 56560 1348 1348 50237 1395 1349 71175 1349 1349 4059 45149 4059 4059
r-453 30 0.427586 38 0.14936 6855095 21516759 6855095 6855095 17274255 10289868 11229507 38710449 11229507 11229507 7310460 16655610 7310460 7310460
r-865 16 0.275 29 0.773399 9982 21076 9982 9982 27886 6688 14246 29716 14246 14246 28646 26454 28646 28646
r-463 22 0.0779221 39 0.535762 2854871 319701 319701 2854871 1170887 1774486 4374984 524137 524137 4374984 3599438 390273 390273 3599438
r-385 32 0.237903 24 0.615942 940770 695496 695496 695496 1203923 531566 1414338 1113583 1113583 1113583 1588616 1050468 1050468 1050468
r-296 24 0.565217 18 0.20915 103757 44686 103757 44686 150046 38199 150786 62938 150786 62938 43365 89403 43365 89403
r-912 36 0.866667 34 0.245989 793423 544103 544103 544103 860514 322068 1312127 972088 972088 972088 1093458 612318 612318 612318
r-358 32 0.264113 33 0.541667 24350325 22687675 22687675 24350325 30698524 20338920 40706155 41036654 41036654 40706155 35004988 33968468 33968468 35004988
r-512 35 0.0436975 26 0.941538 12921 6259 6259 6259 12148 3506 29352 14637 14637 14637 15612 10603 10603 10603
r-536 38 0.910384 21 0.0714286 4587 14863 4587 14863 8613 7703 12906 28906 12906 28906 13904 16158 13904 16158
r-445 36 0.934921 37 0.606607 82982248 4780979 4780979 82982248 67954289 8114033 126584547 7334236 7334236 126584547 106072221 27799235 27799235 106072221
r-298 27 0.327635 23 0.711462 439323 460397 439323 460397 571235 318202 697927 718001 697927 718001 639268 440342 639268 440342
r-734 17 0.897059 17 0.0735294 744 1537 744 744 1413 1204 1821 2849 1821 1821 687 2006 687 687
r-963 18 0.862745 37 0.0105105 938 11216 938 938 10355 771 4080 27457 4080 4080 2738 10972 2738 2738
r-376 39 0.746289 21 1 -1 -1 -1 -1 -1 -1 -1 -1 -1 -1 -1 -1 -1 -1
r-727 23 0.794466 12 0.0606061 1220 5402 1220 5402 2800 3314 2396 9016 2396 9016 1434 3401 1434 3401
r-45 33 0.833333 22 0.316017 144248 72574 72574 72574 167721 48392 217870 109804 109804 109804 222027 115442 115442 115442
r-599 40 0.529487 16 0.675 2427783 599924 2427783 599924 2606547 572061 3640806 752139 3640806 752139 2378196 598788 2378196 598788
r-70 40 0.364103 30 0.287356 -1 -1 -1 -1 -1 -1 -1 -1 -1 -1 -1 -1 -1 -1
r-475 15 0.980952 27 0.267806 30358 3329 3329 30358 24184 11489 51166 6541 6541 51166 35239 9355 9355 35239
r-781 39 0.31309 23 0.695652 3017049 2115546 3017049 2115546 3731019 1779032 4919553 3334639 4919553 3334639 5308908 2462911 5308908 2462911
r-318 20 0.0894737 10 0.133333 1 1 1 1 1 1 1 1 1 1 1 1 1 1
r-460 21 0.152381 12 0.181818 414 1 1 1 414 1 414 1 1 1 657 1 1 1
r-701 34 0.989305 35 0.907563 -1 -1 -1 -1 -1 -1 -1 27293902 27293902 -1 -1 -1 -1 -1
r-364 38 0.594595 27 0.894587 3253934 18656184 3253934 18656184 9407039 9851961 5295699 28515153 5295699 28515153 8850850 24400163 8850850 24400163
r-274 17 0.404412 38 0.059744 3005 1811224 3005 3005 1881685 7253 4428 3042191 4428 4428 3367 1937293 3367 3367
r-357 18 0.777778 27 0.139601 11285 15537 11285 11285 21883 7137 16848 16668 16848 16848 11218 20493 11218 11218
r-643 25 0.956667 16 0.325 25571 1038 1038 1038 26011 634 37148 2116 2116 2116 7940 2831 2831 2831
r-604 31 0.4 25 0.176667 2495416 3723627 2495416 3723627 3871221 2923511 3877820 5922918 3877820 5922918 4117059 3338331 4117059 3338331
r-606 17 0.742647 25 0.74 10841 71382 71382 10841 65913 11240 12557 80518 80518 12557 7748 62713 62713 7748
r-778 16 0.175 21 0.395238 19914 15482 15482 19914 22801 18593 26961 20923 20923 26961 14120 30061 30061 14120
r-957 14 0.571429 34 0.254902 7848 47600 7848 7848 56146 7093 9563 65078 9563 9563 16248 58937 16248 16248
r-408 36 0.9 27 0.304843 157715 63639 63639 63639 165095 26730 278945 96336 96336 96336 176481 117589 117589 117589
r-740 18 0.0326797 28 0.320106 9722109 237437 237437 9722109 8432242 3274831 11624962 322717 322717 11624962 9482948 849595 849595 9482948
r-533 19 0.0994152 40 0.347436 2499769 2188034 2188034 2499769 4789449 2140683 3082708 3352993 3352993 3082708 1914195 3412382 3412382 1914195
r-758 29 0.46798 13 0.961538 22687 30611 22687 30611 96928 22240 33284 42063 33284 42063 41086 34847 41086 34847
r-4 37 0.159159 28 0.285714 24723520 3010251 3010251 3010251 24554983 3839682 37522635 4279897 4279897 4279897 30568664 3157133 3157133 3157133
r-343 15 0.514286 33 0.24053 27067 114201 27067 27067 121670 26356 36985 150792 36985 36985 137857 171070 137857 137857
r-746 13 0.576923 21 0.219048 1908 9233 1908 1908 9133 1854 2354 12249 2354 2354 3540 9138 3540 3540
r-29 31 0.602151 20 0.0894737 48459 131135 48459 131135 117911 79848 78367 222121 78367 222121 154034 252118 154034 252118
r-775 38 0.486486 31 0.0473118 749651 17876398 749651 17876398 11467010 2308679 1227255 30071305 1227255 30071305 1412241 18085281 1412241 18085281
r-64 28 0.539683 14 0.197802 78575 58447 78575 58447 101257 53480 112297 75166 112297 75166 110643 77348 110643 77348
r-22 19 0.497076 23 0.383399 266906 466705 266906 266906 379069 261140 417623 838437 417623 417623 290559 313819 290559 290559
r-156 32 0.205645 36 0.211111 158406466 220189102 220189102 158406466 -1 141990926 -1 -1 -1 -1 -1 -1 -1 -1
r-16 25 0.0166667 34 0.766488 98524 12750 12750 98524 66105 32830 213679 26139 26139 213679 107746 40901 40901 107746
r-294 10 0.577778 15 0.761905 39 690 39 39 647 42 41 922 41 41 72 655 72 72
r-641 31 0.232258 24 0.981884 13740 96733 13740 96733 71823 32360 23784 197040 23784 197040 21018 105310 21018 105310
r-852 38 0.25889 35 0.0168067 24749192 -1 24749192 -1 -1 -1 32142374 -1 32142374 -1 -1 -1 -1 -1
r-523 36 0.306349 35 0.642017 81871055 68636899 68636899 68636899 95171313 58031879 147748048 124291639 124291639 124291639 98004998 85725941 85725941 85725941
r-324 19 0.0818713 24 0.0543478 1100 -1 1100 1100 105800597 29804 1102 -1 1102 1102 179 -1 179 179
r-924 21 0.642857 37 0.312312 1186361 2025778 1186361 1186361 2727768 1013511 1857201 3146467 1857201 1857201 1341576 2796745 1341576 1341576
r-588 38 0.392603 32 0.1875 88919439 115413058 88919439 115413058 158597792 89126237 149521278 -1 149521278 -1 111545105 88776564 111545105 88776564
r-931 29 0.527094 30 0.565517 55532448 62327308 55532448 55532448 57480196 50547234 108831931 126473061 108831931 108831931 57733693 66582696 57733693 57733693
r-102 30 0.708046 15 0.990476 4287381 -1 4287381 -1 -1 -1 4696922 -1 4696922 -1 93861832 -1 93861832 -1
r-166 39 0.897436 25 0.0166667 11386 31221 11386 31221 33318 14688 24999 66922 24999 66922 11350 33738 11350 33738
r-481 18 0.0130719 25 0.5 2655507 60259 60259 2655507 2801730 348249 3422445 84022 84022 3422445 2866890 86462 86462 2866890
