instance n1 density1 n2 density2 mcsplit mcsplit-swapped mcsplit-smart-swapped mcsplit+f mcsplit+bigf mcsplit-b mcsplit-b-swapped mcsplit-b-smart-swapped mcsplit-nosort mcsplit-nosort-swapped mcsplit-nosort-smart-swapped
r-494 24 0.82971 24 0.952899 126767 100523733 126767 40724234 16807072 116389 106607872 116389 33703840 356005503 33703840
r-635 24 0.297101 24 0.855072 86130 119276 86130 138499 96206 130401 190454 130401 96662 168729 96662
r-189 24 0.956522 24 0.0543478 7070 1646 1646 6257 1156 13396 6633 6633 6017 1798 1798
r-622 24 0.608696 24 0.572464 2494294 1833824 1833824 2604416 1665081 4632008 3227753 3227753 2737911 2305135 2305135
r-473 24 0.967391 24 0.710145 16176801 20018 20018 10041062 19210 18859747 19721 19721 22019540 736102 736102
r-45 24 0.90942 24 0.34058 65633 26443 26443 62697 13937 112249 40108 40108 54362 29484 29484
r-22 24 0.568841 24 0.289855 557059 696249 557059 841586 610794 840749 1054788 840749 957667 1217234 957667
r-6 24 0.0942029 24 0.82971 21884 18369 18369 23637 10971 32602 28224 28224 21954 27234 27234
r-959 24 0.427536 24 0.0398551 22567 3398281 22567 1796777 271064 22717 4652342 22717 130510 3937273 130510
r-424 24 0.434783 24 0.449275 4308964 3769658 3769658 4384059 3430212 7788608 6786651 6786651 5062357 3688560 3688560
r-647 24 0.561594 24 0.884058 113454 538693 113454 371033 307859 176082 883384 176082 168430 526912 168430
r-70 24 0.438406 24 0.985507 9462 742257 9462 538316 63597 10775 1355169 10775 36653 782428 36653
r-896 24 0.17029 24 0.057971 61934 16283434 61934 4273501 4243178 75526 17954890 75526 4726827 29759798 4726827
r-307 24 0.0615942 24 0.51087 554990 20489 20489 429838 17217 763918 25951 25951 531755 54301 54301
r-97 24 0.807971 24 0.105072 16186 14249 16186 18446 9591 15674 24530 15674 19858 24966 19858
r-659 24 0.344203 24 0.224638 511457 1678292 511457 1214723 1336047 692379 2762962 692379 857230 1225145 857230
r-825 24 0.768116 24 0.434783 296471 247776 247776 330497 168123 408795 333333 333333 634277 339274 339274
r-523 24 0.376812 24 0.141304 154972 637018 154972 426294 480097 168774 1022747 168774 178037 854899 178037
r-948 24 0.192029 24 0.612319 146900 154528 154528 174429 101499 205480 229126 229126 253827 190761 190761
r-770 24 0.380435 24 0.67029 661476 503454 661476 806747 410178 1062105 763203 1062105 826341 908657 826341
r-82 24 0.148551 24 0.336957 843448 99704 99704 734753 132982 1322313 124519 124519 859826 547185 547185
r-302 24 0.521739 24 0.858696 106623 478167 106623 308694 326077 163054 832436 163054 194535 380846 194535
r-961 24 0.148551 24 0.869565 24368 19777 24368 27955 14191 36800 29128 36800 31052 31841 31052
r-957 24 0.0688406 24 0.460145 413354 28531 28531 327591 28464 599302 41438 41438 434790 74633 74633
r-654 24 0.286232 24 0.326087 1988329 1247332 1247332 2106229 1103409 3207072 1931342 1931342 1425370 1203074 1203074
r-863 24 0.913043 24 1 -1 -1 -1 -1 -1 -1 -1 -1 -1 -1 -1
r-343 24 0.605072 24 0.887681 69524 587455 69524 358123 307923 94936 903955 94936 245159 466229 245159
r-493 24 0.0797101 24 0.173913 7803045 288746 288746 5714302 334070 8771603 350690 350690 22501895 1208819 1208819
r-971 24 0.572464 24 0.0144928 22615 578991 22615 356051 100695 37087 903838 37087 24765 270366 24765
r-326 24 0.0144928 24 0.297101 214523646 591525 591525 180264588 577873 257029832 754278 754278 287581099 4641162 4641162
r-879 24 0.380435 24 0.057971 42762 1444038 42762 596164 288871 59452 1985691 59452 109421 1443695 109421
r-548 24 0.913043 24 0.597826 586896 43885 43885 435235 45076 836715 60635 60635 865141 320061 320061
r-120 24 0.474638 24 0.931159 20392 396476 20392 178276 74248 30212 537123 30212 56745 363767 56745
r-736 24 0.804348 24 0.0471014 10179 20169 10179 19436 14327 19285 37500 19285 19285 22307 19285
r-246 24 0.00362319 24 0.326087 -1 15882263 15882263 -1 15875535 -1 16146649 16146649 -1 -1 -1
r-644 24 0.0144928 24 0.0942029 -1 144109 144109 -1 134416 -1 120185 120185 -1 -1 -1
r-168 24 0.387681 24 0.076087 83069 1209685 83069 767270 327551 85567 1688925 85567 241061 998177 241061
r-511 24 0.717391 24 0.181159 66743 53654 66743 77304 32318 89560 82584 89560 85171 115292 85171
r-300 24 0.148551 24 0.496377 661791 208028 208028 597017 266787 1174183 341484 341484 461845 288388 288388
r-990 24 0.688406 24 0.5 877975 1861429 1861429 1115142 1526006 1314811 3039128 3039128 1963242 1414310 1414310
r-974 24 0.594203 24 0.373188 674304 895083 674304 937050 770604 892700 1380687 892700 966862 1285036 966862
r-33 24 0.826087 24 0.463768 233337 104367 104367 288071 63687 336582 154181 154181 244449 170679 170679
r-510 24 0.166667 24 0.996377 7541 18018 7541 14105 9059 13758 43331 13758 13173 17862 13173
r-514 24 0.355072 24 0.865942 51182 59891 51182 86266 50576 77827 95022 77827 99308 105444 99308
r-367 24 0.757246 24 0 12665 94537 12665 84783 20276 20090 213002 20090 23057 94401 23057
r-226 24 0.210145 24 0.206522 630168 960188 630168 1027020 698291 877393 1338436 877393 2301969 1421654 2301969
r-774 24 0.887681 24 0.789855 937192 82868 82868 676095 115594 1206483 105982 105982 2323310 7641397 7641397
r-724 24 0.735507 24 0.626812 2829674 1307112 1307112 2576915 1400582 4869212 2007355 2007355 2348399 1999297 1999297
r-842 24 0.572464 24 0.597826 4955100 5461724 4955100 5843188 4760658 8762908 10082112 8762908 5400611 5480004 5400611
r-69 24 0.00362319 24 0.434783 100122843 704008 704008 90772664 703160 152712438 1033331 1033331 112064766 257912 257912
r-651 24 0.126812 24 0.568841 235873 144192 144192 269801 73880 348325 220984 220984 385431 251259 251259
r-803 24 0.963768 24 0.923913 -1 3479065 3479065 -1 3477515 -1 3512768 3512768 -1 -1 -1
r-584 24 0.333333 24 0.742754 192356 213562 192356 210191 162971 288231 305736 288231 365685 425202 365685
r-626 24 0.0181159 24 0.467391 12048976 62008 62008 11263942 58777 14822690 86341 86341 11847544 1562788 1562788
r-748 24 0.782609 24 0 10385 312224 10385 286514 17794 17335 413465 17335 22458 307245 22458
r-383 24 0.757246 24 0.862319 162376 471353 162376 335728 364463 186276 668202 186276 540137 648332 540137
r-252 24 0.735507 24 0.0797101 17403 56417 17403 38169 33058 25167 99402 25167 25893 56057 25893
r-983 24 0.434783 24 0.514493 3411362 2651845 2651845 3711974 2424786 5877666 4459182 4459182 3900171 4019008 4019008
r-28 24 0.362319 24 0.221014 1517227 3026320 1517227 2357529 2058384 2367518 5176058 2367518 1588178 1733411 1588178
r-859 24 0.416667 24 0.17029 326251 968534 326251 627805 803132 505397 1607303 505397 690364 811257 690364
r-403 24 0.521739 24 0.623188 2738689 4286047 2738689 3658463 3435413 4616947 8109098 4616947 3719542 4060106 3719542
r-711 24 0.398551 24 0.344203 2645676 3051547 2645676 3353882 2668654 4684870 5532025 4684870 2191540 2473065 2191540
r-475 24 0.746377 24 0.721014 1410487 1190385 1190385 1840550 1055534 2039706 1695556 1695556 1822740 1591820 1591820
r-942 24 0.307971 24 0.452899 3618321 1835650 1835650 3291956 1962877 6604925 2941600 2941600 3050301 2143360 2143360
r-108 24 0.648551 24 0.503623 3532380 1708615 1708615 3218430 1706764 6856822 2854729 2854729 3000784 2429589 2429589
r-282 24 0.847826 24 0.181159 59128 63919 63919 76393 39390 89770 96573 96573 89604 92657 92657
r-911 24 0.721014 24 0.336957 328698 334374 334374 489935 242615 492836 503075 503075 578500 368208 368208
r-853 24 0.543478 24 0.855072 124992 608124 124992 387870 431011 179762 1000832 179762 496514 652124 496514
r-692 24 0.807971 24 0.655797 2093899 503001 503001 1810921 662024 3227083 719624 719624 1914891 1037614 1037614
r-844 24 0.666667 24 0.518116 2873047 1266093 1266093 2462862 1300872 5406562 2076599 2076599 1683498 1776760 1776760
r-562 24 0.423913 24 0.873188 37842 224936 37842 158664 87702 41930 293303 41930 48505 106794 48505
r-733 24 0.0434783 24 0.98913 731 2948 731 2691 1786 6275 10573 6275 2828 3105 2828
r-105 24 0.17029 24 0.923913 20937 30797 20937 29154 19268 21896 50068 21896 22013 36070 22013
r-257 24 0.84058 24 0.681159 1345330 313828 313828 1267543 489830 2076941 431572 431572 936647 1220864 1220864
r-747 24 0.913043 24 0.0362319 1167 5593 1167 3088 3658 5447 12830 5447 2209 4347 2209
r-467 24 0.434783 24 0.224638 707731 2204509 707731 1494134 1692604 1103337 3954217 1103337 1108260 1809871 1108260
r-870 24 0.416667 24 0.942029 19733 237070 19733 155008 65281 22897 339512 22897 40581 252064 40581
r-260 24 0.807971 24 0.981884 1498331 -1 1498331 -1 -1 1628392 -1 1628392 186763229 -1 186763229
r-757 24 0.166667 24 0.858696 32201 47752 32201 39995 27470 47557 71162 47557 47360 59659 47360
r-564 24 0.746377 24 0.938406 348987 12786458 348987 5532215 2423935 448377 15682774 448377 2641162 12826781 2641162
r-199 24 0.728261 24 0.0144928 5162 39273 5162 29492 20698 10222 95697 10222 13646 39975 13646
r-247 24 0.539855 24 0.800725 320158 849332 320158 634936 667229 530651 1589244 530651 388989 851443 388989
r-646 24 0.855072 24 0.82971 298413 196294 196294 368757 187490 380842 252075 252075 604094 1721374 1721374
r-136 24 0.865942 24 0.82971 405001 135873 135873 376801 150829 502759 168558 168558 2796882 825553 825553
r-56 24 0.492754 24 0.873188 61705 358005 61705 217539 155268 91692 490908 91692 172049 350588 172049
r-778 24 0.822464 24 0.952899 45053 128175611 45053 51213126 18649511 48367 126416366 48367 90098 211362044 90098
r-583 24 0.597826 24 0.985507 93367 67724517 93367 55142687 1820681 113082 79113205 113082 1813386 69086515 1813386
r-361 24 0.0905797 24 0.804348 26950 12466 12466 19895 6710 42810 19872 19872 40900 18731 18731
r-962 24 0.336957 24 0.688406 398386 489392 398386 559971 372985 604061 770583 604061 759487 664508 759487
r-102 24 0.00724638 24 0.181159 -1 394796221 394796221 -1 394786167 -1 317113527 317113527 -1 -1 -1
r-875 24 0.764493 24 0.264493 128044 160568 160568 181962 95999 183734 238036 238036 223282 139156 139156
r-27 24 0.952899 24 0.307971 47472 6281 6281 33023 4215 78217 9323 9323 51791 17389 17389
r-591 24 0.467391 24 0.532609 2715910 2911531 2715910 3165509 2652172 4637095 5018108 4637095 3339220 3815620 3339220
r-235 24 0.931159 24 0.0507246 3274 4256 3274 4482 2927 7228 11313 7228 2560 4844 2560
r-274 24 0.594203 24 0.945652 43136 2562606 43136 1545075 306195 60995 3603870 60995 123216 2824657 123216
r-998 24 0.474638 24 0.115942 73086 463245 73086 335936 212924 104510 752671 104510 214171 507470 214171
r-552 24 0.956522 24 0.00362319 577 2444 577 2040 1164 6071 7738 6071 659 2612 659
r-277 24 0.634058 24 0.550725 4012364 2657229 2657229 4018919 2507328 7243746 4470525 4470525 3358098 3363259 3363259
r-992 24 0.32971 24 0.938406 22194 85887 22194 73264 40574 27883 100675 27883 15618 57532 15618
r-265 24 0.884058 24 0.101449 15582 15567 15582 20205 10792 26185 26859 26185 25958 30142 25958
r-700 24 0.228261 24 0.257246 715635 581694 581694 742932 492922 1016715 775461 775461 997447 1257010 1257010
r-568 24 0.768116 24 0.322464 127503 160896 160896 133900 99821 180227 220338 220338 151178 195365 195365
r-611 24 0.865942 24 0.398551 78166 37424 37424 69222 23774 116963 42001 42001 127159 43932 43932
r-311 24 0.431159 24 0.141304 124138 430175 124138 270268 316126 176787 737480 176787 145486 344958 145486
r-87 24 0.231884 24 0.927536 9319 27659 9319 20543 17830 15225 55436 15225 18085 34463 18085
r-627 24 0.42029 24 0.594203 1345022 1916997 1345022 1537411 1620876 2182919 3072300 2182919 2007755 2165122 2007755
r-13 24 0.971014 24 0.557971 1705332 33306 33306 1269771 29921 2487194 51638 51638 1718665 504978 504978
r-292 24 0.626812 24 0.282609 542775 529848 542775 722454 462279 862427 766187 862427 944127 1160359 944127
r-487 24 0.322464 24 0.416667 2048974 1399710 1399710 1976131 1350062 3637301 2258934 2258934 1827980 1433427 1433427
r-176 24 0.271739 24 0.322464 2204800 973714 973714 2200846 1011205 3478221 1595559 1595559 1681171 2835284 2835284
r-433 24 0.887681 24 0.641304 1529903 142586 142586 1119796 214931 2254486 201603 201603 1376525 672930 672930
r-10 24 0.0507246 24 0.623188 102021 12679 12679 72920 9280 184145 22198 22198 132512 55111 55111
r-865 24 0.67029 24 0.597826 4433502 2143736 2143736 4529428 2178214 8119795 3693967 3693967 2891822 2747959 2747959
r-58 24 0.282609 24 0.0797101 148156 8694560 148156 3415691 2233737 186507 10774511 186507 305287 9057632 305287
r-518 24 0.402174 24 0.416667 3868714 4010999 4010999 4258027 3330268 7005382 7120227 7120227 3742446 4607239 4607239
r-165 24 0.333333 24 0.228261 690063 1886361 690063 1180437 1527319 1054164 3092930 1054164 2094111 1832634 2094111
r-94 24 0.876812 24 0.231884 25772 19482 19482 28180 10876 44569 21358 21358 30207 26728 26728
r-963 24 0.528986 24 0.326087 673959 1081775 673959 968681 877369 1021281 1607756 1021281 908399 1682715 908399
r-652 24 0.641304 24 0.98913 144717 175568687 144717 131838343 1798880 153595 191609404 153595 784408 170530947 784408
r-597 24 0.822464 24 0.0289855 3741 14914 3741 9542 5952 8785 26605 8785 5813 17696 5813
r-867 24 0.0507246 24 0.278986 9044114 12842 12842 7343064 12772 10286713 16389 16389 11588981 57865 57865
r-930 24 0.221014 24 0.449275 1130835 303963 303963 913201 347907 1900762 445926 445926 828774 927264 927264
r-256 24 0.822464 24 0.474638 224252 118273 118273 236407 77902 319141 165744 165744 280976 209472 209472
r-384 24 0.00724638 24 0.141304 -1 276569447 276569447 -1 276556559 -1 277786686 277786686 -1 -1 -1
r-918 24 0.0905797 24 0.717391 75657 13464 13464 67336 6839 108858 18795 18795 39750 15840 15840
r-512 24 0.710145 24 0.413043 471991 307471 307471 550343 248117 697051 448436 448436 918277 663832 663832
r-323 24 0.757246 24 0.402174 373524 176368 176368 404542 122236 545113 247769 247769 670557 306355 306355
r-474 24 0.554348 24 0.173913 145870 190750 145870 204042 115816 175927 278867 175927 236695 269696 236695
r-333 24 0.0398551 24 0.934783 5352 1966 1966 5189 1226 12603 6950 6950 5565 2931 2931
r-704 24 0.681159 24 0.365942 395614 501428 501428 637260 365205 580941 760148 760148 978894 642699 642699
r-373 24 0.384058 24 0.503623 2228686 1954920 1954920 2643785 1690587 3659550 3261118 3261118 2786033 2475121 2475121
r-719 24 0.572464 24 0.565217 4139421 3886766 3886766 4110037 3439404 7438810 6907210 6907210 4845874 4273018 4273018
r-589 24 0.224638 24 0.380435 1687015 992475 992475 1698299 997666 2889676 1491987 1491987 1508727 1273799 1273799
r-925 24 0.630435 24 0.945652 55130 4665434 55130 3041348 669393 77757 6921452 77757 964234 5129232 964234
r-121 24 0.0652174 24 0.786232 23534 19256 19256 33003 11604 46115 30173 30173 30039 22584 22584
r-878 24 0.550725 24 0.25 279425 227084 279425 274042 173309 412721 323331 412721 315640 355120 315640
r-901 24 0.710145 24 0.0507246 12976 114395 12976 76870 31933 16221 174903 16221 13840 108830 13840
r-554 24 0.268116 24 0.242754 1877594 2857110 1877594 2559488 2321213 2782458 4289699 2782458 3954173 3238565 3954173
r-669 24 0.913043 24 0.931159 110632 838930 110632 323880 504269 114075 563603 114075 4584399 3160803 4584399
r-595 24 0.188406 24 0.398551 690362 171784 171784 662705 205596 1261801 268459 268459 634284 469770 469770
r-641 24 0.0289855 24 0.630435 237923 6701 6701 193783 5383 338953 11564 11564 220466 15783 15783
r-862 24 0.713768 24 0.355072 177789 395667 395667 216081 301417 215476 564321 564321 637440 349941 349941
r-188 24 0.797101 24 0.619565 718327 121535 121535 649082 148821 1223383 183020 183020 973877 365469 365469
r-740 24 0.717391 24 0.358696 264956 317049 317049 357988 239833 339742 486945 486945 467441 453113 453113
r-945 24 0.844203 24 0.92029 43337 465332 43337 151052 336720 27392 432492 27392 159740 1914435 159740
r-285 24 0.742754 24 0.0289855 7579 53550 7579 47863 27652 14012 103543 14012 15669 40496 15669
r-411 24 0.98913 24 0.387681 277354 37705 37705 247435 35562 476836 43226 43226 314025 65738 65738
r-478 24 0.15942 24 0.0652174 89087 5758110 89087 1079709 1968838 94375 5815059 94375 765419 18048965 765419
r-354 24 0.141304 24 0.181159 377931 430099 430099 403422 424803 475632 509936 509936 3387031 1113843 1113843
r-355 24 0.0217391 24 0.115942 -1 325031 325031 -1 323701 -1 333131 333131 -1 -1 -1
r-947 24 0.713768 24 0.0471014 9024 67645 9024 51968 22244 15802 123608 15802 10861 65076 10861
r-880 24 0.952899 24 0.384058 243799 9111 9111 125480 5238 381112 14598 14598 89110 23097 23097
r-324 24 0.224638 24 0.0942029 181264 929958 181264 634718 452107 210742 1166298 210742 874732 1969422 874732
r-618 24 0.637681 24 0.235507 378110 448340 378110 557535 377212 574043 675854 574043 591440 901215 591440
r-275 24 0.735507 24 0.347826 227033 204145 204145 274385 142335 336132 302252 302252 428142 350040 350040
r-917 24 0.0434783 24 0.188406 373999622 167903 167903 253479278 163999 400938567 193216 193216 371915761 542089 542089
r-125 24 0.615942 24 0.695652 1472522 2752847 1472522 2143045 2060778 2470276 4954005 2470276 1727563 2300730 1727563
r-211 24 0.333333 24 0.0398551 107960 6991892 107960 4588884 428933 138743 8680597 138743 1130322 6939394 1130322
r-369 24 0.905797 24 0.293478 36715 21903 21903 43853 9790 67460 33843 33843 70984 31104 31104
r-49 24 0.00362319 24 0.597826 549090 353512 353512 376397 353108 799915 397370 397370 590440 42783 42783
r-980 24 0.800725 24 0.0797101 18309 20673 18309 28695 15634 31370 32796 31370 33696 33283 33696
r-280 24 0.518116 24 0.0434783 25386 1218710 25386 893398 195725 34060 1658266 34060 161397 1232964 161397
r-118 24 0.793478 24 0.887681 220457 1412846 220457 702642 1152511 273917 1791319 273917 2171005 2592561 2171005
r-728 24 0.365942 24 0.297101 1650097 2754108 1650097 2456809 2155218 2359358 4707224 2359358 3259584 2509616 3259584
r-640 24 0.963768 24 0.173913 19689 3637 3637 14318 1844 36592 8343 8343 21447 8682 8682
r-913 24 0.0652174 24 0.271739 3646081 100890 100890 2249238 108904 4674033 135260 135260 3603069 244959 244959
r-191 24 0.619565 24 0.0398551 24931 109733 24931 100073 38722 23327 198257 23327 32744 120641 32744
r-689 24 0.971014 24 0.155797 11176 1860 1860 6835 1276 20406 6320 6320 11730 2504 2504
r-203 24 0.362319 24 0.623188 779662 795166 795166 934567 639893 1212338 1193771 1193771 1500048 1500948 1500948
r-775 24 0.278986 24 0.992754 6838 110104 6838 80019 19264 11132 173885 11132 11054 113791 11054
r-378 24 0.434783 24 0.221014 553546 1700345 553546 1147564 1350021 853911 2959997 853911 861650 1471117 861650
r-184 24 0.902174 24 0.416667 351414 27539 27539 182536 13699 480188 37495 37495 268011 45768 45768
r-758 24 0.797101 24 0.311594 99987 138545 138545 150832 86854 140357 211684 211684 188932 138969 138969
r-664 24 0.108696 24 0.474638 395896 60216 60216 339337 66833 619677 92854 92854 401783 121243 121243
r-995 24 0.811594 24 0.0797101 19466 20848 19466 19440 12611 16462 23859 16462 11387 24911 11387
r-817 24 0.221014 24 1 14373 171773 14373 160720 40602 24376 281789 24376 28221 171699 28221
r-223 24 0.902174 24 0.851449 3181621 877063 877063 2804735 857506 3398757 930125 930125 3274935 1369500 1369500
r-88 24 0.492754 24 0.119565 44404 209608 44404 165759 150176 67417 374709 67417 211736 205144 211736
r-57 24 0.163043 24 0.699275 130529 127073 127073 155223 99212 199415 193433 193433 196747 128504 128504
r-278 24 0.0833333 24 0.199275 23056241 519137 519137 13085797 561460 25160722 636706 636706 37954758 10998039 10998039
r-213 24 0.445652 24 0.297101 1473705 3675180 1473705 2619728 2646740 2425717 6848377 2425717 2420700 2895812 2420700
r-143 24 0.0724638 24 0.525362 313554 19395 19395 217066 14481 458769 17383 17383 140530 24939 24939
r-931 24 0.847826 24 0.137681 11664 14949 11664 14049 10710 17889 23589 17889 12952 15756 12952
r-981 24 0.583333 24 0.188406 254611 264733 254611 402099 220517 382972 382338 382972 269207 272534 269207
r-16 24 0.286232 24 0.105072 113933 1564292 113933 718383 672709 151300 2099542 151300 398634 1386666 398634
r-319 24 0.115942 24 0.637681 182708 79916 79916 176305 48567 278246 123249 123249 105613 72095 72095
r-50 24 0.485507 24 0.344203 1650233 3503122 1650233 2758473 2405602 2643881 6491055 2643881 2030587 3017827 2030587
r-422 24 0.271739 24 0.275362 2479617 2475463 2475463 2902186 2299956 3890542 3893673 3893673 2997971 2947253 2947253
r-721 24 0.971014 24 0.210145 24258 4461 4461 20877 3204 47627 7701 7701 19877 5848 5848
r-816 24 0.0144928 24 0.221014 -1 113913 113913 -1 111628 -1 165132 165132 -1 73464431 73464431
r-586 24 0.978261 24 0.0326087 2711 606 606 2386 589 7954 5310 5310 2184 1150 1150
r-616 24 0.992754 24 0.98913 324 281 281 323 282 350 307 307 -1 36382 36382
r-243 24 0.934783 24 0.188406 22293 12294 12294 25561 6125 44875 18281 18281 30352 17675 17675
r-132 24 0.0362319 24 0.82971 34770 3470 3470 19718 1811 51196 7420 7420 14504 5947 5947
r-173 24 0.731884 24 0.84058 194306 870914 194306 490443 657878 269463 1285731 269463 349054 1428397 349054
r-845 24 0.391304 24 0.967391 9881 405489 9881 308923 30170 13472 431634 13472 24784 420201 24784
r-513 24 0.753623 24 0.648551 4039178 2161214 2161214 3595816 2434823 6818615 3369302 3369302 3604826 3127218 3127218
r-827 24 0.0362319 24 0.5 675385 27755 27755 472065 25488 921852 35547 35547 613023 41405 41405
r-819 24 0.492754 24 0.503623 3860660 4459622 4459622 4518377 4039198 6791155 8196543 8196543 4577713 4292087 4292087
r-177 24 0.137681 24 0.731884 79330 59345 59345 79689 30816 126908 91828 91828 123485 68939 68939
r-874 24 0.797101 24 0.518116 1710190 453648 453648 1433266 571255 2936736 664122 664122 1350913 1133163 1133163
r-991 24 0.688406 24 0.134058 50831 43882 50831 62395 38299 70799 72230 70799 89257 116140 89257
r-585 24 0.568841 24 0.992754 1629538 27831452 1629538 23211818 2781938 1746467 35605280 1746467 1284249 26892731 1284249
r-101 24 0.0869565 24 0.826087 18320 12613 12613 18433 8128 29134 19864 19864 21431 19029 19029
r-580 24 0.811594 24 0.15942 33680 29593 33680 32105 18733 51366 45367 51366 47563 36924 47563
r-779 24 0.978261 24 0.561594 1703128 267317 267317 1286686 265619 2409603 281131 281131 2875503 161823 161823
r-42 24 0.206522 24 0.507246 425488 302120 302120 471190 216394 630308 449138 449138 675167 497538 497538
r-732 24 0.641304 24 0.485507 1813702 1981603 1981603 2234021 1679088 2903631 3299937 3299937 2648916 2443724 2443724
r-988 24 0.847826 24 0.336957 61092 51085 51085 66079 21278 95093 71789 71789 101266 97462 97462
r-538 24 0.0507246 24 0.195652 46085042 151709 151709 31673789 129806 49931908 178161 178161 52721083 1018239 1018239
r-715 24 0.152174 24 0.916667 4841 14455 4841 8422 8438 8595 26439 8595 5721 14021 5721
r-760 24 0.532609 24 0.771739 847120 1991599 847120 1425981 1570298 1328722 3611662 1328722 1274895 1401030 1274895
r-634 24 0.492754 24 0.583333 2202345 2634310 2202345 2813490 2224549 3662392 4430444 3662392 3116735 2828779 3116735
r-906 24 0.905797 24 0.289855 51604 22139 22139 55627 12062 80755 35025 35025 82455 39610 39610
r-638 24 0.318841 24 0.344203 2628804 2144311 2144311 3100408 1808629 4145437 3192614 3192614 3037565 3080104 3080104
r-470 24 0.507246 24 0.163043 115405 165872 115405 159058 110052 158405 246577 158405 184628 217391 184628
r-676 24 0.583333 24 0.507246 3904348 2711937 2711937 3804401 2530263 7429337 4721149 4721149 2992479 3520215 3520215
r-783 24 0.724638 24 0.123188 25653 32986 25653 40798 22255 34478 56442 34478 27028 62381 27028
r-813 24 0.532609 24 0.960145 20191 1390323 20191 758517 172383 31149 2159804 31149 66419 1575169 66419
r-427 24 0.98913 24 0.0362319 1787 563 563 1735 587 8055 6082 6082 1972 863 863
r-847 24 0.735507 24 0.445652 399172 427665 427665 529993 259598 579957 665426 665426 866856 552328 552328
r-259 24 0.148551 24 0.119565 50400 138026 50400 95339 121914 59796 165867 59796 213764 1094017 213764
r-358 24 0.887681 24 0.648551 1662944 216974 216974 1341855 284856 2437174 311568 311568 1893081 575428 575428
r-347 24 0.528986 24 0.0434783 30432 469213 30432 356675 61088 30090 681119 30090 67190 177060 67190
r-283 24 0.0688406 24 0.586957 227101 35894 35894 182555 18417 308413 53740 53740 199281 68344 68344
r-103 24 0.503623 24 0.731884 535437 1719351 535437 1210252 1283192 808510 3266961 808510 892656 1305260 892656
r-755 24 0.115942 24 0.108696 215982 460691 215982 329753 420457 242270 482010 242270 999136 2148506 999136
r-745 24 0.731884 24 0.974638 719209 119844959 719209 81791224 6058433 907661 143093512 907661 5925857 108130773 5925857
r-569 24 0.0181159 24 0.884058 11557 1198 1198 10269 973 20797 6145 6145 12774 4314 4314
r-220 24 0.641304 24 0.637681 2810401 2142073 2142073 2932265 1899837 4864656 3653006 3653006 2923038 2724357 2724357
r-268 24 0.518116 24 0.112319 116811 384764 116811 244901 223625 172589 564568 172589 192516 431267 192516
r-141 24 0.5 24 0.822464 152905 467596 152905 379464 308147 214306 662369 214306 244166 665935 244166
r-337 24 0.184783 24 0.315217 1580701 619124 619124 1321967 728399 2454114 881200 881200 1831059 1200861 1200861
r-886 24 0.721014 24 0.949275 62382 8365933 62382 5182422 909018 64719 9976586 64719 430704 9387474 430704
r-660 24 0.710145 24 0.278986 87799 185736 87799 138041 130476 123629 278932 123629 199807 263694 199807
r-371 24 0.405797 24 0.637681 1052362 1432629 1052362 1512826 1144990 1602763 2334811 1602763 1475817 1848850 1475817
r-951 24 0.952899 24 0.199275 22336 1523 1523 12708 982 46748 5198 5198 15685 5251 5251
r-955 24 0.188406 24 0.742754 50599 48981 48981 51484 30997 53815 66706 66706 61749 73428 73428
r-365 24 0.858696 24 0.286232 77980 42579 42579 84371 24565 109305 53130 53130 104812 60637 60637
r-610 24 0.0724638 24 0.876812 11907 6384 6384 10223 3766 20693 11876 11876 19908 11602 11602
r-24 24 0.855072 24 0.431159 330744 173492 173492 382798 104871 487742 264303 264303 450463 274162 274162
r-29 24 0.655797 24 0.184783 115169 133106 115169 134817 95177 164910 203427 164910 105667 209903 105667
r-707 24 0.347826 24 0.173913 189311 676770 189311 424945 520233 250160 1060296 250160 342796 585260 342796
r-60 24 0.423913 24 0.789855 173055 281179 173055 337719 188362 232810 399245 232810 344670 274847 344670
r-860 24 0.195652 24 0.431159 1054162 334974 334974 948439 420784 1903675 515649 515649 829163 581839 581839
r-238 24 0.137681 24 0.434783 381560 131134 131134 305756 170336 616580 184500 184500 355464 218704 218704
r-528 24 0.721014 24 0.539855 2709914 953828 953828 2376205 1076385 4970771 1494379 1494379 2054138 1833285 1833285
r-970 24 0.202899 24 0.358696 2356996 868191 868191 2082771 1082616 3885019 1287931 1287931 1795015 1214100 1214100
r-643 24 0.0253623 24 0.974638 1455 830 1455 1635 668 6917 6061 6917 2233 1084 2233
r-630 24 0.992754 24 0.927536 -1 57885 57885 -1 57076 -1 8190 8190 -1 -1 -1
r-781 24 0.40942 24 0.865942 86820 107033 86820 127606 86257 123044 165793 123044 140921 211094 140921
r-432 24 0.380435 24 0.282609 964849 1935286 964849 1442481 1412130 1546112 3339146 1546112 1474944 1918070 1474944
r-924 24 0.144928 24 0.373188 1893148 431478 431478 1642744 548214 3232251 637549 637549 1639866 840584 840584
r-99 24 0.981884 24 0.376812 984346 14999 14999 820046 13993 1241529 15800 15800 966732 16015 16015
r-550 24 0.101449 24 0.525362 546295 101334 101334 571495 72752 716523 145539 145539 368056 106834 106834
r-665 24 0.463768 24 0.992754 48164 979327 48164 700118 117298 67993 1421487 67993 489224 1164747 489224
r-710 24 0.34058 24 0.0543478 80592 11123560 80592 5328346 744546 107297 13779683 107297 1643585 11237142 1643585
r-11 24 0.898551 24 0.90942 245888 511021 245888 372318 363152 263178 494772 263178 630091 4890994 630091
r-500 24 0.427536 24 0.583333 1793308 1794984 1793308 2209101 1466097 2892420 2963885 2892420 2694912 2695258 2694912
r-761 24 0.235507 24 0.431159 2436158 828329 828329 2073714 1019426 4373257 1303460 1303460 2014214 1379590 1379590
r-64 24 0.373188 24 0.514493 1672043 1661202 1661202 1998744 1336966 2624412 2800442 2800442 2489518 2408674 2408674
r-885 24 0.811594 24 0.5 412453 243702 243702 433524 172146 616698 347803 347803 713169 312308 312308
r-926 24 0.869565 24 0.913043 114786 968830 114786 416842 520660 67852 909920 67852 553037 3216391 553037
r-573 24 0.0108696 24 0.514493 2834908 40375 40375 2392443 39094 3688477 43782 43782 2926783 124071 124071
r-485 24 0.0869565 24 0.282609 2692503 186488 186488 1929316 212503 3587577 257364 257364 2598771 680044 680044
r-186 24 0.0615942 24 0.467391 1348193 58446 58446 1159815 57426 1835164 68770 68770 1441487 230505 230505
r-415 24 0.0108696 24 0.637681 720580 11413 11413 642297 10578 900704 11152 11152 676721 63076 63076
r-379 24 0.144928 24 0.695652 46831 39676 39676 48902 20569 65643 54613 54613 41007 30126 30126
r-164 24 0.514493 24 0.32971 1016897 849092 1016897 1351954 758747 1648302 1291825 1648302 1177291 1782648 1177291
r-697 24 0.942029 24 0.347826 228629 13427 13427 168304 11254 313169 19668 19668 223642 84258 84258
r-703 24 0.905797 24 0.855072 217622 53435 53435 214751 57844 263875 61260 61260 1671322 275494 275494
r-7 24 0.369565 24 0.304348 1704764 2651599 1704764 2314537 2062846 2823735 4580670 2823735 1940423 2155227 1940423
r-248 24 0.105072 24 0.442029 391832 95500 95500 330004 102287 630819 112317 112317 465331 160345 160345
r-166 24 0.188406 24 0.0108696 146600265 -1 146600265 -1 -1 151652922 -1 151652922 -1 -1 -1
r-74 24 0.692029 24 0.786232 731967 1682943 731967 1365244 1222022 1088503 2710510 1088503 2181943 1932878 2181943
r-935 24 0.304348 24 0.0869565 49836 678464 49836 400170 249622 48252 875962 48252 204145 1045271 204145
r-262 24 0.275362 24 0.105072 92874 1518629 92874 592210 882418 126104 2072953 126104 399612 2464039 399612
r-742 24 0.0326087 24 0.634058 201274 19355 19355 171352 16925 328475 27485 27485 76823 13163 13163
r-393 24 0.775362 24 0.289855 124431 73418 73418 121676 50426 190477 99340 99340 172737 121748 121748
r-549 24 0.815217 24 0.456522 464780 209870 209870 516411 126452 647763 309219 309219 356169 267203 267203
r-225 24 0.652174 24 0.26087 251715 334207 251715 335450 241516 389570 494356 389570 472051 466569 472051
r-593 24 0.539855 24 0.673913 2012705 4146269 2012705 3147077 3114566 3190936 7369336 3190936 2425885 3446372 2425885
r-522 24 0.789855 24 0.166667 47828 54289 47828 53655 35354 63049 84914 63049 54895 71413 54895
r-982 24 0.710145 24 0.423913 572376 435289 435289 652797 301128 861832 659718 659718 1108456 722127 722127
r-613 24 0.568841 24 0.474638 2388119 2647549 2647549 2706992 2304033 3950367 4546463 4546463 2649227 2671336 2671336
r-400 24 0.108696 24 0.202899 272219 21830 21830 173428 32473 350105 24594 24594 1276055 373119 373119
r-32 24 0.967391 24 0.92029 -1 24186 24186 -1 23750 -1 25986 25986 -1 355626663 -1
r-154 24 0.438406 24 0.402174 4291896 4834360 4291896 5111242 4292242 7740520 8970389 7740520 4242527 4308130 4242527
r-147 24 0.434783 24 0.163043 330452 2166311 330452 1132878 1434115 479971 3571994 479971 937695 1957086 937695
r-440 24 0.778986 24 0.188406 60876 96330 60876 98404 57723 87977 144729 87977 120562 170994 120562
r-438 24 0.583333 24 0.210145 242737 343760 242737 412229 282323 372376 523203 372376 354969 501402 354969
r-966 24 0.815217 24 0.0797101 12335 13810 12335 9182 5826 18866 24986 18866 12860 19368 12860
r-960 24 0.32971 24 0.869565 57534 80540 57534 85692 47955 88216 122066 88216 87538 86156 87538
r-250 24 0.514493 24 0.141304 146901 269825 146901 223413 180393 226689 392720 226689 184303 430894 184303
r-339 24 0.619565 24 0.778986 711562 2011207 711562 1413534 1565299 1109240 3531154 1109240 1325863 1275379 1325863
r-111 24 0.800725 24 0.605072 849227 183137 183137 764958 224472 1395330 264207 264207 633772 432184 432184
r-547 24 0.0181159 24 0.90942 7197 876 876 6388 726 18277 5827 5827 8074 2218 2218
r-122 24 0.507246 24 0.173913 110712 292984 110712 255063 177687 159652 404943 159652 253888 447086 253888
r-216 24 0.217391 24 0.916667 11394 28537 11394 21200 17940 17585 47479 17585 17933 31129 17933
r-110 24 0.297101 24 0.253623 1250823 1938616 1250823 1746066 1556937 1947004 3064024 1947004 1462112 2358193 1462112
r-674 24 0.0181159 24 0.619565 226771 17767 17767 197938 16206 380548 26776 26776 283703 39131 39131
r-391 24 0.539855 24 0.836957 297973 999753 297973 654200 805849 467398 1767902 467398 689536 689025 689536
r-217 24 0.543478 24 0.0253623 25927 675094 25927 398531 103723 40215 1034178 40215 71323 705424 71323
r-615 24 0.438406 24 0.586957 1278713 1891326 1278713 1646134 1683372 2006587 3094065 2006587 1960591 2752161 1960591
r-234 24 0.322464 24 0.5 2486703 1002152 1002152 2075726 1064825 4869233 1663757 1663757 2262439 1438697 1438697
r-244 24 0.67029 24 0.438406 1108203 1179623 1179623 1436639 870908 1694280 1819611 1819611 1676376 1675045 1675045
r-798 24 0.728261 24 0.481884 901473 812885 812885 1312599 565754 1320099 1229319 1229319 1323713 1129387 1129387
r-227 24 0.884058 24 0.637681 1597633 184461 184461 1215454 218714 2318690 259266 259266 1567751 409554 409554
r-818 24 0.460145 24 0.728261 564175 702176 564175 766438 561673 891088 1024969 891088 772210 1296426 772210
r-621 24 0.344203 24 0.626812 588763 585251 585251 700027 442382 881223 894483 894483 1207347 1312325 1312325
r-730 24 0.355072 24 0.981884 18187 103469 18187 83210 29972 24550 195605 24550 26296 127544 26296
r-89 24 0.380435 24 0.438406 4818403 3668367 3668367 5105169 3545955 8922618 6311421 6311421 4441331 4187961 4187961
r-557 24 0.496377 24 0.873188 118277 265853 118277 300481 138909 163509 340342 163509 160288 280100 160288
r-426 24 0.51087 24 0.615942 2567577 4403131 2567577 3608419 3457799 4393186 8478352 4393186 3115924 3553459 3115924
r-193 24 0.894928 24 0.568841 884396 105687 105687 772566 137341 1318132 126207 126207 833274 295447 295447
r-741 24 0.626812 24 0.362319 652268 880367 652268 967737 705853 974987 1404644 974987 1178488 1348268 1178488
r-158 24 0.985507 24 0.217391 55703 3818 3818 42379 3164 86724 8427 8427 51007 21726 21726
r-123 24 0.101449 24 0.380435 357609 47053 47053 270763 49035 479508 28586 28586 506905 173786 173786
r-287 24 0.391304 24 0.0615942 50315 5128249 50315 2276905 544364 74260 6624086 74260 77188 6070810 77188
r-650 24 0.615942 24 0.811594 294710 1059022 294710 704290 810794 441950 1740097 441950 745830 886381 745830
r-209 24 0.217391 24 0.525362 367127 345538 345538 454714 224504 520795 531282 531282 654636 554429 554429
r-405 24 0.26087 24 0.126812 283869 1131715 283869 805636 771919 326958 1490659 326958 758843 1545703 758843
r-59 24 0.963768 24 0.155797 11691 2316 2316 9740 1405 24354 6973 6973 18140 4648 4648
r-642 24 0.865942 24 0.467391 332480 149301 149301 372534 70967 438765 222935 222935 241948 144186 144186
r-882 24 0.369565 24 0.692029 693228 480501 693228 730338 410221 1057636 351123 1057636 645354 589886 645354
r-77 24 0.0434783 24 0.782609 30574 9723 9723 27798 5723 26348 15066 15066 27073 7649 7649
r-683 24 0.300725 24 0.373188 2612451 1736796 1736796 2728436 1711645 4513488 2784279 2784279 2423685 2282988 2282988
r-92 24 0.789855 24 0.333333 205683 146728 146728 240565 105731 293974 203467 203467 293660 304425 304425
r-968 24 0.217391 24 0.405797 899121 172682 172682 742765 247154 1596730 259838 259838 715366 464626 464626
r-902 24 0.626812 24 0.427536 2366388 1775359 1775359 2475059 1571793 3826045 2842181 2842181 2828484 2567896 2567896
r-839 24 0.0942029 24 0.938406 6531 11235 6531 11196 8292 13305 14747 13305 9342 10471 9342
r-54 24 0.40942 24 0.673913 715465 592014 715465 925722 542137 1134112 872890 1134112 1269964 1392221 1269964
r-325 24 0.938406 24 0.242754 75499 8613 8613 53365 5544 72241 14025 14025 32595 28450 28450
r-444 24 0.322464 24 0.326087 1055878 1611471 1611471 1217001 1284757 1764340 2632878 2632878 1353766 2013094 2013094
r-314 24 0.996377 24 0.565217 84769235 3047495 3047495 79970187 3045149 112543374 3126564 3126564 81614589 1915624 1915624
r-462 24 0.481884 24 0.782609 302540 470632 302540 542865 346738 462611 677857 462611 468349 864721 468349
r-135 24 0.0471014 24 0.518116 609725 22875 22875 480632 17878 840450 31619 31619 535684 58130 58130
r-709 24 0.681159 24 0.971014 136539 27739970 136539 17041081 1037625 171433 32666092 171433 4373188 45214375 4373188
r-789 24 0.528986 24 0.442029 2698943 2710524 2698943 3100148 2348391 4495936 4576393 4495936 3675925 3715039 3675925
r-835 24 0.98913 24 0.764493 -1 -1 -1 -1 -1 -1 -1 -1 -1 -1 -1
r-155 24 0.916667 24 0.427536 97303 20155 20155 73615 10434 145949 26239 26239 98611 79528 79528
r-449 24 0.0144928 24 0.507246 11173609 142061 142061 10142449 141279 13164141 150187 150187 9543976 188663 188663
r-834 24 0.155797 24 0.217391 1805546 714599 714599 1791166 730475 2594867 992643 992643 4991401 1335768 1335768
r-131 24 0.59058 24 0.623188 2380197 3498690 2380197 2866699 2966479 4211967 6475141 4211967 2998810 2463584 2998810
r-848 24 0.702899 24 0.268116 140201 112119 140201 163494 86649 213483 161632 213483 185637 264832 185637
r-468 24 0.0326087 24 0.927536 7018 4082 4082 6511 2107 13110 7613 7613 3898 3250 3250
r-1 24 0.242754 24 0.561594 344605 266392 266392 419638 192168 500734 399304 399304 550000 397500 397500
r-305 24 0.858696 24 0.811594 556696 535348 535348 499652 600170 750098 677156 677156 1313412 633278 633278
r-574 24 0.163043 24 0.677536 55057 60987 60987 78766 29944 83694 84248 84248 100133 96656 96656
r-472 24 0.318841 24 0.213768 776097 1078843 776097 996826 822710 533230 1583136 533230 583717 732161 583717
r-695 24 0.413043 24 0.724638 1017579 878116 1017579 1236524 852021 1587715 1361501 1587715 1628814 1708326 1628814
r-702 24 0.166667 24 0.398551 666380 78072 78072 530555 102584 1027384 97613 97613 739922 372641 372641
r-380 24 0.0724638 24 0.271739 2579348 63383 63383 1859599 74751 3197709 84447 84447 4501823 452448 452448
r-841 24 0.173913 24 0.996377 2564 18299 2564 13620 8760 7537 40927 7537 4561 19118 4561
r-559 24 0.865942 24 0.460145 178987 67490 67490 195736 41392 225288 71351 71351 143723 93813 93813
r-425 24 0.467391 24 0.289855 890317 2490641 890317 1736855 1828571 1407190 4614126 1407190 1421414 1651543 1421414
r-831 24 0.884058 24 0.963768 98605 -1 98605 393740661 346655150 115252 -1 115252 106089999 -1 106089999
r-720 24 0.217391 24 0.376812 1311210 366486 366486 1196119 397765 2303590 558985 558985 1228259 772664 772664
r-542 24 0.985507 24 0.873188 -1 326522 326522 -1 311587 -1 17706 17706 -1 113508073 113508073
r-178 24 0.246377 24 0.0615942 166651 22000793 166651 13008028 2565649 137714 24238943 137714 3047929 13096314 3047929
r-109 24 0.59058 24 0.782609 668478 2149453 668478 1557671 1505510 1034665 3670659 1034665 1179994 1936610 1179994
r-47 24 0.152174 24 0.695652 53631 63262 63262 79317 31865 75760 93058 93058 90470 65836 65836
r-544 24 0.26087 24 0.235507 2430926 3649020 2430926 3300035 3004276 3520162 5433955 3520162 4590431 3913504 4590431
r-161 24 0.452899 24 0.17029 333656 1069541 333656 742324 823597 513668 1889099 513668 572547 834872 572547
r-446 24 0.0253623 24 0.0543478 -1 388511310 388511310 -1 386819577 -1 380953005 380953005 -1 -1 -1
r-200 24 0.525362 24 0.858696 112506 557716 112506 349980 355443 124263 844776 124263 270400 460435 270400
r-202 24 0.98913 24 0.891304 -1 11445884 11445884 -1 11245476 -1 10961839 10961839 -1 -1 -1
r-53 24 0.471014 24 0.724638 663802 764480 663802 1007798 673358 1055339 1145977 1055339 1077557 1391304 1077557
r-261 24 0.612319 24 0.724638 1258579 2854859 1258579 2033491 2327355 2071600 5031381 2071600 1734701 1970625 1734701
r-940 24 0.0869565 24 0.307971 1766592 73510 73510 1617664 90039 2244896 88868 88868 2254549 862022 862022
r-617 24 0.326087 24 0.721014 211419 211361 211419 280156 158020 315530 323118 315530 521595 434772 521595
r-739 24 0.347826 24 0.0289855 81072 19190635 81072 14290439 625257 113736 21353406 113736 82972 20165126 82972
r-499 24 0.952899 24 0.467391 874230 21527 21527 668791 18831 1132581 29597 29597 1069403 56162 56162
r-294 24 0.449275 24 0.246377 464495 893017 464495 695379 701568 670009 1565139 670009 495813 780199 495813
r-708 24 0.416667 24 0.48913 4319550 3405936 3405936 4104589 3032348 8005244 5958698 5958698 4103467 3829472 3829472
r-310 24 0.557971 24 0.807971 209788 1028218 209788 597467 740397 299911 1753637 299911 550506 1199628 550506
r-417 24 0 24 0.0905797 -1 -1 -1 -1 -1 -1 -1 -1 -1 -1 -1
r-398 24 0.152174 24 0.48913 456394 133439 133439 350698 164881 792974 193072 193072 303589 383647 383647
r-272 24 0.521739 24 0.32971 1119926 673427 1119926 1243558 648260 1831657 988104 1831657 1564187 1577288 1564187
r-245 24 0.873188 24 0.876812 112748 143559 112748 126198 139458 78497 129906 78497 91012 859345 91012
r-442 24 0.278986 24 0.0688406 42147 1687051 42147 680047 380473 53607 2095680 53607 214042 2347243 214042
r-502 24 0.960145 24 0.166667 17120 3233 3233 13730 2071 29270 7670 7670 18288 7387 7387
r-86 24 0.836957 24 0.746377 1248492 316652 316652 1069369 459493 1846439 430148 430148 1930398 517322 517322
r-843 24 0.213768 24 0.246377 783180 387870 387870 830657 431324 1026533 472197 472197 576770 479972 479972
r-230 24 0.452899 24 0.880435 54760 128731 54760 89087 63551 67159 190239 67159 75070 216390 75070
r-592 24 0.195652 24 0.0543478 117137 194463718 117137 73272236 25364437 140166 206362450 140166 22268931 308709908 22268931
r-914 24 0.724638 24 0.822464 1471302 1134389 1471302 1618645 924545 1314733 1662137 1314733 653319 1959890 653319
r-524 24 0.318841 24 0.326087 3068143 1719403 1719403 3075006 1689728 5123605 2815792 2815792 1474981 1620270 1620270
r-253 24 0.978261 24 0.836957 -1 10217063 10217063 -1 10134739 -1 5562327 5562327 -1 8752656 8752656
r-986 24 0.731884 24 0.818841 435071 1343628 435071 892261 961016 584188 2003110 584188 1138769 2485976 1138769
r-443 24 0.478261 24 0.916667 20397 355549 20397 195926 88723 29854 514025 29854 51916 208696 51916
r-836 24 0.880435 24 0.73913 3301907 407102 407102 2561008 516148 4446118 557076 557076 5017590 2465723 2465723
r-495 24 0.355072 24 0.634058 559359 781987 781987 778673 550001 839722 1237434 1237434 1122959 1226304 1226304
r-336 24 0.695652 24 0.311594 239717 265581 265581 376321 175958 365111 404926 404926 435798 487027 487027
r-293 24 0.855072 24 0.463768 216490 75319 75319 214034 50026 306330 112135 112135 236173 247651 247651
r-163 24 0.0797101 24 0.0398551 10626 196905899 10626 16789216 55518501 11123 196330315 11123 65236543 -1 65236543
r-811 24 0.228261 24 0.684783 167006 173034 173034 209891 110002 246237 260104 260104 236956 252419 252419
r-893 24 0.547101 24 0.17029 86454 137019 86454 134548 83763 117252 202732 117252 258889 196617 258889
r-224 24 0.355072 24 0.59058 1383595 1321683 1321683 1663630 1082548 2190937 2112817 2112817 2099681 1860247 1860247
r-705 24 0.532609 24 0.137681 99055 322266 99055 284966 178585 144712 475899 144712 202320 341100 202320
