instance n1 density1 n2 density2 mcsplit mcsplit-swapped mcsplit-smart-swapped mcsplit+f mcsplit+bigf mcsplit-b mcsplit-b-swapped mcsplit-b-smart-swapped mcsplit-nosort mcsplit-nosort-swapped mcsplit-nosort-smart-swapped
r-902 24 0.228261 24 0.67029 20991 13663 13663 27836 11310 28496 16509 16509 280973 21663 21663
r-877 24 0.753623 24 0.42029 43018 51560 51560 54590 33729 54296 33769 33769 79798 147042 147042
r-931 24 0.431159 24 0.173913 32331 339768 32331 42130 261498 51745 635377 51745 76118 191311 76118
r-254 24 0.460145 24 0.398551 852289 1733410 852289 985235 1451996 1523691 3298715 1523691 1623821 1702515 1623821
r-719 24 0.601449 24 0.206522 30334 43865 30334 48345 36133 38485 54846 38485 79953 42656 79953
r-442 24 0.547101 24 0.717391 243731 1041579 243731 312251 655841 374476 1934197 374476 434122 948821 434122
r-936 24 0.431159 24 0.155797 14240 165613 14240 17177 122321 16297 282248 16297 122490 121944 122490
r-303 24 0.742754 24 0.815217 244423 639027 244423 294275 543305 335093 939916 335093 395605 720343 395605
r-612 24 0.811594 24 0.543478 209156 108864 108864 185241 122159 347468 77866 77866 199354 178797 178797
r-22 24 0.496377 24 0.561594 845019 998757 845019 998537 873423 1415392 1720191 1415392 1499569 1603653 1499569
r-377 24 0.681159 24 0.858696 24945 300245 24945 33930 232737 33548 475381 33548 32771 597172 32771
r-53 24 0.931159 24 0.492754 185551 13032 13032 202636 7400 232993 4462 4462 73331 55484 55484
r-249 24 0.985507 24 0.742754 -1 30214 30214 -1 26499 -1 15387 15387 -1 5031260 5031260
r-195 24 0.742754 24 0.413043 52781 88504 88504 67842 66771 26092 123533 123533 89806 164524 164524
r-634 24 0.702899 24 0.0144928 157 26401 157 247 1870 475 34734 475 1040 13085 1040
r-25 24 0.735507 24 0.634058 760708 119740 119740 775682 111208 1290120 175040 175040 714348 350651 350651
r-569 24 0.717391 24 0.23913 23987 11209 23987 34560 10155 31844 14625 31844 69718 31456 69718
r-632 24 0.923913 24 0.775362 2421210 28267 28267 2483722 13833 2966934 12438 12438 2596700 118062 118062
r-622 24 0.297101 24 0.405797 1087331 510303 510303 1134491 546754 2009724 826081 826081 1219038 1170843 1170843
r-740 24 0.152174 24 0.369565 387742 73536 73536 387862 72073 605131 107337 107337 451279 671175 671175
r-831 24 0.286232 24 0.742754 7189 12806 7189 11564 11355 8831 16143 8831 26090 60273 26090
r-762 24 0.804348 24 0.768116 473460 178173 178173 549220 183235 702464 253357 253357 1245300 188915 188915
r-370 24 0.996377 24 0.130435 1566 27 27 1604 49 3175 525 525 1122 135 135
r-325 24 0.217391 24 0.311594 526918 113728 113728 560520 119850 843309 166223 166223 703696 293960 293960
r-929 24 0.0289855 24 0.721014 3752 493 493 4053 286 9879 917 917 4192 8967 8967
r-233 24 0.141304 24 0.615942 10393 12381 12381 12786 5587 15353 11222 11222 15763 19337 19337
r-883 24 0.960145 24 0.938406 -1 6999538 6999538 -1 -1 -1 7082278 7082278 -1 -1 -1
r-77 24 0.00362319 24 0.326087 -1 381366 381366 -1 378440 -1 200751 200751 -1 131929 131929
r-704 24 0.514493 24 0.557971 975324 1115123 975324 1095998 979779 1594788 1965805 1594788 1543551 1137145 1543551
r-636 24 0.956522 24 0.586957 385591 3645 3645 395067 2793 524469 1842 1842 342966 4755 4755
r-432 24 0.192029 24 0.626812 16160 40275 40275 22782 25201 16413 45451 45451 187736 112468 112468
r-328 24 0.626812 24 0.931159 5373 629029 5373 5669 144779 4707 854781 4707 137790 427315 137790
r-856 24 0.478261 24 0.221014 26508 282802 26508 45729 235752 24848 482629 24848 69110 162612 69110
r-55 24 0.905797 24 0.800725 701532 42333 42333 694994 46254 843182 48370 48370 3734355 6301288 6301288
r-306 24 0.297101 24 0.623188 51922 65373 65373 74054 57656 67524 89036 89036 373935 411441 411441
r-344 24 0.0797101 24 0.445652 284868 5938 5938 296795 5475 396142 7744 7744 230118 14225 14225
r-959 24 0.73913 24 0.514493 876135 178007 178007 863813 168299 1595061 189891 189891 1186436 493179 493179
r-454 24 0.148551 24 0.0108696 44888 -1 44888 -1 -1 54786 -1 54786 -1 -1 -1
r-268 24 0.130435 24 0.963768 184 1291 184 161 623 602 2267 602 184 1114 184
r-346 24 0.0398551 24 0.384058 2485491 2958 2958 2495288 2284 2661941 1669 1669 4029457 20900 20900
r-644 24 0.565217 24 0.735507 155026 1112017 155026 215787 859823 238136 2080922 238136 580278 978133 580278
r-1000 24 0.0289855 24 0.673913 25170 521 521 25795 431 36955 475 475 29866 1988 1988
r-463 24 0.0326087 24 0.826087 3715 235 235 3861 212 3242 651 651 2018 2080 2080
r-461 24 0.891304 24 0.438406 34041 8849 8849 38041 4675 49058 7535 7535 53725 31660 31660
r-231 24 0.695652 24 0.945652 36418 1875697 36418 175198 117083 14960 2121120 14960 61887 16454223 61887
r-947 24 0.98913 24 0.130435 1414 32 32 1430 75 1976 525 525 1431 1420 1420
r-81 24 0.862319 24 0.532609 265234 6600 6600 273758 7893 438118 6130 6130 187725 84307 84307
r-255 24 0.471014 24 0.996377 1517 919538 1517 321872 42709 2585 1211961 2585 36763 871707 36763
r-105 24 0.528986 24 0.376812 752714 771838 752714 909307 713398 1205156 1212957 1205156 877720 737677 877720
r-912 24 0.869565 24 0.804348 153076 40764 40764 161555 51429 199913 48590 48590 184381 1026977 1026977
r-296 24 0.811594 24 0.362319 13665 10058 10058 21613 7779 16972 8346 8346 16835 14425 14425
r-611 24 0.931159 24 0.492754 224162 11658 11658 237283 8802 252237 6481 6481 98759 18116 18116
r-523 24 0.532609 24 0.355072 244975 347124 244975 328428 301328 306834 483639 306834 648336 1003450 648336
r-220 24 0.336957 24 0.554348 238263 118558 118558 296724 107128 316950 144054 144054 529668 545757 545757
r-905 24 0.626812 24 0.724638 322012 911827 322012 450721 575711 510824 1569711 510824 579343 984995 579343
r-351 24 0.98913 24 0.115942 701 27 27 711 49 1257 500 500 476 303 303
r-953 24 0.0652174 24 0.51087 171061 7735 7735 181553 5903 215712 11780 11780 79348 11279 11279
r-827 24 0.373188 24 0.297101 555541 1119053 555541 661108 906175 940469 2037360 940469 1168877 1918939 1168877
r-786 24 0.235507 24 0.663043 26038 19695 19695 35609 11772 35600 17506 17506 173215 76867 76867
r-897 24 0.786232 24 0.257246 10986 3548 3548 11854 3016 14660 2415 2415 12309 31535 31535
r-960 24 0.561594 24 0.347826 201975 220676 201975 259508 210138 288952 278218 288952 600781 1204017 600781
r-236 24 0.119565 24 0.528986 148159 14206 14206 173270 7616 35149 12896 12896 74800 23004 23004
r-213 24 0.405797 24 0.717391 50706 195409 50706 61449 176141 54912 308291 54912 237679 247591 237679
r-421 24 0.626812 24 0.373188 84572 96514 84572 116773 82963 108980 117454 108980 480909 414111 480909
r-318 24 0.271739 24 0.467391 1012684 209805 209805 1017644 242776 1950007 343915 343915 344737 354619 354619
r-378 24 0.992754 24 0.626812 36973542 30568 30568 37569386 29190 43483509 43245 43245 36805038 451340 451340
r-607 24 0.315217 24 0.217391 143217 541149 143217 172386 388108 218243 874389 218243 868960 649898 868960
r-403 24 0.514493 24 0.601449 538290 730992 538290 623703 628003 864283 1302959 864283 829022 949395 829022
r-139 24 0.0652174 24 0.615942 82268 1222 1222 88275 474 113318 1444 1444 53782 2205 2205
r-533 24 0.76087 24 0.268116 12843 13803 13803 21880 12563 19207 20352 20352 30671 48663 48663
r-847 24 0.692029 24 0.797101 171620 773503 171620 204687 593865 172588 1104457 172588 281866 744133 281866
r-364 24 0.753623 24 0.101449 1139 2773 1139 1299 1513 1516 5395 1516 4685 3756 4685
r-643 24 0.822464 24 0.438406 27549 39759 39759 33425 25833 28991 18012 18012 231359 127492 127492
r-217 24 0.445652 24 0.474638 1623955 1322373 1322373 1672244 1210210 3112955 2410172 2410172 2236448 1905603 1905603
r-479 24 0.789855 24 0.108696 1439 3637 1439 2536 1345 2163 4337 2163 3834 7764 3834
r-116 24 0.623188 24 0.847826 22944 320757 22944 29421 221907 27047 496107 27047 78706 242970 78706
r-685 24 1 24 0.902174 -1 1343561 1343561 -1 1343561 -1 467179 467179 -1 -1 -1
r-353 24 0.0978261 24 0.0217391 -1 -1 -1 -1 -1 -1 -1 -1 -1 -1 -1
r-13 24 0.0978261 24 0.195652 713531 39673 39673 726077 32910 884823 35450 35450 2314463 205719 205719
r-485 24 0.902174 24 0.0326087 203 417 203 225 191 617 801 617 1117 404 1117
r-56 24 0.634058 24 0.851449 54249 704341 54249 75552 514908 74643 1225658 74643 278193 443880 278193
r-650 24 0.521739 24 0.858696 13361 124358 13361 16866 90381 13035 196060 13035 39138 248932 39138
r-850 24 0.0253623 24 0.833333 1822 174 174 1954 140 3883 564 564 2345 1767 1767
r-591 24 0.438406 24 0.913043 5882 86189 5882 7044 10993 7251 69785 7251 5905 38672 5905
r-417 24 0.695652 24 0.40942 314389 203812 203812 409227 170979 506137 278744 278744 344251 415669 415669
r-869 24 0.25 24 0.293478 1251493 1002902 1002902 1356079 1164917 2063089 1554641 1554641 1805904 1038400 1038400
r-529 24 0.0507246 24 0.336957 852244 10967 10967 804741 9727 897492 2824 2824 2516486 36254 36254
r-810 24 0.195652 24 0.90942 891 3277 891 851 1510 704 2748 704 5059 2790 5059
r-571 24 0.804348 24 0.434783 70823 61646 61646 91953 46083 89525 96020 96020 92750 62230 62230
r-124 24 0.521739 24 0.746377 83872 421657 83872 98111 331452 134455 777307 134455 539103 789047 539103
r-744 24 0.144928 24 0.481884 159527 16252 16252 139274 18251 266066 6728 6728 88872 70208 70208
r-592 24 0.134058 24 0.438406 389162 19411 19411 381536 22876 626795 26290 26290 179517 174438 174438
r-805 24 0.177536 24 0.177536 249026 201930 249026 306501 171010 331969 278809 331969 1465118 293420 1465118
r-170 24 0.927536 24 0.688406 841847 4719 4719 810636 5654 1059386 5332 5332 1577420 45001 45001
r-633 24 0.855072 24 0.695652 691981 18151 18151 672276 21567 936727 8994 8994 192809 203307 203307
r-420 24 0.938406 24 0.880435 1475922 93795 93795 1466451 93961 1097027 82840 82840 12271004 579267 579267
r-450 24 0.978261 24 0.539855 1697562 6059 6059 1679572 5508 2208727 3320 3320 759951 13699 13699
r-781 24 0.778986 24 0.547101 410300 55609 55609 385328 62254 781936 90553 90553 130318 264291 264291
r-66 24 0.40942 24 0.568841 388454 435085 435085 499986 382363 547951 698304 698304 862086 658688 658688
r-939 24 0.275362 24 0.677536 49070 60300 60300 71219 51971 73434 89533 89533 35600 89353 89353
r-662 24 0.717391 24 0.0543478 407 5891 407 483 1743 450 8425 450 2674 7633 2674
r-986 24 0.572464 24 0.757246 94946 897238 94946 125088 684771 137041 1680950 137041 301848 359462 301848
r-977 24 0.67029 24 0.974638 15153 4979103 15153 67847 80968 4548 5645133 4548 425595 4022719 425595
r-648 24 0.76087 24 0.655797 962125 261689 261689 986479 340592 1599226 401405 401405 1037999 429386 429386
r-875 24 0.188406 24 0.786232 3951 2162 2162 4545 2326 3782 2723 2723 45030 10612 10612
r-210 24 0.92029 24 0.0652174 232 504 232 232 392 601 1110 601 245 1492 245
r-649 24 0.318841 24 0.362319 1241427 499219 499219 1327637 412152 1690507 813514 813514 1302663 1217279 1217279
r-274 24 0.688406 24 0.521739 1171851 315863 315863 1184325 302753 2313739 511634 511634 467207 1237518 1237518
r-234 24 0.608696 24 0.869565 13941 123687 13941 15776 54956 17201 178563 17201 23365 101002 23365
r-424 24 0.518116 24 0.181159 53649 23058 53649 63653 14184 66322 24861 66322 173620 194808 173620
r-698 24 0.652174 24 0.663043 628318 793232 628318 700978 561159 1107242 1400784 1107242 1017790 824689 1017790
r-108 24 0.42029 24 0.311594 267542 765799 267542 342223 574554 434898 1395044 434898 864017 618120 864017
r-867 24 1 24 0.166667 12506 25 25 12661 25 18587 526 526 12438 15048 15048
r-598 24 0.663043 24 0.583333 943469 785385 785385 977495 761590 1711016 1355075 1355075 638439 1148531 1148531
r-963 24 0.721014 24 0.434783 51108 205678 205678 68078 158433 66862 320947 320947 117736 269752 269752
r-993 24 0.804348 24 0.358696 26670 10612 10612 30792 7319 29551 6883 6883 188599 45176 45176
r-229 24 0.735507 24 0.108696 2925 5869 2925 3717 3806 3878 9161 3878 10025 33405 10025
r-989 24 0.318841 24 0.561594 161407 299392 299392 207264 268184 225282 473689 473689 228373 634322 634322
r-694 24 0.742754 24 0.626812 983165 224279 224279 980272 234784 1669028 349538 349538 911694 764196 764196
r-17 24 0.67029 24 0.0833333 5122 30176 5122 6698 5608 5297 16562 5297 11267 16672 11267
r-142 24 0.583333 24 0.51087 1352658 471877 471877 1372217 421804 2453728 763239 763239 1185825 1508276 1508276
r-191 24 0.608696 24 0.134058 9383 23668 9383 13188 8442 1526 18855 1526 74964 17902 74964
r-814 24 0.431159 24 0.431159 1249780 878856 1249780 1392375 718620 2297707 1551242 2297707 1468044 1441761 1468044
r-453 24 0.764493 24 0.942029 9081 10093908 9081 159697 775038 4600 11326281 4600 1286441 15495614 1286441
r-482 24 0.862319 24 0.344203 10801 11860 11860 13293 8329 11928 14910 14910 21815 52822 52822
r-1 24 0.242754 24 0.286232 626100 273742 273742 689279 310040 1019173 417199 417199 1125580 2163357 2163357
r-294 24 0.98913 24 0.0326087 83 27 27 83 49 526 550 550 38 313 313
r-563 24 0.0905797 24 0.442029 396487 22655 22655 369757 27759 611412 8780 8780 300346 66340 66340
r-427 24 0.623188 24 0.503623 1765919 598364 598364 1837917 592676 3538724 1021887 1021887 1324961 941556 941556
r-683 24 0.612319 24 0.221014 63614 37875 63614 89948 19459 88793 22489 88793 85253 89398 85253
r-18 24 0.213768 24 0.438406 636508 78007 78007 609231 86066 1160585 125962 125962 347071 325484 325484
r-671 24 0.463768 24 0.0108696 2594 2991095 2594 127440 34988 1655 3578230 1655 79745 2119362 79745
r-336 24 0.539855 24 0.152174 34750 21843 34750 43537 15851 20712 25874 20712 129320 26339 129320
r-372 24 0.231884 24 0.0833333 59452 2276443 59452 383962 1120435 81108 2930447 81108 6393587 4463770 6393587
r-396 24 0.630435 24 0.706522 456637 1021479 456637 565147 728638 763541 1798508 763541 1081386 1309425 1081386
r-147 24 0.184783 24 0.0905797 53337 312813 53337 122245 185900 32869 231662 32869 223302 798779 223302
r-481 24 0.445652 24 0.105072 26367 309225 26367 30866 212497 41170 517215 41170 166229 155667 166229
r-502 24 0.300725 24 0.126812 27768 678355 27768 36975 419987 36024 1003290 36024 173323 928142 173323
r-165 24 0.92029 24 0.673913 1146142 26442 26442 1189328 31058 1584172 20876 20876 848688 87634 87634
r-692 24 0.463768 24 0.0833333 5643 170098 5643 6255 89250 9299 264618 9299 55847 119298 55847
r-327 24 0.789855 24 0.927536 8078 1903063 8078 15654 781447 1769 2084815 1769 45290 6744780 45290
r-749 24 0.898551 24 0.721014 193063 13956 13956 177235 21730 269583 12527 12527 2035534 901478 901478
r-462 24 0.710145 24 0.641304 723061 277722 277722 785575 226959 1217165 211646 211646 1066166 1292614 1292614
r-289 24 0.894928 24 0.246377 5406 2058 2058 6112 1837 6793 1150 1150 9568 7867 7867
r-938 24 0.833333 24 0.76087 805055 159822 159822 836546 177849 1167365 216190 216190 763387 259410 259410
r-261 24 0.0108696 24 0.242754 -1 96236 96236 -1 86962 -1 125678 125678 -1 15027565 15027565
r-63 24 0.851449 24 0.543478 359481 31079 31079 320517 45810 560060 11882 11882 141688 44379 44379
r-615 24 0.286232 24 0.0978261 65123 436316 65123 137574 293784 56753 628010 56753 217414 1311332 217414
r-136 24 0.865942 24 0.57971 300975 23554 23554 264230 32047 503234 32880 32880 248010 31353 31353
r-222 24 0.710145 24 0.268116 28414 12646 28414 39228 10163 37518 15514 37518 79700 196206 79700
r-765 24 0.445652 24 0.514493 1349065 881839 881839 1577851 812243 2368805 1538586 1538586 1356393 1213628 1213628
r-682 24 0.224638 24 0.862319 4062 3361 4062 4739 3107 4068 4624 4068 5715 10014 5715
r-157 24 0.275362 24 0.844203 7508 10577 7508 10758 9244 10685 12177 10685 29646 45728 29646
r-199 24 0.336957 24 0.655797 175494 11970 11970 235742 11909 258212 8506 8506 275884 317227 317227
r-141 24 0.963768 24 0.195652 3771 308 308 3927 313 6022 451 451 1975 394 394
r-990 24 0.724638 24 0.876812 229957 616472 229957 596653 368485 314465 859507 314465 1262088 1562785 1262088
r-62 24 0.431159 24 0.974638 2763 100858 2763 33485 3718 2143 131888 2143 31240 98200 31240
r-200 24 0.224638 24 0.115942 25365 220386 25365 30495 165181 30598 290192 30598 749512 578187 749512
r-429 24 0.931159 24 0.648551 442110 5514 5514 448053 5601 573989 5961 5961 311588 211523 211523
r-906 24 0.942029 24 0.0289855 44 125 44 44 105 501 585 501 516 50 516
r-526 24 0.644928 24 0.605072 532330 325153 325153 581285 261852 894771 493842 493842 1196384 1609891 1609891
r-67 24 0.177536 24 0.681159 14729 18134 18134 17814 14524 14688 24829 24829 75726 19178 19178
r-218 24 0.181159 24 0.5 465593 29596 29596 402959 29183 883755 41089 41089 114332 128644 128644
r-807 24 0.0724638 24 0.235507 3737149 21951 21951 3525987 28775 4211918 7526 7526 4130625 58887 58887
r-73 24 0.601449 24 0.543478 1590375 1254930 1254930 1670628 1271823 2984269 2330485 2330485 1243962 1811446 1811446
r-223 24 0.0507246 24 0.891304 607 166 166 614 190 947 548 548 1337 1028 1028
r-519 24 0.666667 24 0.0398551 1669 68804 1669 2513 3105 1220 83444 1220 6014 14898 6014
r-270 24 0.963768 24 0.141304 1257 195 195 1267 213 1255 475 475 339 301 301
r-787 24 0.144928 24 0.742754 3699 1273 1273 4609 893 5286 400 400 13692 5240 5240
r-312 24 0.536232 24 0.0108696 2244 301637 2244 59268 7398 1842 447128 1842 21241 426080 21241
r-311 24 0.351449 24 0.775362 29231 16502 29231 44928 11979 10633 15374 10633 43911 71463 43911
r-946 24 0.130435 24 0.481884 138292 39483 39483 197473 41934 215580 43676 43676 43385 153243 153243
r-82 24 0.130435 24 0.275362 1036235 52596 52596 1014868 71850 1381860 39023 39023 1939565 4922655 4922655
r-196 24 0.231884 24 0.786232 6594 12547 6594 10098 9770 8045 12657 8045 5539 22549 5539
r-207 24 0.507246 24 0.427536 307664 1003840 307664 333589 932587 369577 1764305 369577 1612785 1873403 1612785
r-639 24 0.474638 24 0.00724638 2879 4925244 2879 8014 137096 3210 6115872 3210 390944 2972151 390944
r-659 24 0.115942 24 0.384058 358901 11612 11612 341735 11676 501869 6583 6583 356140 88124 88124
r-24 24 0.949275 24 0.992754 216320 -1 216320 -1 -1 170554 -1 170554 -1 -1 -1
r-365 24 0.51087 24 0.369565 270924 467654 270924 311820 410657 359097 712696 359097 1065302 1020530 1065302
r-181 24 0.753623 24 0.137681 2579 6501 2579 4609 2153 1174 3556 1174 6566 6881 6566
r-130 24 0.152174 24 0.717391 4409 5915 5915 5042 3358 5235 7208 7208 42812 28926 28926
r-923 24 0.474638 24 0.804348 108988 57003 108988 127195 35484 108509 53539 108509 234108 111239 234108
r-894 24 0.949275 24 0.293478 6019 1929 1929 6648 1065 8937 846 846 9402 6126 6126
r-371 24 0.677536 24 0.956522 11808 6805596 11808 423452 117442 15564 7911306 15564 984847 13766798 984847
r-808 24 0.532609 24 0.583333 1114055 1406783 1114055 1297238 1209028 1961905 2542194 1961905 1443420 1603708 1443420
r-663 24 0.797101 24 0.336957 20955 13323 13323 28782 9998 24473 3441 3441 31373 77250 77250
r-438 24 0.615942 24 0.663043 918532 1756457 918532 1044954 1353137 1601537 3243193 1601537 1364888 1551511 1364888
r-93 24 0.815217 24 0.264493 8448 10720 10720 10651 7973 3249 7445 7445 54653 42858 42858
r-369 24 0.344203 24 0.945652 1112 16735 1112 1155 3170 1630 23641 1630 16125 12524 16125
r-680 24 0.449275 24 0.235507 47164 838451 47164 83880 599235 66511 1528745 66511 173567 326167 173567
r-470 24 0.963768 24 0.0942029 2202 90 90 2228 104 3079 500 500 656 874 874
r-464 24 0.572464 24 0.246377 82343 31387 82343 104067 20785 102549 27400 102549 187943 99234 187943
r-701 24 0.0942029 24 0.76087 3677 1760 1760 4073 1317 4440 1149 1149 4851 14125 14125
r-326 24 0.235507 24 0.699275 18431 14529 14529 22832 11513 23776 18518 18518 103983 110958 110958
r-400 24 0.282609 24 0.811594 12032 9195 12032 13814 5741 3854 8839 3854 26845 27011 26845
r-826 24 0.141304 24 0.851449 1349 2071 2071 1471 2096 1709 2204 2204 1769 10253 10253
r-443 24 0.0543478 24 0.380435 606338 5354 5354 580193 7477 809175 8682 8682 2147171 15111 15111
r-697 24 0.902174 24 0.391304 13659 2737 2737 15224 1516 15940 1678 1678 10514 4377 4377
r-446 24 0.199275 24 0.706522 5869 9668 9668 7603 8070 5244 11150 11150 27212 22660 22660
r-854 24 0.931159 24 0.485507 90574 13709 13709 100166 8868 120363 15289 15289 50158 10285 10285
r-556 24 0.554348 24 0.297101 154723 150699 154723 244992 130820 157609 215928 157609 366368 614574 366368
r-337 24 0.927536 24 0.17029 3714 572 572 4081 508 3704 475 475 1324 2605 2605
r-478 24 0.0833333 24 0.416667 235363 3528 3528 246459 4586 336320 714 714 177242 32733 32733
r-817 24 0.536232 24 0.952899 624 742698 624 561 34530 1046 947805 1046 293487 566484 293487
r-673 24 0.0615942 24 0.561594 56835 9289 9289 60697 7985 59539 1746 1746 47334 3923 3923
r-121 24 0.0217391 24 0.126812 -1 3955626 3955626 -1 3696391 -1 1196317 1196317 -1 -1 -1
r-113 24 0.0543478 24 0.514493 165796 11167 11167 173434 8545 167665 14068 14068 184062 68151 68151
r-416 24 0.15942 24 0.26087 311173 72590 72590 334360 75834 446832 105292 105292 582714 582726 582726
r-530 24 0.173913 24 0.452899 168327 15593 15593 151930 12537 269014 20477 20477 132204 354728 354728
r-84 24 0.981884 24 0.619565 2894645 23534 23534 2837407 21845 3289067 12480 12480 2832556 1179709 1179709
r-943 24 0.155797 24 0.884058 1692 2350 1692 1800 1579 910 1011 910 10534 6345 10534
r-145 24 0.311594 24 0.105072 25156 696213 25156 29422 253933 29508 950323 29508 781145 729560 781145
r-159 24 0.688406 24 0.126812 2156 14568 2156 2906 7802 2141 11838 2141 35261 5559 35261
r-881 24 0.822464 24 0.554348 489235 21733 21733 466085 18668 829080 24018 24018 142024 159313 159313
r-413 24 0.0833333 24 0.623188 15189 10845 10845 16873 7255 21158 7191 7191 10703 7493 7493
r-228 24 0.630435 24 0.253623 21928 41132 21928 52044 29640 21280 9686 21280 82706 40384 82706
r-162 24 0.134058 24 0.199275 492206 11518 11518 526489 14500 639773 2468 2468 540670 261673 261673
r-288 24 0.721014 24 0.568841 1185304 248800 248800 1196140 254698 2264049 406506 406506 538453 969633 969633
r-61 24 0.706522 24 0.84058 73942 1073228 73942 97378 816470 22103 1514619 22103 389011 1003831 389011
r-524 24 0.735507 24 0.807971 291320 629105 291320 387082 481790 417365 829248 417365 1032206 739593 1032206
r-246 24 0.833333 24 0.481884 38160 24421 24421 45211 12733 46744 31998 31998 189749 94851 94851
r-718 24 0.887681 24 0.594203 154825 1333 1333 158939 1326 249138 1301 1301 82581 34249 34249
r-260 24 0.235507 24 0.583333 32549 22168 22168 49401 17314 40248 9052 9052 55481 219572 219572
r-174 24 0.822464 24 0.873188 90037 141376 90037 137384 100015 25548 148419 25548 261970 971123 261970
r-608 24 0.942029 24 0.626812 429297 7771 7771 433201 8018 579579 11764 11764 560684 17221 17221
r-537 24 0.413043 24 0.949275 3791 85111 3791 7301 7421 2298 123563 2298 1976 94929 1976
r-543 24 0.271739 24 0.561594 98010 23581 23581 120783 18216 138403 7136 7136 116944 353096 353096
r-940 24 0.195652 24 0.315217 518681 73382 73382 509580 102630 843604 112233 112233 542863 189491 189491
r-933 24 0.836957 24 0.967391 17910 -1 17910 -1 54532779 18484 -1 18484 3550503 -1 3550503
r-995 24 0.0108696 24 0.880435 1283 187 187 1304 160 2340 610 610 748 286 286
r-545 24 0.804348 24 0.144928 3504 3241 3504 3707 2440 1027 3793 1027 8911 8226 8911
r-46 24 0.0688406 24 0.692029 12367 3148 3148 13693 1615 6014 1664 1664 14506 2598 2598
r-961 24 0.268116 24 0.0108696 21324 -1 21324 -1 3582085 7064 -1 7064 52936869 -1 52936869
r-747 24 0.971014 24 0.199275 5875 32 32 6367 76 11514 500 500 4215 2981 2981
r-686 24 0.0289855 24 0.300725 78172125 15768 15768 68454225 15266 87988818 6806 6806 88688621 10833074 10833074
r-753 24 0.00362319 24 0.608696 99959 1700 1700 99572 1620 117772 597 597 151905 33862 33862
r-342 24 0.673913 24 0.717391 226311 723724 226311 301212 608504 309397 1205125 309397 1281603 1740763 1281603
r-489 24 0.268116 24 0.148551 144374 1154430 144374 177174 816317 178358 1656311 178358 1271443 628190 1271443
r-23 24 0.807971 24 0.782609 190427 98865 98865 228168 68445 256013 121924 121924 190826 331088 331088
r-160 24 0.992754 24 0.5 836740 30626 30626 845619 30398 1076391 13730 13730 928321 390395 390395
r-266 24 0.333333 24 0.163043 91022 891219 91022 128233 593838 149820 1523339 149820 399929 424986 399929
r-247 24 0.572464 24 0.811594 36183 605592 36183 44654 425392 33158 851293 33158 349445 203371 349445
r-746 24 0.688406 24 0.112319 2869 7193 2869 3275 3563 465 10504 465 14288 5654 14288
r-401 24 0.336957 24 0.141304 78139 691934 78139 100076 473004 90549 1098446 90549 191763 595823 191763
r-132 24 0.0471014 24 0.0978261 -1 581991 581991 -1 599124 -1 591737 591737 -1 103504852 103504852
r-699 24 0.0688406 24 0.355072 305375 4424 4424 275163 3552 374170 4897 4897 8046897 30643 30643
r-770 24 0.0108696 24 0.40942 6321292 2396 2396 6140384 2308 7713225 3641 3641 6428679 73842 73842
r-717 24 0.793478 24 0.597826 962590 89390 89390 952588 95445 1596682 122061 122061 542846 681482 681482
r-466 24 0.235507 24 0.706522 19681 19183 19183 25919 15565 26694 24308 24308 25639 39978 39978
r-614 24 0.268116 24 0.818841 5192 8434 5192 6790 6895 2382 10328 2382 14524 9522 14524
r-656 24 0.554348 24 0.84058 31282 286341 31282 37624 223759 44799 471338 44799 67136 326973 67136
r-497 24 0.0289855 24 0.442029 1651077 3084 3084 1610478 2651 2072256 3850 3850 1594516 54199 54199
r-4 24 0.423913 24 0.452899 1352006 757519 757519 1445923 656732 2557723 1336848 1336848 1545844 1496391 1496391
r-984 24 0.257246 24 0.655797 42590 52276 52276 61242 42061 60342 69119 69119 104112 85987 85987
r-21 24 0.351449 24 0.630435 112407 100225 100225 132862 85987 147583 126353 126353 238519 570212 570212
r-300 24 0.0108696 24 0.134058 -1 6973819 6973819 -1 6949849 -1 379289 379289 -1 -1 -1
r-922 24 0.887681 24 0.532609 181211 14833 14833 181636 15717 283144 21532 21532 155301 24618 24618
r-950 24 0.0144928 24 0.869565 1380 32 32 1407 75 2502 500 500 990 1089 1089
r-435 24 0.786232 24 0.84058 262405 943630 262405 371419 776868 362750 1349780 362750 864735 476289 864735
r-690 24 0.923913 24 0.768116 2072040 15436 15436 2040767 12862 2023729 4671 4671 3634667 186199 186199
r-916 24 0.213768 24 0.721014 6229 7815 7815 7511 7309 6367 6940 6940 17610 54212 54212
r-214 24 0.525362 24 0.807971 66820 453464 66820 82222 355148 89283 853744 89283 147529 264897 147529
r-572 24 0.351449 24 0.597826 238331 372388 372388 300800 279297 360493 592487 592487 568555 502538 502538
r-298 24 0.967391 24 0.242754 8461 347 347 8701 362 11427 841 841 11848 4098 4098
r-870 24 0.898551 24 0.210145 1682 1267 1267 1823 1110 2541 1867 1867 7198 551 551
r-134 24 0.0434783 24 1 25 489 25 25 265 551 1265 551 25 487 25
r-604 24 0.456522 24 0.57971 903366 477111 903366 1038286 462447 1525363 731218 1525363 928029 1235151 928029
r-510 24 0.333333 24 0.221014 92409 743639 92409 110167 552469 130450 1206731 130450 489576 527032 489576
r-720 24 0.938406 24 0.00724638 27 479 27 27 231 525 1115 525 332 430 332
r-3 24 0.0905797 24 0.724638 5870 1552 1552 6444 1240 5156 1264 1264 5689 10543 10543
r-660 24 0.608696 24 0.916667 7033 605749 7033 12462 97195 5624 845203 5624 75985 611990 75985
r-376 24 0.177536 24 0.974638 127 2144 127 64 813 475 3282 475 684 1621 684
r-374 24 0.231884 24 0.913043 4107 4880 4107 4680 1455 2364 6214 2364 6442 12877 6442
r-253 24 0.847826 24 0.960145 33867 106596925 33867 54438428 1460999 12540 34866500 12540 5843941 -1 5843941
r-580 24 0.123188 24 0.336957 159745 21320 21320 158670 26486 261181 26191 26191 254096 197523 197523
r-703 24 0.974638 24 0.938406 -1 216820 216820 -1 216714 -1 214171 214171 -1 -1 -1
r-846 24 0.152174 24 0.539855 49336 35623 35623 57725 17778 65802 29010 29010 91763 20187 20187
r-802 24 0.655797 24 0.26087 36789 19724 36789 50595 12449 50962 21770 50962 182011 56846 182011
r-360 24 0.811594 24 0.297101 4252 12465 12465 4936 9688 3681 11628 11628 23977 33546 33546
r-9 24 0.967391 24 0.746377 73686753 27929 27929 64959978 27193 84181359 36561 36561 62519423 212053 212053
r-375 24 0.652174 24 0.539855 1515792 504201 504201 1545052 514175 2921561 853325 853325 1413199 726790 726790
r-745 24 0.391304 24 0.956522 5172 29784 5172 6812 6688 581 33388 581 8839 28573 8839
r-536 24 0.347826 24 0.0688406 9162 313844 9162 23567 79195 11662 447653 11662 125889 861956 125889
r-845 24 0.913043 24 0.528986 87796 5725 5725 100540 6461 131473 1844 1844 186076 13147 13147
r-277 24 0.746377 24 0.0326087 1491 4285 1491 2184 1274 953 6960 953 1002 3170 1002
r-602 24 0.836957 24 0.894928 31284 98500 31284 50673 67748 18631 82086 18631 49286 252181 49286
r-534 24 0.181159 24 0.0471014 111020 -1 111020 15082379 19460184 125596 -1 125596 2883572 -1 2883572
r-842 24 0.152174 24 0.644928 6979 15203 15203 10041 8395 11677 19704 19704 34307 25206 25206
r-373 24 0.927536 24 0.862319 68078 4767 4767 65590 6375 78090 1087 1087 336619 17228 17228
r-299 24 0.876812 24 0.0615942 643 403 643 682 239 1028 835 1028 851 368 851
r-769 24 0.344203 24 0.413043 1126892 792246 792246 1155714 836190 2011874 1312530 1312530 909547 1288376 1288376
r-898 24 0.0797101 24 0.0326087 12199 -1 12199 -1 36321653 11834 -1 11834 196407 -1 196407
r-583 24 0.369565 24 0.615942 86562 103300 103300 107194 97224 116139 142304 142304 250327 741883 741883
r-674 24 0.572464 24 0.789855 47337 431308 47337 58023 318959 68335 724642 68335 956566 319060 956566
r-227 24 0.90942 24 0.518116 130552 16084 16084 139562 20100 216027 24144 24144 48217 48944 48944
r-41 24 0.753623 24 0.112319 2519 3431 2519 2937 1939 2030 3376 2030 2108 3431 2108
r-112 24 0.956522 24 0.181159 2076 312 312 2129 262 3094 635 635 2241 3665 3665
r-919 24 0.188406 24 0.626812 19911 20384 20384 23822 15705 22059 12046 12046 57152 71191 71191
r-578 24 0.456522 24 0.876812 9612 64627 9612 25866 19063 5263 102699 5263 259928 86058 259928
r-564 24 0.612319 24 0.554348 1051005 795691 795691 1129695 729708 1990599 1365937 1365937 884484 814389 814389
r-79 24 0.0326087 24 0.130435 -1 9647 9647 -1 9293 -1 1774 1774 -1 1455718 1455718
r-128 24 0.0507246 24 0.253623 4031920 65748 65748 3791242 60842 4947173 68528 68528 6038607 251337 251337
r-991 24 0.561594 24 0.0362319 3102 93863 3102 5081 5706 933 128638 933 23251 126286 23251
r-837 24 0.626812 24 0.539855 1411452 650793 650793 1421577 611276 2691115 1121873 1121873 1544292 1006767 1006767
r-736 24 0.992754 24 0.26087 3370 2237 2237 3589 2054 8565 1680 1680 2909 1806 1806
r-361 24 0.913043 24 0.384058 81665 3012 3012 85247 1529 17383 1575 1575 15850 6406 6406
r-560 24 0.137681 24 0.547101 105198 5516 5516 117966 3174 103128 1225 1225 44097 25062 25062
r-335 24 1 24 0.985507 -1 587089 587089 -1 587089 -1 601682 601682 -1 -1 -1
r-45 24 0.641304 24 0.811594 82894 775082 82894 106828 509948 126003 1321892 126003 466644 338603 466644
r-133 24 0.594203 24 0.402174 405238 341789 405238 490158 318024 542314 495053 542314 885540 1136312 885540
r-59 24 0.481884 24 0.800725 30840 88192 30840 42541 50427 23481 106605 23481 36673 210761 36673
r-476 24 0.576087 24 0.90942 7763 190980 7763 8713 80360 8977 282466 8977 35707 148414 35707
r-661 24 0.123188 24 0.797101 2087 2153 2153 2334 2064 2836 2531 2531 8221 9422 9422
r-830 24 0.855072 24 0.347826 11445 4074 4074 14197 3158 14183 4293 4293 10174 19119 19119
r-499 24 0.985507 24 0.753623 -1 119832 119832 -1 107886 -1 117352 117352 -1 969808 969808
r-542 24 0.460145 24 0.188406 91399 780444 91399 116594 614269 145031 1421953 145031 561266 157545 561266
r-948 24 0.561594 24 0.731884 101681 827532 101681 143735 690058 119987 1496457 119987 441492 604520 441492
r-824 24 0.0362319 24 0.15942 264303241 14712 14712 233027568 12509 236942207 858 858 -1 1279283 1279283
r-957 24 0.0942029 24 0.753623 3276 1069 1069 3620 770 5008 1302 1302 24312 5179 5179
r-367 24 0.996377 24 0.195652 6208 76 76 6607 77 12552 525 525 6264 854 854
r-426 24 0.228261 24 0.0652174 20596 5090790 20596 256065 549454 24854 5885755 24854 706746 6149226 706746
r-494 24 0.199275 24 0.101449 14117 776262 14117 18092 380855 16812 965736 16812 333467 1847903 333467
r-792 24 0.594203 24 0.391304 303758 321539 303758 372797 291579 453838 484749 453838 944181 664925 944181
r-177 24 0.818841 24 0.0289855 32 2467 32 32 1072 500 3030 500 377 1881 377
r-727 24 0.619565 24 0.550725 1559205 796217 796217 1653699 756921 3064989 1404195 1404195 1259802 1407614 1407614
r-625 24 0.836957 24 0.478261 40076 36182 36182 48973 21080 46935 41152 41152 80320 50955 50955
r-185 24 0.355072 24 0.594203 130616 62949 62949 145201 51076 141168 54848 54848 667513 535246 535246
r-363 24 0.934783 24 0.525362 369388 18917 18917 380508 19771 581225 25275 25275 243758 43829 43829
r-163 24 0.913043 24 0.644928 632121 16139 16139 542045 33427 864590 21091 21091 749439 691686 691686
r-472 24 0.942029 24 0.206522 8073 1164 1164 8549 757 11130 1179 1179 20900 2350 2350
r-109 24 0.365942 24 0.105072 3906 260804 3906 4322 96243 3846 359538 3846 140107 490596 140107
r-60 24 0.148551 24 0.00362319 -1 -1 -1 -1 -1 14173612 -1 14173612 -1 -1 -1
r-558 24 0.57971 24 0.615942 948257 1163471 948257 1092018 926347 1611393 2082735 1611393 977484 1587337 977484
r-437 24 0.445652 24 0.264493 236642 1368899 236642 379663 876912 382820 2650730 382820 575571 980116 575571
r-751 24 0.130435 24 0.311594 422925 27870 27870 392489 42781 676609 36561 36561 402309 111300 111300
r-498 24 0.40942 24 0.0869565 10434 1030468 10434 16819 199069 14361 1352807 14361 862293 783873 862293
r-710 24 0.278986 24 0.858696 5152 6689 5152 8012 6113 5176 8340 5176 7682 53419 7682
r-535 24 0.612319 24 0.594203 1337432 1262694 1262694 1519779 1161001 2464066 2284344 2284344 1679042 1715083 1715083
r-444 24 0.431159 24 0.123188 20126 182119 20126 22862 132652 28093 282611 28093 94906 118351 94906
r-640 24 0.492754 24 0.00724638 3901 7930759 3901 18946 128479 3378 8924801 3378 198132 6012760 198132
r-997 24 0 24 0.0869565 -1 -1 -1 -1 -1 -1 -1 -1 -1 -1 -1
r-2 24 0.960145 24 0.0942029 619 148 148 631 197 1318 600 600 692 815 815
r-731 24 0.811594 24 0.59058 280371 24397 24397 310998 23977 456177 20077 20077 156332 101422 101422
r-552 24 0.195652 24 0.82971 2508 2363 2508 2959 2298 777 2030 777 13850 3238 13850
r-418 24 0.518116 24 0.0797101 7264 143227 7264 25478 13584 7243 180328 7243 35086 28763 35086
r-793 24 0.358696 24 0.76087 35030 41133 35030 58569 25263 39450 52514 39450 143222 48545 143222
r-772 24 0.855072 24 0.768116 168576 40664 40664 174662 44867 243991 55197 55197 540307 832780 832780
r-31 24 0.452899 24 0.891304 11881 43359 11881 14111 9351 7831 43154 7831 40589 61252 40589
r-999 24 0.949275 24 0.858696 65951648 101115 101115 57327289 118845 70298006 115650 115650 87349370 557593 557593
r-755 24 0.188406 24 0.927536 214 2590 214 244 1382 498 3745 498 2382 1752 2382
r-362 24 0.576087 24 0.601449 1378731 1432116 1378731 1488216 1110081 2538889 2583238 2538889 1818397 1983407 1818397
r-28 24 0.438406 24 0.275362 232550 1093442 232550 298244 707028 379113 2051846 379113 725644 523997 725644
r-944 24 0.0507246 24 0.858696 1331 485 485 1407 447 2344 819 819 3120 1833 1833
r-171 24 0.478261 24 0.184783 30804 456919 30804 49681 333427 26828 794531 26828 189975 194539 189975
r-714 24 0.195652 24 0.724638 6469 9458 9458 6772 8040 6240 3807 3807 14100 30457 30457
r-315 24 0.630435 24 0.942029 3092 2473278 3092 96013 91051 4611 3013351 4611 32604 2241234 32604
r-998 24 0.384058 24 0.137681 15619 304404 15619 18630 227306 14534 482062 14534 165502 426369 165502
r-314 24 0.721014 24 0.811594 50854 250489 50854 71774 165775 74726 392547 74726 163111 241076 163111
r-562 24 0.192029 24 0.601449 39597 14273 14273 45943 9630 41192 9003 9003 72373 158975 158975
r-271 24 0.851449 24 0.148551 3230 615 3230 3466 583 1117 940 1117 5563 8929 5563
r-35 24 0.293478 24 0.101449 20151 127513 20151 63803 79745 6831 128104 6831 40586 322407 40586
r-945 24 0.76087 24 0.0181159 245 6389 245 184 1174 648 10483 648 442 6177 442
r-474 24 0.315217 24 0.586957 217862 72292 72292 274247 57755 322697 85077 85077 431583 496245 496245
r-528 24 0.550725 24 0.884058 25326 261207 25326 32010 198809 34256 459898 34256 68108 127531 68108
r-695 24 0.605072 24 0.858696 29511 401872 29511 34704 223851 40500 634308 40500 44720 337474 44720
r-151 24 0.782609 24 0.0942029 6539 4033 6539 6830 2251 2573 5504 2573 24318 4797 24318
r-516 24 0.0797101 24 0.681159 10184 1376 1376 11377 776 10333 589 589 8567 8308 8308
r-676 24 0.101449 24 0.521739 107923 16095 16095 119447 11490 142762 16836 16836 88009 101654 101654
r-278 24 0.0253623 24 0.735507 7295 209 209 7442 193 8691 475 475 6258 1057 1057
r-707 24 0.315217 24 0.833333 8625 8628 8625 18072 7759 5065 13611 5065 21281 45059 21281
r-517 24 0.807971 24 0.699275 811833 164173 164173 822431 226702 1297534 248751 248751 684139 395492 395492
r-10 24 0.65942 24 0.282609 26120 40038 26120 36125 34274 33426 54727 33426 155590 318658 155590
r-208 24 0.00362319 24 0.438406 30501650 1874 1874 30567368 1844 18146526 2962 2962 9186095 60136 60136
r-44 24 0.48913 24 0.26087 177321 681254 177321 273021 472195 278907 1293709 278907 416632 237898 416632
r-666 24 0.0615942 24 0.134058 1040949 25140 25140 780122 17655 1057966 16696 16696 42757940 68105 68105
r-687 24 0.438406 24 0.434783 652446 1043415 652446 702805 880991 1102564 1965621 1102564 1238144 1565370 1238144
r-893 24 0.804348 24 0.286232 6348 8814 8814 8866 8215 7200 3409 3409 17945 53567 53567
r-873 24 0.684783 24 0.73913 396478 1141204 396478 482519 754041 614595 1815889 614595 1105366 1417429 1105366
r-920 24 0.934783 24 0.452899 75348 3523 3523 79849 1800 91605 1596 1596 37369 46103 46103
r-428 24 0.605072 24 0.26087 70665 28366 70665 100303 17921 68957 31579 68957 348357 202037 348357
r-771 24 0.630435 24 0.126812 1636 32074 1636 2222 7040 654 45225 654 13755 37545 13755
r-505 24 0.311594 24 0.608696 90455 90184 90184 104397 74562 109015 120723 120723 430509 419920 419920
r-705 24 0.507246 24 0.862319 25622 168726 25622 32909 124715 35388 303007 35388 23222 47794 23222
r-97 24 0.757246 24 0.514493 396194 110575 110575 369901 118348 735879 159737 159737 120866 608095 608095
r-262 24 0.73913 24 0.0652174 996 3805 996 1857 2334 721 5862 721 2972 3962 2972
r-386 24 0.42029 24 0.956522 12911 32388 12911 18915 4906 3199 42249 3199 42425 47453 42425
r-996 24 0.246377 24 0.73913 3789 9410 9410 5704 7996 3986 11454 11454 33451 55569 55569
r-726 24 0.699275 24 0.673913 846921 604578 604578 953668 539003 1436853 994266 994266 1091806 1187600 1187600
r-5 24 0.974638 24 0.945652 -1 310171 310171 -1 302697 -1 244640 244640 -1 -1 -1
r-868 24 0.344203 24 0.0905797 456 932387 456 416 83103 275 1081855 275 238067 1523146 238067
r-26 24 0.0289855 24 0.48913 900606 3680 3680 896979 3176 1087267 2091 2091 924693 43047 43047
r-758 24 0.416667 24 0.902174 13009 101775 13009 16629 17952 9388 116060 9388 20136 94580 20136
r-189 24 0.0144928 24 0.51087 506482 1784 1784 506611 1660 642034 1763 1763 553602 4280 4280
r-601 24 0.913043 24 0.586957 495242 5345 5345 532279 3502 675830 6706 6706 438119 285985 285985
r-646 24 0.57971 24 0.673913 242105 729757 242105 273667 519550 383019 1323266 383019 1415063 1449297 1415063
r-540 24 0.398551 24 0.76087 111413 65121 111413 135281 56578 179496 93968 179496 220536 85911 220536
r-144 24 0.898551 24 0.804348 655396 99396 99396 668904 140148 869253 132192 132192 1106651 121019 121019
r-819 24 0.0181159 24 0.184783 -1 114004 114004 -1 139002 -1 116466 116466 -1 77167260 77167260
r-932 24 0.231884 24 0.282609 1105708 311370 311370 1225840 286600 1800425 480578 480578 973711 946207 946207
r-548 24 0.456522 24 0.815217 20164 55615 20164 30114 41967 25635 80490 25635 145876 211153 145876
r-795 24 1 24 0.427536 3803927 14471 14471 3759648 14471 4450511 16652 16652 3785919 296037 296037
r-515 24 0.188406 24 0.764493 8110 2847 2847 9465 2595 10155 2886 2886 14210 13999 13999
r-872 24 0.721014 24 0.811594 197225 1076044 197225 257790 686006 273228 1657239 273228 725051 547741 725051
r-700 24 0.76087 24 0.00724638 873 5425 873 2092 2534 661 11060 661 2532 5138 2532
r-874 24 0.00362319 24 0.057971 -1 -1 -1 -1 -1 -1 -1 -1 -1 -1 -1
r-263 24 0.423913 24 0.826087 21726 27356 21726 35879 19313 12023 38918 12023 22240 59247 22240
r-492 24 0.666667 24 0.108696 3088 10395 3088 3300 5138 4374 15958 4374 12176 13542 12176
r-964 24 0.945652 24 0.583333 680253 18938 18938 672393 19126 920834 13575 13575 554342 68690 68690
r-317 24 0.677536 24 0.601449 1166331 699024 699024 1241025 647957 2182703 1110884 1110884 1038742 1113575 1113575
r-567 24 0.318841 24 0.311594 1664874 1547906 1664874 1921542 1277544 2817108 2430498 2817108 2132702 1931354 2132702
r-275 24 0.184783 24 0.326087 503031 110272 110272 484782 164723 809229 152962 152962 567512 175243 175243
r-992 24 0.322464 24 0.297101 620941 839325 620941 735426 627077 1034258 1364962 1034258 1505595 1404354 1505595
r-94 24 0.862319 24 0.90942 7646 40777 7646 9740 29390 5572 45991 5572 2846348 145599 2846348
r-320 24 0.887681 24 0.945652 19893 130178351 19893 12180991 1539069 2403 16024816 2403 1222674 26801426 1222674
r-324 24 0.0144928 24 0.112319 -1 311979 311979 -1 309541 -1 69311 69311 -1 -1 -1
r-828 24 0.217391 24 0.695652 10244 13795 13795 11966 10140 2664 14075 14075 54273 37956 37956
r-495 24 0.268116 24 0.257246 361186 685024 361186 440360 546300 543512 994537 543512 996991 1274478 996991
r-739 24 0.724638 24 0.224638 10368 18376 10368 21163 16268 14471 22601 14471 66694 95057 66694
r-833 24 0.666667 24 0.927536 17124 347034 17124 36935 170803 23921 531276 23921 229812 543380 229812
r-42 24 0.539855 24 0.960145 3641 989748 3641 12566 73183 6033 1291547 6033 51700 645924 51700
r-500 24 0.568841 24 0.112319 2472 75046 2472 5738 7882 350 65591 350 19803 19398 19803
r-397 24 0.51087 24 1 27743 100488516 27743 1032963 613685 3931 121151793 3931 53711 100417660 53711
r-886 24 0.123188 24 0.57971 45330 15422 15422 50538 7171 49785 19094 19094 38733 14535 14535
r-166 24 0.985507 24 0.844203 -1 38895850 38895850 -1 34911400 -1 30192847 30192847 -1 31419801 31419801
r-514 24 0.474638 24 0.952899 6107 83753 6107 9585 5093 4566 97364 4566 14595 113421 14595
r-522 24 0.369565 24 0.271739 271356 875152 271356 327677 613924 434911 1546284 434911 369792 902780 369792
r-882 24 0.98913 24 0.155797 2005 112 112 2019 104 2351 500 500 927 364 364
r-926 24 0.626812 24 0.336957 62491 93875 62491 114057 80643 85650 116340 85650 182773 96706 182773
r-878 24 0.568841 24 0.576087 1016221 585970 1016221 1097179 495272 1886505 954073 1886505 1439446 1267188 1439446
r-430 24 0.557971 24 0.282609 127725 129687 127725 154071 109294 173717 176621 173717 483612 437754 483612
r-613 24 0.257246 24 0.413043 812478 292489 292489 839603 293194 1444874 433078 433078 1409149 530765 530765
r-538 24 0.0615942 24 0.0326087 1182 -1 1182 511426577 129930898 703 -1 703 368818896 -1 368818896
r-675 24 0.42029 24 0.807971 43335 57270 43335 60155 43042 56415 82886 56415 93577 102710 93577
r-201 24 0.956522 24 0.42029 56985 1846 1846 58433 1572 82303 2563 2563 73384 10911 10911
r-64 24 0.231884 24 0.442029 1285512 87164 87164 1190589 90255 2479530 126217 126217 437532 485011 485011
r-525 24 0.00724638 24 0.449275 7571516 3545 3545 7507418 3485 7858235 6110 6110 4638244 102181 102181
r-283 24 0.735507 24 0.554348 523362 120692 120692 468709 107837 914260 177562 177562 341258 373510 373510
r-209 24 0.286232 24 0.59058 78784 99339 99339 93026 96595 110611 144695 144695 167039 154404 154404
r-657 24 0.144928 24 0.822464 3457 1287 1287 3826 884 1593 766 766 13749 5260 5260
r-784 24 0.996377 24 0.677536 -1 62213 62213 -1 60917 -1 29065 29065 -1 134568373 134568373
r-307 24 0.836957 24 0.518116 290469 67474 67474 314530 69904 495974 96857 96857 161559 113929 113929
r-414 24 0.333333 24 0.695652 43965 75852 43965 56494 71729 58734 107564 58734 149620 99684 149620
r-599 24 0.728261 24 0.557971 1199199 325372 325372 1245661 348076 2306262 560872 560872 627432 847426 847426
r-138 24 0.913043 24 0.271739 10993 1325 1325 12561 1148 16828 598 598 12743 6905 6905
r-405 24 0.876812 24 0.644928 1030300 47852 47852 977671 70745 1723518 72997 72997 628641 116383 116383
r-801 24 0.894928 24 0.949275 3761 271564 3761 90273 22525 1972 162019 1972 4144991 47067754 4144991
r-390 24 0.398551 24 0.00362319 6962 -1 6962 -1 565072 7713 -1 7713 57346 -1 57346
r-131 24 0.971014 24 0.619565 1020048 5854 5854 1001788 4906 1329097 7330 7330 1132614 401438 401438
r-887 24 0.144928 24 0.934783 1000 1545 1000 1189 953 775 2758 775 1435 1243 1435
r-914 24 0.612319 24 0.565217 1241131 923343 923343 1321497 826409 2284828 1658875 1658875 1472242 1000863 1000863
r-754 24 0.311594 24 0.0942029 21156 507732 21156 27973 354910 12152 796712 12152 40575 426918 40575
r-596 24 0.0362319 24 0.311594 20080485 7296 7296 18420084 6888 22472731 2197 2197 23885329 1116903 1116903
r-752 24 0.442029 24 0.00724638 22729 7355563 22729 69217 466122 6486 8790381 6486 10121 4253342 10121
r-733 24 0.702899 24 0.862319 36100 789931 36100 46176 557084 4741 1145468 4741 188184 456062 188184
r-619 24 0.731884 24 0.996377 1190253 -1 1190253 -1 -1 115151 -1 115151 -1 -1 -1
r-811 24 0.684783 24 0.677536 702442 592907 592907 754555 459693 998049 785543 785543 844550 1430668 1430668
r-597 24 0.365942 24 0.905797 3213 76119 3213 4102 10854 3350 106480 3350 2265 33296 2265
r-527 24 0.565217 24 0.431159 1060752 864890 1060752 1263787 815469 1706905 1340245 1706905 1849575 923769 1849575
r-490 24 0.612319 24 0.17029 3990 26234 3990 12112 16711 3652 38250 3652 57550 52436 57550
r-203 24 0.518116 24 0.271739 114619 119541 114619 155042 89074 167637 162425 167637 295198 556016 295198
r-110 24 0.369565 24 0.543478 564964 543954 543954 676220 481099 887731 803226 803226 660538 1131003 1131003
r-161 24 0.742754 24 0 94 85434 94 34 3890 594 101179 594 40993 92048 40993
r-849 24 0.336957 24 0.00724638 112945 78743071 112945 5871891 3916680 136248 89948366 136248 985771 56810426 985771
r-137 24 0.597826 24 0.0615942 1294 47689 1294 1317 4536 425 60665 425 9260 24410 9260
r-949 24 0.351449 24 0.423913 933933 555821 555821 960081 488166 1714844 929524 929524 1692082 1312751 1312751
r-532 24 0.228261 24 0.695652 11634 7165 7165 14047 6722 12274 8059 8059 161768 31947 31947
r-678 24 0.789855 24 0.76087 368887 233866 233866 438353 200957 535852 278594 278594 553429 698158 698158
r-857 24 0.782609 24 0.98913 198962 -1 198962 -1 -1 226909 -1 226909 135790786 -1 135790786
r-913 24 0.543478 24 0.811594 51146 504401 51146 93512 303606 72641 962179 72641 99288 217208 99288
r-554 24 0.764493 24 0.0326087 219 3232 219 283 1269 621 5884 621 5769 5587 5769
r-392 24 0.710145 24 0.898551 29116 464841 29116 97391 162215 32602 596996 32602 122458 440114 122458
r-407 24 0.289855 24 0.721014 22966 31846 22966 34236 27501 28476 37123 28476 81442 50553 81442
r-825 24 0.684783 24 0.98913 3073 675584643 3073 -1 125155 769 -1 769 5942252 127044672 5942252
r-68 24 0.307971 24 0.615942 57226 36392 36392 87379 28887 74175 41845 41845 200951 201938 201938
r-114 24 0.90942 24 0.0217391 38 528 38 38 229 525 1099 525 138 472 138
r-506 24 0.971014 24 0.826087 -1 49957 49957 -1 45617 -1 37547 37547 -1 2726335 2726335
r-140 24 0.73913 24 0.76087 358845 317907 358845 434634 244246 531887 493780 531887 970328 1005722 970328
r-917 24 0.855072 24 0.456522 36924 10716 10716 43173 5138 46848 12416 12416 74875 99833 99833
r-384 24 0.0615942 24 0.666667 19951 2880 2880 20821 3461 22489 2277 2277 26517 6118 6118
r-968 24 0.206522 24 0.626812 28326 22909 22909 40073 16693 27888 11435 11435 55545 108112 108112
r-193 24 0.25 24 0.894928 1768 6194 1768 1898 4370 599 7669 599 8210 7071 8210
r-969 24 0.26087 24 0.568841 143915 90543 90543 180947 80405 207285 124940 124940 380479 219044 219044
r-834 24 0.981884 24 0.923913 -1 12458159 12458159 -1 12457613 -1 12470603 12470603 -1 -1 -1
r-859 24 0.126812 24 0.134058 148686 54214 54214 162459 72845 157506 67243 67243 185310 67868 67868
r-721 24 0.771739 24 0.115942 786 3708 786 1029 1936 1111 4564 1111 11465 4248 11465
r-158 24 0.960145 24 0.405797 57798 3468 3468 62432 3030 79819 1660 1660 24866 7791 7791
r-258 24 0.358696 24 0.391304 1501894 1217280 1217280 1584165 1083375 2692806 2279598 2279598 1020630 960777 960777
r-582 24 0.898551 24 0.619565 456191 10410 10410 455904 12692 675437 8856 8856 256151 83111 83111
r-419 24 0.869565 24 0.753623 689893 91040 91040 740990 149735 1054657 126338 126338 970662 358418 358418
r-863 24 0.818841 24 0.380435 9454 15835 15835 12385 8296 11128 11340 11340 45710 34749 34749
r-477 24 0.0181159 24 0.0833333 -1 -1 -1 -1 -1 -1 -1 -1 -1 -1 -1
r-708 24 0.771739 24 0.525362 802734 109698 109698 774174 113897 1463029 170828 170828 499805 144917 144917
r-245 24 0.536232 24 0.927536 9016 105525 9016 18196 14728 718 137681 718 3962 73240 3962
r-273 24 0.981884 24 0.336957 180692 1866 1866 181320 1676 220267 475 475 65490 3242 3242
r-776 24 0.804348 24 0.996377 40061260 -1 40061260 -1 -1 59999 -1 59999 11592495 -1 11592495
r-216 24 0.971014 24 0.894928 -1 28756 28756 -1 28651 -1 25984 25984 -1 43449758 43449758
r-988 24 0.731884 24 0.981884 5708 129826111 5708 8686192 566851 6358 133909069 6358 1253923 -1 1253923
r-653 24 0.481884 24 0.413043 774655 622004 774655 950401 535366 1281578 1087088 1281578 726940 1052212 726940
r-468 24 0.333333 24 0.956522 657 24224 657 646 2632 998 22190 998 658 25367 658
r-958 24 0.764493 24 0.492754 106943 109512 109512 127070 69579 89907 75486 75486 485787 303551 303551
r-561 24 0.971014 24 0.0181159 62 77 62 62 75 585 526 585 97 50 97
r-410 24 0.815217 24 0.26087 12002 9876 9876 16913 7488 10258 11800 11800 15602 23229 23229
r-302 24 0.706522 24 0.652174 735876 502274 502274 798547 535917 1220185 799917 799917 763866 1015253 1015253
r-150 24 0.387681 24 0.206522 115527 1427331 115527 150892 1076003 160610 2436056 160610 892812 917110 892812
r-135 24 0.224638 24 0.59058 55045 41408 41408 72064 27553 68826 30828 30828 41007 76367 76367
r-821 24 0.0833333 24 0.463768 110801 11770 11770 136371 7738 186586 3237 3237 51139 48399 48399
r-447 24 0.253623 24 0.492754 476290 70618 70618 458380 67375 928112 112080 112080 110451 280486 280486
r-785 24 0.82971 24 0.00362319 27 2344 27 27 933 525 4492 525 727 1923 727
r-667 24 0.0615942 24 0.822464 2268 84 84 2436 114 3135 475 475 1186 1485 1485
r-779 24 0.73913 24 0.684783 336791 100608 100608 357132 76031 552629 154126 154126 1210614 449650 449650
r-630 24 0.923913 24 0.576087 289685 737 737 278699 739 404967 773 773 409815 11503 11503
r-153 24 0.134058 24 0.148551 157730 257191 257191 188721 218836 193476 320555 320555 2146047 804224 804224
r-843 24 0.514493 24 0.391304 842209 606814 842209 971280 550341 1388077 971894 1388077 1119191 1006224 1119191
r-301 24 0.884058 24 0.804348 415291 37967 37967 420128 47709 518673 42943 42943 366962 1032179 1032179
r-387 24 0.351449 24 0.0398551 4952 2895113 4952 9099 193493 755 3265747 755 34135 2313019 34135
r-487 24 0.231884 24 0.833333 5152 11948 5152 7116 9232 4723 8362 4723 11116 37119 11116
r-251 24 0.594203 24 0.637681 1269174 2069175 1269174 1478227 1719620 2183046 3831968 2183046 1460372 2173003 1460372
r-551 24 0.318841 24 0.0797101 7718 1055418 7718 10381 327687 9698 1369728 9698 135768 1331111 135768
r-75 24 0.98913 24 0.0217391 83 27 27 83 49 606 550 550 165 27 27
r-359 24 0.0253623 24 0.25 166973392 4976 4976 153216052 4557 182841698 6396 6396 187448632 391547 391547
r-934 24 0.315217 24 0.630435 38152 70684 70684 45653 56825 41395 97613 97613 434955 280489 280489
r-835 24 0.619565 24 0.427536 238572 180514 180514 341613 154123 339136 239430 239430 559244 695231 695231
r-937 24 0.300725 24 0.195652 410501 1347333 410501 555690 1001634 607994 2202228 607994 390517 867114 390517
r-389 24 0.474638 24 0.644928 137499 230519 137499 250543 156513 172919 323737 172919 716496 819742 716496
r-241 24 0.586957 24 0.782609 74392 765900 74392 111676 477867 107125 1350919 107125 723873 570553 723873
r-48 24 0.460145 24 0.76087 147699 66602 147699 196042 57014 220529 70908 220529 314435 450035 314435
r-590 24 0.326087 24 0.242754 331953 696060 331953 418790 572730 508116 1153497 508116 375804 621920 375804
r-696 24 0.934783 24 0.865942 760130 17413 17413 741476 15819 59737 185 185 1635640 400980 400980
r-123 24 0.0326087 24 0.351449 14234775 18880 18880 13454578 16492 16692835 20025 20025 15152462 18056 18056
r-790 24 0.931159 24 0.992754 -1 -1 -1 -1 -1 -1 -1 -1 -1 -1 -1
r-891 24 0.333333 24 0.898551 921 9002 921 2074 3526 1122 14259 1122 12622 9632 12622
r-884 24 0.199275 24 0.0289855 38083 -1 38083 -1 11867021 44114 -1 44114 1363872 -1 1363872
r-290 24 0.554348 24 0.318841 54574 120062 54574 75918 97094 68487 153950 68487 476598 365438 476598
r-539 24 0.485507 24 0.605072 792607 730872 792607 1018131 629783 1238418 1109353 1238418 1220186 1342735 1220186
r-691 24 0.351449 24 0.717391 19739 42173 19739 27631 37072 23797 62399 23797 105131 62338 105131
r-618 24 0.076087 24 0.90942 137 379 379 137 322 475 738 738 55 903 903
r-890 24 0.235507 24 0.105072 13425 200085 13425 18594 155680 13138 290321 13138 46408 346309 46408
r-182 24 0.177536 24 0.311594 790203 246410 246410 783138 341489 1306507 352364 352364 746942 547192 547192
r-103 24 0.503623 24 0.822464 32101 469772 32101 56021 338996 46954 905193 46954 196500 127899 196500
r-735 24 0.742754 24 0.213768 10199 8920 10199 12579 7745 7903 12150 7903 21405 116607 21405
r-383 24 0.119565 24 0.362319 311614 17390 17390 284099 25765 533048 23454 23454 423648 75492 75492
r-394 24 0.336957 24 0.289855 313101 1052312 313101 420489 708074 486785 1771126 486785 683531 425881 683531
r-892 24 0.311594 24 0.815217 18676 23601 18676 21878 20275 15299 32254 15299 14176 20351 14176
r-202 24 0.413043 24 0.253623 229153 1157872 229153 301883 803143 359624 2099949 359624 422619 379354 422619
r-101 24 0.771739 24 0.706522 845058 268471 268471 895543 260209 1337512 376540 376540 931305 330749 330749
r-280 24 0.373188 24 0.228261 117554 696237 117554 151211 578222 132279 1031753 132279 255024 453966 255024
r-952 24 0.57971 24 0.155797 26485 30751 26485 38275 9759 28668 35645 28668 39337 27115 39337
r-809 24 0.768116 24 0.880435 56023 334477 56023 78051 201541 74071 434743 74071 580543 852034 580543
r-194 24 0.344203 24 0.536232 468929 377689 377689 549940 283367 681783 445573 445573 1564205 1019235 1019235
r-895 24 0.844203 24 0.438406 66390 20385 20385 75347 14137 84299 2950 2950 108701 93503 93503
r-715 24 0.478261 24 0.811594 32178 165545 32178 48760 56800 22018 209289 22018 52724 118220 52724
r-760 24 0.880435 24 0.543478 208109 23281 23281 235501 30099 347295 35097 35097 153014 110060 110060
r-239 24 0.438406 24 0.706522 118182 79983 118182 163301 69804 167609 103120 167609 366391 373663 366391
r-178 24 0.73913 24 0.384058 66780 66251 66251 82078 52740 91617 83970 83970 172213 166451 166451
r-852 24 0.688406 24 0.0615942 2501 6296 2501 2729 3075 589 10821 589 6116 7097 6116
r-764 24 0.391304 24 0.0724638 2548 281322 2548 2781 97593 3695 419155 3695 245675 261113 245675
r-126 24 0.0217391 24 0.0217391 264 214 264 262 216 289 239 289 17798793 -1 17798793
r-98 24 0.789855 24 0.851449 78236 492708 78236 97161 361680 105402 698200 105402 403922 3107010 403922
r-329 24 0.800725 24 0.923913 31492 503216 31492 293108 112457 27257 485277 27257 75505 9945256 75505
r-240 24 0.485507 24 0.0978261 4023 322290 4023 4318 104571 3228 447121 3228 114503 229058 114503
r-106 24 0.891304 24 0.619565 327459 57951 57951 344426 58912 569886 87250 87250 172595 435492 435492
r-722 24 0.858696 24 0.65942 674514 51586 51586 614100 74692 968293 43221 43221 448753 114010 114010
r-411 24 0.152174 24 0.315217 462620 16466 16466 424144 25268 731572 24196 24196 421149 69466 69466
r-172 24 0.48913 24 0.195652 53739 423403 53739 84542 286528 70208 761772 70208 66491 155735 66491
r-767 24 0.612319 24 0.492754 680322 559537 559537 793507 484150 1087481 889488 889488 1170659 1284990 1284990
r-402 24 0.586957 24 0.942029 25275 195562 25275 66380 79824 17673 254080 17673 45481 243685 45481
r-588 24 0.148551 24 0.518116 41024 33098 33098 51457 21227 52029 17666 17666 91386 49240 49240
r-285 24 0.528986 24 0.822464 71824 452775 71824 87433 361726 114818 823603 114818 464182 193663 464182
r-34 24 0.65942 24 0.597826 968311 644342 644342 1011974 595415 1730104 1072311 1072311 1651384 1496786 1496786
r-681 24 0.057971 24 0.532609 103166 3229 3229 107720 2524 115841 1261 1261 147584 29458 29458
r-557 24 0.507246 24 0.666667 155992 1200582 155992 209452 851229 213614 2339055 213614 633311 745540 633311
r-513 24 0.326087 24 0.282609 843015 1399754 843015 1004405 1137516 1308032 2351548 1308032 925984 1519638 925984
r-976 24 0.880435 24 0.818841 124156 40327 40327 134324 40495 144945 32927 32927 91964 175109 175109
r-889 24 0.347826 24 0.481884 1343785 207885 207885 1344753 190865 2556646 232079 232079 327797 496807 496807
r-773 24 0.253623 24 0.25 893844 785761 893844 1053216 756408 1415852 1203233 1415852 1038278 1654832 1038278
r-729 24 0.315217 24 0.557971 56252 163913 163913 75959 138564 72667 229308 229308 646171 348539 348539
r-188 24 0.568841 24 0.384058 171192 273644 171192 221962 240585 226861 431378 226861 148871 895494 148871
r-190 24 0.771739 24 0.644928 1163160 209649 209649 1163425 256521 2009242 329275 329275 745507 645430 645430
r-955 24 0.402174 24 0.847826 15008 24300 15008 16720 14338 13854 32568 13854 84474 41718 84474
r-641 24 0.913043 24 0.206522 3007 3703 3703 3329 2779 4670 4718 4718 5137 3571 3571
r-918 24 0.717391 24 0.706522 671676 940527 940527 760312 871051 1097141 1519196 1519196 898529 714572 714572
r-30 24 0.25 24 0.268116 467744 240486 240486 545357 241707 728577 336144 336144 315805 547867 547867
r-226 24 0.449275 24 0.963768 4701 153768 4701 12525 11004 2573 162771 2573 14561 223411 14561
r-238 24 0.615942 24 0.496377 654483 252262 252262 762019 230944 1062769 340461 340461 661965 235408 235408
r-741 24 0.771739 24 0.402174 43359 36944 36944 52094 27962 57091 6789 6789 164860 123089 123089
r-330 24 0.376812 24 0.48913 990023 175700 175700 934716 163185 1886467 256561 256561 527896 798315 798315
r-465 24 0.00362319 24 0.15942 -1 743289 743289 -1 741913 -1 279139 279139 -1 -1 -1
r-544 24 0.90942 24 0.757246 948413 12789 12789 824899 16501 1214439 16054 16054 949343 74097 74097
r-980 24 0.0869565 24 0.231884 2747321 119539 119539 2640933 144423 3622075 163735 163735 3480116 1212001 1212001
r-655 24 0.15942 24 0.565217 46728 17994 17994 57621 15052 60413 25344 25344 132236 146473 146473
r-343 24 0.528986 24 0.0507246 4346 317772 4346 6757 12712 2903 337577 2903 44820 217651 44820
r-282 24 1 24 0.503623 17468305 27145 27145 17692472 27145 18483097 1051 1051 16925519 14472 14472
r-88 24 0.51087 24 0.742754 45610 627478 45610 79321 411917 58429 1200369 58429 222429 290465 222429
r-664 24 0.884058 24 0.115942 1216 1134 1216 1408 1067 867 720 867 3862 597 3862
r-512 24 0.112319 24 0.213768 584313 28914 28914 595471 17855 723690 6711 6711 879850 56424 56424
r-279 24 0.485507 24 0.289855 297854 1089471 297854 379694 688074 468132 2126061 468132 832247 726190 832247
r-777 24 0.797101 24 0.568841 621123 146441 146441 573993 140331 1122698 230856 230856 279375 210632 210632
r-638 24 0.427536 24 0.789855 14974 80947 14974 27912 49158 9557 96360 9557 183767 268413 183767
r-617 24 0.532609 24 0.0181159 4127 141319 4127 10103 9767 2316 164052 2316 20357 112379 20357
r-20 24 0.557971 24 0.413043 858368 187979 858368 987956 168481 1396047 255833 1396047 1180867 989952 1180867
r-425 24 0.0797101 24 0.554348 102569 6482 6482 110034 5010 128877 3990 3990 122646 26788 26788
r-855 24 0.221014 24 0.478261 697654 73182 73182 577739 71612 1313823 95178 95178 314648 175262 175262
r-606 24 0.811594 24 0.800725 184208 122961 122961 209954 128020 268867 174187 174187 511243 722753 722753
r-967 24 0.876812 24 0.688406 855650 29390 29390 861228 35266 1226540 41274 41274 799076 535048 535048
r-313 24 0.387681 24 0.126812 40008 184940 40008 50691 144360 51204 302087 51204 172284 157785 172284
r-415 24 0.797101 24 0.76087 438716 223471 223471 488214 207150 593052 285556 285556 744770 687198 687198
r-169 24 0.293478 24 0.105072 141609 1512925 141609 349425 956858 75789 2044878 75789 96340 1171632 96340
r-794 24 0.518116 24 0.938406 5510 327196 5510 25406 34603 8169 424615 8169 41388 657882 41388
r-295 24 0.115942 24 0.40942 229664 19057 19057 220609 22741 398659 27730 27730 217896 53363 53363
r-915 24 0.677536 24 0.275362 58248 14248 58248 76073 13706 79727 18285 79727 86474 153713 86474
r-668 24 0.0507246 24 0.376812 2273562 6959 6959 2108959 6009 2766866 7810 7810 3453890 229233 229233
r-85 24 0.221014 24 0.0652174 11428 1986000 11428 580708 210104 7305 1557381 7305 286069 5309018 286069
r-230 24 0.0289855 24 0.144928 -1 420779 420779 -1 416539 -1 474255 474255 -1 -1 -1
r-627 24 0.902174 24 0.807971 308653 11615 11615 319618 13431 328611 6462 6462 1661786 670672 670672
r-409 24 0.0434783 24 0.528986 191145 2022 2022 199451 1253 231184 540 540 192982 16149 16149
r-212 24 0.369565 24 0.336957 242853 428561 242853 284372 321991 329605 620368 329605 717290 824648 717290
r-91 24 0.445652 24 0.865942 14112 36053 14112 16074 11864 11717 30285 11717 12951 72669 12951
r-983 24 0.0507246 24 0.931159 476 142 142 476 117 900 500 500 649 47 47
r-507 24 0.416667 24 0.789855 31370 69125 31370 47747 20807 20313 53574 20313 72011 69459 72011
r-631 24 0.123188 24 0.463768 124029 19409 19409 142718 20212 215759 29168 29168 86120 37246 37246
r-15 24 0 24 0.275362 -1 -1 -1 -1 -1 -1 -1 -1 -1 -1 -1
r-127 24 0.076087 24 0.192029 899112 4689 4689 842410 5108 1040851 4517 4517 4726671 796709 796709
r-252 24 0.148551 24 0.75 7531 5609 5609 9660 5194 4053 2726 2726 13901 26505 26505
r-975 24 0.23913 24 0.692029 17972 11368 11368 23250 9815 20154 12536 12536 80588 72827 72827
r-966 24 0.797101 24 0.862319 108699 439575 108699 186596 307967 143760 627486 143760 795910 875967 795910
r-321 24 0.673913 24 0.434783 98770 136546 136546 111762 110572 129449 179347 179347 147069 895691 895691
r-829 24 0.0253623 24 0.384058 1804172 9790 9790 1706633 9056 2204762 6135 6135 1323262 677505 677505
r-647 24 0.666667 24 0.300725 26476 58790 26476 31109 51221 14717 60813 14717 398575 287855 398575
r-593 24 0.434783 24 0.23913 270950 1343720 270950 346927 1006341 446068 2532191 446068 337407 659095 337407
r-458 24 0.836957 24 0.851449 114730 151027 114730 140243 142317 151618 195913 151618 52306 415037 52306
r-626 24 0.833333 24 0.811594 479412 149907 149907 497708 206264 582427 193579 193579 850103 475808 475808
r-576 24 0.442029 24 0.40942 941905 695386 941905 1146724 615030 1588727 1159039 1588727 1241202 1576252 1241202
r-96 24 0.561594 24 0.51087 1280022 675744 675744 1338262 622255 2411751 1154341 1154341 1245721 1034116 1034116
r-768 24 0.119565 24 0.112319 28562 22981 28562 32309 19963 28296 20232 28296 39718 41316 39718
r-57 24 0.268116 24 0.996377 911 7287 911 2745 1707 580 13340 580 4600 14653 4600
r-333 24 0.851449 24 0.949275 11832 4238197 11832 589409 120963 1699 418091 1699 378557 54106378 378557
r-658 24 0.0326087 24 0.913043 698 38 38 702 75 934 500 500 459 459 459
r-546 24 0.166667 24 0.873188 1210 1087 1210 1455 752 887 1653 887 2376 9433 2376
r-250 24 0.148551 24 0.15942 95858 97293 97293 114235 88683 117112 109802 109802 197942 539951 539951
r-480 24 0.188406 24 0.956522 363 2169 363 361 973 476 2939 476 2808 2258 2808
r-276 24 0.221014 24 0.543478 26165 54592 54592 34230 43125 36698 71258 71258 83228 103779 103779
r-866 24 0.405797 24 0.188406 82083 509491 82083 100576 416179 82379 847121 82379 141221 595421 141221
r-491 24 0.855072 24 0.807971 508231 64836 64836 553328 69412 682540 74654 74654 438943 155468 155468
r-684 24 0.644928 24 0.913043 4311 188266 4311 4877 88392 1054 276969 1054 133751 557226 133751
r-204 24 0.688406 24 0.304348 52549 30199 52549 58635 20652 76331 36512 76331 57803 337199 57803
r-297 24 0.550725 24 0.326087 61634 177732 61634 88046 112422 50147 233721 50147 424682 621951 424682
r-120 24 0.76087 24 0.507246 1104471 130320 130320 1081895 148333 1829053 151016 151016 677361 356941 356941
r-176 24 0.634058 24 0.112319 555 30290 555 7512 9695 856 42176 856 16763 28960 16763
r-669 24 0.778986 24 0.0942029 1676 2627 1676 1867 1910 1718 4015 1718 11973 2316 11973
r-577 24 0.286232 24 0.184783 160370 397928 160370 217498 308035 144188 562531 144188 442616 843610 442616
r-257 24 0.692029 24 0.0144928 1017 31347 1017 2374 2665 536 37467 536 1063 25990 1063
r-724 24 0.789855 24 0.456522 96465 23061 23061 122688 14880 129664 14088 14088 79515 109638 109638
r-319 24 0.992754 24 0.126812 1522 27 27 1561 49 3428 525 525 1491 118 118
r-129 24 0.619565 24 0.163043 18579 16950 18579 21957 7582 12740 18454 12740 40859 16510 40859
r-486 24 0.626812 24 0.0253623 999 31067 999 2133 2430 690 45824 690 16532 32388 16532
r-603 24 0.992754 24 0.0253623 173 27 27 173 49 610 550 550 143 110 110
r-366 24 0.673913 24 0.956522 15806 7742809 15806 2694856 253021 19773 9517342 19773 92417 6819416 92417
r-820 24 0.692029 24 0.42029 154173 82106 82106 175275 64559 202820 104479 104479 482839 66092 66092
r-393 24 0.608696 24 0.695652 500431 1213709 500431 626664 924042 837783 2161858 837783 1138197 1453484 1138197
r-459 24 0.257246 24 0.333333 664037 164655 164655 702589 140870 1071200 254447 254447 359165 419514 419514
r-186 24 0.0543478 24 0.202899 20749957 97088 97088 25217334 87402 9281853 1383 1383 37128687 121403 121403
r-368 24 0.57971 24 0.177536 71805 29048 71805 79376 17539 81789 32312 81789 69144 78457 69144
r-956 24 0.380435 24 0.163043 35722 407925 35722 57130 193421 41098 704658 41098 173595 263343 173595
r-853 24 0.210145 24 0.0652174 267447 8009589 267447 1206125 2675653 8412 8164657 8412 324238 10029508 324238
r-49 24 0.699275 24 0.677536 1060194 1108507 1108507 1175087 1008360 1815195 1938359 1938359 1829428 1958323 1958323
r-399 24 0.807971 24 0.271739 5941 6362 6362 7304 4933 5599 6547 6547 7761 23988 23988
r-728 24 0.974638 24 0.862319 -1 31428 31428 -1 30437 -1 4430 4430 -1 32963168 32963168
r-927 24 0.503623 24 0.771739 24789 284816 24789 59090 224855 28520 519834 28520 124302 145430 124302
r-434 24 0.648551 24 0.271739 24271 26619 24271 42573 22439 30345 32003 30345 63461 67033 63461
r-568 24 0.101449 24 0.438406 318503 16556 16556 298973 21856 466246 7280 7280 326869 28120 28120
r-665 24 0.452899 24 0.597826 269981 351733 269981 306456 318475 401589 511720 401589 608276 576413 608276
r-654 24 0.307971 24 0.271739 841897 840599 841897 989041 720395 1346613 1400932 1346613 954366 899879 954366
r-553 24 0.297101 24 0.605072 96512 127613 127613 118583 108943 126759 172410 172410 126611 597322 597322
r-175 24 0.405797 24 0.576087 291828 181399 181399 359647 157593 432816 259765 259765 945045 647104 647104
r-379 24 0.405797 24 0.282609 554364 988266 554364 647764 759897 916332 1800253 916332 738490 899217 738490
r-804 24 0.376812 24 0.757246 33604 64297 33604 47505 54107 36955 90185 36955 210961 238392 210961
r-332 24 0.554348 24 0.710145 94716 516253 94716 143966 365052 142711 973282 142711 486309 830412 486309
r-179 24 0.0326087 24 0.804348 2315 279 279 2375 239 3394 476 476 1842 599 599
r-763 24 0.460145 24 0.724638 187920 189575 187920 227956 148853 270331 146183 270331 342686 538063 342686
r-471 24 0.25 24 0.90942 711 4197 711 754 2227 425 3681 425 7543 4247 7543
r-104 24 0.387681 24 0.826087 21390 11341 21390 29447 8717 28564 16743 28564 72823 338628 72823
r-901 24 0.373188 24 0.891304 4523 15645 4523 4973 7704 589 14215 589 8614 17379 8614
r-65 24 0.115942 24 0.304348 692523 74736 74736 752845 99667 1136656 126459 126459 662649 132966 132966
r-197 24 0.115942 24 0.601449 11698 2994 2994 14646 2955 18933 3560 3560 27049 18837 18837
r-609 24 0.677536 24 0.0217391 254 27302 254 365 2191 450 39355 450 1024 21040 1024
r-184 24 0.224638 24 0.188406 401307 950474 401307 505480 809042 277203 1250234 277203 1150198 1416716 1150198
r-248 24 0.699275 24 0.532609 1172180 218574 218574 1159369 225805 2223781 332792 332792 680371 651393 651393
r-305 24 0.706522 24 0.355072 52280 73520 73520 75479 61875 70620 107117 107117 257554 127291 127291
r-605 24 0.934783 24 0.48913 52467 4357 4357 56552 2996 72230 4878 4878 47365 82919 82919
r-575 24 0.398551 24 0.550725 153713 519862 519862 179872 452129 211410 775657 775657 879898 797231 797231
r-457 24 0.666667 24 0.757246 216264 1635751 216264 262604 1079801 319940 2703329 319940 827315 1546671 827315
r-750 24 0.304348 24 0.797101 15313 10090 15313 26850 7312 14230 13234 14230 48899 59889 48899
r-118 24 0.246377 24 0.594203 79107 25411 25411 104527 23150 120512 35724 35724 174140 224226 224226
r-876 24 0.278986 24 0.112319 137557 567639 137557 336445 396159 190508 821861 190508 426344 995264 426344
r-287 24 0.753623 24 0 601 15952 601 1609 5187 525 24894 525 15025 15681 15025
r-265 24 0.449275 24 0.960145 5274 239887 5274 22047 9791 2800 254796 2800 9121 191981 9121
r-54 24 0.981884 24 0.152174 1716 264 264 1762 204 3425 500 500 1623 264 264
r-192 24 0 24 0.0833333 -1 14401168 14401168 -1 14401168 -1 16274073 16274073 -1 -1 -1
r-734 24 0.253623 24 0.746377 7726 13103 7726 9505 7710 2970 11868 2970 31502 52488 31502
r-791 24 0.547101 24 0.536232 1523701 1241855 1241855 1624830 1093903 2859755 2274152 2274152 1266516 1905210 1905210
r-672 24 0.307971 24 0.793478 17940 21232 17940 21787 13835 13676 24922 13676 33056 44378 33056
r-72 24 0.692029 24 0.373188 105762 35760 35760 138956 29827 139838 29294 29294 256597 159665 159665
r-90 24 0.0144928 24 0.851449 1694 80 80 1705 104 2339 500 500 908 890 890
r-836 24 0.210145 24 0.84058 3455 5089 3455 3462 3958 2222 2743 2222 25915 12519 25915
r-816 24 0.586957 24 0.568841 959751 851382 851382 1044287 771501 1714171 1498190 1498190 1061178 1337092 1337092
r-281 24 0.304348 24 0.449275 1575726 529049 529049 1683389 501937 2994470 901217 901217 954603 651673 651673
r-6 24 0.891304 24 0.605072 509580 20772 20772 524014 29862 845837 23047 23047 260801 73381 73381
r-520 24 0.536232 24 0.673913 176177 1150517 176177 278058 795872 253505 2173994 253505 887535 711376 887535
r-879 24 0.481884 24 0.123188 8063 136786 8063 9467 105691 8304 243061 8304 33662 90452 33662
r-345 24 0.699275 24 0.202899 7476 11516 7476 12386 10714 8440 14535 8440 21770 39585 21770
r-844 24 0.445652 24 0.362319 721204 1775230 721204 878745 1412575 1238004 3413307 1238004 1404863 1207745 1404863
r-80 24 0.652174 24 0.615942 1665688 943440 943440 1814436 834591 2965733 1659313 1659313 1148037 1666927 1666927
r-388 24 0.123188 24 0.974638 35 985 35 35 437 525 2013 525 234 950 234
r-469 24 0.48913 24 0.858696 31582 100869 31582 38157 25614 44217 113159 44217 35963 148576 35963
r-942 24 0.652174 24 0.369565 62663 140482 140482 77390 124383 75794 203467 203467 305028 407134 407134
r-848 24 0.275362 24 0.492754 1087432 339936 339936 1077842 397232 2036824 505385 505385 447534 329453 329453
r-688 24 0.195652 24 0.17029 183790 302819 183790 210516 256221 249722 413691 249722 1742041 448389 1742041
r-621 24 0.90942 24 0.0652174 335 597 335 339 379 834 824 834 1449 827 1449
r-391 24 0.0326087 24 0.445652 825403 2431 2431 801139 2038 1053529 3561 3561 863542 7992 7992
r-354 24 0.32971 24 0.82971 17535 7127 17535 19337 5274 11314 9820 11314 20235 67946 20235
r-244 24 0.442029 24 0.554348 564870 753501 753501 600276 676080 840790 1235305 1235305 1012724 850677 850677
r-100 24 0.449275 24 0.373188 724305 1189448 724305 858661 1001053 1261144 2219961 1261144 1268835 1505422 1268835
r-815 24 0.0434783 24 0.398551 975554 12592 12592 941419 12029 1383794 16590 16590 968293 25570 25570
r-723 24 0.75 24 0.0688406 1541 5347 1541 2039 3461 1969 8227 1969 3062 4794 3062
r-119 24 0.858696 24 0.173913 1844 1065 1065 2077 961 1921 804 804 13383 7582 7582
r-732 24 0.847826 24 0.913043 68172 1965632 68172 189905 1276104 80798 2055856 80798 883727 25057019 883727
r-832 24 0.166667 24 0.076087 121528 2795991 121528 1975931 330526 6641 401785 6641 434326 18504051 434326
r-71 24 0.253623 24 0.699275 43468 26639 26639 56420 22682 61579 33351 33351 150455 34680 34680
r-623 24 0.626812 24 0.746377 273983 1009274 273983 362898 652154 454341 1822044 454341 852390 753629 852390
r-896 24 0.891304 24 0.637681 1003278 46084 46084 981692 65768 1441550 30479 30479 334507 420822 420822
r-83 24 0.789855 24 0.82971 384445 888634 384445 467436 720332 499056 1213415 499056 722701 707247 722701
r-168 24 0.884058 24 0.304348 8930 1798 1798 10543 1316 4692 1096 1096 24704 8112 8112
r-645 24 0.268116 24 0.264493 442136 653999 442136 516084 580463 696809 1043847 696809 629167 783896 629167
r-152 24 0.492754 24 0.0507246 5995 154483 5995 7928 36956 3905 212565 3905 60921 98944 60921
r-738 24 0.945652 24 0.974638 64636 -1 64636 -1 -1 65027 -1 65027 995123 -1 995123
r-921 24 0.956522 24 0.467391 172652 6260 6260 175933 4949 217569 6765 6765 98087 36228 36228
r-89 24 0.376812 24 0.608696 153930 143027 143027 212357 129859 190008 166514 166514 296860 742456 742456
r-493 24 0.202899 24 0.768116 2211 5409 5409 3518 4883 2737 4554 4554 21834 44552 44552
r-909 24 0.514493 24 0.391304 517429 414518 517429 580950 363841 814384 639308 814384 1527651 696869 1527651
r-125 24 0.0833333 24 0.148551 110385 5828 5828 111953 8860 138213 7214 7214 1644193 382945 382945
r-323 24 0.615942 24 0.891304 38922 399454 38922 76162 255968 40411 630748 40411 70630 223267 70630
r-565 24 0.119565 24 0.742754 10757 3253 3253 11652 2819 9347 3721 3721 9695 7620 7620
r-47 24 0.992754 24 0.318841 21252 981 981 21417 905 28921 475 475 12383 3596 3596
r-8 24 0.75 24 0.985507 1666891 -1 1666891 -1 1795193 1734990 -1 1734990 1163128 -1 1163128
r-111 24 0.0833333 24 0.0181159 295093056 -1 295093056 -1 -1 25932 -1 25932 -1 -1 -1
r-800 24 0.637681 24 0.90942 34004 912552 34004 65789 303770 40722 1276803 40722 34497 515406 34497
r-146 24 0.681159 24 0.630435 951431 512460 512460 1028764 553036 1728457 871566 871566 906108 871975 871975
r-511 24 0.275362 24 0.869565 9619 3525 9619 11639 2991 13633 5127 13633 9716 8808 9716
r-970 24 0.387681 24 0.318841 1189028 2106872 1189028 1401698 1629216 2080411 3925708 2080411 1509469 1151993 1509469
r-381 24 0.344203 24 0.0362319 24386 3699446 24386 3230963 138704 30092 4439668 30092 574821 2260422 574821
