instance n1 density1 n2 density2 mcsplit mcsplit-swapped mcsplit-smart-swapped mcsplit+f mcsplit+bigf mcsplit-b mcsplit-b-swapped mcsplit-b-smart-swapped mcsplit-nosort mcsplit-nosort-swapped mcsplit-nosort-smart-swapped
r-448 37 0.27027 39 0.304993 -1 -1 -1 -1 -1 -1 -1 -1 -1 -1 -1
r-81 13 0.358974 17 0.367647 1223 4448 1223 3914 1160 1403 6383 1403 946 3425 946
r-288 23 0.328063 40 0.305128 8924516 45845660 8924516 41074424 8969073 12650087 76797826 12650087 11446985 37804847 11446985
r-779 30 0.347126 18 0.300654 900132 343723 343723 985323 330170 1445486 461809 461809 694575 209189 209189
r-907 25 0.286667 12 0.287879 12427 1 1 12427 1 12428 2 2 11424 1 1
r-299 12 0.348485 16 0.241667 404 3695 404 2877 534 473 5188 473 443 2843 443
r-774 12 0.272727 15 0.2 269 1006 269 853 301 299 1265 299 139 468 139
r-327 24 0.333333 18 0.313725 207356 76233 76233 216729 71476 336399 107369 107369 94945 51715 51715
r-611 23 0.367589 17 0.301471 93755 52178 52178 102345 48946 145603 73353 73353 101740 53917 53917
r-901 40 0.292308 26 0.335385 182137032 59050251 59050251 188760093 60069474 -1 91485692 91485692 178068459 67145080 67145080
r-266 29 0.342365 39 0.304993 85502703 -1 85502703 198190690 87700737 142040161 -1 142040161 91874910 -1 91874910
r-408 11 0.236364 27 0.307692 1 18644 1 15979 1 2 18645 2 1 17743 1
r-780 16 0.291667 37 0.315315 84759 389527 84759 361609 82950 94353 504900 94353 9950 312323 9950
r-533 31 0.309677 19 0.315789 2593995 605566 605566 2684901 606640 4077127 821462 821462 2330911 596208 596208
r-704 37 0.294294 26 0.329231 95462729 27707063 27707063 99772706 29261552 170194304 43535221 43535221 82898186 38709447 38709447
r-976 35 0.302521 36 0.320635 -1 -1 -1 -1 -1 -1 -1 -1 -1 -1 -1
r-166 23 0.320158 27 0.307692 1120557 2197166 1120557 2074211 1100773 1770833 3762227 1770833 1754650 1899287 1754650
r-337 22 0.307359 12 0.318182 19385 597 597 20276 605 24074 599 599 13654 2178 2178
r-360 18 0.300654 11 0.381818 3577 326 326 3731 348 4617 328 328 3234 309 309
r-573 37 0.312312 14 0.373626 173746 4838 4838 178167 5115 214058 4840 4840 135677 6292 6292
r-355 30 0.305747 30 0.294253 60693031 66265825 60693031 74523658 59059536 100648379 111847856 100648379 60664620 72218775 60664620
r-926 26 0.292308 40 0.296154 51200670 147693955 51200670 145458433 51340738 76196398 -1 76196398 41089264 141016338 41089264
r-340 22 0.25974 33 0.306818 2215799 9098783 2215799 9268871 2156920 3144380 14595453 3144380 2595506 6397902 2595506
r-935 29 0.293103 40 0.317949 -1 -1 -1 -1 -1 -1 -1 -1 -1 -1 -1
r-947 32 0.284274 26 0.292308 15745815 6723346 6723346 17227205 6635393 27153642 10670616 10670616 10898338 7380581 7380581
r-701 37 0.346847 37 0.288288 -1 -1 -1 -1 -1 -1 -1 -1 -1 -1 -1
r-152 10 0.355556 13 0.294872 85 490 85 399 95 87 625 87 97 391 97
r-186 28 0.298942 12 0.272727 19306 1 1 19306 1 19307 2 2 15834 1 1
r-616 23 0.284585 14 0.296703 53637 4488 4488 54798 4588 69688 5128 5128 44833 4376 4376
r-121 29 0.278325 35 0.29916 89694142 104192037 89694142 123458731 81672083 146528920 176424734 146528920 83924633 112246861 83924633
r-821 33 0.280303 39 0.296896 -1 -1 -1 -1 -1 -1 -1 -1 -1 -1 -1
r-255 27 0.282051 36 0.338095 68673499 53702640 68673499 60923728 65004101 114320160 95324280 114320160 54501355 96332535 54501355
r-142 16 0.316667 40 0.29359 68399 1285309 68399 1163626 69057 74936 1744420 74936 97017 860259 97017
r-487 22 0.298701 36 0.296825 9034237 14105815 9034237 13306163 8977236 13115587 23637572 13115587 3347920 15023079 3347920
r-554 38 0.267425 14 0.318681 229165 5770 5770 232538 6029 269119 5772 5772 187469 7451 7451
r-66 24 0.358696 21 0.271429 250516 406516 406516 317716 331451 391936 632906 632906 328980 314523 314523
r-181 11 0.2 37 0.28979 1 1 1 1 1 1 1 1 1 1 1
r-213 11 0.309091 28 0.312169 1 1 1 1 1 1 1 1 1 1 1
r-91 22 0.350649 19 0.269006 56882 110061 110061 69934 95957 88847 166998 166998 126358 52474 52474
r-48 18 0.320261 21 0.314286 51548 67031 51548 69825 52244 69915 105354 69915 50112 65802 50112
r-728 28 0.285714 38 0.280228 114140626 -1 114140626 -1 114330478 178250499 -1 178250499 -1 -1 -1
r-415 36 0.292063 16 0.333333 502973 53116 53116 524121 55936 693239 64413 64413 567338 32002 32002
r-455 20 0.315789 36 0.320635 1390678 7008618 1390678 6746076 1391932 1901692 11391752 1901692 1889891 5974423 1889891
r-782 21 0.3 36 0.315873 3131103 12194056 3131103 11558430 3067150 4234130 19500117 4234130 4576226 10916284 4576226
r-233 16 0.308333 26 0.298462 23487 107834 23487 101572 23886 29298 156476 29298 10385 55283 10385
r-161 29 0.275862 17 0.286765 339659 37192 37192 350387 37219 474302 43637 43637 332672 47537 47537
r-71 27 0.321937 27 0.245014 6120709 8264670 6120709 10478735 6092463 9782527 13651247 9782527 6177712 7779686 6177712
r-579 19 0.245614 29 0.293103 174497 676687 174497 691342 171295 224229 1031193 224229 436551 619547 436551
r-750 22 0.246753 11 0.236364 1 1 1 1 1 1 1 1 1 1 1
r-479 27 0.304843 36 0.309524 71698694 152230825 71698694 155486343 70605600 115092924 -1 115092924 80592257 150696239 80592257
r-666 35 0.282353 37 0.318318 -1 -1 -1 -1 -1 -1 -1 -1 -1 -1 -1
r-691 20 0.257895 19 0.25731 39070 28678 28678 45384 26834 55620 36939 36939 55570 38198 38198
r-745 17 0.242647 29 0.307882 92566 635948 92566 647934 91070 111237 922136 111237 233125 572011 233125
r-187 11 0.236364 14 0.296703 167 551 167 520 161 169 654 169 162 912 162
r-52 24 0.271739 25 0.333333 1398702 1169936 1398702 1777726 1233704 2293319 1815586 2293319 1188082 1536563 1188082
r-887 20 0.357895 14 0.296703 14390 3548 3548 16238 3334 20415 4062 4062 14547 4092 4092
r-170 12 0.318182 26 0.304615 1 8715 1 7729 1 2 8716 2 1 6217 1
r-530 23 0.312253 33 0.261364 2549266 8475770 2549266 7346900 2814109 3637257 14139193 3637257 2364310 7780343 2364310
r-499 26 0.295385 31 0.303226 12667779 24508968 12667779 24220684 12284113 20127654 41673519 20127654 14542659 19946638 14542659
r-511 11 0.218182 34 0.283422 1 1 1 1 1 1 1 1 1 1 1
r-211 15 0.352381 31 0.294624 15718 225557 15718 196268 15885 17460 314954 17460 15703 215703 15703
r-854 31 0.290323 22 0.333333 6239707 1885842 1885842 6359062 1927303 10644310 2834967 2834967 5400574 2244759 2244759
r-347 18 0.27451 24 0.289855 63602 123835 63602 120408 60743 82677 187471 82677 42596 154867 42596
r-270 27 0.259259 33 0.304924 29005264 37131934 29005264 43002827 27110999 46715864 44827781 46715864 21607182 28960159 21607182
r-903 26 0.258462 37 0.27027 13333103 100315457 13333103 101026137 13432906 19314471 163862818 19314471 14975679 44152717 14975679
r-572 36 0.301587 20 0.273684 4075721 596762 596762 4243798 606171 6351662 774333 774333 3391700 542626 542626
r-311 20 0.278947 37 0.321321 1571776 4757234 1571776 4735142 1538450 2030546 7222340 2030546 575414 2768416 575414
r-900 39 0.296896 30 0.278161 -1 -1 -1 -1 -1 -1 -1 -1 -1 -1 -1
r-978 15 0.361905 20 0.310526 9095 36999 9095 31222 9186 11358 54719 11358 8299 37448 8299
r-736 22 0.285714 12 0.242424 5367 1 1 5367 1 5368 2 2 3309 1 1
r-682 10 0.422222 36 0.315873 1 1 1 1 1 1 1 1 1 1 1
r-138 25 0.32 36 0.331746 22812758 42915539 22812758 44725900 22332412 36392032 76799145 36392032 26086120 40598408 26086120
r-623 36 0.31746 35 0.32605 -1 -1 -1 -1 -1 -1 -1 -1 -1 -1 -1
r-113 12 0.227273 14 0.296703 962 889 962 802 761 1121 1174 1121 488 1606 488
r-618 25 0.29 30 0.275862 4753176 8252990 4753176 8170707 4712505 6965899 13637103 6965899 4221388 7989694 4221388
r-493 23 0.284585 39 0.306343 15260985 53438992 15260985 52809911 15261050 21811286 86630292 21811286 14641492 53857602 14641492
r-155 11 0.309091 15 0.27619 174 1149 174 1010 189 176 1482 176 134 1507 134
r-144 17 0.242647 18 0.320261 42651 22260 42651 43336 30328 60667 32568 60667 21577 31591 21577
r-259 17 0.286765 32 0.324597 133925 1061694 133925 995355 132861 161549 1574095 161549 143960 771138 143960
r-124 26 0.329231 22 0.372294 2036410 779312 779312 2063317 772692 3610962 1213922 1213922 1633170 884656 884656
r-932 13 0.282051 34 0.28164 1 41156 1 37550 1 2 41157 2 1 33900 1
r-528 28 0.312169 23 0.280632 1871216 1119256 1119256 2124067 1058454 3056030 1736673 1736673 3227640 1104697 1104697
r-151 19 0.251462 37 0.292793 1746002 8827914 1746002 8773176 1745202 2206168 12726343 2206168 544067 6021719 544067
r-877 22 0.307359 19 0.263158 108385 60010 60010 120195 54863 156674 85620 85620 87398 54429 54429
r-84 37 0.33033 21 0.266667 18942849 1732054 1732054 20199385 1709906 30643229 2353389 2353389 7753904 2102275 2102275
r-435 39 0.287449 25 0.313333 53833640 14781858 14781858 55406246 14887429 93075310 22079750 22079750 42843332 17927506 17927506
r-718 19 0.298246 24 0.289855 101275 270585 101275 246840 105065 139988 434831 139988 103155 260263 103155
r-389 11 0.363636 30 0.308046 1 13963 1 12534 1 2 13964 2 1 11970 1
r-711 17 0.301471 15 0.295238 8647 3837 3837 8687 3615 11890 5063 5063 6011 9640 9640
r-249 35 0.277311 31 0.307527 -1 168228501 168228501 -1 165473408 -1 -1 -1 -1 -1 -1
r-108 30 0.321839 39 0.330634 -1 -1 -1 -1 -1 -1 -1 -1 -1 -1 -1
r-326 36 0.288889 17 0.308824 1778409 167855 167855 1858818 174368 2576943 196350 196350 1304276 247976 247976
r-851 29 0.29803 28 0.283069 21453172 21863422 21863422 26317571 19525244 35652188 35776482 35776482 22950265 18736151 18736151
r-560 30 0.273563 27 0.304843 14348015 6570394 6570394 15235755 6597550 24443303 10549898 10549898 9425153 4850870 4850870
r-323 14 0.32967 10 0.266667 375 1 1 390 1 435 2 2 187 1 1
r-647 40 0.298718 13 0.269231 152692 1 1 152692 1 152693 2 2 114530 1 1
r-358 33 0.301136 16 0.266667 110634 7189 7189 112879 7234 137194 7191 7191 99671 31128 31128
r-785 17 0.279412 13 0.269231 4851 720 720 5090 713 6682 834 834 3507 715 715
r-318 37 0.283784 18 0.30719 1580602 122402 122402 1646382 124490 2300060 150593 150593 1336106 188037 188037
r-859 21 0.285714 39 0.295547 1846132 12045790 1846132 11483714 1861912 2420629 18657335 2420629 2987596 13873082 2987596
r-147 21 0.27619 22 0.380952 566435 377408 566435 775094 468913 931671 581788 931671 404764 338757 404764
r-459 33 0.291667 26 0.307692 10553385 4269424 4269424 11093618 4163917 18423468 6766588 6766588 11161195 5724008 5724008
r-427 23 0.332016 35 0.27395 6370408 27929191 6370408 24545037 6698753 9124114 45840188 9124114 8559620 26356752 8559620
r-773 18 0.320261 11 0.254545 1430 1 1 1430 1 1431 2 2 1008 1 1
r-212 37 0.315315 24 0.333333 47097580 21160689 21160689 49912911 21097547 82368178 33491033 33491033 43868849 15794002 15794002
r-705 35 0.309244 40 0.287179 -1 -1 -1 -1 -1 -1 -1 -1 -1 -1 -1
r-32 26 0.323077 40 0.285897 21717631 85038976 21717631 78231672 22941155 31973972 145044094 31973972 31786533 86673756 31786533
r-150 34 0.30303 22 0.268398 10198837 2292102 2292102 10774443 2264073 16671573 3211030 3211030 8644943 2759248 2759248
r-642 10 0.288889 11 0.236364 39 140 39 94 47 40 166 40 20 172 20
r-159 32 0.306452 16 0.358333 758079 72005 72005 786239 73860 1117043 87451 87451 572057 118141 118141
r-307 14 0.384615 33 0.278409 19182 269583 19182 233539 19821 21842 373371 21842 13418 223973 13418
r-897 10 0.311111 29 0.263547 1 1 1 1 1 1 1 1 1 1 1
r-171 39 0.2861 13 0.371795 162848 3149 3149 167947 3212 192005 3150 3150 141666 3850 3850
r-536 40 0.301282 20 0.347368 10238095 1509920 1509920 10610723 1586580 16123549 2043777 2043777 9895916 1841740 1841740
r-512 16 0.25 10 0.355556 1863 231 231 2005 238 2470 233 233 1428 336 336
r-346 32 0.318548 32 0.288306 99383803 -1 99383803 173450684 167699159 -1 -1 -1 82370714 155234355 82370714
r-732 29 0.320197 26 0.295385 7601083 9048480 9048480 8843886 7879415 12843598 14652962 14652962 8224560 4733744 4733744
r-83 26 0.273846 33 0.287879 17043461 36342277 17043461 39222575 15992475 26216548 58681339 26216548 29204877 27575509 29204877
r-476 24 0.300725 17 0.301471 184601 62288 62288 188728 61391 277395 78924 78924 181229 91452 91452
r-190 26 0.276923 30 0.294253 9796784 14197616 9796784 15364971 8965569 15540007 23670697 15540007 11317719 19354743 11317719
r-79 34 0.28877 30 0.305747 124498091 82593908 82593908 134366014 77969352 -1 136873811 136873811 122084657 126804296 126804296
r-440 39 0.310391 24 0.23913 56627734 19884414 19884414 61686680 19188885 92596470 28605130 28605130 62319792 26270561 26270561
r-158 40 0.292308 19 0.298246 12179918 1503842 1503842 12626341 1513606 18478050 1836152 1836152 8764399 1938565 1938565
r-751 21 0.338095 12 0.257576 11849 1343 1343 12372 1435 14969 1345 1345 10500 1073 1073
r-679 38 0.320057 21 0.238095 16265963 5439183 5439183 17545817 5299213 25256872 7336988 7336988 16407975 5235066 5235066
r-306 32 0.298387 40 0.310256 -1 -1 -1 -1 -1 -1 -1 -1 -1 -1 -1
r-964 10 0.311111 18 0.287582 1 1449 1 1238 1 2 1450 2 1 1270 1
r-681 21 0.290476 27 0.31339 1613097 2824424 1613097 2963205 1562300 2354049 4518254 2354049 1709952 2459721 1709952
r-49 11 0.363636 31 0.298925 1 137 1 123 1 1 137 1 1 2619 1
r-827 14 0.263736 20 0.3 4218 19173 4218 18039 4233 4703 25940 4703 7192 13791 7192
r-224 25 0.3 13 0.205128 10192 1 1 10192 1 10193 2 2 14510 1 1
r-772 22 0.350649 18 0.215686 85159 90413 90413 108766 79521 123017 132002 132002 70570 85275 85275
r-189 34 0.315508 29 0.278325 69131051 68299954 68299954 83137917 58742970 120185033 115057907 115057907 73294962 71915967 71915967
r-315 13 0.397436 30 0.342529 2205 49545 2205 45096 2164 2207 66391 2207 1721 36492 1721
r-816 22 0.30303 11 0.345455 3488 1 1 3488 1 3489 2 2 2806 1 1
r-454 25 0.29 18 0.248366 273829 88401 88401 300685 86848 405770 112321 112321 264737 135865 135865
r-985 25 0.313333 18 0.326797 234406 66783 66783 246950 65235 374100 91332 91332 142236 42499 42499
r-333 39 0.317139 38 0.297297 -1 -1 -1 -1 -1 -1 -1 -1 -1 -1 -1
r-417 18 0.27451 35 0.295798 166261 1574878 166261 1466393 166613 199814 2232569 199814 183418 1406363 183418
r-776 15 0.27619 35 0.315966 1 75549 1 69686 1 2 79363 2 1 47796 1
r-556 23 0.375494 12 0.287879 12721 1583 1583 13710 1446 16375 1585 1585 16424 1425 1425
r-7 28 0.291005 36 0.284127 45796244 114627696 45796244 109919031 45047696 72837340 -1 72837340 78090921 105199124 78090921
r-938 18 0.300654 16 0.275 15113 11869 11869 17687 10223 22460 15116 15116 17726 16562 16562
r-168 20 0.263158 19 0.304094 56873 66493 66493 60576 57837 85233 86874 86874 72151 58899 58899
r-983 17 0.272059 17 0.286765 15193 14092 15193 14582 12036 21365 18487 21365 21679 22860 21679
r-363 22 0.264069 23 0.3083 1187744 793809 1187744 1197351 1065833 1816212 1180815 1816212 963249 979650 963249
r-828 37 0.316817 39 0.306343 -1 -1 -1 -1 -1 -1 -1 -1 -1 -1 -1
r-853 16 0.341667 35 0.319328 210496 1723812 210496 1626533 211527 251148 2474038 251148 408365 1300494 408365
r-548 28 0.312169 28 0.298942 8436613 12001276 8436613 12132348 10501657 14375193 20672934 14375193 10963855 10798460 10963855
r-341 37 0.331832 27 0.290598 60653891 55784374 55784374 67811185 52927695 109635061 93605250 93605250 66287647 36201177 36201177
r-490 22 0.281385 14 0.285714 13176 2154 2154 13673 2213 16905 2429 2429 8282 574 574
r-578 31 0.335484 40 0.314103 -1 -1 -1 -1 -1 -1 -1 -1 -1 -1 -1
r-505 10 0.311111 39 0.306343 1 1 1 1 1 1 1 1 1 1 1
r-610 26 0.258462 36 0.290476 37343412 68991853 37343412 75180721 36265772 56119406 113085105 56119406 32166007 64712424 32166007
r-563 20 0.310526 38 0.312945 2125716 13351919 2125716 12300048 2127477 2862584 20999303 2862584 2021281 11152994 2021281
r-923 21 0.290476 14 0.285714 15400 3353 3353 15799 3216 21046 3748 3748 15478 2381 2381
r-338 34 0.340463 30 0.324138 150819480 110445778 110445778 167532772 100344286 -1 -1 -1 145484978 138291243 138291243
r-558 36 0.271429 15 0.247619 484185 24223 24223 489824 25118 552946 24225 24225 370472 5714 5714
r-516 20 0.378947 30 0.282759 323391 1411495 323391 1206180 355130 471194 2432907 471194 410642 1076122 410642
r-297 29 0.325123 28 0.31746 31810893 38771100 38771100 40817027 35009243 54498039 65983732 65983732 26799929 15115798 15115798
r-654 18 0.379085 39 0.282051 246142 2625773 246142 2354473 248879 326267 4130120 326267 455781 2293638 455781
r-132 29 0.295567 27 0.347578 23393101 13329559 13329559 24021340 13468476 42098788 22512207 22512207 22989052 12729790 12729790
r-986 38 0.28734 17 0.345588 1663906 113923 113923 1691482 116738 2357950 135754 135754 1146461 164987 164987
r-794 12 0.333333 16 0.3 900 3280 900 2990 914 1049 4372 1049 380 1897 380
r-662 11 0.309091 22 0.25974 1 3665 1 3358 1 2 3665 2 1 1739 1
r-761 22 0.333333 19 0.28655 242495 243321 243321 298003 218211 376940 363676 363676 207539 235429 235429
r-626 17 0.25 18 0.248366 5704 14328 5704 12643 5202 7655 19482 7655 9035 16152 9035
r-617 10 0.155556 14 0.263736 1 815 1 1046 1 2 910 2 1 246 1
r-260 18 0.30719 37 0.288288 114453 1724928 114453 1530371 115292 134952 2512059 134952 132465 1625797 132465
r-34 31 0.290323 34 0.313725 145957102 193185144 145957102 212729984 136094619 -1 -1 -1 152136584 -1 152136584
r-489 32 0.310484 13 0.24359 42902 1 1 42902 1 42903 2 2 34484 1 1
r-24 20 0.305263 28 0.280423 606274 1960262 606274 1744239 638928 809586 3077799 809586 345378 1061702 345378
r-317 33 0.299242 15 0.247619 255657 5843 5843 263325 5907 308931 5845 5845 211424 11277 11277
r-883 14 0.285714 14 0.340659 2395 1336 2395 1840 1253 2970 1613 2970 2219 1207 2219
r-765 15 0.295238 37 0.280781 11166 311664 11166 283033 11224 11168 378771 11168 12928 240558 12928
r-592 27 0.293447 32 0.3125 40660249 44733415 40660249 49399766 38449086 66921711 76940355 66921711 31265637 42270125 31265637
r-720 33 0.291667 37 0.3003 -1 -1 -1 -1 -1 -1 -1 -1 -1 -1 -1
r-866 35 0.302521 35 0.32437 -1 -1 -1 -1 -1 -1 -1 -1 -1 -1 -1
r-756 25 0.306667 34 0.30303 10976857 30906536 10976857 28872250 10759807 17175350 53789277 17175350 11915391 25497380 11915391
r-26 28 0.280423 25 0.29 4354309 4305762 4305762 4755055 4256800 7211734 6741187 6741187 4111773 3273434 3273434
r-27 13 0.294872 12 0.30303 733 305 305 686 283 932 342 342 647 779 779
r-442 11 0.327273 25 0.323333 1 10895 1 9699 1 2 10896 2 1 7510 1
r-638 13 0.25641 19 0.269006 501 5812 501 5123 515 503 7283 503 283 4600 283
r-314 38 0.322902 23 0.324111 26122916 6472674 6472674 27681278 6446788 44433452 9320919 9320919 23595722 7339912 7339912
r-277 16 0.35 10 0.422222 608 44 44 608 45 609 45 45 556 1 1
r-429 13 0.25641 31 0.290323 1 48120 1 40151 1 2 48121 2 1 28829 1
r-424 39 0.306343 20 0.252632 8838211 2190455 2190455 9301167 2141067 13111651 2736953 2736953 7609726 1452449 1452449
r-388 22 0.298701 17 0.279412 26356 7426 7426 27502 6753 39357 9057 9057 34158 7090 7090
r-195 22 0.25974 22 0.324675 336226 213411 336226 302545 228423 525489 306985 525489 296437 260246 296437
r-107 20 0.310526 14 0.21978 16194 3918 3918 17557 3895 21630 4374 4374 19015 3859 3859
r-432 31 0.275269 23 0.367589 5957063 1582163 1582163 5840500 1788650 10283281 2367968 2367968 4650245 2677956 2677956
r-605 39 0.304993 24 0.268116 75238372 13446338 13446338 80321454 13303304 123160840 19423781 19423781 49370142 17535385 17535385
r-771 13 0.307692 11 0.290909 382 159 159 412 161 416 161 161 380 97 97
r-251 14 0.274725 14 0.230769 916 1681 916 1075 1426 1129 2180 1129 1665 1455 1665
r-88 27 0.273504 33 0.295455 18553498 98922636 18553498 90118314 17863164 29083216 164141497 29083216 37138708 29395754 37138708
r-348 29 0.29064 35 0.265546 87384287 152977721 87384287 157426487 88063515 137502817 -1 137502817 111664184 146703551 111664184
r-135 19 0.204678 17 0.308824 16194 3912 3912 15454 4622 24142 4923 4923 15830 3532 3532
r-284 20 0.257895 22 0.311688 125075 216699 125075 258819 117073 181435 322655 181435 155057 115508 155057
r-38 11 0.181818 32 0.318548 1 1 1 1 1 1 1 1 1 1 1
r-10 24 0.264493 21 0.304762 755968 484450 484450 782244 473699 1189893 679200 679200 963552 382448 382448
r-665 29 0.283251 34 0.304813 56590089 70009963 56590089 78890290 52139670 95772673 123894581 95772673 59013293 65311441 59013293
r-992 26 0.289231 36 0.277778 16275036 51999810 16275036 49919592 16498656 23880761 87201295 23880761 17348811 43840220 17348811
r-961 28 0.306878 18 0.300654 459441 123353 123353 485128 122016 717429 161250 161250 414324 117025 117025
r-939 13 0.269231 30 0.289655 1 23952 1 21235 1 2 23953 2 1 17109 1
r-319 33 0.297348 11 0.290909 1 1 1 1 1 1 1 1 1 1 1
r-495 25 0.306667 40 0.310256 55790658 175890476 55790658 172640873 55339314 85948456 -1 85948456 59011639 162852736 59011639
r-823 17 0.330882 35 0.277311 57732 757062 57732 662488 58479 70221 1060228 70221 275712 849725 275712
r-188 30 0.312644 13 0.307692 114901 4300 4300 118475 4515 145668 4301 4301 99210 5129 5129
r-674 11 0.345455 16 0.341667 244 2607 244 2389 235 246 3372 246 185 818 185
r-973 25 0.303333 35 0.332773 15031636 34868520 15031636 36001381 14123235 23251196 60819366 23251196 13950358 27498898 13950358
r-731 20 0.352632 22 0.290043 177598 285533 177598 246805 178190 255638 457654 255638 246089 273444 246089
r-843 22 0.324675 36 0.293651 5190979 21074606 5190979 19501516 5245422 7416262 35077799 7416262 9909180 17418573 9909180
r-395 39 0.300945 12 0.363636 67288 1 1 67288 1 67289 2 2 48265 1 1
r-465 10 0.311111 15 0.32381 265 2341 265 2066 276 266 2916 266 299 1940 299
r-686 24 0.289855 13 0.24359 28436 1 1 29153 1 33928 2 2 5817 1 1
r-802 15 0.295238 15 0.27619 4334 6485 4334 5654 5168 5742 8435 5742 4380 5182 4380
r-148 12 0.454545 21 0.314286 2613 16398 2613 14724 2519 3029 24253 3029 2631 10698 2631
r-502 35 0.305882 36 0.274603 -1 -1 -1 -1 -1 -1 -1 -1 -1 -1 -1
r-788 28 0.31746 18 0.287582 552714 121472 121472 573059 121436 853444 158068 158068 453203 104924 104924
r-143 26 0.246154 25 0.276667 3739515 3266139 3266139 3907787 3054224 5929285 4999453 4999453 2194750 1851249 1851249
r-12 37 0.27027 13 0.282051 56813 1 1 56813 1 56814 2 2 42658 1 1
r-50 39 0.275304 38 0.268848 -1 -1 -1 -1 -1 -1 -1 -1 -1 -1 -1
r-8 13 0.24359 23 0.233202 1173 29244 1173 23641 1189 1175 35117 1175 547 24675 547
r-54 23 0.3083 33 0.278409 1742698 8594973 1742698 7578756 1767623 2577446 14686111 2577446 2661468 7157366 2661468
r-559 34 0.299465 35 0.32437 -1 -1 -1 -1 -1 -1 -1 -1 -1 -1 -1
r-608 38 0.28165 12 0.242424 1 1 1 1 1 1 1 1 1 1 1
r-719 26 0.310769 26 0.298462 3742010 5218319 3742010 4578591 4231022 5932628 8348235 5932628 3434161 4419654 3434161
r-496 11 0.4 17 0.279412 97 1420 97 1299 101 99 1965 99 221 1292 221
r-433 11 0.4 19 0.298246 415 7111 415 6321 393 417 9369 417 216 4508 216
r-149 20 0.257895 25 0.333333 430035 398497 430035 504724 388183 643388 639110 643388 364244 501060 364244
r-576 16 0.258333 39 0.330634 18791 596063 18791 563315 18903 19219 712595 19219 144361 928038 144361
r-418 26 0.341538 18 0.359477 570824 186763 186763 602086 180798 922036 267008 267008 573574 232165 232165
r-664 23 0.3083 31 0.288172 1507934 4155126 1507934 3874469 1523108 2257276 6871520 2257276 2599402 3571041 2599402
r-614 29 0.342365 35 0.322689 94230232 143188979 94230232 145475117 92481169 159896137 -1 159896137 97800958 148367170 97800958
r-510 20 0.347368 30 0.305747 886319 2694316 886319 2551958 884541 1190448 4314676 1190448 896151 2501832 896151
r-343 32 0.306452 10 0.288889 1 1 1 1 1 1 1 1 1 1 1
r-879 15 0.295238 39 0.302294 7867 273000 7867 251728 7939 7869 321256 7869 6471 409858 6471
r-322 40 0.30641 29 0.278325 -1 -1 -1 -1 -1 -1 -1 -1 -1 -1 -1
r-230 26 0.264615 31 0.283871 16254413 27180051 16254413 28263700 15645641 25119319 44285485 25119319 18374484 25645168 18374484
r-599 32 0.27621 26 0.261538 14773728 8396337 8396337 16592334 7917643 24081389 12753212 12753212 12891511 11013487 11013487
r-712 40 0.282051 31 0.337634 -1 -1 -1 -1 -1 -1 -1 -1 -1 -1 -1
r-874 33 0.308712 19 0.327485 5085810 1107368 1107368 5286568 1139414 8252089 1485244 1485244 3708639 923810 923810
r-824 23 0.27668 25 0.336667 2310287 2162121 2310287 2940738 2006142 3708590 3410580 3708590 2100815 1935462 2100815
r-650 39 0.292848 32 0.278226 -1 -1 -1 -1 -1 -1 -1 -1 -1 -1 -1
r-294 37 0.309309 21 0.342857 11526172 1984996 1984996 11995653 2011460 18492175 2615780 2615780 11010788 4502398 4502398
r-908 40 0.294872 18 0.333333 2336825 207316 207316 2404051 215466 3361457 249804 249804 2018979 174010 174010
r-678 17 0.338235 35 0.331092 128671 1509187 128671 1378695 127887 157166 2272361 157166 162299 1374648 162299
r-993 29 0.337438 32 0.328629 47283450 72139427 47283450 71712330 46701238 84630635 134313997 84630635 53143361 66095018 53143361
r-40 10 0.2 19 0.339181 1 2644 1 2622 1 2 2645 2 1 2747 1
r-525 36 0.287302 17 0.330882 1294862 113706 113706 1321707 117213 1860929 129543 129543 1086622 96566 96566
r-808 18 0.359477 38 0.307255 78196 1705163 78196 1541605 79083 93261 2641155 93261 136261 1510590 136261
r-308 12 0.287879 16 0.266667 158 808 158 689 142 191 1099 191 110 886 110
r-509 38 0.324324 18 0.313725 2243688 264163 264163 2309498 266835 3246487 313297 313297 2004114 225491 225491
r-394 23 0.3083 24 0.268116 533740 936224 533740 762304 554981 801091 1512907 801091 699524 806337 699524
r-367 39 0.292848 20 0.289474 5984252 1217971 1217971 6224535 1248744 9375530 1625784 1625784 5214833 1098423 1098423
r-22 14 0.274725 13 0.423077 1801 648 648 1510 632 2526 773 773 1287 1161 1161
r-759 16 0.316667 28 0.275132 59378 288297 59378 255627 59521 67593 399771 67593 28761 260290 28761
r-167 29 0.293103 28 0.309524 20143122 15762471 15762471 21102270 15210699 33533598 25895947 25895947 21289589 13533169 13533169
r-16 38 0.320057 25 0.35 65175652 16842041 16842041 67596882 16782481 118348824 26359254 26359254 69116383 23548490 23548490
r-648 11 0.345455 20 0.257895 298 5157 298 4256 271 299 6354 299 2135 6315 2135
r-258 11 0.454545 35 0.284034 1 22772 1 20655 1 2 22773 2 1 17405 1
r-690 30 0.289655 22 0.333333 2885769 945554 945554 2982462 929560 4970554 1359481 1359481 2856884 1360969 1360969
r-460 36 0.320635 38 0.301565 -1 -1 -1 -1 -1 -1 -1 -1 -1 -1 -1
r-15 25 0.333333 27 0.282051 2702976 3926369 2702976 3461774 2579404 4041937 6614032 4041937 3704877 3940761 3704877
r-891 37 0.301802 10 0.244444 1 1 1 1 1 1 1 1 1 1 1
r-752 16 0.216667 22 0.268398 2113 21304 2113 20774 2125 2378 28596 2378 4969 18323 4969
r-182 11 0.4 14 0.384615 165 2267 165 2170 147 167 3126 167 225 1003 225
r-532 37 0.282282 12 0.333333 42737 1 1 42737 1 42738 2 2 37252 1 1
r-598 29 0.288177 25 0.32 13184626 8907374 8907374 13844072 8701084 22458453 13929315 13929315 12994968 7609020 7609020
r-746 37 0.306306 34 0.285205 -1 -1 -1 -1 -1 -1 -1 -1 -1 -1 -1
r-766 22 0.30303 21 0.2 156135 242741 242741 273895 220723 222288 365924 365924 222687 285999 285999
r-362 31 0.296774 26 0.28 26700130 19138418 19138418 29547449 17513681 44357935 29985693 29985693 24126596 19055940 19055940
r-217 15 0.238095 19 0.28655 1920 13949 1920 14539 1893 2197 20452 2197 1488 4915 1488
r-118 22 0.290043 31 0.311828 2936922 7813978 2936922 7941456 2874568 4227499 12770113 4227499 2815872 6581950 2815872
r-878 37 0.306306 39 0.307692 -1 -1 -1 -1 -1 -1 -1 -1 -1 -1 -1
r-412 37 0.276276 15 0.247619 189276 12680 12680 191374 12813 212806 12681 12681 43402 1 1
r-262 24 0.293478 19 0.356725 595747 218953 218953 597281 225696 966896 306179 306179 492989 250236 250236
r-291 21 0.3 26 0.292308 1168963 1591519 1168963 1593430 1121423 1654741 2531653 1654741 857250 1598953 857250
r-410 25 0.296667 11 0.327273 8042 1 1 8042 1 8043 2 2 6187 1 1
r-661 14 0.274725 16 0.358333 3745 4414 3745 6754 3277 5039 5847 5039 2954 3913 2954
r-975 30 0.328736 17 0.264706 365894 33594 33594 383523 32794 512325 39357 39357 162586 87127 87127
r-173 14 0.296703 16 0.341667 3967 4772 3967 4959 3680 4959 6299 4959 3519 3909 3519
r-157 33 0.327652 22 0.324675 9558130 3428540 3428540 10029876 3368532 16144085 4972376 4972376 9062411 4180616 4180616
r-4 33 0.299242 26 0.295385 49156458 25894159 25894159 52511944 24886009 84070799 40283421 40283421 42761285 21947379 21947379
r-122 30 0.298851 26 0.307692 11785120 6515043 6515043 12535097 6125651 20324021 10616394 10616394 11307123 7358983 7358983
r-214 18 0.333333 36 0.285714 233085 1690108 233085 1492209 236595 298547 2525121 298547 283583 1227354 283583
r-655 16 0.341667 11 0.272727 2519 393 393 2626 340 3126 395 395 1954 316 316
r-757 32 0.330645 24 0.23913 14745237 17729415 17729415 18346413 14973072 24645807 27987557 27987557 13699481 7137618 7137618
r-991 37 0.328829 14 0.384615 228107 6103 6103 237923 6251 295717 6105 6105 141745 9784 9784
r-842 15 0.380952 21 0.328571 7808 36590 7808 31014 8039 9438 55721 9438 12141 26763 12141
r-917 15 0.27619 30 0.333333 36322 413040 36322 387380 35695 39529 561909 39529 42935 313468 42935
r-820 13 0.320513 23 0.343874 1574 24230 1574 23333 1559 1576 30725 1576 3011 22763 3011
r-783 39 0.306343 39 0.279352 -1 -1 -1 -1 -1 -1 -1 -1 -1 -1 -1
r-328 10 0.244444 16 0.3 1 930 1 848 1 2 931 2 1 733 1
r-954 39 0.28475 16 0.316667 1065946 35193 35193 1090862 36449 1380395 39924 39924 983877 27749 27749
r-484 35 0.231933 12 0.257576 1 1 1 1 1 1 1 1 1 1 1
r-293 14 0.340659 23 0.245059 1044 15556 1044 13372 1084 1153 21119 1153 1418 18334 1418
r-156 30 0.298851 34 0.263815 105301598 154689470 105301598 150502670 108577130 167703123 -1 167703123 123970197 158206682 123970197
r-790 25 0.27 39 0.306343 57159193 94486211 57159193 101338798 56096102 86952681 161317196 86952681 38223021 84496422 38223021
r-172 19 0.298246 24 0.275362 116726 323587 116726 296452 118222 157251 499523 157251 168297 266311 168297
r-106 31 0.339785 29 0.280788 32235721 40484634 40484634 41286733 34629567 54254327 69351460 69351460 35001861 40996488 40996488
r-398 16 0.266667 16 0.308333 4327 3291 4327 3765 2741 5588 4434 5588 5588 3413 5588
r-202 21 0.295238 30 0.291954 699394 2054565 699394 1975798 702165 969039 3217795 969039 855621 2436685 855621
r-910 40 0.280769 29 0.307882 -1 179346579 179346579 -1 182892846 -1 -1 -1 -1 -1 -1
r-61 14 0.307692 14 0.362637 1165 676 1165 826 574 1495 862 1495 987 1184 987
r-104 14 0.351648 24 0.289855 2513 35901 2513 31109 2375 2802 50138 2802 9759 26568 9759
r-184 22 0.333333 23 0.272727 376300 498585 376300 453619 389520 552414 793580 552414 530840 454847 530840
r-894 14 0.307692 28 0.306878 2526 62072 2526 55794 2569 2528 79130 2528 4190 32431 4190
r-551 33 0.323864 28 0.304233 79267285 57976071 57976071 88060141 54180048 138376438 96407209 96407209 72784437 59705070 59705070
r-953 19 0.263158 14 0.318681 25015 4651 4651 26021 4784 37435 5724 5724 22324 8126 8126
r-130 31 0.277419 13 0.294872 23804 1 1 23843 1 23974 2 2 14011 1 1
r-604 24 0.344203 10 0.244444 1 1 1 1 1 1 1 1 1 1 1
r-729 14 0.362637 13 0.25641 2356 2278 2278 3106 1997 3109 2930 2930 1720 2415 2415
r-847 39 0.261808 26 0.276923 96803874 10148686 10148686 101543475 10451570 159112398 14680546 14680546 80580201 33449022 33449022
r-653 23 0.296443 18 0.294118 119242 30177 30177 125564 30860 183674 39596 39596 114572 24931 24931
r-364 26 0.323077 34 0.265597 13340863 40021177 13340863 34975890 14347419 20358709 68911133 20358709 10912461 41681765 10912461
r-518 33 0.316288 15 0.161905 415037 24491 24491 432557 24471 500185 24493 24493 328218 24096 24096
r-564 20 0.257895 18 0.261438 33330 32114 32114 33577 30429 47174 44286 44286 26313 20200 20200
r-215 31 0.27957 31 0.32043 54750577 39556373 54750577 51460876 39040207 95482483 68394975 95482483 46776261 35730630 46776261
r-225 39 0.337382 11 0.363636 1 1 1 1 1 1 1 1 1 1 1
r-685 18 0.333333 27 0.293447 51755 345364 51755 303315 51755 66626 545744 66626 66665 475545 66665
r-503 15 0.266667 36 0.311111 10095 334599 10095 305994 10171 10097 409957 10097 13249 248538 13249
r-497 38 0.283073 35 0.304202 -1 -1 -1 -1 -1 -1 -1 -1 -1 -1 -1
r-231 34 0.279857 25 0.296667 37900095 15160041 15160041 40029558 15373781 63149310 22158914 22158914 38007760 14168797 14168797
r-927 32 0.308468 40 0.321795 -1 -1 -1 -1 -1 -1 -1 -1 -1 -1 -1
r-633 29 0.334975 21 0.32381 5407368 2106942 2106942 5715562 2084093 9135614 3142287 3142287 4574587 2290146 2290146
r-818 29 0.325123 29 0.283251 12882516 24577172 12882516 19055348 20022867 21879202 43080997 21879202 16389753 19574772 16389753
r-498 16 0.258333 38 0.30441 9278 437916 9278 394903 9390 9280 529216 9280 36554 752026 36554
r-520 18 0.326797 30 0.273563 133045 663791 133045 587691 140436 161686 995315 161686 45534 207097 45534
r-613 26 0.301538 24 0.315217 1066627 1155152 1155152 1121094 1024051 1756144 1834384 1834384 1217146 1826625 1826625
r-183 24 0.289855 14 0.296703 78223 11017 11017 81315 11672 104882 12846 12846 70604 7689 7689
r-723 28 0.325397 35 0.317647 68203057 111901879 68203057 111814712 66511663 114066513 -1 114066513 66454106 108790986 66454106
r-659 18 0.294118 39 0.279352 243312 3353658 243312 3123897 247894 286771 4822083 286771 371730 2802724 371730
r-896 24 0.315217 29 0.280788 5729929 11725486 5729929 11365440 6027758 8573482 19200742 8573482 4142892 10919599 4142892
r-441 25 0.336667 37 0.318318 15996942 55098451 15996942 50906257 16055351 24876558 99433855 24876558 21741302 39789926 21741302
r-205 11 0.218182 31 0.294624 1 1 1 1 1 1 1 1 1 1 1
r-999 37 0.322823 15 0.247619 104142 1 1 104378 1 107235 2 2 65721 1 1
r-383 22 0.285714 14 0.285714 58705 11585 11585 60420 12438 78269 13137 13137 45822 11581 11581
r-256 10 0.377778 35 0.292437 1 1 1 1 1 1 1 1 1 1 1
r-972 26 0.332308 32 0.320565 14379265 40537281 14379265 39881662 14005994 23732749 71805297 23732749 8634442 16313628 8634442
r-128 39 0.290148 27 0.319088 117664872 51798483 51798483 122908154 52607377 -1 79643019 79643019 111041533 69531190 69531190
r-428 19 0.304094 21 0.357143 136577 146967 136577 191126 126347 210522 230152 210522 119052 120471 119052
r-101 28 0.296296 30 0.268966 16504150 32649851 16504150 27889297 16881938 26114426 53934958 26114426 17580634 28583516 17580634
r-486 19 0.263158 10 0.288889 2297 1 1 2297 1 2298 1 1 2014 1 1
r-46 16 0.25 11 0.418182 764 48 48 816 50 1111 50 50 802 104 104
r-197 32 0.292339 15 0.209524 131106 1 1 133283 1 151328 2 2 142256 1 1
r-112 13 0.25641 10 0.266667 185 1 1 185 1 186 2 2 237 1 1
r-136 26 0.264615 22 0.272727 1818260 928355 928355 1939657 895036 2852732 1344522 1344522 1734163 816225 816225
r-438 22 0.30303 35 0.289076 1864857 8652619 1864857 8278690 1868266 2542521 14159156 2542521 2275497 8509894 2275497
r-971 14 0.296703 11 0.363636 804 613 613 854 577 1060 706 706 767 160 160
r-289 30 0.305747 32 0.268145 38832049 58808980 38832049 53703634 38546097 62709376 98848188 62709376 39565926 58246918 39565926
r-238 22 0.316017 11 0.309091 5016 1 1 5016 1 5017 2 2 5261 1 1
r-738 24 0.347826 18 0.281046 248615 195397 195397 282397 182588 376346 276524 276524 250112 162349 162349
r-570 30 0.266667 21 0.285714 3259835 799926 799926 3395327 815485 5185909 1078665 1078665 3083735 1470557 1470557
r-630 23 0.328063 12 0.30303 4816 1 1 4816 1 4817 2 2 3714 1 1
r-683 23 0.249012 15 0.285714 37981 4645 4645 38993 4890 52736 5260 5260 22913 3019 3019
r-228 15 0.247619 36 0.307937 13495 382534 13495 367214 13185 13497 459719 13497 23125 317944 23125
r-715 31 0.294624 13 0.25641 32730 1 1 32730 1 32731 2 2 22070 1 1
r-99 28 0.277778 34 0.304813 31752923 45677798 31752923 51073941 29084827 50837944 77938183 50837944 40103353 37926579 40103353
r-596 21 0.342857 30 0.314943 1193002 1874519 1193002 1723802 1173873 1755896 3215756 1755896 473135 1453676 473135
r-377 25 0.303333 37 0.3003 19940666 69848479 19940666 66768439 19884867 30829395 121441587 30829395 24911613 61809812 24911613
r-625 12 0.287879 24 0.32971 1 9911 1 8330 1 2 9912 2 1 8218 1
r-264 14 0.318681 21 0.319048 5096 20514 5096 18116 5186 5796 29193 5796 3688 14533 3688
r-30 39 0.311741 18 0.30719 2831332 213547 213547 2937957 220715 4034588 257460 257460 2259359 383402 383402
r-841 11 0.218182 35 0.321008 1 1 1 1 1 1 1 1 1 1 1
r-703 16 0.341667 10 0.355556 478 1 1 478 1 479 2 2 384 1 1
r-634 26 0.301538 12 0.287879 15476 1 1 15476 1 15477 2 2 10455 1 1
r-942 15 0.32381 35 0.263866 1216 148442 1216 134528 1172 1218 176333 1218 2523 135636 2523
r-693 23 0.288538 35 0.346218 16435173 31825818 16435173 34938277 15712561 24677979 53643672 24677979 16222302 31074340 16222302
r-612 30 0.310345 24 0.25 3599360 2304327 2304327 4020297 2143301 5880433 3610269 3610269 8019498 2937483 2937483
r-575 36 0.293651 32 0.302419 -1 -1 -1 -1 -1 -1 -1 -1 -1 -1 -1
r-568 25 0.29 36 0.295238 15130334 47634155 15130334 46313502 14924782 22905452 80294365 22905452 20762622 24594142 20762622
r-126 27 0.299145 15 0.32381 129138 11919 11919 132312 12180 178972 13735 13735 82184 11634 11634
r-461 18 0.287582 25 0.286667 54669 240097 54669 219040 53702 71209 363052 71209 60127 178408 60127
r-336 23 0.252964 19 0.333333 485537 119282 119282 485800 129616 792529 168933 168933 231310 125808 125808
r-23 13 0.282051 32 0.274194 1 22580 1 20790 1 2 22581 2 1 20657 1
r-574 36 0.331746 37 0.28979 -1 -1 -1 -1 -1 -1 -1 -1 -1 -1 -1
r-114 12 0.333333 16 0.308333 263 1643 263 1400 228 265 2085 265 268 1184 268
r-965 21 0.304762 28 0.298942 545206 1229013 545206 1187999 547080 795952 2042821 795952 410199 1090243 410199
r-813 29 0.295567 11 0.345455 16291 1 1 16291 1 16292 2 2 12048 1 1
r-622 11 0.309091 10 0.311111 125 91 91 135 91 143 93 93 332 59 59
r-109 21 0.333333 14 0.296703 14456 3126 3126 15161 2987 20352 3513 3513 14853 3611 3611
r-652 25 0.26 14 0.263736 25544 625 625 26054 606 29898 627 627 20455 576 576
r-980 34 0.306595 26 0.316923 58909220 26859211 26859211 62568824 26526435 103537568 42739100 42739100 53563051 36398068 36398068
r-302 35 0.290756 25 0.33 28479228 7726606 7726606 28793282 7876063 49792346 11910813 11910813 25152629 11358211 11358211
r-641 24 0.278986 20 0.347368 1193643 510304 510304 1196806 522303 1980062 751305 751305 890682 439292 439292
r-329 31 0.290323 33 0.293561 147616980 160154699 147616980 183966858 137370216 -1 -1 -1 -1 -1 -1
r-467 29 0.268473 34 0.322638 43809587 54599672 43809587 70628750 38289372 73835781 93967768 73835781 48547824 84601557 48547824
r-69 17 0.257353 13 0.307692 4960 1370 1370 5145 1384 6759 1520 1520 4459 519 519
r-446 40 0.30641 33 0.282197 -1 -1 -1 -1 -1 -1 -1 -1 -1 -1 -1
r-31 18 0.300654 15 0.257143 10390 3566 3566 10777 3376 13923 4399 4399 8093 3685 3685
r-692 40 0.310256 28 0.283069 -1 -1 -1 -1 -1 -1 -1 -1 -1 -1 -1
r-242 23 0.27668 16 0.308333 186675 53756 53756 192488 54624 284281 70188 70188 175777 78081 78081
r-727 11 0.345455 27 0.330484 1 9631 1 8648 1 2 9632 2 1 7146 1
r-47 21 0.285714 23 0.288538 529701 551534 529701 606647 520845 785589 848660 785589 398653 474793 398653
r-562 12 0.393939 24 0.297101 1326 10400 1326 9177 1359 740 12407 740 1 3120 1
r-543 23 0.3083 36 0.287302 3796629 17874106 3796629 16700892 3905833 5423133 29151896 5423133 3367295 15433810 3367295
r-873 40 0.291026 40 0.308974 -1 -1 -1 -1 -1 -1 -1 -1 -1 -1 -1
r-176 39 0.310391 30 0.268966 -1 -1 -1 -1 -1 -1 -1 -1 -1 -1 -1
r-431 38 0.29303 22 0.277056 21352729 5350159 5350159 22375660 5329303 34546594 7501316 7501316 19544548 2392543 2392543
r-405 30 0.328736 26 0.261538 9139365 10260626 10260626 11498911 8946104 15332550 16820989 16820989 9868283 14949232 14949232
r-962 38 0.278805 20 0.336842 6502971 804654 804654 6661081 836658 10157237 1096311 1096311 5924674 809187 809187
r-78 15 0.314286 14 0.362637 3459 2012 2012 3681 2019 4772 2699 2699 2542 2352 2352
r-247 23 0.375494 12 0.257576 6176 1 1 6258 1 6739 2 2 6855 1 1
r-906 35 0.294118 33 0.295455 -1 -1 -1 -1 -1 -1 -1 -1 -1 -1 -1
r-379 21 0.261905 35 0.317647 1193875 8605061 1193875 8866626 1174902 1643228 13999980 1643228 1203667 5063938 1203667
r-875 32 0.274194 30 0.257471 108773268 108230558 108230558 130297020 98636609 174288887 173522358 173522358 131003288 113188759 113188759
r-393 25 0.34 22 0.294372 1260139 969303 969303 1481626 883707 2051141 1539405 1539405 1125992 844778 844778
r-36 34 0.340463 14 0.340659 251630 7880 7880 259480 8033 315690 7882 7882 130355 6913 6913
r-713 16 0.333333 32 0.290323 85504 914913 85504 823819 86777 102288 1337364 102288 104177 629133 104177
r-25 30 0.326437 29 0.29803 33386021 38459785 38459785 41875740 32765745 57846159 66220428 66220428 33992453 36133723 36133723
r-892 26 0.264615 24 0.253623 1121839 888561 888561 1217556 832689 1691527 1319239 1319239 1625508 1273384 1273384
r-795 17 0.272059 15 0.304762 6157 3007 3007 5789 2896 8652 3834 3834 4956 3066 3066
r-607 33 0.314394 31 0.296774 134673564 93463772 93463772 157083081 83716134 -1 164479759 -1 99102172 96148667 96148667
r-74 18 0.254902 31 0.270968 84619 648150 84619 635545 85000 99183 928383 99183 155752 618158 155752
r-382 32 0.292339 15 0.333333 344856 16251 16251 355720 16430 478679 18331 18331 212792 33210 33210
r-940 24 0.300725 25 0.256667 1876465 2282910 1876465 1804670 1886958 2766627 3536807 2766627 1553140 2239205 1553140
r-339 20 0.363158 15 0.342857 23634 11437 11437 24709 10699 36617 14801 14801 19896 7256 7256
r-513 27 0.287749 34 0.313725 17098252 39279966 17098252 43244052 15719629 28150538 69171695 28150538 18275699 29699091 18275699
r-826 21 0.290476 32 0.3125 2003633 5147408 2003633 5177687 1927110 2771993 8184558 2771993 1743340 4381688 1743340
r-413 25 0.27 35 0.29916 8132977 20927526 8132977 21950125 7890949 12484904 35729873 12484904 7817535 19898830 7817535
r-95 23 0.26087 10 0.288889 6345 1 1 6345 1 6346 2 2 6197 1 1
r-133 23 0.296443 13 0.294872 4865 1 1 4898 1 5184 2 2 5262 433 433
r-285 31 0.305376 19 0.298246 1251691 542114 542114 1295654 552525 1943436 733272 733272 982142 160908 160908
r-571 22 0.34632 38 0.274538 1592863 10817415 1592863 9338465 1621002 2195295 17864947 2195295 3090123 10828044 3090123
r-472 26 0.332308 22 0.311688 2484677 1927881 1927881 2860159 1803381 4150280 2993897 2993897 2366026 1720169 1720169
r-430 21 0.285714 36 0.298413 982948 8760946 982948 8431862 980164 1296692 13761392 1296692 1253663 6102927 1253663
r-127 12 0.30303 34 0.363636 1 32533 1 28382 1 1 32533 1 1 40313 1
r-350 12 0.287879 35 0.314286 1 20159 1 18940 1 1 20159 1 1 113 1
r-621 35 0.309244 38 0.318634 -1 -1 -1 -1 -1 -1 -1 -1 -1 -1 -1
r-852 13 0.384615 23 0.312253 4690 39503 4690 33471 4799 5266 57809 5266 1569 26665 1569
r-485 34 0.299465 22 0.320346 4203691 1399106 1399106 4338223 1435671 6939238 2036620 2036620 4409962 1143110 1143110
r-292 35 0.287395 25 0.313333 36291499 11048180 11048180 38064547 11212641 63562558 16887753 16887753 34400106 19493305 19493305
r-236 21 0.347619 27 0.319088 710965 1465739 710965 1377713 704766 1053272 2499285 1053272 675842 1407860 675842
r-331 29 0.305419 16 0.291667 158051 37049 37049 164194 38641 225075 46048 46048 110699 17316 17316
r-817 21 0.257143 17 0.316176 40552 13278 13278 39748 14112 60974 17261 17261 40707 11594 11594
r-220 17 0.330882 21 0.295238 11301 18077 11301 16183 9874 14941 27661 14941 5213 25466 5213
r-567 22 0.333333 38 0.307255 2892391 25898220 2892391 23544666 2881760 4123602 43492187 4123602 4575633 17557013 4575633
r-165 23 0.312253 22 0.30303 733839 582144 582144 831308 553060 1160709 931468 931468 631977 577014 577014
r-809 28 0.322751 19 0.333333 964963 271367 271367 1023212 271795 1604377 373405 373405 878157 422025 422025
r-209 36 0.322222 39 0.306343 -1 -1 -1 -1 -1 -1 -1 -1 -1 -1 -1
r-160 20 0.236842 26 0.258462 210082 581845 210082 561679 204270 271585 875825 271585 229475 520436 229475
r-93 32 0.302419 29 0.307882 86333880 71060357 71060357 95841633 68579631 150960782 117807807 117807807 90642508 78443335 78443335
r-775 31 0.288172 37 0.306306 -1 -1 -1 -1 -1 -1 -1 -1 -1 -1 -1
r-969 21 0.285714 25 0.253333 163641 455745 163641 416770 192589 221576 679795 221576 245330 419757 245330
r-606 40 0.273077 20 0.242105 3929743 900069 900069 4118971 951814 5551016 1091232 1091232 7029997 439048 439048
r-436 21 0.309524 22 0.333333 545432 660278 545432 842377 503434 861043 1027060 861043 232307 270001 232307
r-139 35 0.302521 21 0.266667 5620148 1307432 1307432 5933244 1289592 8870267 1743824 1743824 5162388 2471049 2471049
r-325 12 0.272727 30 0.262069 1 16700 1 14954 1 2 16701 2 1 20290 1
r-196 26 0.307692 22 0.281385 1113846 727505 727505 1208584 653048 1780779 1083218 1083218 993894 757978 757978
r-267 27 0.336182 19 0.333333 717729 224105 224105 753463 216231 1173453 306996 306996 501573 390748 390748
r-833 14 0.318681 16 0.316667 1028 1758 1028 1241 970 1261 2290 1261 3212 4632 3212
r-544 16 0.258333 37 0.28979 3525 1010144 3525 931252 3565 3527 1269042 3527 16932 728476 16932
r-129 15 0.266667 16 0.416667 7438 5459 7438 13148 5212 10864 7482 10864 4200 6173 4200
r-804 32 0.294355 31 0.288172 65921508 92846304 92846304 82484475 79171534 111199747 154438349 154438349 88194555 77059208 77059208
r-193 40 0.312821 17 0.375 2165920 153128 153128 2224360 154713 3201193 179548 179548 1943008 208977 208977
r-207 20 0.326316 11 0.345455 8577 740 740 8840 714 11124 741 741 5432 352 352
r-763 13 0.346154 21 0.266667 2343 18838 2343 15800 2287 2643 26831 2643 2665 15730 2665
r-697 24 0.307971 32 0.302419 10045551 26303630 10045551 24337485 10020634 15382900 43920528 15382900 12038211 22980404 12038211
r-245 15 0.266667 34 0.306595 9745 268733 9745 243320 9803 9747 329956 9747 15441 205514 15441
r-96 30 0.305747 10 0.4 237 1 1 237 1 237 1 1 1357 1 1
r-996 34 0.326203 31 0.316129 127933145 90666594 90666594 147463891 80932660 -1 163956391 163956391 98518190 95126399 95126399
r-43 35 0.317647 37 0.28979 -1 -1 -1 -1 -1 -1 -1 -1 -1 -1 -1
r-822 13 0.320513 10 0.266667 688 1 1 727 1 841 2 2 140 1 1
r-180 14 0.318681 30 0.296552 2363 55560 2363 50002 2381 2365 70054 2365 1773 47454 1773
r-884 11 0.272727 21 0.347619 1 7434 1 7086 1 2 7435 2 1 4720 1
r-115 17 0.286765 34 0.326203 197769 1485354 197769 1422885 194696 227210 2117062 227210 195672 1321994 195672
r-531 27 0.321937 21 0.309524 2072577 1319310 1319310 2321157 1250324 3449764 1957907 1957907 2098102 1169253 1169253
r-744 17 0.330882 36 0.303175 215264 1721235 215264 1601704 216165 266220 2528724 266220 316771 1296352 316771
r-64 13 0.333333 40 0.294872 1 119301 1 109438 1 2 119302 2 1 120171 1
r-800 25 0.326667 32 0.328629 7166110 22273261 7166110 22220616 6941555 11757498 39267932 11757498 8620154 11737946 8620154
r-198 14 0.32967 40 0.291026 7000 384892 7000 346974 7034 7002 458950 7002 16093 254429 16093
r-137 12 0.242424 39 0.310391 1 1 1 1 1 1 1 1 1 1 1
r-361 37 0.306306 16 0.3 1171848 83860 83860 1200637 85601 1568463 93495 93495 898730 49757 49757
r-53 10 0.377778 26 0.28 1 7731 1 6768 1 1 7731 1 1 6594 1
r-175 26 0.313846 38 0.28165 58144587 188374921 58144587 172359163 58770435 90812990 -1 90812990 58488750 161536800 58488750
r-162 12 0.272727 22 0.272727 1 3543 1 3249 1 2 3544 2 1 3438 1
r-952 32 0.300403 38 0.27596 -1 -1 -1 -1 -1 -1 -1 -1 -1 -1 -1
r-899 37 0.283784 25 0.3 85542850 28352534 28352534 89726724 28438947 144205006 41962755 41962755 70155405 45043090 45043090
r-805 12 0.318182 19 0.304094 429 6998 429 6253 419 431 8883 431 915 4399 915
r-960 20 0.336842 17 0.301471 72743 65151 65151 83535 59364 109385 91557 91557 70391 56650 56650
r-696 37 0.306306 40 0.301282 -1 -1 -1 -1 -1 -1 -1 -1 -1 -1 -1
r-191 39 0.290148 27 0.253561 119109361 63301668 63301668 131920088 60228139 -1 97396594 97396594 112735395 50511842 50511842
r-208 20 0.284211 23 0.312253 189281 258548 189281 289840 162029 273792 405581 273792 170433 355764 170433
r-223 37 0.315315 23 0.29249 26434388 8105894 8105894 28056155 7905090 44257962 11761069 11761069 22710875 7136232 7136232
r-819 34 0.338681 28 0.328042 71498366 56547767 56547767 78944211 53497132 131165798 98190763 98190763 71474111 56019073 56019073
r-640 30 0.282759 18 0.300654 675499 166347 166347 687052 164525 1008968 212263 212263 245874 242248 242248
r-620 12 0.348485 20 0.3 403 8531 403 6360 405 405 10684 405 423 3994 423
r-276 34 0.299465 22 0.264069 8687816 2788437 2788437 9293438 2745655 14037971 3894738 3894738 10461288 2383383 2383383
r-895 32 0.274194 10 0.244444 1 1 1 1 1 1 1 1 1 1 1
r-747 26 0.310769 17 0.264706 192917 44202 44202 198811 42967 290550 56039 56039 154465 60286 60286
r-583 32 0.28629 26 0.267692 12932289 7719014 7719014 14736658 7198675 21873437 12067506 12067506 12259913 6831198 6831198
r-298 32 0.302419 40 0.294872 -1 -1 -1 -1 -1 -1 -1 -1 -1 -1 -1
r-977 12 0.287879 39 0.283401 1 1 1 1 1 1 1 1 1 1 1
r-450 39 0.310391 10 0.355556 1 1 1 1 1 1 1 1 1 1 1
r-637 14 0.32967 20 0.315789 2198 11761 2198 10382 2222 2526 16505 2526 4189 10117 4189
r-566 32 0.308468 25 0.313333 32118622 13416992 13416992 34368306 12809499 55411926 21140092 21140092 14768090 14811125 14811125
r-492 19 0.298246 10 0.244444 545 1 1 545 1 545 1 1 1 1 1
r-904 20 0.305263 37 0.307808 1790759 10731512 1790759 9991252 1793950 2367299 16780540 2367299 2318241 9358416 2318241
r-958 20 0.310526 14 0.296703 16793 2727 2727 17006 2692 22827 3138 3138 11675 4555 4555
r-855 16 0.266667 16 0.283333 5847 4813 5847 6156 3756 7827 5958 7827 4815 7668 4815
r-120 14 0.318681 26 0.267692 1583 27804 1583 24733 1641 1585 35107 1585 5570 18375 5570
r-116 21 0.309524 40 0.284615 1659519 11593474 1659519 10496823 1702577 2160903 17833167 2160903 2840115 10265469 2840115
r-898 39 0.302294 35 0.284034 -1 -1 -1 -1 -1 -1 -1 -1 -1 -1 -1
r-669 14 0.21978 10 0.266667 390 130 130 396 104 458 131 131 1152 1 1
r-924 18 0.366013 25 0.276667 60321 296531 60321 246232 66929 81632 468004 81632 135799 277004 135799
r-734 14 0.296703 10 0.244444 1031 1 1 1028 1 1254 2 2 401 1 1
r-204 40 0.291026 34 0.319073 -1 -1 -1 -1 -1 -1 -1 -1 -1 -1 -1
r-62 32 0.326613 27 0.25641 20065192 18983954 18983954 24335069 16177911 33695346 31422328 31422328 13026329 11133928 11133928
r-760 32 0.294355 22 0.242424 4825752 2006726 2006726 5300891 1961616 7654288 2807353 2807353 4704307 2144130 2144130
r-33 40 0.275641 32 0.294355 -1 -1 -1 -1 -1 -1 -1 -1 -1 -1 -1
r-995 39 0.287449 30 0.28046 -1 -1 -1 -1 -1 -1 -1 -1 -1 -1 -1
r-534 23 0.335968 12 0.257576 19072 2006 2006 19519 1954 23757 2008 2008 22500 6848 6848
r-754 21 0.328571 13 0.205128 8214 1393 1393 8699 1389 10018 1395 1395 5870 1175 1175
r-882 19 0.304094 27 0.25641 117699 642255 117699 570556 134801 154738 944769 154738 143337 579585 143337
r-344 32 0.294355 21 0.238095 2992994 720272 720272 3254577 702910 4588794 937196 937196 2789930 816309 816309
r-370 36 0.304762 15 0.304762 320662 5050 5050 328619 5386 406870 5052 5052 159069 5595 5595
r-581 26 0.335385 21 0.342857 1410011 767859 767859 1516020 738595 2438574 1195952 1195952 1281193 665383 665383
r-632 34 0.301248 18 0.313725 3426522 426921 426921 3594045 438722 5148822 529945 529945 2246554 961036 961036
r-185 29 0.344828 30 0.287356 20319823 33296877 20319823 26728683 20317185 34225272 58747175 34225272 24834480 25316467 24834480
r-798 21 0.233333 30 0.268966 645193 2086037 645193 2115101 629377 871260 3151154 871260 891222 1878110 891222
r-57 35 0.339496 19 0.298246 6523381 2392822 2392822 6844555 2319533 10443059 3270331 3270331 3459660 809355 809355
r-981 38 0.301565 22 0.272727 32012008 6554597 6554597 33924912 6629223 52118740 9063670 9063670 24523426 6878089 6878089
r-988 38 0.29303 17 0.345588 1362944 102918 102918 1400685 109971 1907689 126925 126925 329667 205915 205915
r-368 33 0.299242 35 0.30084 -1 -1 -1 -1 -1 -1 -1 -1 -1 -1 -1
r-76 27 0.333333 37 0.297297 27337318 55714391 27337318 52862338 27921091 44033421 99495809 44033421 64407781 54137163 64407781
r-1000 27 0.353276 21 0.328571 1617717 779034 779034 1692709 735576 2713637 1195825 1195825 1312527 822824 822824
r-9 31 0.316129 18 0.267974 465690 93769 93769 489544 91755 682551 115165 115165 461018 55509 55509
r-856 32 0.330645 14 0.32967 98300 6685 6685 101423 7144 124065 6687 6687 97093 12031 12031
r-153 16 0.216667 13 0.230769 2043 178 178 2070 170 2517 180 180 1313 400 400
r-451 21 0.266667 23 0.339921 380587 342545 380587 536761 333189 592081 538681 592081 309004 267295 309004
r-60 40 0.320513 39 0.300945 -1 -1 -1 -1 -1 -1 -1 -1 -1 -1 -1
r-421 26 0.28 40 0.303846 70741346 168113601 70741346 174787445 69288081 108477434 -1 108477434 76453613 165322599 76453613
r-585 25 0.29 23 0.284585 1819303 970288 970288 1942300 924089 2920950 1486821 1486821 1234515 944075 944075
r-667 11 0.254545 27 0.333333 1 18059 1 16965 1 1 18059 1 1 1 1
r-145 25 0.246667 11 0.345455 399 1 1 399 1 399 1 1 274 1 1
r-253 23 0.29249 11 0.309091 5563 1 1 5563 1 5564 2 2 5332 1 1
r-639 32 0.28629 27 0.290598 17080027 14567789 14567789 18386378 14162589 29062603 23579189 23579189 28852420 11043742 11043742
r-321 29 0.278325 20 0.305263 752987 214109 214109 772985 215940 1198526 283131 283131 734324 389161 389161
r-741 15 0.32381 36 0.304762 63826 802494 63826 758622 64461 71916 1068767 71916 47287 711695 47287
r-825 12 0.272727 20 0.284211 489 8438 489 7169 497 491 10404 491 665 11427 665
r-660 16 0.283333 36 0.304762 52566 794005 52566 666025 52408 57445 1079714 57445 66533 752507 66533
r-672 17 0.272059 33 0.284091 118667 967863 118667 878003 120706 149748 1376742 149748 55792 361879 55792
r-643 13 0.282051 40 0.280769 1 82895 1 74115 1 2 82896 2 1 79062 1
r-434 31 0.326882 30 0.301149 69580893 80594592 80594592 85508850 71600664 121612996 142992018 142992018 72000733 76864386 76864386
r-404 26 0.301538 16 0.2 84240 9409 9409 90035 9198 116605 10467 10467 84048 14280 14280
r-385 35 0.27563 12 0.333333 26712 1 1 26712 1 26713 2 2 22733 1 1
r-582 37 0.336336 29 0.307882 -1 -1 -1 -1 -1 -1 -1 -1 -1 -1 -1
r-280 37 0.283784 37 0.313814 -1 -1 -1 -1 -1 -1 -1 -1 -1 -1 -1
r-767 17 0.264706 33 0.327652 130382 526321 130382 497524 130744 160427 734451 160427 36700 320734 36700
r-179 39 0.287449 31 0.275269 -1 -1 -1 -1 -1 -1 -1 -1 -1 -1 -1
r-222 36 0.293651 12 0.318182 39288 1 1 39288 1 39289 1 1 32177 1 1
r-687 26 0.283077 32 0.3125 15072484 24439687 15072484 26131926 14331023 24223921 41025728 24223921 13885051 24918493 13885051
r-956 32 0.282258 15 0.304762 356978 21215 21215 367395 22026 472029 23886 23886 288162 81603 81603
r-89 20 0.289474 17 0.294118 32486 20211 20211 35025 18585 47932 25692 25692 30331 20060 20060
r-194 27 0.310541 29 0.310345 9236557 22898497 9236557 21961891 8693234 15572871 39331413 15572871 8283152 11434069 8283152
r-234 25 0.316667 24 0.297101 1149964 1162693 1162693 1331788 932473 1826899 1868278 1868278 1317555 1511188 1511188
r-943 20 0.3 40 0.324359 4538238 22540465 4538238 21582121 4502765 5925760 35051438 5925760 3468901 19875420 3468901
r-657 34 0.308378 14 0.362637 117579 2827 2827 120978 2888 147220 2829 2829 85344 6287 6287
r-464 30 0.317241 11 0.418182 18899 1 1 18899 1 18900 2 2 11535 1 1
r-529 34 0.297683 14 0.252747 71483 1 1 72042 1 76321 2 2 164814 1 1
r-871 13 0.333333 26 0.298462 1353 27705 1353 24604 1352 1355 34716 1355 1071 16905 1071
r-488 29 0.270936 30 0.301149 31698839 14948331 31698839 19291619 26494868 51421228 24495779 51421228 16235687 18801788 16235687
r-803 25 0.29 26 0.344615 9595060 7533036 9595060 11437778 8355407 16272425 12431697 16272425 10370902 7413567 10370902
r-445 24 0.318841 30 0.287356 4799420 10975846 4799420 10082650 4910678 7307984 18522947 7307984 6181444 10035949 6181444
r-658 27 0.296296 19 0.315789 336856 120293 120293 348497 116949 527459 157700 157700 196095 43946 43946
r-37 34 0.286988 11 0.254545 1 1 1 1 1 1 1 1 1 1 1
r-271 10 0.311111 13 0.435897 172 357 172 437 154 174 485 174 169 317 169
r-912 10 0.288889 38 0.315789 1 1 1 1 1 1 1 1 1 1 1
r-949 39 0.311741 40 0.30641 -1 -1 -1 -1 -1 -1 -1 -1 -1 -1 -1
r-527 35 0.334454 32 0.282258 -1 -1 -1 -1 -1 -1 -1 -1 -1 -1 -1
r-951 16 0.325 13 0.307692 9802 4267 4267 10348 4090 14142 5389 5389 8028 8287 8287
r-753 27 0.287749 39 0.309042 70503728 186305334 70503728 187686402 69161335 110748053 -1 110748053 63020994 168584690 63020994
r-399 33 0.308712 22 0.298701 5521696 4306128 4306128 5804939 4234406 9169983 6246637 6246637 9215187 2309828 2309828
r-390 38 0.297297 26 0.273846 99488012 42962004 42962004 108161246 42170213 170072026 65177221 65177221 98149081 44348985 44348985
r-619 13 0.371795 23 0.280632 214 7777 214 7101 209 216 10278 216 371 6500 371
r-1 14 0.373626 26 0.307692 5183 59151 5183 52179 4970 5801 84671 5801 4658 33297 4658
r-635 13 0.371795 20 0.289474 2076 16871 2076 14411 2333 2426 23986 2426 1706 9304 1706
r-392 17 0.352941 35 0.294118 104668 931200 104668 837244 104976 129681 1385829 129681 118803 647025 118803
r-915 29 0.307882 30 0.287356 36288230 42383604 36288230 46243308 33747953 59394504 72209650 59394504 45604426 43187530 45604426
r-241 19 0.298246 21 0.257143 27335 62370 27335 50084 30477 37390 94572 37390 35767 62723 35767
r-134 31 0.316129 36 0.290476 161481553 -1 161481553 -1 161314051 -1 -1 -1 -1 -1 -1
r-272 30 0.305747 10 0.222222 1 1 1 1 1 1 1 1 1 1 1
r-29 29 0.312808 28 0.293651 11948676 16589044 16589044 15114304 14546342 20150652 28071273 28071273 11756295 14559644 14559644
r-250 11 0.272727 18 0.352941 1 1871 1 1687 1 2 1970 2 1 1440 1
r-94 12 0.19697 26 0.28 1 2576 1 2211 1 1 2576 1 1 1 1
r-263 16 0.325 30 0.289655 7403 127406 7403 112416 7823 8445 174874 8445 7137 265769 7137
r-970 23 0.284585 24 0.289855 1396820 841365 1396820 1357134 1340935 2200793 1322126 2200793 838947 777104 838947
r-886 10 0.333333 20 0.378947 1 4226 1 3890 1 2 4227 2 1 2227 1
r-17 13 0.269231 28 0.267196 1 14379 1 12077 1 2 14380 2 1 10223 1
r-726 38 0.328592 22 0.255411 23179533 9310995 9310995 25252634 8861857 37345233 12958642 12958642 21771630 10947716 10947716
r-419 31 0.275269 27 0.339031 21716476 11138155 11138155 22108471 11673648 38681170 18044560 18044560 18115654 12871732 12871732
r-470 19 0.292398 29 0.288177 568504 1797388 568504 1748868 571201 760894 2701242 760894 618244 1633021 618244
r-508 33 0.299242 30 0.34023 135596996 104646812 104646812 142895065 107351972 -1 180286434 180286434 133471167 113261720 113261720
r-535 11 0.309091 26 0.326154 1 20315 1 17615 1 2 20315 2 1 11107 1
r-70 19 0.280702 18 0.27451 44392 25166 25166 46450 22654 63994 34143 34143 35909 41774 41774
r-770 16 0.308333 37 0.282282 48432 984369 48432 895754 48536 52244 1311899 52244 108480 758860 108480
r-781 16 0.258333 10 0.222222 2850 306 306 2864 306 3114 307 307 612 1 1
r-997 21 0.314286 34 0.279857 2638348 9935660 2638348 9070065 2658053 3577964 15850885 3577964 2283775 8760907 2283775
r-863 23 0.29249 12 0.333333 8905 561 561 9050 671 10259 562 562 4503 1 1
r-320 40 0.29359 21 0.333333 24221897 4246950 4246950 25009058 4399770 38752796 5800466 5800466 21629996 6645334 6645334
r-861 16 0.3 11 0.181818 648 1 1 648 1 649 2 2 1367 1 1
r-587 25 0.26 38 0.307255 22450023 85539366 22450023 91915430 21812067 33609199 143036598 33609199 20637556 50648624 20637556
r-663 29 0.312808 29 0.334975 23709766 18070185 23709766 24115263 16751581 42394220 31810958 42394220 22776956 25161860 22776956
r-226 28 0.275132 13 0.333333 39295 1390 1390 41301 1441 48864 1392 1392 41746 5231 5231
r-422 13 0.269231 26 0.295385 1 11849 1 10754 1 2 11850 2 1 5906 1
r-507 25 0.276667 26 0.286154 3406196 4320302 3406196 5168925 3157083 5432269 6904297 5432269 1651866 1786541 1651866
r-295 37 0.286787 27 0.34188 131226720 49568689 49568689 135541909 52304500 -1 78299864 78299864 129605333 61030868 61030868
r-549 11 0.290909 26 0.292308 1 6634 1 6459 1 2 6635 2 1 9039 1
r-90 20 0.289474 40 0.314103 1063717 7287064 1063717 6835755 1061121 1359643 11230800 1359643 1024841 6251007 1024841
r-931 24 0.286232 28 0.335979 3711095 4869498 3711095 5826603 3231938 6020215 8207105 6020215 3870790 4104380 3870790
r-603 23 0.29249 36 0.252381 5756192 23834162 5756192 20954858 5942143 8214761 38146972 8214761 6158889 24040906 6158889
r-689 22 0.341991 17 0.375 71639 24066 24066 72101 23021 115681 32350 32350 55283 40338 40338
r-890 19 0.233918 27 0.324786 195990 362504 195990 435624 178569 271234 522250 271234 120863 232296 120863
r-963 16 0.308333 40 0.342308 85947 1063822 85947 987015 85823 94903 1428154 94903 85399 1148850 85399
r-396 27 0.287749 23 0.316206 1842321 1031143 1031143 1922833 965115 3095083 1526988 1526988 2104502 1339951 1339951
r-893 19 0.274854 40 0.264103 322282 3562587 322282 3140113 326807 366011 4968084 366011 408913 3076788 408913
r-244 11 0.218182 29 0.293103 1 1 1 1 1 1 1 1 1 1 1
r-955 16 0.35 16 0.275 8000 14037 8000 11806 11584 10460 20162 10460 6371 9047 6371
r-283 19 0.350877 21 0.314286 84753 145647 84753 126680 79676 121816 231130 121816 74588 124545 74588
r-601 11 0.4 20 0.326316 538 7307 538 6147 556 540 9477 540 1582 6320 1582
r-378 23 0.288538 11 0.236364 1 1 1 1 1 1 1 1 48 1 1
r-872 20 0.326316 38 0.311522 1864719 11097357 1864719 10440603 1870756 2539579 17988605 2539579 1794779 9636901 1794779
r-789 20 0.336842 18 0.366013 43655 29721 29721 46068 28287 66861 42960 42960 38150 27764 27764
r-569 17 0.294118 37 0.274775 38092 866672 38092 762442 37886 41247 1165358 41247 70692 505270 70692
r-557 12 0.318182 11 0.272727 794 235 235 730 218 924 282 282 576 262 262
r-646 19 0.350877 33 0.289773 90018 1034064 90018 874145 90576 118008 1676275 118008 120815 737203 120815
r-730 14 0.373626 24 0.293478 2751 32708 2751 26938 2760 3043 46318 3043 2302 28439 2302
r-799 34 0.306595 22 0.238095 7449487 2435041 2435041 8152021 2358791 11930402 3455341 3455341 11003090 2573452 2573452
r-478 11 0.327273 30 0.298851 1 1 1 1 1 1 1 1 1 1169 1
r-925 13 0.282051 20 0.284211 535 7330 535 6681 550 537 9590 537 450 5489 450
r-846 12 0.227273 22 0.25974 1 5884 1 4834 1 2 5885 2 1 4274 1
r-63 28 0.269841 37 0.283784 144442519 -1 144442519 -1 141248914 -1 -1 -1 116167342 -1 116167342
r-457 14 0.285714 29 0.283251 5159 88306 5159 73345 5305 5161 107208 5161 9111 62574 9111
r-384 38 0.29872 25 0.323333 74906977 23570721 23570721 76921701 23633778 132491724 36192857 36192857 66438174 29753570 29753570
r-55 37 0.315315 10 0.311111 1 1 1 1 1 1 1 1 1 1 1
r-515 37 0.333333 10 0.244444 1 1 1 1 1 1 1 1 1 1 1
r-945 10 0.333333 13 0.423077 190 1054 190 1088 190 192 928 192 204 440 204
r-85 34 0.308378 12 0.348485 35489 1 1 35489 1 35490 2 2 38463 1 1
r-123 32 0.298387 12 0.287879 1 1 1 1 1 1 1 1 10484 1 1
r-373 34 0.308378 24 0.271739 27168094 12952199 12952199 30101069 12110513 45380586 18991395 18991395 29471747 15889919 15889919
r-178 33 0.263258 19 0.280702 2308738 216376 216376 2370777 227172 3352259 265156 265156 1818278 305909 305909
r-845 28 0.306878 18 0.300654 556290 183588 183588 574563 180200 868675 238645 238645 480344 147598 147598
r-366 18 0.320261 33 0.280303 253445 1374209 253445 1256942 252571 315658 2065683 315658 267382 1333201 267382
r-273 24 0.289855 32 0.28629 4600095 10385637 4600095 10117895 4536827 6874065 17185777 6874065 5717643 10368478 5717643
r-700 40 0.283333 27 0.319088 -1 54656710 54656710 -1 55478551 -1 83046491 83046491 152898385 53099215 53099215
r-714 28 0.283069 12 0.181818 1 1 1 1 1 1 1 1 1 1 1
r-580 27 0.287749 23 0.252964 1969489 1637430 1637430 2232018 1485073 3063035 2476590 2476590 1077436 828779 828779
r-627 17 0.448529 22 0.324675 8753 34914 8753 27327 7809 11156 57593 11156 9796 29689 9796
r-836 24 0.307971 31 0.305376 11880638 22861632 11880638 23333367 11768329 18317774 39120896 18317774 12236029 20407587 12236029
r-979 24 0.322464 16 0.283333 103424 35145 35145 109132 33056 152970 43120 43120 91269 31944 31944
r-200 37 0.303303 37 0.28979 -1 -1 -1 -1 -1 -1 -1 -1 -1 -1 -1
r-216 30 0.291954 34 0.2959 99499750 126930465 99499750 135321638 93266521 -1 -1 -1 103062760 159412184 103062760
r-777 16 0.233333 20 0.278947 10858 23464 10858 27231 9737 13092 32935 13092 13045 24597 13045
r-699 39 0.315789 24 0.278986 66227457 23599608 23599608 70544397 23146470 113931910 35256070 35256070 35240780 17374643 17374643
r-51 32 0.306452 17 0.272059 463747 20072 20072 483573 20592 652187 22762 22762 285022 22225 22225
r-561 23 0.316206 32 0.318548 6443997 12730965 6443997 13299448 6340434 9745717 21507220 9745717 7368052 11610257 7368052
r-677 30 0.333333 26 0.329231 7889490 7721541 7721541 8627149 7142592 13865651 12680336 12680336 7274102 7374318 7374318
r-229 40 0.324359 11 0.345455 1 1 1 1 1 1 1 1 1 1 1
r-547 23 0.312253 14 0.307692 47107 7022 7022 48371 7220 65228 7782 7782 38390 10318 10318
r-786 12 0.272727 28 0.28836 1 14041 1 13445 1 2 14042 2 1 12007 1
r-65 14 0.307692 25 0.28 953 21541 953 19238 932 1042 27235 1042 1852 12070 1852
r-506 35 0.297479 32 0.3125 -1 -1 -1 -1 -1 -1 -1 -1 -1 -1 -1
r-463 17 0.338235 38 0.312945 255995 2882198 255995 2627443 256709 305666 4256853 305666 445641 1890397 445641
r-359 19 0.333333 16 0.325 31537 15489 15489 35993 13876 47016 20861 20861 30545 16295 16295
r-28 26 0.313846 40 0.320513 25951397 105942515 25951397 104361628 25726873 39934106 186001379 39934106 32971919 84160321 32971919
r-918 26 0.323077 30 0.248276 5970897 11547618 5970897 9383813 6564547 9122182 19573461 9122182 6768617 8154971 6768617
r-739 21 0.295238 14 0.351648 30719 2752 2752 31219 2743 45697 3161 3161 10133 3403 3403
r-706 30 0.326437 30 0.287356 36281384 56416683 36281384 49940760 45383228 60202644 97307890 60202644 36729191 48396770 36729191
r-742 23 0.284585 22 0.320346 839778 506375 506375 841548 505572 1365010 790666 790666 814690 602400 602400
r-801 22 0.277056 13 0.320513 9695 316 316 9793 337 12029 318 318 6303 728 728
r-21 28 0.314815 29 0.332512 31849965 12736520 31849965 19287848 27079803 54525971 21948950 54525971 11972736 11692220 11972736
r-219 25 0.323333 34 0.322638 13559940 33358142 13559940 33804174 13466513 22022201 60311978 22022201 11398098 32825388 11398098
r-203 27 0.301994 32 0.310484 25181431 38557249 25181431 39416354 24152449 41021964 66609204 41021964 32479121 38290417 32479121
r-45 33 0.276515 22 0.320346 9269828 2455242 2455242 9580147 2603521 14761554 3448119 3448119 9500012 2258188 2258188
r-868 19 0.28655 11 0.327273 3740 427 427 3756 431 4640 429 429 4881 877 877
r-353 36 0.280952 22 0.264069 7766950 1080005 1080005 8121180 1076624 12023450 1415544 1415544 6236379 3604038 3604038
r-397 20 0.284211 11 0.218182 3208 1 1 3208 1 3209 2 2 2209 1 1
r-778 15 0.32381 36 0.306349 6454 230840 6454 212769 6506 6456 291761 6456 4194 161319 4194
r-67 23 0.245059 22 0.294372 809767 478883 478883 777008 484475 1231749 702504 702504 1001021 616628 616628
r-369 28 0.325397 12 0.272727 35990 1 1 35990 1 35991 2 2 15899 1 1
r-762 24 0.304348 36 0.309524 11994257 36756782 11994257 35085732 12098637 17466963 61677615 17466963 18654578 30056024 18654578
r-695 32 0.318548 35 0.310924 -1 -1 -1 -1 -1 -1 -1 -1 -1 -1 -1
r-519 14 0.307692 36 0.319048 8642 265894 8642 250483 8892 8643 311213 8643 18407 252316 18407
r-352 33 0.318182 12 0.257576 16331 1 1 16331 1 16331 1 1 12506 1 1
r-885 25 0.31 26 0.32 2874390 3029545 2874390 3760631 2597474 4714931 4961289 4714931 3128747 2919060 3128747
r-275 36 0.288889 26 0.332308 66222675 27702847 27702847 70062843 28138896 114560994 42201389 42201389 62357970 52595993 52595993
r-372 10 0.266667 23 0.328063 1 1890 1 1802 1 1 1890 1 1 1 1
r-545 23 0.367589 38 0.297297 12529196 39129897 12529196 36132205 12760972 19037516 69547585 19037516 11396603 31213527 11396603
r-56 14 0.318681 18 0.300654 2492 8194 2492 6943 2434 3071 11338 3071 1742 4847 1742
r-656 29 0.280788 15 0.342857 119644 9759 9759 123173 9942 167872 10985 10985 96230 6434 6434
r-905 11 0.381818 37 0.283784 1 45126 1 40402 1 2 45126 2 1 30769 1
r-305 18 0.267974 35 0.294118 148301 1621278 148301 1494398 149588 174382 2278672 174382 120866 1611937 120866
r-92 23 0.300395 34 0.286988 4850297 15004246 4850297 14219884 4868976 7065331 25456109 7065331 3418416 12949527 3418416
r-35 27 0.296296 31 0.32043 17251912 17735810 17251912 19380214 15231107 28632069 30370508 28632069 20786352 22409799 20786352
r-286 26 0.273846 32 0.294355 6764891 14247044 6764891 15782088 6343350 10594062 23773353 10594062 5913173 10946514 5913173
r-414 14 0.351648 39 0.302294 10398 338342 10398 308208 10398 10400 413239 10400 11646 274054 11646
r-281 28 0.259259 22 0.337662 1797893 673209 673209 1770781 705510 2994564 996830 996830 1640461 552805 552805
r-987 22 0.277056 33 0.30303 6213989 16421372 6213989 16600427 6076704 8891358 26746703 8891358 6130195 14998066 6130195
r-797 36 0.301587 29 0.268473 88194974 92419421 92419421 105198644 79669986 151735790 148176419 148176419 61911729 54496190 54496190
r-313 23 0.3083 20 0.252632 216086 236672 236672 257647 210336 324713 334719 334719 298209 219002 219002
r-593 35 0.285714 18 0.333333 2263434 325657 325657 2334238 340920 3268261 402232 402232 2266289 610975 610975
r-849 24 0.25 31 0.333333 14383172 16174385 14383172 20408409 13281725 22892719 27458076 22892719 13834653 17830190 13834653
r-546 34 0.335116 24 0.333333 20781421 9644543 9644543 22241088 9467144 37106344 15315482 15315482 11190415 10022106 10022106
r-670 39 0.303644 20 0.252632 7321913 1036252 1036252 7719135 1059681 10976496 1312262 1312262 7608388 3346845 3346845
r-221 27 0.299145 23 0.332016 1654433 824001 824001 1670728 760222 2783358 1261870 1261870 1541132 1540242 1540242
r-261 25 0.343333 16 0.366667 99982 39303 39303 101330 39757 155858 52461 52461 76704 43825 43825
r-163 13 0.320513 21 0.290476 686 10482 686 9034 688 688 13713 688 680 6750 680
r-456 11 0.327273 31 0.296774 1 1 1 1 1 1 1 1 1 1 1
r-769 34 0.26738 10 0.422222 15000 1 1 15000 1 15001 2 2 10130 1 1
r-922 11 0.381818 10 0.222222 237 53 53 290 53 336 55 55 52 43 43
r-812 11 0.309091 18 0.235294 1 938 1 704 1 2 939 2 1 777 1
r-500 34 0.286988 33 0.301136 -1 162538016 162538016 -1 152943640 -1 -1 -1 -1 -1 -1
r-876 27 0.296296 14 0.318681 30396 1399 1399 31662 1358 39172 1401 1401 14602 1072 1072
r-537 37 0.297297 31 0.296774 -1 -1 -1 -1 -1 -1 -1 -1 -1 -1 -1
r-453 27 0.324786 17 0.316176 447002 104606 104606 469831 106420 668227 132511 132511 452470 155561 155561
r-482 15 0.266667 28 0.31746 20637 183952 20637 173074 20120 23344 250796 23344 29577 177009 29577
r-119 16 0.383333 26 0.326154 42375 169099 42375 149117 42620 54173 271825 54173 20055 74027 20055
r-914 40 0.288462 19 0.245614 6252824 713943 713943 6430511 714528 8741250 833949 833949 5362134 604330 604330
r-743 37 0.324324 33 0.299242 -1 -1 -1 -1 -1 -1 -1 -1 -1 -1 -1
r-254 11 0.4 14 0.340659 739 2138 739 1840 716 869 3105 869 601 1341 601
r-933 39 0.327935 14 0.307692 540469 11181 11181 552689 10957 643970 11183 11183 437658 27004 27004
r-832 23 0.304348 25 0.293333 523599 804417 523599 742339 498317 814403 1321497 814403 514657 896105 514657
r-748 32 0.292339 14 0.274725 137294 5623 5623 141054 5657 166641 5625 5625 131144 4629 4629
r-407 27 0.282051 29 0.305419 9602009 13105097 9602009 14630018 8457297 15453257 21391396 15453257 9713898 11508524 9713898
r-100 27 0.304843 37 0.313814 130328943 235914939 130328943 246152262 127027157 -1 -1 -1 115387311 -1 115387311
r-444 36 0.312698 31 0.316129 -1 -1 -1 -1 -1 -1 -1 -1 -1 -1 -1
r-420 33 0.32197 36 0.265079 -1 -1 -1 -1 -1 -1 -1 -1 -1 -1 -1
r-483 35 0.315966 11 0.4 1 1 1 1 1 1 1 1 1 1 1
r-791 17 0.272059 34 0.290553 355011 2320556 355011 2157863 353059 410756 3140706 410756 28381 483585 28381
r-889 28 0.275132 14 0.252747 36064 1675 1675 36537 1745 41978 1676 1676 8679 1 1
r-966 35 0.317647 28 0.285714 66885764 37137454 37137454 75875934 35050935 117503172 62332174 62332174 50098659 34174213 34174213
r-19 36 0.312698 40 0.288462 -1 -1 -1 -1 -1 -1 -1 -1 -1 -1 -1
r-5 14 0.230769 39 0.323887 1 146650 1 139871 1 1 146651 1 1 140734 1
r-881 16 0.325 40 0.285897 60319 1336846 60319 1207170 60117 66323 1766752 66323 170866 1013310 170866
r-98 32 0.306452 39 0.319838 -1 -1 -1 -1 -1 -1 -1 -1 -1 -1 -1
r-944 27 0.304843 34 0.313725 52644283 88150080 52644283 92143466 51901349 86226867 156793489 86226867 49435987 76828707 49435987
r-636 23 0.264822 39 0.295547 3475360 16004751 3475360 15427444 3403815 4899491 26431046 4899491 6861550 19249211 6861550
r-303 23 0.256917 20 0.368421 532327 147879 147879 493690 170945 881962 209162 209162 359020 236599 236599
r-300 36 0.288889 10 0.244444 1 1 1 1 1 1 1 1 1 1 1
r-279 34 0.306595 32 0.252016 -1 -1 -1 -1 -1 -1 -1 -1 -1 -1 -1
r-425 18 0.372549 32 0.324597 143558 990888 143558 880821 138963 186054 1582937 186054 222871 727173 222871
r-39 24 0.34058 13 0.320513 33406 1801 1801 34430 1823 42409 1803 1803 20388 2653 2653
r-309 12 0.257576 25 0.293333 1 13960 1 12451 1 2 13961 2 1 9536 1
r-252 12 0.212121 32 0.320565 1 35601 1 34680 1 1 35601 1 1 1 1
r-600 22 0.341991 34 0.315508 4249941 11073297 4249941 10733717 4251062 6344894 18821403 6344894 4160751 10277464 4160751
r-644 10 0.288889 39 0.271255 1 1 1 1 1 1 1 1 1 1 1
r-523 17 0.294118 35 0.346218 316154 2209520 316154 2121507 314129 392322 3334571 392322 237826 1836629 237826
r-365 33 0.30303 39 0.2861 -1 -1 -1 -1 -1 -1 -1 -1 -1 -1 -1
r-937 23 0.296443 39 0.288799 13492994 59217219 13492994 56131964 13647940 19204237 97273732 19204237 20314155 49187138 20314155
