instance n1 density1 n2 density2 mcsplit mcsplit+f mcsplit+bigf
r-743 29 0.295567 29 0.295567 4105811 -1 1363696439
r-366 13 0.282051 13 0.282051 101538 71115 1561
r-8 16 0.4 16 0.4 7897 9386 7869
r-9 38 0.193457 38 0.193457 723317462 885077362 535298361
r-882 40 0.480769 40 0.480769 -1 -1 -1
r-199 24 0.48913 24 0.48913 1458050 1560125 1251976
r-791 30 0.508046 30 0.508046 19639072 19663206 16108326
r-307 11 0.509091 11 0.509091 2642 2524 2546
r-976 16 0.325 16 0.325 14098 1296032 297465
r-202 34 0.470588 34 0.470588 224907113 230036172 191047561
r-470 19 0.350877 19 0.350877 65837 387129 102388
r-254 32 0.514113 32 0.514113 64138531 62631177 50570290
r-134 32 0.508065 32 0.508065 25463908 24606587 24501072
r-930 19 0.409357 19 0.409357 70042 65196 55155
r-547 18 0.503268 18 0.503268 44380 51308 39124
r-821 23 0.300395 23 0.300395 200664778 121945207 305134
r-706 35 0.504202 35 0.504202 132975999 129362715 90331336
r-915 27 0.501425 27 0.501425 11095500 8136597 4815509
r-815 27 0.518519 27 0.518519 5967838 6360601 5358567
r-367 36 0.322222 36 0.322222 263466291 343397926 338216024
r-117 32 0.120968 32 0.120968 3725077 10465651 11057582
r-364 28 0.349206 28 0.349206 18778164 17696433 12345139
r-983 39 0.504723 39 0.504723 352979340 403420210 276712946
r-245 18 0.503268 18 0.503268 21566 29190 34712
r-670 33 0.219697 33 0.219697 114202180 83621691 39035014
r-525 13 0.384615 13 0.384615 1579 1062 975
r-896 38 0.422475 38 0.422475 729214166 650408444 495583885
r-212 37 0.198198 37 0.198198 816766913 832406824 437684888
r-458 19 0.51462 19 0.51462 142906 141167 107103
r-621 20 0.505263 20 0.505263 149012 140058 113361
r-353 40 0.408974 40 0.408974 -1 -1 -1
r-171 29 0.246305 29 0.246305 18499672 15176820 6914758
r-774 30 0.287356 30 0.287356 -1 -1 33081985
r-834 10 0.466667 10 0.466667 414 341 387
r-183 17 0.485294 17 0.485294 17884 16607 17294
r-229 14 0.263736 14 0.263736 2228 1936 1335
r-898 19 0.526316 19 0.526316 32191 33057 32765
r-717 23 0.0869565 23 0.0869565 -1 -1 -1
r-139 35 0.161345 35 0.161345 -1 -1 -1
r-632 27 0.48433 27 0.48433 3051236 2947043 2356871
r-682 29 0.487685 29 0.487685 6230348 6174825 4790883
r-612 36 0.285714 36 0.285714 687670610 401434759 258092559
r-456 18 0.366013 18 0.366013 15371 155884 61988
r-747 15 0.342857 15 0.342857 5731 5759 4024
r-38 16 0.4 16 0.4 20172 20729 16392
r-526 14 0.527473 14 0.527473 6733 7382 6678
r-393 11 0.436364 11 0.436364 1051 1265 1387
r-570 29 0.46798 29 0.46798 30095891 29057191 24329161
r-309 27 0.518519 27 0.518519 6418369 6991902 6017283
r-877 18 0.294118 18 0.294118 13050 12640 9250
r-242 18 0.424837 18 0.424837 68702 104748 47526
r-589 39 0.48583 39 0.48583 263447923 316450876 220115842
r-739 30 0.496552 30 0.496552 24486330 23687955 18960395
r-488 18 0.424837 18 0.424837 34636 22493 11365
r-556 38 0.443812 38 0.443812 154958684 100942208 66258188
r-936 28 0.198413 28 0.198413 2054962 3068619 1923609
r-906 12 0.409091 12 0.409091 1531 912 709
r-325 26 0.212308 26 0.212308 -1 -1 -1
r-627 32 0.465726 32 0.465726 17960497 15416805 14114419
r-283 25 0.22 25 0.22 -1 -1 1135720163
r-387 26 0.443077 26 0.443077 641661 525048 478043
r-918 38 0.422475 38 0.422475 767342289 885020876 775478273
r-215 29 0.339901 29 0.339901 10789540 14718646 12629827
r-102 11 0.327273 11 0.327273 579 1426 2221
r-408 20 0.189474 20 0.189474 3315510 -1 -1
r-490 29 0.502463 29 0.502463 14167971 15688128 13504166
r-516 25 0.42 25 0.42 2152802 2534088 2002067
r-373 37 0.105105 37 0.105105 441422219 325593505 52945087
r-572 28 0.42328 28 0.42328 25780533 27610767 21785314
r-159 18 0.294118 18 0.294118 6138194 3821177 18565
r-478 24 0.15942 24 0.15942 -1 -1 -1
r-198 17 0.308824 17 0.308824 24895 25404 16220
r-141 29 0.413793 29 0.413793 43922328 43362534 35658166
r-922 32 0.120968 32 0.120968 -1 -1 -1
r-54 14 0.527473 14 0.527473 11103 11168 9970
r-658 38 0.341394 38 0.341394 -1 -1 188083612
r-952 31 0.124731 31 0.124731 -1 -1 -1
r-271 37 0.153153 37 0.153153 374254657 322738298 143212043
r-361 11 0.545455 11 0.545455 909 863 426
r-103 26 0.147692 26 0.147692 -1 -1 -1
r-817 38 0.398293 38 0.398293 1857866844 2170353969 1914688937
r-426 13 0.153846 13 0.153846 4084 7648164 1884806
r-262 30 0.508046 30 0.508046 28039049 27082682 25086698
r-404 17 0.220588 17 0.220588 8590 8875 6773
r-89 13 0.384615 13 0.384615 3522 10090 5295
r-927 27 0.14245 27 0.14245 2009385 1319196 456607
r-244 34 0.0588235 34 0.0588235 -1 -1 -1
r-419 28 0.518519 28 0.518519 7550023 6579216 8188381
r-263 39 0.364372 39 0.364372 1561214184 1696819170 1638839982
r-691 18 0.470588 18 0.470588 81088 77066 68615
r-974 35 0.393277 35 0.393277 420059960 423221428 338748540
r-472 31 0.425806 31 0.425806 73042134 84432803 67977697
r-224 25 0.28 25 0.28 353473 511211548 67430240
r-425 31 0.511828 31 0.511828 24318946 24035920 16193546
r-912 24 0.507246 24 0.507246 839095 826342 693884
r-948 35 0.514286 35 0.514286 78841829 85640643 72447471
r-855 39 0.0512821 39 0.0512821 -1 -1 -1
r-884 24 0.431159 24 0.431159 836451 478242 311203
r-5 27 0.262108 27 0.262108 2058751 -1 -1
r-701 15 0.342857 15 0.342857 4897 5184 4474
r-53 18 0.20915 18 0.20915 16051 19209 19336
r-943 32 0.387097 32 0.387097 25275537 11670430 3303788
r-39 34 0.114082 34 0.114082 -1 -1 -1
r-926 11 0.509091 11 0.509091 1259 1354 1113
r-893 40 0.328205 40 0.328205 -1 -1 39433253
r-502 14 0.362637 14 0.362637 63550 30272 2221
r-746 19 0.280702 19 0.280702 68756 66687 46889
r-586 17 0.514706 17 0.514706 34304 32193 31813
r-660 27 0.31339 27 0.31339 4564908 3481305 2211902
r-449 38 0.507824 38 0.507824 536097070 551101485 519103491
r-289 38 0.273115 38 0.273115 1049670069 1470649180 1214223480
r-982 22 0.367965 22 0.367965 78409 1126179 503595
r-716 29 0.512315 29 0.512315 22814836 16823954 14716425
r-579 39 0.510121 39 0.510121 652519556 600587876 607629151
r-430 11 0.436364 11 0.436364 1184 1040 924
r-157 22 0.367965 22 0.367965 54174294 38666199 199698
r-442 18 0.529412 18 0.529412 47266 51247 38687
r-985 16 0.4 16 0.4 14046 13968 13729
r-864 37 0.315315 37 0.315315 1088330622 1367599612 918528291
r-306 14 0.43956 14 0.43956 6059 4441 3451
r-448 25 0.48 25 0.48 3054649 3122351 2875855
r-196 16 0.458333 16 0.458333 29246 23396 13624
r-106 13 0.384615 13 0.384615 2895 3313 2583
r-698 29 0.46798 29 0.46798 3450442 2845430 2361263
r-970 16 0.525 16 0.525 20202 21243 15469
r-595 35 0.480672 35 0.480672 221939442 222893449 168361397
r-521 14 0.362637 14 0.362637 3855 39454 16195
r-358 28 0.507937 28 0.507937 6195900 5255499 4478765
r-590 35 0.480672 35 0.480672 50907731 62464142 49991517
r-705 26 0.470769 26 0.470769 4028452 3875027 3374541
r-719 37 0.198198 37 0.198198 -1 -1 -1
r-824 17 0.485294 17 0.485294 18903 22287 13220
r-679 16 0.458333 16 0.458333 12720 10547 10897
r-954 14 0.527473 14 0.527473 4862 5856 3065
r-371 16 0.325 16 0.325 32312 207287 101819
r-764 30 0.23908 30 0.23908 10544885 15233146 14132227
r-649 40 0.184615 40 0.184615 -1 -1 -1
r-260 26 0.369231 26 0.369231 4016282 4875705 4345184
r-917 21 0.0952381 21 0.0952381 -1 -1 1377282250
r-468 38 0.273115 38 0.273115 -1 -1 119644091
r-473 36 0.5 36 0.5 281371420 269056849 218825792
r-132 14 0.263736 14 0.263736 4116 4925 5321
r-118 29 0.37931 29 0.37931 19343089 17441048 12079258
r-771 15 0.419048 15 0.419048 3874 3058 2762
r-957 28 0.198413 28 0.198413 -1 -1 -1
r-667 26 0.516923 26 0.516923 3231062 3078839 2676194
r-389 39 0.188934 39 0.188934 -1 -1 -1
r-469 25 0.38 25 0.38 2371339 1134073 123187
r-494 21 0.466667 21 0.466667 61517 67203 62125
r-744 25 0.453333 25 0.453333 2133017 2090873 1937542
r-180 37 0.198198 37 0.198198 -1 -1 -1
r-671 22 0.506494 22 0.506494 383984 396384 310240
r-396 37 0.198198 37 0.198198 1419430020 1076283249 402102531
r-641 19 0.409357 19 0.409357 85964 86440 72906
r-97 40 0.0974359 40 0.0974359 42874491 130674605 125432349
r-350 16 0.4 16 0.4 9344 5628 4307
r-675 36 0.512698 36 0.512698 261436196 248571152 234146423
r-555 31 0.395699 31 0.395699 56178673 52491930 39195214
r-522 40 0.466667 40 0.466667 -1 -1 -1
r-972 16 0.325 16 0.325 4738 5682 4440
r-369 20 0.442105 20 0.442105 146114 148656 116351
r-931 16 0.525 16 0.525 11645 11311 10785
r-107 23 0.521739 23 0.521739 427344 565436 495895
r-575 20 0.521053 20 0.521053 199686 222241 244472
r-252 23 0.166008 23 0.166008 164101533 -1 -1
r-315 12 0.545455 12 0.545455 1038 1173 1335
r-378 23 0.442688 23 0.442688 239377 282370 240074
r-783 38 0.308677 38 0.308677 -1 -1 12726649
r-108 23 0.166008 23 0.166008 263680 216829 94838
r-785 39 0.364372 39 0.364372 1825754869 2278949125 2266018709
r-624 21 0.495238 21 0.495238 636234 613650 449893
r-805 28 0.494709 28 0.494709 10713764 9933912 7111620
r-85 15 0.533333 15 0.533333 8554 8140 7569
r-527 15 0.133333 15 0.133333 11663 1143709723 294617198
r-577 29 0.339901 29 0.339901 13138578 17316601 14256452
r-620 24 0.507246 24 0.507246 946431 1037619 1154089
r-947 37 0.153153 37 0.153153 666791686 581394485 226246551
r-2 22 0.311688 22 0.311688 66454 6235941535 226251338
r-186 23 0.237154 23 0.237154 781706 737059 518822
r-175 21 0.514286 21 0.514286 318227 312129 247258
r-40 30 0.45977 30 0.45977 5029930 5099907 3646137
r-702 14 0.538462 14 0.538462 3400 3454 3313
r-831 12 0.484848 12 0.484848 2193 2578 2369
r-506 34 0.114082 34 0.114082 26511680 32988415 17971184
r-417 38 0.443812 38 0.443812 127291067 93296239 63851186
r-380 20 0.521053 20 0.521053 111454 125522 124955
r-761 21 0.52381 21 0.52381 151453 151404 72890
r-981 33 0.306818 33 0.306818 6919043 -1 -1
r-153 32 0.175403 32 0.175403 -1 -1 -1
r-280 22 0.484848 22 0.484848 174018 231625 193287
r-445 22 0.311688 22 0.311688 54145134 39306538 222452
r-338 22 0.311688 22 0.311688 290294060 246870186 380233
r-709 34 0.336898 34 0.336898 29184399 -1 -1
r-292 28 0.47619 28 0.47619 2522192 2562800 1944908
r-303 36 0.488889 36 0.488889 59304399 65450508 45793094
r-462 33 0.515152 33 0.515152 91291532 91984365 88867473
r-788 20 0.394737 20 0.394737 91546 83052 56915
r-684 12 0.409091 12 0.409091 5380 2683 1598
r-569 22 0.311688 22 0.311688 85062 186089187 26625847
r-820 31 0.503226 31 0.503226 12938762 15086767 14210599
r-742 30 0.23908 30 0.23908 -1 -1 -1
r-219 31 0.511828 31 0.511828 50549522 50918649 44312081
r-497 13 0.282051 13 0.282051 101508 88365 122988
r-638 12 0.545455 12 0.545455 904 874 598
r-512 32 0.314516 32 0.314516 75057618 94637492 72279695
r-383 13 0.512821 13 0.512821 7045 7931 5335
r-995 18 0.529412 18 0.529412 47384 46467 43437
r-225 26 0.507692 26 0.507692 3616388 3753953 2881736
r-609 17 0.382353 17 0.382353 29538 34184 21012
r-793 40 0.480769 40 0.480769 2081145952 2068522782 1592322521
r-162 25 0.5 25 0.5 2053338 1877955 1010474
r-443 27 0.205128 27 0.205128 -1 -1 -1
r-265 36 0.385714 36 0.385714 710873697 636994684 434125930
r-179 12 0.484848 12 0.484848 1459 1151 1205
r-689 17 0.382353 17 0.382353 70527 27067 7155
r-302 37 0.24024 37 0.24024 -1 -1 -1
r-924 14 0.142857 14 0.142857 94707541 134059655 4853258
r-839 38 0.14936 38 0.14936 524906536 686247205 355555728
r-345 27 0.48433 27 0.48433 6743732 6470852 6420467
r-578 32 0.314516 32 0.314516 2604023 3590606979 226698952
r-628 14 0.362637 14 0.362637 3512 13159 21516
r-568 28 0.349206 28 0.349206 47421233 23202376 365369
r-695 24 0.507246 24 0.507246 1429771 1370079 1173896
r-272 13 0.538462 13 0.538462 3374 3034 2417
r-220 31 0.451613 31 0.451613 6155790 7010606 5022009
r-969 33 0.170455 33 0.170455 26623457 56874671 61093014
r-750 13 0.538462 13 0.538462 3157 3718 3515
r-406 17 0.485294 17 0.485294 19306 17091 13420
r-665 31 0.124731 31 0.124731 2376245 5085340 4792013
r-99 39 0.496626 39 0.496626 1224436585 1245532298 960823359
r-28 21 0.180952 21 0.180952 42053 46871 43424
r-977 38 0.193457 38 0.193457 -1 -1 -1
r-971 36 0.385714 36 0.385714 654533018 109801325 14196719
r-56 39 0.472335 39 0.472335 184538905 245482287 187628521
r-21 31 0.232258 31 0.232258 -1 -1 562237619
r-148 26 0.369231 26 0.369231 6369144 5861367 4367327
r-703 32 0.120968 32 0.120968 -1 -1 -1
r-218 17 0.529412 17 0.529412 21683 21938 24995
r-207 37 0.513514 37 0.513514 605451874 560624134 493637249
r-823 29 0.246305 29 0.246305 13952688 10692690 5393903
r-482 33 0.477273 33 0.477273 19727507 23712967 19245466
r-205 17 0.382353 17 0.382353 30445 36375 28852
r-33 19 0.45614 19 0.45614 32773 26368 19995
r-755 29 0.46798 29 0.46798 3018049 2187116 1443701
r-113 17 0.382353 17 0.382353 9327 14426 12054
r-988 12 0.484848 12 0.484848 938 1077 878
r-819 30 0.287356 30 0.287356 -1 -1 2798817618
r-32 32 0.465726 32 0.465726 17187689 15104990 10041690
r-484 17 0.382353 17 0.382353 48495 28164 5457
r-428 28 0.304233 28 0.304233 4565048 5983435 5883485
r-70 39 0.504723 39 0.504723 1043252211 998851293 890386268
r-929 10 0.533333 10 0.533333 455 395 461
r-507 17 0.220588 17 0.220588 595962018 534276819 2755526
r-833 35 0.504202 35 0.504202 96732749 120438644 103881487
r-295 25 0.153333 25 0.153333 2501479801 -1 -1
r-201 15 0.342857 15 0.342857 4177 29925 33511
r-248 25 0.22 25 0.22 75183 118329 129473
r-653 22 0.17316 22 0.17316 103452 74051 28294
r-123 22 0.484848 22 0.484848 919686 841780 542823
r-953 10 0.555556 10 0.555556 283 210 221
r-696 28 0.47619 28 0.47619 3618373 4024183 2818216
r-96 27 0.518519 27 0.518519 6456996 6531427 5931698
r-599 37 0.279279 37 0.279279 -1 -1 102514869
r-519 36 0.246032 36 0.246032 -1 -1 -1
r-88 31 0.516129 31 0.516129 24618402 23130641 17311227
r-751 25 0.22 25 0.22 1605254 1517460 915413
r-360 11 0.327273 11 0.327273 476 499 537
r-656 24 0.518116 24 0.518116 786021 700745 595439
r-524 10 0.555556 10 0.555556 322 306 383
r-991 35 0.504202 35 0.504202 328709394 302224471 256149573
r-908 16 0.125 16 0.125 5386403163 5386778815 1255622
r-326 15 0.419048 15 0.419048 4729 3367 2766
r-961 18 0.294118 18 0.294118 13876 14222 13459
r-842 15 0.514286 15 0.514286 12899 13049 11172
r-573 39 0.334683 39 0.334683 1593348460 1365292483 940351734
r-666 14 0.527473 14 0.527473 6509 5996 5472
r-767 33 0.511364 33 0.511364 78539413 80954779 67317458
r-394 21 0.514286 21 0.514286 175714 177611 107210
r-46 10 0.533333 10 0.533333 188 189 276
r-485 37 0.0540541 37 0.0540541 -1 -1 -1
r-725 19 0.409357 19 0.409357 18622 36766 18936
r-723 30 0.331034 30 0.331034 -1 -1 1348020
r-897 22 0.415584 22 0.415584 141847 106665 64575
r-989 28 0.518519 28 0.518519 3782970 3852097 3093722
r-990 12 0.166667 12 0.166667 2388393 2827932 61205
r-210 31 0.180645 31 0.180645 -1 -1 -1
r-188 34 0.165775 34 0.165775 -1 -1 -1
r-415 35 0.443697 35 0.443697 489320314 498654802 413805840
r-782 25 0.48 25 0.48 4107949 3813445 3280422
r-195 25 0.453333 25 0.453333 1378734 1533245 1259300
r-214 24 0.391304 24 0.391304 2539991 3163053 2689297
r-299 34 0.258467 34 0.258467 119476620 -1 -1
r-745 13 0.538462 13 0.538462 1464 1686 1685
r-285 13 0.461538 13 0.461538 4204 3413 3012
r-867 26 0.323077 26 0.323077 789284 367339080 61550291
r-591 12 0.484848 12 0.484848 1049 1004 939
r-15 30 0.370115 30 0.370115 2214276 14810569 3805026
r-465 10 0.533333 10 0.533333 107 93 112
r-625 16 0.325 16 0.325 3549 105754 61607
r-613 39 0.099865 39 0.099865 -1 -1 -1
r-803 26 0.470769 26 0.470769 3928815 3975172 3279597
r-176 36 0.246032 36 0.246032 -1 -1 1510317276
r-580 12 0.409091 12 0.409091 1988 1837 1630
r-537 16 0.125 16 0.125 100870 3066818079 554174930
r-597 31 0.473118 31 0.473118 80334529 86860512 69543492
r-552 37 0.510511 37 0.510511 251048198 288750748 270868272
r-551 18 0.366013 18 0.366013 599860 353184 36222
r-381 37 0.378378 37 0.378378 1520974226 1328340021 1006990771
r-95 12 0.30303 12 0.30303 422 362 314
r-359 40 0.492308 40 0.492308 430136941 404351507 260620514
r-304 31 0.490323 31 0.490323 50388490 51266006 35176706
r-598 16 0.458333 16 0.458333 37735 35170 29524
r-81 23 0.498024 23 0.498024 404135 467487 344814
r-668 21 0.32381 21 0.32381 96810 90303 68557
r-476 34 0.45098 34 0.45098 245022468 263944702 229420756
r-348 36 0.436508 36 0.436508 40667857 54399580 33471092
r-741 26 0.507692 26 0.507692 1755293 1777899 1378627
r-505 32 0.465726 32 0.465726 10976945 11848264 11334977
r-942 16 0.5 16 0.5 13948 13076 12765
r-998 25 0.38 25 0.38 3268805 3630519 2848513
r-778 32 0.483871 32 0.483871 91937768 96358034 80637576
r-279 24 0.289855 24 0.289855 386338981 267262469 128735
r-405 33 0.515152 33 0.515152 85449712 105221299 104006227
r-105 33 0.344697 33 0.344697 208442557 187276459 128055540
r-167 32 0.387097 32 0.387097 109165389 125742869 99687005
r-18 18 0.294118 18 0.294118 29156 35532 21505
r-830 21 0.32381 21 0.32381 11057209 6396213 20131
r-142 12 0.166667 12 0.166667 2054 1079698 274901
r-401 11 0.509091 11 0.509091 1630 1557 1000
r-928 24 0.48913 24 0.48913 2292041 2031572 1388714
r-674 37 0.348348 37 0.348348 915723425 836989317 579395681
r-721 13 0.153846 13 0.153846 2961 10427939 3778057
r-278 36 0.203175 36 0.203175 -1 -1 -1
r-513 32 0.387097 32 0.387097 84338336 30503874 4464779
r-413 37 0.405405 37 0.405405 847548291 640353123 455762051
r-528 17 0.382353 17 0.382353 10509 45330 20571
r-802 30 0.287356 30 0.287356 34494608 41489594 32825168
r-904 21 0.257143 21 0.257143 33233 36987 22963
r-236 21 0.428571 21 0.428571 53456 63801 36736
r-385 33 0.492424 33 0.492424 32356200 31663459 22248149
r-10 17 0.441176 17 0.441176 21617 18756 14297
r-652 28 0.47619 28 0.47619 18403549 18184429 14040495
r-41 37 0.348348 37 0.348348 -1 -1 25632741
r-91 39 0.22942 39 0.22942 -1 -1 -1
r-903 40 0.0974359 40 0.0974359 1935557248 2567655506 422475920
r-558 33 0.511364 33 0.511364 58538804 56038798 49912286
r-11 15 0.514286 15 0.514286 7516 7056 5578
r-905 22 0.415584 22 0.415584 352001 326290 266780
r-87 33 0.503788 33 0.503788 117613103 104366717 91213993
r-726 37 0.24024 37 0.24024 968449146 961128902 725899008
r-334 29 0.37931 29 0.37931 26451484 24524975 30121859
r-17 23 0.513834 23 0.513834 584679 685367 651363
r-410 38 0.14936 38 0.14936 61912469 202217975 216171010
r-444 32 0.314516 32 0.314516 79918054 82540720 64707096
r-227 29 0.192118 29 0.192118 -1 -1 -1
r-711 23 0.166008 23 0.166008 -1 -1 3458822415
r-151 16 0.325 16 0.325 4651 4137 2961
r-508 28 0.515873 28 0.515873 6421321 6758128 4778771
r-79 36 0.157143 36 0.157143 173733201 454982778 534418071
r-255 19 0.350877 19 0.350877 24591 328302 128833
r-400 23 0.442688 23 0.442688 279507 309991 236528
r-237 29 0.246305 29 0.246305 -1 -1 63516578
r-806 38 0.512091 38 0.512091 229165038 228480421 196730008
r-228 38 0.443812 38 0.443812 1380241268 1389729679 1106743854
r-100 15 0.533333 15 0.533333 12034 10888 10282
r-193 38 0.14936 38 0.14936 -1 -1 -1
r-463 31 0.232258 31 0.232258 20090182 25123606 17918776
r-986 28 0.349206 28 0.349206 13634644 14467501 10806114
r-145 17 0.529412 17 0.529412 36913 37512 28283
r-564 30 0.434483 30 0.434483 2568878 2822852 1822091
r-486 28 0.253968 28 0.253968 -1 -1 -1
r-409 40 0.45 40 0.45 -1 -1 2187085796
r-678 13 0.282051 13 0.282051 2013 1851 1389
r-870 16 0.4 16 0.4 11662 11302 9675
r-349 15 0.342857 15 0.342857 18617 81418 37627
r-446 12 0.166667 12 0.166667 4054662 3901340 629448
r-531 12 0.409091 12 0.409091 1989 2616 1804
r-392 23 0.166008 23 0.166008 -1 -1 5438329
r-310 24 0.48913 24 0.48913 857398 857468 607059
r-561 37 0.45045 37 0.45045 1076996939 872327919 668887726
r-944 20 0.478947 20 0.478947 91641 76251 68613
r-461 19 0.45614 19 0.45614 71946 60335 51703
r-690 35 0.463866 35 0.463866 51269270 44696778 26939382
r-170 30 0.370115 30 0.370115 48063842 47542614 34703935
r-431 13 0.512821 13 0.512821 4049 3639 2588
r-62 11 0.436364 11 0.436364 302 312 298
r-133 35 0.510924 35 0.510924 138030118 127707314 109201553
r-450 22 0.367965 22 0.367965 745381 852821 662807
r-810 21 0.428571 21 0.428571 87412 65292 40476
r-76 32 0.465726 32 0.465726 26599332 23813419 15370588
r-65 24 0.391304 24 0.391304 142820 258500 148828
r-728 27 0.512821 27 0.512821 4878163 4151662 3247184
r-809 33 0.378788 33 0.378788 153965326 174234434 154785126
r-496 12 0.166667 12 0.166667 3379562 3156174 27259
r-752 38 0.341394 38 0.341394 -1 -1 19329813
r-391 38 0.490754 38 0.490754 184584061 205607194 150642604
r-634 20 0.505263 20 0.505263 155361 140976 136537
r-530 40 0.430769 40 0.430769 -1 -1 -1
r-316 31 0.490323 31 0.490323 63119224 64191301 56550781
r-500 36 0.157143 36 0.157143 254532470 449312393 255462568
r-643 29 0.339901 29 0.339901 1219331 395653564 86276883
r-758 24 0.48913 24 0.48913 2092623 2158769 1953458
r-592 27 0.512821 27 0.512821 6431428 6594252 5510983
r-554 10 0.466667 10 0.466667 402 411 285
r-733 22 0.17316 22 0.17316 47194 41917 27513
r-34 25 0.28 25 0.28 3248268 3240662 2339467
r-825 28 0.452381 28 0.452381 1611016 1573956 992484
r-808 36 0.514286 36 0.514286 235256711 223074489 235541825
r-47 23 0.442688 23 0.442688 107922 98398 85921
r-332 13 0.538462 13 0.538462 2950 2566 2264
r-158 34 0.486631 34 0.486631 50276381 47843335 35243357
r-55 11 0.181818 11 0.181818 345181 364344 502
r-765 39 0.099865 39 0.099865 -1 -1 -1
r-633 29 0.37931 29 0.37931 40739290 19311618 1819291
r-439 19 0.350877 19 0.350877 64153 58377 49836
r-964 11 0.181818 11 0.181818 451 20435 65131
r-42 27 0.518519 27 0.518519 5489484 5056484 4670388
r-762 23 0.166008 23 0.166008 214075 246630 119387
r-429 16 0.4 16 0.4 7183 5663 3225
r-268 14 0.494505 14 0.494505 3591 2813 3235
r-920 27 0.31339 27 0.31339 12907945 13649722 10703799
r-398 20 0.268421 20 0.268421 1566079 205715529 24510269
r-479 15 0.533333 15 0.533333 11510 10189 9774
r-661 28 0.137566 28 0.137566 -1 -1 -1
r-111 27 0.39886 27 0.39886 8217494 8898483 5754378
r-955 22 0.415584 22 0.415584 198779 435801 172200
r-892 34 0.499109 34 0.499109 63219978 71216759 46878920
r-673 10 0.2 10 0.2 506 21090 7981
r-549 10 0.466667 10 0.466667 133 102 107
r-23 36 0.157143 36 0.157143 -1 -1 -1
r-951 36 0.285714 36 0.285714 355941332 386237643 281951824
r-605 33 0.170455 33 0.170455 124550980 113377981 41166035
r-308 14 0.263736 14 0.263736 2702434 3027097 34150
r-623 11 0.436364 11 0.436364 931 1249 736
r-246 30 0.496552 30 0.496552 23856168 22219209 16171268
r-968 20 0.478947 20 0.478947 130128 123336 87622
r-372 27 0.433048 27 0.433048 1016503 1120112 882971
r-335 13 0.512821 13 0.512821 5247 4949 4989
r-560 17 0.514706 17 0.514706 30727 26724 18018
r-566 14 0.362637 14 0.362637 3864 3961 3993
r-69 33 0.458333 33 0.458333 151235470 150914131 125214597
r-807 38 0.490754 38 0.490754 301914841 275058727 162860998
r-25 26 0.369231 26 0.369231 4078874 3545971 2540831
r-533 27 0.518519 27 0.518519 3696479 3663904 3465867
r-43 21 0.32381 21 0.32381 190238781 130397535 1697031
r-631 12 0.30303 12 0.30303 520 29244 28714
r-713 18 0.503268 18 0.503268 39125 45833 29247
r-724 20 0.478947 20 0.478947 99392 108319 81859
r-50 21 0.180952 21 0.180952 307341 216845 115305
r-938 40 0.480769 40 0.480769 -1 -1 1955833948
r-239 14 0.527473 14 0.527473 4909 5287 4226
r-26 14 0.43956 14 0.43956 12537 7870 4091
r-738 24 0.48913 24 0.48913 2573750 2569881 1525235
r-681 35 0.161345 35 0.161345 192442861 140760492 60015080
r-775 34 0.258467 34 0.258467 148730627 207103851 139378081
r-190 16 0.533333 16 0.533333 21923 23869 19123
r-266 37 0.24024 37 0.24024 919547913 850817545 525677798
r-144 17 0.382353 17 0.382353 16295 17180 14591
r-730 39 0.302294 39 0.302294 852107717 1251425281 1021643066
r-317 19 0.491228 19 0.491228 52266 46130 33106
r-712 15 0.533333 15 0.533333 8142 8067 7634
r-453 28 0.253968 28 0.253968 -1 -1 2487403675
r-377 10 0.466667 10 0.466667 101 106 101
r-518 39 0.22942 39 0.22942 -1 -1 -1
r-297 34 0.427807 34 0.427807 287907526 300582476 240307770
r-786 33 0.492424 33 0.492424 96337518 95334888 83854000
r-770 27 0.39886 27 0.39886 3054038 1000252 369447
r-128 38 0.102418 38 0.102418 45402783 119946642 110368688
r-576 26 0.270769 26 0.270769 -1 -1 -1
r-80 22 0.17316 22 0.17316 -1 -1 -1
r-259 26 0.470769 26 0.470769 1738008 1638612 1125534
r-152 40 0.45 40 0.45 -1 -1 -1
r-327 16 0.125 16 0.125 488942563 -1 1497717315
r-14 19 0.45614 19 0.45614 76250 62550 43785
r-804 21 0.52381 21 0.52381 117979 112313 100218
r-542 19 0.51462 19 0.51462 53724 54714 47491
r-475 10 0.555556 10 0.555556 322 324 441
r-697 13 0.384615 13 0.384615 1568 6646 2419
r-894 36 0.507937 36 0.507937 187183218 173049798 160126960
r-541 31 0.27957 31 0.27957 66604096 66495831 41298224
r-481 23 0.355731 23 0.355731 3092099 1652126 90360
r-715 14 0.527473 14 0.527473 5988 5980 5228
r-813 36 0.474603 36 0.474603 47280093 58250610 47027658
r-567 27 0.48433 27 0.48433 2124428 2031853 1548898
r-73 38 0.14936 38 0.14936 1857380962 2331839291 1159899553
r-269 23 0.474308 23 0.474308 662724 642207 608555
r-223 27 0.512821 27 0.512821 3063768 3287728 2714493
r-234 21 0.495238 21 0.495238 236163 206873 179288
r-441 23 0.474308 23 0.474308 444478 379903 313863
r-845 20 0.478947 20 0.478947 108584 122201 71767
r-312 36 0.474603 36 0.474603 432577639 435899994 336606235
r-617 25 0.08 25 0.08 -1 -1 -1
r-907 22 0.311688 22 0.311688 26640802 13726001 20483
r-174 37 0.504505 37 0.504505 199495623 182707172 183795169
r-874 14 0.362637 14 0.362637 2903 88089 20654
r-826 10 0.533333 10 0.533333 363 399 388
r-20 36 0.412698 36 0.412698 35275521 18062224 11173463
r-517 36 0.355556 36 0.355556 816597909 266669424 6909372
r-200 33 0.511364 33 0.511364 175223559 164417351 145580803
r-467 11 0.545455 11 0.545455 3379 3579 3006
r-794 11 0.545455 11 0.545455 185 185 283
r-603 10 0.2 10 0.2 395 21194 25103
r-680 19 0.280702 19 0.280702 26357 27133 19354
r-645 35 0.443697 35 0.443697 451837589 417301223 349310013
r-52 40 0.296154 40 0.296154 119037180 -1 -1
r-321 30 0.434483 30 0.434483 4091036 2892896 2080338
r-635 40 0.480769 40 0.480769 1738429929 1753358612 1390435791
r-352 15 0.419048 15 0.419048 5544 4753 3169
r-659 39 0.504723 39 0.504723 404578412 477474299 402164395
r-319 29 0.0689655 29 0.0689655 -1 -1 -1
r-686 15 0.514286 15 0.514286 13678 11637 12209
r-191 25 0.5 25 0.5 1810091 1692267 1269612
r-74 28 0.452381 28 0.452381 1982312 1907222 1660174
r-379 21 0.0952381 21 0.0952381 -1 -1 1037434
r-489 23 0.237154 23 0.237154 -1 -1 84258852
r-337 36 0.203175 36 0.203175 375808095 558387208 366014363
r-818 10 0.355556 10 0.355556 382 2160 538
r-150 37 0.429429 37 0.429429 61475204 40660884 30361632
r-181 21 0.495238 21 0.495238 200970 181031 122730
r-331 28 0.0714286 28 0.0714286 -1 -1 -1
r-101 14 0.263736 14 0.263736 265685 2268805 826021
r-7 14 0.527473 14 0.527473 5918 5688 4706
r-945 15 0.47619 15 0.47619 11126 11177 7116
r-286 21 0.180952 21 0.180952 -1 -1 53090801
r-418 30 0.434483 30 0.434483 34839839 35695456 31497033
r-221 22 0.311688 22 0.311688 310973 370360 385881
r-300 38 0.512091 38 0.512091 787856096 730330628 597681858
r-6 20 0.336842 20 0.336842 80878 82683 73529
r-90 28 0.253968 28 0.253968 -1 -1 187984349
r-140 22 0.454545 22 0.454545 433445 430971 276775
r-314 24 0.289855 24 0.289855 1215878323 889343931 685400
r-960 33 0.170455 33 0.170455 21857248 35298068 20381768
r-451 21 0.466667 21 0.466667 105759 102744 60224
r-748 33 0.409091 33 0.409091 12769693 26079266 14772214
r-784 14 0.43956 14 0.43956 3023 3462 1957
r-301 27 0.501425 27 0.501425 3838025 4226951 3162025
r-323 28 0.137566 28 0.137566 -1 -1 -1
r-203 29 0.37931 29 0.37931 27828983 12352681 736646
r-75 11 0.509091 11 0.509091 413 418 544
r-368 24 0.0833333 24 0.0833333 -1 -1 -1
r-601 25 0.513333 25 0.513333 3272541 3327902 3141242
r-814 29 0.44335 29 0.44335 27773888 29558540 23755387
r-734 30 0.404598 30 0.404598 3219855 1803728 1038080
r-382 10 0.2 10 0.2 55246 49238 1154
r-194 23 0.521739 23 0.521739 1143343 932188 810324
r-584 32 0.120968 32 0.120968 -1 -1 -1
r-498 40 0.507692 40 0.507692 1822854157 1686089651 1423997939
r-672 26 0.443077 26 0.443077 1159470 971096 662507
r-629 38 0.273115 38 0.273115 184230843 -1 -1
r-78 34 0.40107 34 0.40107 7683192 15486846 8246245
r-735 15 0.419048 15 0.419048 17451 10581 6852
r-168 37 0.510511 37 0.510511 412464791 390053331 328009416
r-114 38 0.398293 38 0.398293 1857446853 2096688843 1847439609
r-222 34 0.299465 34 0.299465 -1 -1 1847456
r-857 21 0.257143 21 0.257143 127354 94697 61443
r-932 25 0.5 25 0.5 3487557 3314693 2450269
r-832 32 0.175403 32 0.175403 -1 -1 -1
r-232 15 0.342857 15 0.342857 4699 224446 112387
r-131 29 0.44335 29 0.44335 4499146 5533590 3930011
r-602 36 0.507937 36 0.507937 508643608 474639333 417165761
r-887 18 0.294118 18 0.294118 10824 1449705 572052
r-934 11 0.545455 11 0.545455 338 355 289
r-466 38 0.14936 38 0.14936 -1 -1 -1
r-13 30 0.331034 30 0.331034 1244589436 332108535 867045
r-137 26 0.507692 26 0.507692 4410534 4023057 3635108
r-471 20 0.336842 20 0.336842 44996 32914 26667
r-557 34 0.427807 34 0.427807 307490745 348764296 314435069
r-49 26 0.0769231 26 0.0769231 -1 -1 -1
r-529 34 0.213904 34 0.213904 308788172 223444494 114291803
r-241 34 0.299465 34 0.299465 -1 -1 1469083
r-412 31 0.0645161 31 0.0645161 -1 -1 -1
r-294 35 0.208403 35 0.208403 -1 -1 -1
r-546 24 0.344203 24 0.344203 92104 428419 288039
r-277 37 0.45045 37 0.45045 96975919 77289203 54947707
r-67 14 0.538462 14 0.538462 3615 3684 3063
r-879 30 0.404598 30 0.404598 37495369 36223141 26683434
r-129 36 0.385714 36 0.385714 905657805 876372598 657573641
r-480 39 0.510121 39 0.510121 1381734173 1255260172 1085274263
r-282 11 0.436364 11 0.436364 1059 915 924
r-606 22 0.17316 22 0.17316 132808 176334 121527
r-154 35 0.292437 35 0.292437 441880933 431342300 271259521
r-550 33 0.378788 33 0.378788 89456928 104629997 110813557
r-655 29 0.37931 29 0.37931 10834576 12838386 11847250
r-650 17 0.220588 17 0.220588 691940 1078519091 126994152
r-209 22 0.17316 22 0.17316 130535 205866 165492
r-644 30 0.48046 30 0.48046 8669454 9598863 7455612
r-235 29 0.487685 29 0.487685 7341930 6480036 4299082
r-12 30 0.370115 30 0.370115 42847728 23004544 1502964
r-910 40 0.492308 40 0.492308 452519738 398801460 253317903
r-535 39 0.437247 39 0.437247 295614105 206670102 129723821
r-238 11 0.327273 11 0.327273 1041 30460 8752
r-718 28 0.253968 28 0.253968 2651951 3381700 3647213
r-797 37 0.513514 37 0.513514 199040146 235094206 210527091
r-685 20 0.189474 20 0.189474 -1 -1 -1
r-35 19 0.526316 19 0.526316 96853 98724 47311
r-615 13 0.384615 13 0.384615 33663 33998 1505
r-900 34 0.45098 34 0.45098 27153835 37943475 27024402
r-342 18 0.20915 18 0.20915 3296304468 2973985045 192323
r-619 15 0.247619 15 0.247619 22913 964381 586844
r-737 21 0.0952381 21 0.0952381 -1 -1 649109
r-792 17 0.382353 17 0.382353 36874 20587 6708
r-822 22 0.454545 22 0.454545 308708 263793 183115
r-247 33 0.492424 33 0.492424 114019688 115288791 82441042
r-253 34 0.299465 34 0.299465 130766408 175713388 142127715
r-31 13 0.512821 13 0.512821 4712 4528 2557
r-618 12 0.409091 12 0.409091 3507 2487 1201
r-48 15 0.533333 15 0.533333 11391 11553 8282
r-72 25 0.513333 25 0.513333 1506754 1868019 1166129
r-868 23 0.0869565 23 0.0869565 -1 -1 450184304
r-437 23 0.521739 23 0.521739 1002804 1058804 913500
r-92 19 0.45614 19 0.45614 59152 55769 43807
r-883 33 0.511364 33 0.511364 112261774 117929696 103438612
r-523 28 0.47619 28 0.47619 13699163 13896725 10527238
r-776 12 0.30303 12 0.30303 5388 34661 15171
r-607 29 0.295567 29 0.295567 14133455 -1 -1
r-919 31 0.503226 31 0.503226 27223037 28512945 27928301
r-399 34 0.370766 34 0.370766 203135644 233251426 149726225
r-495 24 0.344203 24 0.344203 1011122 1185821 1126323
r-777 21 0.0952381 21 0.0952381 -1 -1 -1
r-376 18 0.366013 18 0.366013 59145 58743 49240
r-979 39 0.099865 39 0.099865 62089373 108385655 25562190
r-340 13 0.282051 13 0.282051 5602 453972 146023
r-160 24 0.507246 24 0.507246 1835665 1757826 1521607
r-539 25 0.48 25 0.48 2745654 3059576 2853593
r-293 35 0.292437 35 0.292437 911860167 -1 -1
r-421 11 0.545455 11 0.545455 833 792 859
r-997 25 0.28 25 0.28 3327738 4213925 3608568
r-636 26 0.52 26 0.52 2709556 2892611 2426301
r-298 29 0.44335 29 0.44335 2279840 3202944 2498073
r-732 37 0.279279 37 0.279279 939657721 750965738 439623816
r-544 38 0.500711 38 0.500711 1257424555 1294353864 1058470526
r-515 25 0.52 25 0.52 2082316 1978877 1685503
r-611 29 0.44335 29 0.44335 4451961 3140480 1898918
r-182 27 0.518519 27 0.518519 3963249 4053997 3573072
r-407 31 0.36129 31 0.36129 521509060 250192887 1679731
r-251 31 0.180645 31 0.180645 -1 -1 -1
r-116 16 0.4 16 0.4 8338 7272 6507
r-939 19 0.350877 19 0.350877 462396 245935 15316
r-354 26 0.492308 26 0.492308 1371013 1498420 1165223
r-571 12 0.409091 12 0.409091 853 1768 1251
r-156 39 0.510121 39 0.510121 979262640 939456271 838976066
r-288 32 0.314516 32 0.314516 88359236 108092162 67502939
r-438 16 0.325 16 0.325 9226 10330 7356
r-878 20 0.268421 20 0.268421 163060 136037908 37109354
r-757 31 0.36129 31 0.36129 129207161 116001957 80407068
r-166 22 0.484848 22 0.484848 174210 239891 169171
r-509 13 0.538462 13 0.538462 3936 4065 4690
r-147 24 0.507246 24 0.507246 1114394 1068983 912522
r-789 38 0.341394 38 0.341394 986233750 1328425745 1118779961
r-143 23 0.355731 23 0.355731 777007 868984 565547
r-30 31 0.516129 31 0.516129 22231324 24608256 19458540
r-562 12 0.530303 12 0.530303 1584 1522 1067
r-177 19 0.409357 19 0.409357 58402 101129 70846
r-978 27 0.205128 27 0.205128 -1 -1 462309266
r-258 38 0.513514 38 0.513514 381782924 357947155 464680188
r-329 40 0.296154 40 0.296154 2047715492 2313647000 1421883161
r-873 29 0.37931 29 0.37931 21666649 24128444 20878030
r-980 37 0.315315 37 0.315315 857953601 1124884994 1387651202
r-772 38 0.512091 38 0.512091 616607768 625389726 490259944
r-435 10 0.2 10 0.2 510 62634 34212
r-963 13 0.461538 13 0.461538 2233 2380 1311
r-843 31 0.36129 31 0.36129 72983698 63435563 40578103
r-386 26 0.516923 26 0.516923 2673462 2994225 2225129
r-355 11 0.545455 11 0.545455 123 126 91
r-729 11 0.545455 11 0.545455 450 449 306
r-987 25 0.153333 25 0.153333 112507 193399 178690
r-616 35 0.393277 35 0.393277 369459482 329924665 251014463
r-60 21 0.514286 21 0.514286 350282 314444 265072
r-187 18 0.529412 18 0.529412 75482 65431 52945
r-4 19 0.350877 19 0.350877 27735 456590 188160
r-925 37 0.315315 37 0.315315 -1 -1 32871485
r-420 13 0.538462 13 0.538462 628 731 877
r-727 31 0.473118 31 0.473118 68243864 62942882 52059766
r-844 20 0.336842 20 0.336842 47917 711193 541389
r-630 13 0.538462 13 0.538462 1367 1595 2065
r-333 38 0.422475 38 0.422475 1097734580 1242085072 1071118185
r-966 14 0.263736 14 0.263736 5863 474311 283865
r-875 27 0.501425 27 0.501425 5888967 5842909 5303716
r-44 19 0.280702 19 0.280702 36498 40051 38865
r-94 21 0.514286 21 0.514286 337751 313498 267074
r-483 29 0.37931 29 0.37931 19146961 6658018 735642
r-536 38 0.193457 38 0.193457 601064829 791923458 452088262
r-344 39 0.267206 39 0.267206 -1 -1 -1
r-664 13 0.153846 13 0.153846 16265001 14185484 1250
r-322 21 0.514286 21 0.514286 202782 285467 251448
r-36 13 0.282051 13 0.282051 886060 876164 462554
r-124 21 0.180952 21 0.180952 102029 117136 72877
r-811 38 0.443812 38 0.443812 55554027 65921226 55695299
r-965 28 0.388889 28 0.388889 416866 1050637 543049
r-264 18 0.424837 18 0.424837 25815 22257 16891
r-862 13 0.538462 13 0.538462 1859 1563 1916
r-388 12 0.530303 12 0.530303 1082 950 789
r-365 34 0.515152 34 0.515152 93604153 80219951 67192730
r-781 35 0.480672 35 0.480672 525807426 512643349 394868228
r-886 12 0.530303 12 0.530303 847 699 607
r-720 21 0.32381 21 0.32381 5667474 2258716 35879
r-208 24 0.15942 24 0.15942 498514 500310 244006
r-992 22 0.484848 22 0.484848 985146 997429 872252
r-104 15 0.419048 15 0.419048 13600 8672 6940
r-861 23 0.442688 23 0.442688 302852 363315 264885
r-921 31 0.451613 31 0.451613 46811129 48933998 38600435
r-563 38 0.513514 38 0.513514 584102164 634290120 437422016
r-532 36 0.355556 36 0.355556 -1 -1 27395371
r-677 33 0.170455 33 0.170455 15182957 39533290 29125965
r-848 37 0.198198 37 0.198198 1067470451 663840258 224666320
r-993 10 0.533333 10 0.533333 471 418 436
r-914 40 0.408974 40 0.408974 -1 -1 -1
r-543 37 0.198198 37 0.198198 586133482 728871397 407784584
r-790 24 0.48913 24 0.48913 1083794 821418 492167
r-216 35 0.393277 35 0.393277 347185979 416898731 405383635
r-768 38 0.512091 38 0.512091 569010692 545340550 522733606
r-66 39 0.472335 39 0.472335 1980836697 1938354003 1649385644
r-464 37 0.105105 37 0.105105 51331662 195858107 102330671
r-899 33 0.511364 33 0.511364 57232934 63591600 74943573
r-1000 28 0.253968 28 0.253968 -1 -1 2184829
r-610 36 0.0555556 36 0.0555556 -1 -1 -1
r-249 18 0.470588 18 0.470588 55759 55998 38957
r-511 23 0.0869565 23 0.0869565 -1 -1 -1
r-256 33 0.117424 33 0.117424 16419833 18875743 7194570
r-510 27 0.0740741 27 0.0740741 -1 -1 -1
r-637 19 0.280702 19 0.280702 34708197 28645653 41903
r-604 40 0.296154 40 0.296154 43072837 -1 -1
r-330 34 0.370766 34 0.370766 4129858 35228283 17221660
r-994 13 0.461538 13 0.461538 1496 1356 1384
r-452 10 0.466667 10 0.466667 492 426 400
r-296 34 0.470588 34 0.470588 40202903 52697523 31817301
r-962 36 0.157143 36 0.157143 -1 -1 -1
r-626 40 0.430769 40 0.430769 -1 -1 -1
r-189 22 0.454545 22 0.454545 444451 339029 183683
r-204 26 0.492308 26 0.492308 4106339 4471873 3752156
r-122 13 0.282051 13 0.282051 2361 2681 1156
r-77 14 0.43956 14 0.43956 4448 4010 2759
r-975 26 0.270769 26 0.270769 2813744 2243763 1361687
r-390 23 0.498024 23 0.498024 650355 627601 639431
r-731 22 0.367965 22 0.367965 356756 164324 29272
r-654 30 0.434483 30 0.434483 4668194 5248139 3676898
r-640 32 0.272177 32 0.272177 44059913 -1 -1
r-520 33 0.477273 33 0.477273 25344540 29794387 21694414
r-538 26 0.212308 26 0.212308 -1 -1 -1
r-847 25 0.52 25 0.52 1736332 2045536 1769337
r-888 10 0.355556 10 0.355556 653 2537 996
r-941 34 0.40107 34 0.40107 5650187 9621386 5736451
r-949 39 0.472335 39 0.472335 151824722 203187545 156880045
r-328 20 0.394737 20 0.394737 73631 66599 67313
r-688 14 0.527473 14 0.527473 5639 5876 4856
r-753 30 0.0666667 30 0.0666667 -1 -1 -1
r-149 24 0.48913 24 0.48913 1372821 1242491 991828
r-940 17 0.514706 17 0.514706 52296 57247 33280
r-433 38 0.14936 38 0.14936 190093847 374871443 363540115
r-126 11 0.545455 11 0.545455 1247 1315 939
r-714 11 0.327273 11 0.327273 1225 9884 5760
r-436 14 0.527473 14 0.527473 4847 4157 4121
r-798 13 0.512821 13 0.512821 3455 3405 2940
r-865 17 0.514706 17 0.514706 37764 33041 15636
r-853 35 0.292437 35 0.292437 177806448 242578412 153588464
r-916 25 0.453333 25 0.453333 2293734 2491770 1912446
r-136 28 0.349206 28 0.349206 100371652 65118859 559569
r-973 33 0.492424 33 0.492424 119280626 117071957 99894862
r-374 35 0.494118 35 0.494118 320981881 315781493 213292644
r-230 13 0.538462 13 0.538462 853 938 621
r-276 38 0.490754 38 0.490754 197245925 264255065 187104902
r-700 38 0.398293 38 0.398293 1279161742 1008004863 778155981
r-871 29 0.512315 29 0.512315 16663916 17206660 14322055
r-796 23 0.300395 23 0.300395 1323803 1521252513 60966613
r-553 12 0.530303 12 0.530303 1566 1564 1676
r-967 15 0.533333 15 0.533333 7720 7947 8245
r-226 11 0.545455 11 0.545455 352 270 454
r-491 34 0.486631 34 0.486631 214680133 222182654 190837046
r-646 19 0.45614 19 0.45614 64864 64845 37530
r-812 27 0.262108 27 0.262108 215482639 -1 -1
r-384 32 0.514113 32 0.514113 34509753 40852901 43043167
r-754 28 0.349206 28 0.349206 688475 17195502 7748081
r-504 20 0.1 20 0.1 -1 -1 4217501053
r-172 29 0.246305 29 0.246305 1749176 -1 -1
r-155 10 0.466667 10 0.466667 479 335 336
r-545 34 0.299465 34 0.299465 69223104 98399409 95303433
r-608 10 0.533333 10 0.533333 862 833 739
r-121 33 0.503788 33 0.503788 168594448 166016929 125875986
r-662 33 0.515152 33 0.515152 83538620 77507012 64546342
r-869 31 0.503226 31 0.503226 26956034 28597821 22023538
r-24 25 0.5 25 0.5 924618 813785 637864
r-895 29 0.0689655 29 0.0689655 -1 -1 -1
r-891 16 0.5 16 0.5 6595 6750 4657
r-639 16 0.325 16 0.325 1217631 360662 3209
r-192 19 0.19883 19 0.19883 -1 -1 24885044
r-911 34 0.370766 34 0.370766 2390338 38711661 10167737
r-795 18 0.522876 18 0.522876 18361 21546 21582
r-840 26 0.470769 26 0.470769 5342959 4962851 3807501
r-243 35 0.329412 35 0.329412 322783421 417574540 435603746
r-135 39 0.472335 39 0.472335 -1 2280547007 1719329224
r-493 40 0.184615 40 0.184615 -1 -1 -1
r-357 39 0.334683 39 0.334683 -1 -1 60705528
r-740 14 0.263736 14 0.263736 4070593 4429897 21500
r-769 24 0.391304 24 0.391304 249027 483402 313216
r-82 10 0.466667 10 0.466667 394 380 339
r-836 14 0.142857 14 0.142857 188039 59886801 13251327
r-885 23 0.300395 23 0.300395 630212 873926 784583
r-45 14 0.362637 14 0.362637 9067 242640 89686
r-756 18 0.503268 18 0.503268 67708 65907 44864
r-565 32 0.443548 32 0.443548 104733400 96876988 83186394
r-828 27 0.512821 27 0.512821 5592909 4932087 5180320
r-946 30 0.496552 30 0.496552 35926669 34331805 25990470
r-779 29 0.512315 29 0.512315 10723671 11478446 10317267
r-370 16 0.5 16 0.5 19603 16184 18408
r-402 38 0.462304 38 0.462304 951447734 916826076 759531343
r-909 35 0.292437 35 0.292437 231978504 234381868 143193691
r-693 27 0.39886 27 0.39886 5165472 2571029 766727
r-856 20 0.336842 20 0.336842 148087 153750 111429
r-937 21 0.52381 21 0.52381 283660 286695 206350
r-854 30 0.404598 30 0.404598 2682793 19134156 4567431
r-559 32 0.465726 32 0.465726 15182328 17239053 11400590
r-287 26 0.507692 26 0.507692 6853033 6322912 5744647
r-115 40 0.45 40 0.45 179594018 225636522 174093119
r-3 16 0.525 16 0.525 12411 13098 11979
r-829 23 0.513834 23 0.513834 633484 624700 568273
r-16 29 0.502463 29 0.502463 17934595 18013960 16702178
r-780 13 0.512821 13 0.512821 1829 2058 1564
r-881 12 0.30303 12 0.30303 19223 15400 1906
r-109 32 0.417339 32 0.417339 4430728 4797683 3597721
r-257 36 0.436508 36 0.436508 72242826 49215889 31055410
r-933 22 0.484848 22 0.484848 992663 967204 686961
r-351 30 0.23908 30 0.23908 -1 -1 -1
r-267 33 0.511364 33 0.511364 66941333 67360694 53600224
r-93 25 0.42 25 0.42 3378814 3074551 2162547
r-211 28 0.304233 28 0.304233 2429546 838755044 77786409
r-860 29 0.37931 29 0.37931 514405 2126641 1608475
r-459 20 0.442105 20 0.442105 112162 90785 67658
r-841 27 0.39886 27 0.39886 9452669 9045217 6957686
r-206 33 0.170455 33 0.170455 49088131 48375372 23892474
r-872 22 0.484848 22 0.484848 344035 339407 259902
r-440 25 0.22 25 0.22 526863 697322 873289
r-866 34 0.515152 34 0.515152 92935544 96960448 84588678
r-647 16 0.325 16 0.325 580997 244780 5099
r-290 29 0.246305 29 0.246305 31775400 28687633 18002148
r-281 35 0.161345 35 0.161345 -1 -1 -1
r-125 11 0.181818 11 0.181818 411015 349422 3193
r-71 11 0.545455 11 0.545455 939 1020 566
r-850 18 0.20915 18 0.20915 3113 3957 4391
r-901 17 0.529412 17 0.529412 37594 37846 21269
r-846 25 0.153333 25 0.153333 1903314 1051302 330036
r-984 24 0.15942 24 0.15942 8500834 2598075 972563
r-501 17 0.529412 17 0.529412 17707 18426 20351
r-858 11 0.545455 11 0.545455 499 510 581
r-161 25 0.48 25 0.48 1446701 1361618 1183249
r-582 23 0.521739 23 0.521739 463174 491134 390864
r-760 15 0.533333 15 0.533333 11363 11310 9985
r-499 38 0.507824 38 0.507824 716098087 711057203 577710926
r-432 27 0.48433 27 0.48433 5414725 5057150 3777035
r-816 38 0.398293 38 0.398293 1996840159 1838076640 1428040365
r-749 19 0.491228 19 0.491228 93604 80782 73737
r-838 35 0.329412 35 0.329412 7224380 1384158729 140771580
r-787 24 0.521739 24 0.521739 1011893 960908 845516
r-84 28 0.47619 28 0.47619 17507024 16678261 13014321
r-197 25 0.38 25 0.38 1355401 1483535 1819362
r-890 36 0.412698 36 0.412698 495699241 541939554 460574215
r-622 12 0.484848 12 0.484848 1352 1159 667
r-935 27 0.205128 27 0.205128 1036624 1797866 1641502
r-455 29 0.413793 29 0.413793 5161161 2362515 1433614
r-766 14 0.362637 14 0.362637 1835 1828 1679
r-596 17 0.529412 17 0.529412 16682 17544 20004
r-275 30 0.186207 30 0.186207 4521356 8540674 8807385
r-29 38 0.193457 38 0.193457 1518737344 1559356823 648401723
r-773 12 0.545455 12 0.545455 694 615 453
r-852 20 0.268421 20 0.268421 59065 48654 24125
r-859 23 0.521739 23 0.521739 705846 734087 577630
r-683 38 0.490754 38 0.490754 975394691 996522663 779124906
r-324 31 0.232258 31 0.232258 15797443 21505983 32880958
r-64 38 0.512091 38 0.512091 317124514 375013343 462113383
r-642 15 0.47619 15 0.47619 7853 7182 3622
r-548 19 0.491228 19 0.491228 128646 113923 65392
r-130 20 0.1 20 0.1 112137871 -1 -1
r-492 16 0.4 16 0.4 6755 7304 6102
r-112 10 0.466667 10 0.466667 228 277 183
r-19 24 0.391304 24 0.391304 713621 310259 109303
r-581 11 0.327273 11 0.327273 706 749 697
r-261 10 0.466667 10 0.466667 429 382 477
r-876 20 0.268421 20 0.268421 31460 37112 38300
r-57 20 0.268421 20 0.268421 56654 63887 57616
r-138 28 0.0714286 28 0.0714286 -1 -1 -1
r-313 15 0.419048 15 0.419048 4864 5225 4772
r-68 40 0.328205 40 0.328205 -1 -1 -1
r-83 10 0.466667 10 0.466667 391 344 375
r-614 17 0.220588 17 0.220588 9432 11359 9714
r-375 28 0.507937 28 0.507937 5641801 6737133 6118393
r-422 17 0.308824 17 0.308824 3960 3523 2141
r-59 23 0.0869565 23 0.0869565 -1 -1 -1
r-722 16 0.458333 16 0.458333 17628 15739 11272
r-311 35 0.463866 35 0.463866 44129370 59123186 53646541
r-273 18 0.522876 18 0.522876 80105 79364 76909
r-423 22 0.367965 22 0.367965 2257946 1134569 85118
r-849 33 0.265152 33 0.265152 44582751 76619295 69740591
r-98 15 0.342857 15 0.342857 10023 8819 7316
r-27 15 0.47619 15 0.47619 7949 6276 6762
r-403 23 0.355731 23 0.355731 573849 614331 426873
r-956 19 0.19883 19 0.19883 -1 -1 1302714
r-411 20 0.521053 20 0.521053 98876 106166 100873
r-669 29 0.44335 29 0.44335 4646495 3868629 3021332
r-736 26 0.212308 26 0.212308 1062303 1317170 975822
r-356 12 0.30303 12 0.30303 1938 1800 1248
r-37 25 0.52 25 0.52 3442594 3371464 2952166
r-284 18 0.424837 18 0.424837 53631 53784 44080
r-958 17 0.220588 17 0.220588 223132974 466993686 19926251
r-318 22 0.52381 22 0.52381 694434 616880 334833
r-363 37 0.315315 37 0.315315 1127113249 1159404848 851343399
r-86 33 0.458333 33 0.458333 21435061 23416064 16299979
r-708 22 0.506494 22 0.506494 877945 821408 708333
r-305 40 0.408974 40 0.408974 1949715665 2196720921 -1
r-347 28 0.518519 28 0.518519 5968554 6144205 4536419
r-1 36 0.488889 36 0.488889 89912551 82260547 60206299
r-799 26 0.492308 26 0.492308 1613182 2073687 1243831
r-165 21 0.180952 21 0.180952 79615 52794 26262
r-699 23 0.166008 23 0.166008 -1 -1 -1
r-889 36 0.355556 36 0.355556 332915500 392593338 404269903
r-434 16 0.4 16 0.4 13856 58534 31692
r-800 10 0.466667 10 0.466667 543 611 413
r-487 36 0.246032 36 0.246032 564280391 648841547 312315049
r-460 34 0.299465 34 0.299465 12703352 -1 4214667742
r-585 27 0.358974 27 0.358974 481383 9957117 5988691
r-414 32 0.120968 32 0.120968 -1 -1 1621282264
r-416 25 0.38 25 0.38 2709474 1199226 315288
r-250 36 0.5 36 0.5 424530764 445556578 320561835
r-184 36 0.457143 36 0.457143 373468201 453858780 383719484
r-339 36 0.512698 36 0.512698 413488466 439779252 371864332
r-676 29 0.133005 29 0.133005 1907834 3961735 3804531
r-692 38 0.102418 38 0.102418 -1 -1 -1
r-217 29 0.0689655 29 0.0689655 -1 -1 -1
r-58 37 0.510511 37 0.510511 692240227 716975547 624279294
r-343 24 0.518116 24 0.518116 428820 393489 389548
r-959 31 0.232258 31 0.232258 -1 -1 -1
r-863 13 0.512821 13 0.512821 3753 3795 3229
r-270 40 0.224359 40 0.224359 -1 -1 -1
r-923 35 0.329412 35 0.329412 416801120 490304906 412388600
r-880 36 0.514286 36 0.514286 160079871 188845316 154520142
r-950 36 0.412698 36 0.412698 14263085 153373666 17059350
r-240 31 0.473118 31 0.473118 10935427 10070867 8458891
r-362 18 0.470588 18 0.470588 72864 72983 61957
r-534 27 0.433048 27 0.433048 2177157 1512882 992648
r-291 37 0.198198 37 0.198198 218120299 401448565 318418980
r-274 40 0.0974359 40 0.0974359 541342838 1136362795 741943976
r-587 15 0.47619 15 0.47619 11373 9702 8889
r-913 40 0.511538 40 0.511538 1236763065 1091688368 993999206
r-710 19 0.526316 19 0.526316 72469 85772 81986
r-127 37 0.153153 37 0.153153 -1 -1 -1
r-447 21 0.495238 21 0.495238 174551 173931 148481
r-454 10 0.355556 10 0.355556 281 258 264
r-346 35 0.463866 35 0.463866 289929369 304061948 254688159
r-902 37 0.513514 37 0.513514 457738286 506852738 459301659
r-574 20 0.189474 20 0.189474 226040287 -1 -1
r-173 12 0.30303 12 0.30303 1203 15103 8407
r-763 40 0.501282 40 0.501282 292620997 335235239 262867182
r-503 38 0.398293 38 0.398293 2195409678 2107704258 1631667209
r-163 40 0.0974359 40 0.0974359 -1 -1 -1
r-600 38 0.341394 38 0.341394 -1 -1 34161239
r-61 40 0.357692 40 0.357692 50057919 1469276419 235469513
r-588 18 0.366013 18 0.366013 19966 18485 15163
r-110 38 0.14936 38 0.14936 -1 -1 -1
r-233 32 0.314516 32 0.314516 142569588 83382635 51710229
r-594 29 0.192118 29 0.192118 1977459 2961899 1883715
r-336 22 0.519481 22 0.519481 369347 364526 288402
r-801 38 0.308677 38 0.308677 1495084440 1990661588 1791290127
r-51 16 0.233333 16 0.233333 289052059 265846822 9240
r-657 28 0.253968 28 0.253968 -1 -1 1962434709
r-996 10 0.355556 10 0.355556 198 185 329
r-231 21 0.380952 21 0.380952 326764 352670 262439
r-169 29 0.295567 29 0.295567 -1 -1 3183068
r-427 12 0.530303 12 0.530303 1734 1936 1500
r-320 11 0.327273 11 0.327273 315 327 299
r-22 23 0.355731 23 0.355731 140885 2058460 719093
r-651 20 0.521053 20 0.521053 103227 91432 117053
r-694 39 0.099865 39 0.099865 106125439 283909336 226585598
r-583 25 0.22 25 0.22 515859 622120 513534
r-851 34 0.114082 34 0.114082 17495425 21659768 6916611
r-827 22 0.454545 22 0.454545 211636 180375 153247
r-514 32 0.314516 32 0.314516 1774332 -1 189567527
r-120 11 0.436364 11 0.436364 291 328 322
r-687 26 0.270769 26 0.270769 130217827 -1 -1
r-164 29 0.413793 29 0.413793 1659582 2341195 1747788
r-474 33 0.170455 33 0.170455 -1 -1 -1
r-540 29 0.133005 29 0.133005 -1 -1 -1
r-213 32 0.514113 32 0.514113 39756005 43557999 33354635
r-424 33 0.265152 33 0.265152 143933629 129315790 79627432
r-395 24 0.289855 24 0.289855 1136713660 740866559 646291
r-999 19 0.19883 19 0.19883 6216805 -1 1132006434
r-759 27 0.14245 27 0.14245 318812 659568 892903
r-63 22 0.0909091 22 0.0909091 -1 -1 -1
r-663 33 0.0606061 33 0.0606061 -1 -1 -1
r-397 18 0.111111 18 0.111111 100283 -1 -1
r-707 40 0.512821 40 0.512821 1283409381 1260705072 1112393160
r-593 29 0.46798 29 0.46798 30601572 28145595 27694064
r-146 36 0.512698 36 0.512698 182647081 215221439 192475703
r-341 20 0.268421 20 0.268421 1893905904 1827648790 144104
r-178 40 0.408974 40 0.408974 985043589 193948397 75771261
r-835 26 0.409231 26 0.409231 4990504 5010894 4047592
r-837 33 0.117424 33 0.117424 -1 -1 -1
r-185 15 0.247619 15 0.247619 3755230 4150432 16841
r-704 16 0.233333 16 0.233333 2803 3354 4067
r-119 38 0.490754 38 0.490754 192147141 238051235 172381266
r-457 11 0.545455 11 0.545455 451 431 416
r-648 38 0.512091 38 0.512091 686678318 794802181 661988511
r-477 18 0.111111 18 0.111111 -1 -1 216877
