instance n1 density1 n2 density2 mcsplit mcsplit-swapped mcsplit-smart-swapped mcsplit+f mcsplit+bigf mcsplit-b mcsplit-b-swapped mcsplit-b-smart-swapped mcsplit-nosort mcsplit-nosort-swapped mcsplit-nosort-smart-swapped
r-448 37 0.27027 39 0.304993 -1 -1 -1 -1 -1 -1 -1 -1 -1 -1 -1
r-81 13 0.358974 17 0.367647 3042 8147 3042 7741 2480 3370 11164 3370 3854 11074 3854
r-288 23 0.328063 40 0.305128 18630617 59341045 18630617 53863962 19875877 27385119 99853345 27385119 36450267 56130259 36450267
r-779 30 0.347126 18 0.300654 1412306 833852 833852 1515587 787516 2245253 1195057 1195057 1044810 818219 818219
r-907 25 0.286667 12 0.287879 18521 1356 1356 18534 1416 18655 1342 1342 14536 2690 2690
r-299 12 0.348485 16 0.241667 974 5991 974 4972 1312 1257 8450 1257 2538 4233 2538
r-774 12 0.272727 15 0.2 872 2553 872 2073 883 993 3234 993 2178 1843 2178
r-327 24 0.333333 18 0.313725 275477 138088 138088 294402 128056 440312 198166 198166 163484 147000 147000
r-611 23 0.367589 17 0.301471 138571 122364 122364 151855 109919 216161 181840 181840 169138 125611 125611
r-901 40 0.292308 26 0.335385 223630772 73405391 73405391 231122596 75287629 -1 114481939 114481939 219417577 117011952 117011952
r-266 29 0.342365 39 0.304993 111139703 -1 111139703 249826543 114420557 186184850 -1 186184850 230083478 -1 230083478
r-408 11 0.236364 27 0.307692 3056 24368 3056 20985 3110 3118 24438 3118 3527 22851 3527
r-780 16 0.291667 37 0.315315 207263 609888 207263 580750 205846 236016 770469 236016 193747 538538 193747
r-533 31 0.309677 19 0.315789 3438702 1088316 1088316 3557995 1076193 5439550 1526753 1526753 3330105 2021207 2021207
r-704 37 0.294294 26 0.329231 125617441 58440707 58440707 132061515 61758755 226315890 96168214 96168214 110290809 61187772 61187772
r-976 35 0.302521 36 0.320635 -1 -1 -1 -1 -1 -1 -1 -1 -1 -1 -1
r-166 23 0.320158 27 0.307692 1824492 3074890 1824492 2957824 1836673 2931604 5288030 2931604 2503471 3034529 2503471
r-337 22 0.307359 12 0.318182 23094 4241 4241 24068 4296 28577 4819 4819 18995 7748 7748
r-360 18 0.300654 11 0.381818 6061 1083 1083 6326 1099 7803 1253 1253 4053 2157 2157
r-573 37 0.312312 14 0.373626 262919 46938 46938 269496 48496 327195 54791 54791 196551 101874 101874
r-355 30 0.305747 30 0.294253 80281575 88015958 80281575 97181817 76525883 129384960 146776648 129384960 95452572 98859992 95452572
r-926 26 0.292308 40 0.296154 80910871 184125965 80910871 182093116 81831234 123682194 -1 123682194 104725326 188117588 104725326
r-340 22 0.25974 33 0.306818 5598940 11073279 5598940 11447994 5499909 8218925 17415213 8218925 6845095 9872813 6845095
r-935 29 0.293103 40 0.317949 -1 -1 -1 -1 -1 -1 -1 -1 -1 -1 -1
r-947 32 0.284274 26 0.292308 22558890 11430645 11430645 24694832 10838260 39068947 18507089 18507089 21627615 18463468 18463468
r-701 37 0.346847 37 0.288288 -1 -1 -1 -1 -1 -1 -1 -1 -1 -1 -1
r-152 10 0.355556 13 0.294872 224 1031 224 796 219 282 1317 282 362 811 362
r-186 28 0.298942 12 0.272727 25620 2578 2578 25628 2713 25825 2707 2707 16870 10572 10572
r-616 23 0.284585 14 0.296703 72583 11314 11314 74396 11414 96614 13734 13734 64034 15193 15193
r-121 29 0.278325 35 0.29916 117798342 125496679 117798342 148174934 108559298 194288386 214303571 194288386 141503983 159010409 141503983
r-821 33 0.280303 39 0.296896 -1 -1 -1 -1 -1 -1 -1 -1 -1 -1 -1
r-255 27 0.282051 36 0.338095 106746119 65887454 106746119 74565728 99869670 178910920 116565591 178910920 125542907 135732910 125542907
r-142 16 0.316667 40 0.29359 226805 1675989 226805 1528142 228822 274696 2272174 274696 391293 1075032 391293
r-487 22 0.298701 36 0.296825 16024857 21017672 16024857 19754381 15971621 23982212 35277932 23982212 15570866 25737872 15570866
r-554 38 0.267425 14 0.318681 337163 48115 48115 342243 51401 404705 54560 54560 231668 50993 50993
r-66 24 0.358696 21 0.271429 371810 642161 642161 476546 513459 579379 1021265 1021265 599315 631832 631832
r-181 11 0.2 37 0.28979 180 376 180 199 184 169 394 169 174 145 174
r-213 11 0.309091 28 0.312169 401 702 401 683 417 216 526 216 1273 203 1273
r-91 22 0.350649 19 0.269006 138052 270045 270045 163257 224017 199309 357263 357263 200992 148695 148695
r-48 18 0.320261 21 0.314286 114004 136600 114004 141726 111596 160919 218737 160919 118793 126316 118793
r-728 28 0.285714 38 0.280228 153701276 -1 153701276 -1 157170106 242694739 -1 242694739 -1 -1 -1
r-415 36 0.292063 16 0.333333 749912 293363 293363 781757 306549 1048080 381710 381710 938106 157012 157012
r-455 20 0.315789 36 0.320635 3165011 10347612 3165011 9908637 3171688 4555765 16944125 4555765 3764101 7815371 3764101
r-782 21 0.3 36 0.315873 4468996 13743611 4468996 13025697 4394824 6252651 21978518 6252651 8643415 13915340 8643415
r-233 16 0.308333 26 0.298462 67862 217540 67862 208810 70332 75659 275775 75659 64023 125438 64023
r-161 29 0.275862 17 0.286765 597184 99432 99432 618977 100592 852673 124074 124074 433304 187590 187590
r-71 27 0.321937 27 0.245014 8781986 15021941 8781986 13954966 10355166 13948252 24483406 13948252 8841219 16133407 8841219
r-579 19 0.245614 29 0.293103 375487 1022139 375487 1052709 368009 507061 1568725 507061 725146 1054798 725146
r-750 22 0.246753 11 0.236364 1020 201 201 1021 222 925 180 180 778 820 820
r-479 27 0.304843 36 0.309524 99778649 187883858 99778649 192218336 99457472 161339806 -1 161339806 133014162 185147286 133014162
r-666 35 0.282353 37 0.318318 -1 -1 -1 -1 -1 -1 -1 -1 -1 -1 -1
r-691 20 0.257895 19 0.25731 75380 64324 64324 86834 59151 105724 85375 85375 85590 70463 70463
r-745 17 0.242647 29 0.307882 257193 791997 257193 808096 254993 328637 1156035 328637 463539 856786 463539
r-187 11 0.236364 14 0.296703 655 804 655 812 722 748 961 748 1510 2010 1510
r-52 24 0.271739 25 0.333333 3084989 1472909 3084989 2194416 2568856 5138273 2289160 5138273 2842810 2521355 2842810
r-887 20 0.357895 14 0.296703 18581 11926 11926 21032 11069 24080 14599 14599 23088 15063 15063
r-170 12 0.318182 26 0.304615 2424 16284 2424 14812 2412 2581 17463 2581 5626 10250 5626
r-530 23 0.312253 33 0.261364 5157675 13033685 5157675 11595079 6062639 7595707 21900629 7595707 4118913 10827926 4118913
r-499 26 0.295385 31 0.303226 21710977 40644413 21710977 42334094 21077254 35290291 69411641 35290291 26863191 35942834 26863191
r-511 11 0.218182 34 0.283422 103 67 103 70 104 94 81 94 103 106 103
r-211 15 0.352381 31 0.294624 63590 340536 63590 299126 63807 78761 477674 78761 99320 271606 99320
r-854 31 0.290323 22 0.333333 11686232 4481896 4481896 11997456 4764617 20070673 6954634 6954634 6644965 4421278 4421278
r-347 18 0.27451 24 0.289855 92925 182500 92925 180691 85901 123593 277527 123593 170777 351003 170777
r-270 27 0.259259 33 0.304924 56503265 52689260 56503265 61377625 52369714 92360498 55824236 92360498 39086229 49015594 39086229
r-903 26 0.258462 37 0.27027 28945682 133292395 28945682 134056475 30012945 40320752 213263372 40320752 77458955 63584590 77458955
r-572 36 0.301587 20 0.273684 6053946 1349292 1349292 6299953 1379954 9476219 1830663 1830663 5015842 2213224 2213224
r-311 20 0.278947 37 0.321321 2526103 6424500 2526103 6498597 2487089 3376785 9763525 3376785 1876243 4022575 1876243
r-900 39 0.296896 30 0.278161 -1 -1 -1 -1 -1 -1 -1 -1 -1 -1 -1
r-978 15 0.361905 20 0.310526 16501 60725 16501 52735 17191 20412 90369 20412 29671 46183 29671
r-736 22 0.285714 12 0.242424 7603 1542 1542 7608 1588 7749 1651 1651 10281 4566 4566
r-682 10 0.422222 36 0.315873 544 770 544 698 548 304 364 304 7071 1646 7071
r-138 25 0.32 36 0.331746 32895819 57481029 32895819 59848794 32478836 53585403 103659357 53585403 45924437 67140621 45924437
r-623 36 0.31746 35 0.32605 -1 -1 -1 -1 -1 -1 -1 -1 -1 -1 -1
r-113 12 0.227273 14 0.296703 1442 1504 1442 1389 1117 1716 1998 1716 2513 2572 2513
r-618 25 0.29 30 0.275862 5662906 10698129 5662906 10594765 5422620 8422259 17894328 8422259 17913035 12635174 17913035
r-493 23 0.284585 39 0.306343 24810130 66436948 24810130 65972623 24962983 36303038 108614325 36303038 30887589 68241565 30887589
r-155 11 0.309091 15 0.27619 1095 3447 1095 3009 1022 1238 4423 1238 948 2895 948
r-144 17 0.242647 18 0.320261 78668 59319 78668 95015 57117 110631 89430 110631 68656 64948 68656
r-259 17 0.286765 32 0.324597 344252 1339280 344252 1254897 343770 442294 1969709 442294 387558 1113517 387558
r-124 26 0.329231 22 0.372294 2799253 1574316 1574316 2804854 1609886 4913216 2565134 2565134 3048350 1747989 1747989
r-932 13 0.282051 34 0.28164 5858 58788 5858 53361 5891 5691 59333 5691 4271 42400 4271
r-528 28 0.312169 23 0.280632 2670714 3962597 3962597 3027604 3701039 4079891 4872817 4872817 5472559 4117653 4117653
r-151 19 0.251462 37 0.292793 3054535 11007317 3054535 10885710 3065331 3943607 15949122 3943607 2369531 8976186 2369531
r-877 22 0.307359 19 0.263158 127789 108069 108069 142475 94934 177535 156625 156625 199447 173484 173484
r-84 37 0.33033 21 0.266667 23885915 5250566 5250566 25412193 5174741 38721306 7618280 7618280 13511694 6381801 6381801
r-435 39 0.287449 25 0.313333 68072138 19654254 19654254 70301996 20004396 118379546 29066841 29066841 71462375 55613906 55613906
r-718 19 0.298246 24 0.289855 172863 586786 172863 555111 183606 245691 939097 245691 544583 578766 544583
r-389 11 0.363636 30 0.308046 1844 21340 1844 19372 1885 1880 21352 1880 3948 13606 3948
r-711 17 0.301471 15 0.295238 15373 17171 17171 15856 17118 21428 24487 24487 19816 26137 26137
r-249 35 0.277311 31 0.307527 -1 217358528 217358528 -1 215126776 -1 -1 -1 -1 -1 -1
r-108 30 0.321839 39 0.330634 -1 -1 -1 -1 -1 -1 -1 -1 -1 -1 -1
r-326 36 0.288889 17 0.308824 2347979 451628 451628 2450896 470475 3437420 580091 580091 1636035 677430 677430
r-851 29 0.29803 28 0.283069 28939296 32534450 32534450 34966655 28581467 48587558 54182895 54182895 33678048 33311309 33311309
r-560 30 0.273563 27 0.304843 18176632 11168558 11168558 19225116 11472152 30083242 17512787 17512787 14021806 11417674 11417674
r-323 14 0.32967 10 0.266667 877 584 584 989 553 923 526 526 666 401 401
r-647 40 0.298718 13 0.269231 189185 17365 17365 189195 17810 189313 17457 17457 128825 18904 18904
r-358 33 0.301136 16 0.266667 157447 33861 33861 160686 34166 194284 39244 39244 222878 143770 143770
r-785 17 0.279412 13 0.269231 4974 1888 1888 5304 1687 6838 2385 2385 6417 3056 3056
r-318 37 0.283784 18 0.30719 2182405 549380 549380 2276248 574001 3214418 730179 730179 1896136 889788 889788
r-859 21 0.285714 39 0.295547 3795618 15573466 3795618 14989236 3864772 5138934 24174140 5138934 6403320 19367742 6403320
r-147 21 0.27619 22 0.380952 982618 479219 982618 905344 805262 1641116 743302 1641116 810888 905534 810888
r-459 33 0.291667 26 0.307692 18215708 7893300 7893300 19414908 7886425 31560403 12049962 12049962 24635969 16859654 16859654
r-427 23 0.332016 35 0.27395 9699042 36627451 9699042 32572764 10863570 14381002 60693758 14381002 24756990 33331883 24756990
r-773 18 0.320261 11 0.254545 2643 617 617 2684 627 2868 713 713 1529 448 448
r-212 37 0.315315 24 0.333333 63342520 26857224 26857224 67073592 26486943 111931632 42646949 42646949 64204259 33340631 33340631
r-705 35 0.309244 40 0.287179 -1 -1 -1 -1 -1 -1 -1 -1 -1 -1 -1
r-32 26 0.323077 40 0.285897 39803235 117740622 39803235 109316146 46103247 60785942 202893508 60785942 63897098 134188222 63897098
r-150 34 0.30303 22 0.268398 13063217 4890089 4890089 13824284 4816892 21445709 7170661 7170661 13400221 6304140 6304140
r-642 10 0.288889 11 0.236364 255 536 255 485 257 216 616 216 279 332 279
r-159 32 0.306452 16 0.358333 1033213 211996 211996 1072308 219032 1536939 277053 277053 695350 259499 259499
r-307 14 0.384615 33 0.278409 42117 365642 42117 317468 43767 50191 506921 50191 88101 249035 88101
r-897 10 0.311111 29 0.263547 128 106 128 100 124 89 103 89 298 1478 298
r-171 39 0.2861 13 0.371795 207905 24104 24104 214084 25412 244073 25657 25657 177211 21635 21635
r-536 40 0.301282 20 0.347368 15925754 2923483 2923483 16525457 3073073 25531087 4133914 4133914 13468696 4567289 4567289
r-512 16 0.25 10 0.355556 3676 573 573 3881 589 4743 671 671 2003 2071 2071
r-346 32 0.318548 32 0.288306 148462806 -1 148462806 233349482 234599456 -1 -1 -1 207809647 259140377 207809647
r-732 29 0.320197 26 0.295385 10760745 13161717 13161717 12523362 11466976 18173326 21359775 21359775 14095073 9194295 9194295
r-83 26 0.273846 33 0.287879 22403857 45253900 22403857 49042007 20886920 33951219 73182601 33951219 45449038 51408562 45449038
r-476 24 0.300725 17 0.301471 267134 97465 97465 274981 98985 410654 128513 128513 253468 219404 219404
r-190 26 0.276923 30 0.294253 14410602 18291138 14410602 19934366 13234778 23283628 30822518 23283628 16863105 26863090 16863105
r-79 34 0.28877 30 0.305747 175538523 128070113 128070113 190578404 123227325 -1 215288824 215288824 180385419 181174760 181174760
r-440 39 0.310391 24 0.23913 72102071 38909548 38909548 78515418 37640323 118140319 57955773 57955773 95725287 55433543 55433543
r-158 40 0.292308 19 0.298246 15040176 2964360 2964360 15595542 2997823 22943030 3825775 3825775 10989463 5429147 5429147
r-751 21 0.338095 12 0.257576 14362 5360 5360 15168 5389 18219 6060 6060 16965 14454 14454
r-679 38 0.320057 21 0.238095 19700588 11504691 11504691 21213627 11221755 30671501 16269729 16269729 20752788 11361326 11361326
r-306 32 0.298387 40 0.310256 -1 -1 -1 -1 -1 -1 -1 -1 -1 -1 -1
r-964 10 0.311111 18 0.287582 274 2200 274 1956 277 289 2255 289 751 2024 751
r-681 21 0.290476 27 0.31339 2280597 3842374 2280597 4065407 2222582 3329504 6210155 3329504 2683180 3964391 2683180
r-49 11 0.363636 31 0.298925 477 7412 477 6829 457 381 7173 381 1453 4666 1453
r-827 14 0.263736 20 0.3 12949 31792 12949 30251 12157 16124 43971 16124 18572 23736 18572
r-224 25 0.3 13 0.205128 12722 2339 2339 12759 2332 12747 1844 1844 18398 2567 2567
r-772 22 0.350649 18 0.215686 97904 180664 180664 127836 154100 137343 272012 272012 163815 148441 148441
r-189 34 0.315508 29 0.278325 88326567 95353862 95353862 105931648 79868266 155282667 162499290 162499290 106773048 175235982 175235982
r-315 13 0.397436 30 0.342529 8046 65739 8046 59599 8033 8865 87665 8865 23402 45971 23402
r-816 22 0.30303 11 0.345455 5357 559 559 5356 571 5389 600 600 4022 1325 1325
r-454 25 0.29 18 0.248366 356597 183247 183247 391571 179021 529033 241322 241322 398426 268398 268398
r-985 25 0.313333 18 0.326797 416830 160264 160264 439731 152282 651704 217537 217537 227210 163918 163918
r-333 39 0.317139 38 0.297297 -1 -1 -1 -1 -1 -1 -1 -1 -1 -1 -1
r-417 18 0.27451 35 0.295798 557251 2097288 557251 1963390 561228 715110 2999284 715110 1084660 1967829 1084660
r-776 15 0.27619 35 0.315966 32519 251992 32519 235548 32577 23132 167883 23132 108808 100137 108808
r-556 23 0.375494 12 0.287879 14857 7109 7109 16303 6359 18381 7723 7723 24439 8669 8669
r-7 28 0.291005 36 0.284127 100406474 159412504 100406474 157038180 100898741 164849323 -1 164849323 142145732 160314322 142145732
r-938 18 0.300654 16 0.275 26332 28803 28803 30600 23052 39999 38972 38972 36975 43318 43318
r-168 20 0.263158 19 0.304094 97777 73696 73696 105524 62126 149655 95468 95468 116109 122172 122172
r-983 17 0.272059 17 0.286765 22021 18894 22021 21929 15583 30381 24442 30381 33567 34866 33567
r-363 22 0.264069 23 0.3083 1687112 1162413 1687112 1668499 1410180 2594750 1742328 2594750 1679073 1462879 1679073
r-828 37 0.316817 39 0.306343 -1 -1 -1 -1 -1 -1 -1 -1 -1 -1 -1
r-853 16 0.341667 35 0.319328 458263 2030295 458263 1909763 459239 571936 2896481 571936 678394 1604517 678394
r-548 28 0.312169 28 0.298942 16011008 22146289 16011008 21363302 18361653 27252754 38358971 27252754 30638570 21021435 30638570
r-341 37 0.331832 27 0.290598 80401879 92616513 92616513 89227981 87993555 145654196 156463754 156463754 93395468 83425987 83425987
r-490 22 0.281385 14 0.285714 22795 10422 10422 23650 10258 27491 10567 10567 20594 11580 11580
r-578 31 0.335484 40 0.314103 -1 -1 -1 -1 -1 -1 -1 -1 -1 -1 -1
r-505 10 0.311111 39 0.306343 193 205 193 188 204 170 197 170 225 339 225
r-610 26 0.258462 36 0.290476 74781356 86933581 74781356 95201173 71635215 116426219 143865992 116426219 78989882 125492271 78989882
r-563 20 0.310526 38 0.312945 3958017 17187352 3958017 15928773 3960080 5473181 27220909 5473181 5337502 13857760 5337502
r-923 21 0.290476 14 0.285714 22459 5532 5532 23213 5511 31021 6358 6358 41845 19827 19827
r-338 34 0.340463 30 0.324138 173607031 149183625 149183625 193964341 134254246 -1 -1 -1 207157344 196018335 196018335
r-558 36 0.271429 15 0.247619 598093 50773 50773 605131 52789 683624 54166 54166 490162 76277 76277
r-516 20 0.378947 30 0.282759 519862 2373235 519862 2045146 599651 766030 4131747 766030 736898 1525687 736898
r-297 29 0.325123 28 0.31746 41547797 44159530 44159530 52053587 39303026 71174743 74967533 74967533 48685036 29934225 29934225
r-654 18 0.379085 39 0.282051 586492 3572083 586492 3203378 617085 811237 5644893 811237 905216 2676750 905216
r-132 29 0.295567 27 0.347578 29856722 18387771 18387771 30995517 18865878 54048709 31271014 31271014 32827739 33561766 33561766
r-986 38 0.28734 17 0.345588 2274847 312964 312964 2319232 321052 3257151 398109 398109 1777571 664900 664900
r-794 12 0.333333 16 0.3 4062 9111 4062 8606 3847 3440 11017 3440 4341 5847 4341
r-662 11 0.309091 22 0.25974 884 5260 884 4835 849 958 5229 958 2080 4716 2080
r-761 22 0.333333 19 0.28655 325210 407872 407872 393490 363216 505909 628834 628834 382294 377416 377416
r-626 17 0.25 18 0.248366 13596 20816 13596 20208 11971 19240 27533 19240 21406 37092 21406
r-617 10 0.155556 14 0.263736 536 1280 536 1445 505 575 1395 575 381 695 381
r-260 18 0.30719 37 0.288288 260749 2169910 260749 1946320 264340 317233 3163139 317233 407135 2102641 407135
r-34 31 0.290323 34 0.313725 201894076 235004431 201894076 260149402 185880879 -1 -1 -1 254092172 -1 254092172
r-489 32 0.310484 13 0.24359 62783 8009 8009 62891 8090 64130 8379 8379 40128 5722 5722
r-24 20 0.305263 28 0.280423 867563 2657891 867563 2331056 955538 1168691 4177815 1168691 917933 1614233 917933
r-317 33 0.299242 15 0.247619 325325 48955 48955 335353 50546 395303 54677 54677 272816 71094 71094
r-883 14 0.285714 14 0.340659 5044 2326 5044 4596 2221 6640 2824 6640 4814 5785 4814
r-765 15 0.295238 37 0.280781 72750 470711 72750 430610 73079 85181 578520 85181 137464 280779 137464
r-592 27 0.293447 32 0.3125 55499560 58291653 55499560 64295234 51547925 91992805 100491865 91992805 54392252 68949748 54392252
r-720 33 0.291667 37 0.3003 -1 -1 -1 -1 -1 -1 -1 -1 -1 -1 -1
r-866 35 0.302521 35 0.32437 -1 -1 -1 -1 -1 -1 -1 -1 -1 -1 -1
r-756 25 0.306667 34 0.30303 16452987 38109171 16452987 36432810 16539550 26161903 66283519 26161903 27505224 44351539 27505224
r-26 28 0.280423 25 0.29 8772695 7981855 7981855 9726953 7831070 14734246 12683624 12683624 7295700 6183455 6183455
r-27 13 0.294872 12 0.30303 1591 1107 1107 1624 1003 1996 1394 1394 1570 1648 1648
r-442 11 0.327273 25 0.323333 2570 17580 2570 15530 2527 2432 18076 2432 3129 10415 3129
r-638 13 0.25641 19 0.269006 1713 9313 1713 8192 1840 1910 11731 1910 3139 8792 3139
r-314 38 0.322902 23 0.324111 34857305 11502378 11502378 36915311 11527359 59535534 17171966 17171966 32013997 18086619 18086619
r-277 16 0.35 10 0.422222 1122 404 404 1124 401 1148 459 459 1324 987 987
r-429 13 0.25641 31 0.290323 5770 64205 5770 54435 5875 5752 64330 5752 9117 45304 9117
r-424 39 0.306343 20 0.252632 12062118 5603592 5603592 12692658 5454499 18030597 7454146 7454146 10853436 6154361 6154361
r-388 22 0.298701 17 0.279412 83853 27443 27443 89596 25683 97583 24339 24339 87625 35653 35653
r-195 22 0.25974 22 0.324675 614097 394869 614097 593441 436733 979497 579094 979497 621420 642662 621420
r-107 20 0.310526 14 0.21978 20849 17238 17238 22535 16577 28222 20806 20806 31316 18020 18020
r-432 31 0.275269 23 0.367589 8576526 2845996 2845996 8500085 3247368 14933439 4327270 4327270 7721952 6709764 6709764
r-605 39 0.304993 24 0.268116 99504103 27286697 27286697 106558987 27218656 162771660 40565200 40565200 80742770 37621756 37621756
r-771 13 0.307692 11 0.290909 955 547 547 1006 679 1032 668 668 965 495 495
r-251 14 0.274725 14 0.230769 1613 2715 1613 1964 2094 2046 3533 2046 3126 3155 3126
r-88 27 0.273504 33 0.295455 34537833 106401277 34537833 98017109 33025657 54194387 175753921 54194387 61690470 56781409 61690470
r-348 29 0.29064 35 0.265546 111697381 201498481 111697381 208286206 112555898 174493288 -1 174493288 161872903 201833864 161872903
r-135 19 0.204678 17 0.308824 28988 6081 6081 30094 5852 42678 6684 6684 25626 11160 11160
r-284 20 0.257895 22 0.311688 339081 304749 339081 363983 315632 505775 449358 505775 293086 286935 293086
r-38 11 0.181818 32 0.318548 285 390 285 575 283 255 390 255 190 309 190
r-10 24 0.264493 21 0.304762 1110494 614713 614713 1175923 607450 1761363 861536 861536 1293115 833412 833412
r-665 29 0.283251 34 0.304813 80236405 93793136 80236405 106600264 72871383 137784942 167459369 137784942 92844352 110170835 92844352
r-992 26 0.289231 36 0.277778 26597110 65410603 26597110 63696501 27204362 40025752 110533709 40025752 70023158 62181591 70023158
r-961 28 0.306878 18 0.300654 687764 226230 226230 726535 223564 1082942 303581 303581 628494 390237 390237
r-939 13 0.269231 30 0.289655 5214 39340 5214 36195 5240 5404 40967 5404 4832 23075 4832
r-319 33 0.297348 11 0.290909 201 510 510 204 493 179 458 458 1002 2807 2807
r-495 25 0.306667 40 0.310256 87098616 214610151 87098616 211283515 86525412 137310471 -1 137310471 103638428 207666688 103638428
r-823 17 0.330882 35 0.277311 122879 1104199 122879 885657 126677 158504 1564541 158504 523803 1083793 523803
r-188 30 0.312644 13 0.307692 158253 21453 21453 162832 22294 200066 23666 23666 106185 50524 50524
r-674 11 0.345455 16 0.341667 1215 2931 1215 2749 1229 1396 3715 1396 1214 2861 1214
r-973 25 0.303333 35 0.332773 21711062 39357289 21711062 41080266 20593717 34253597 67980415 34253597 35763349 40427714 35763349
r-731 20 0.352632 22 0.290043 218037 449398 218037 399871 217703 312826 736863 312826 307478 442099 307478
r-843 22 0.324675 36 0.293651 7861143 27534630 7861143 25624997 8057909 10992727 45029868 10992727 13011234 22410705 13011234
r-395 39 0.300945 12 0.363636 85080 7630 7630 85080 8016 85107 7674 7674 63094 8987 8987
r-465 10 0.311111 15 0.32381 1194 2744 1194 2467 1234 1367 3378 1367 1419 2841 1419
r-686 24 0.289855 13 0.24359 44857 9533 9533 46007 9689 52190 7853 7853 7726 8201 8201
r-802 15 0.295238 15 0.27619 9216 11877 9216 10617 9603 13063 15219 13063 9878 11781 9878
r-148 12 0.454545 21 0.314286 5885 23878 5885 23011 5974 7332 34942 7332 8575 15567 8575
r-502 35 0.305882 36 0.274603 -1 -1 -1 -1 -1 -1 -1 -1 -1 -1 -1
r-788 28 0.31746 18 0.287582 912510 252791 252791 940784 251817 1405316 345716 345716 632397 306872 306872
r-143 26 0.246154 25 0.276667 6468969 4770913 4770913 6922786 4435031 10280683 7390402 7390402 4793878 3154253 3154253
r-12 37 0.27027 13 0.282051 74036 4613 4613 74037 4982 73638 4548 4548 57223 28706 28706
r-50 39 0.275304 38 0.268848 -1 -1 -1 -1 -1 -1 -1 -1 -1 -1 -1
r-8 13 0.24359 23 0.233202 10590 51747 10590 42908 10810 12290 63917 12290 7921 47530 7921
r-54 23 0.3083 33 0.278409 4850284 14359248 4850284 12699516 4987792 7044382 24058717 7044382 8841496 13425453 8841496
r-559 34 0.299465 35 0.32437 -1 -1 -1 -1 -1 -1 -1 -1 -1 -1 -1
r-608 38 0.28165 12 0.242424 69 111 111 71 115 72 90 90 1233 330 330
r-719 26 0.310769 26 0.298462 4682284 5912874 4682284 5681994 4765397 7463041 9429844 7463041 5913906 6747045 5913906
r-496 11 0.4 17 0.279412 529 2824 529 2701 548 676 3905 676 808 1914 808
r-433 11 0.4 19 0.298246 1006 10881 1006 9734 1127 1140 14029 1140 2174 8154 2174
r-149 20 0.257895 25 0.333333 738549 555721 738549 705858 613866 1106202 898860 1106202 842478 808464 842478
r-576 16 0.258333 39 0.330634 407816 767963 407816 729290 410380 496301 928122 496301 558300 1520089 558300
r-418 26 0.341538 18 0.359477 835130 409797 409797 859837 404379 1372642 621859 621859 763669 570192 570192
r-664 23 0.3083 31 0.288172 2949275 6924298 2949275 6603154 3115668 4490170 11319329 4490170 9210545 6516330 9210545
r-614 29 0.342365 35 0.322689 120936577 190020759 120936577 193810601 118803179 207970922 -1 207970922 153623854 193887593 153623854
r-510 20 0.347368 30 0.305747 1275480 3810061 1275480 3626634 1373728 1774511 6151525 1774511 2045493 3275880 2045493
r-343 32 0.306452 10 0.288889 123 141 141 123 141 126 122 122 165 125 125
r-879 15 0.295238 39 0.302294 26410 331693 26410 306798 26177 30056 392271 30056 136733 509696 136733
r-322 40 0.30641 29 0.278325 -1 -1 -1 -1 -1 -1 -1 -1 -1 -1 -1
r-230 26 0.264615 31 0.283871 25865873 35752755 25865873 38011937 24732453 40837047 58707103 40837047 34237122 39271485 34237122
r-599 32 0.27621 26 0.261538 20536176 17393233 17393233 23072249 16119682 33739077 27038026 27038026 21808714 23669915 23669915
r-712 40 0.282051 31 0.337634 -1 -1 -1 -1 -1 -1 -1 -1 -1 -1 -1
r-874 33 0.308712 19 0.327485 6969533 1980290 1980290 7256431 2061029 11330858 2771740 2771740 5187258 2435367 2435367
r-824 23 0.27668 25 0.336667 3623422 2738355 3623422 3668757 3003174 5944952 4300631 5944952 3682382 3971853 3682382
r-650 39 0.292848 32 0.278226 -1 -1 -1 -1 -1 -1 -1 -1 -1 -1 -1
r-294 37 0.309309 21 0.342857 14758861 3396922 3396922 15373456 3485578 23914687 4760734 4760734 13490924 6804835 6804835
r-908 40 0.294872 18 0.333333 3007863 324984 324984 3091961 332872 4323733 400430 400430 3387217 698687 698687
r-678 17 0.338235 35 0.331092 327010 1860428 327010 1695231 325974 425362 2797529 425362 1080551 1750203 1080551
r-993 29 0.337438 32 0.328629 67046654 92460116 67046654 93468210 66030230 121185214 173601929 121185214 96969939 97271328 96969939
r-40 10 0.2 19 0.339181 1472 3474 1472 3586 1441 1505 3548 1505 3477 4436 3477
r-525 36 0.287302 17 0.330882 1759070 188092 188092 1796270 193014 2528916 224574 224574 1380682 587258 587258
r-808 18 0.359477 38 0.307255 213863 2380685 213863 2137646 215908 279724 3669874 279724 881838 2413275 881838
r-308 12 0.287879 16 0.266667 749 1925 749 1825 651 723 2475 723 733 1688 733
r-509 38 0.324324 18 0.313725 3203099 851525 851525 3299771 864695 4643185 1096414 1096414 2739984 831400 831400
r-394 23 0.3083 24 0.268116 797921 1461373 797921 1281662 847930 1207077 2359796 1207077 2346755 1452051 2346755
r-367 39 0.292848 20 0.289474 7640162 3322551 3322551 7941544 3447361 11990176 4574577 4574577 6689490 2403195 2403195
r-22 14 0.274725 13 0.423077 6336 2004 2004 5816 2040 9237 2418 2418 4246 3616 3616
r-759 16 0.316667 28 0.275132 76642 393518 76642 352823 77671 89700 552956 89700 160188 336961 160188
r-167 29 0.293103 28 0.309524 28398945 25809297 25809297 30148073 24746740 47940087 43075684 43075684 31758164 29101397 29101397
r-16 38 0.320057 25 0.35 92522152 45473409 45473409 95913467 46398928 169168364 73898170 73898170 111897842 50940241 50940241
r-648 11 0.345455 20 0.257895 1078 8740 1078 7519 1293 1062 10583 1062 3400 8399 3400
r-258 11 0.454545 35 0.284034 1120 28625 1120 26186 1274 1134 28597 1134 1800 22531 1800
r-690 30 0.289655 22 0.333333 4280203 1749951 1749951 4435010 1792976 7396693 2577390 2577390 4217353 2470708 2470708
r-460 36 0.320635 38 0.301565 -1 -1 -1 -1 -1 -1 -1 -1 -1 -1 -1
r-15 25 0.333333 27 0.282051 3013104 5491673 3013104 4986815 2835453 4533493 9427164 4533493 5369394 5686797 5369394
r-891 37 0.301802 10 0.244444 133 133 133 134 139 143 116 116 233 218 218
r-752 16 0.216667 22 0.268398 23351 29087 23351 30463 23358 26770 35770 26770 25936 37654 25936
r-182 11 0.4 14 0.384615 2243 3339 2243 3174 2203 2886 4442 2886 2291 3375 2291
r-532 37 0.282282 12 0.333333 64231 3065 3065 64234 3255 64223 3127 3127 45296 4332 4332
r-598 29 0.288177 25 0.32 18711976 11000507 11000507 19878095 11002579 32105300 17281177 17281177 18645405 14541727 14541727
r-746 37 0.306306 34 0.285205 -1 -1 -1 -1 -1 -1 -1 -1 -1 -1 -1
r-766 22 0.30303 21 0.2 195517 486232 486232 320819 418076 280570 751223 751223 317280 493182 493182
r-362 31 0.296774 26 0.28 31700288 24042447 24042447 35155838 21773464 52834665 37970352 37970352 33866549 36609661 36609661
r-217 15 0.238095 19 0.28655 8776 22754 8776 23700 9042 10950 31805 10950 5669 11364 5669
r-118 22 0.290043 31 0.311828 4449022 9449823 4449022 9666178 4460702 6533816 15541796 6533816 5854351 9786318 5854351
r-878 37 0.306306 39 0.307692 -1 -1 -1 -1 -1 -1 -1 -1 -1 -1 -1
r-412 37 0.276276 15 0.247619 292106 43553 43553 295971 43864 308209 42028 42028 67018 45299 45299
r-262 24 0.293478 19 0.356725 858307 301226 301226 871305 314995 1403218 425352 425352 690708 674390 674390
r-291 21 0.3 26 0.292308 1505140 2269079 1505140 2338167 1450551 2148818 3634116 2148818 1943586 2537354 1943586
r-410 25 0.296667 11 0.327273 12058 998 998 12062 1047 12214 989 989 8214 928 928
r-661 14 0.274725 16 0.358333 9319 6473 9319 9372 7255 13118 8719 13118 6857 8691 6857
r-975 30 0.328736 17 0.264706 593132 179729 179729 632274 172525 611810 200015 200015 388953 304781 304781
r-173 14 0.296703 16 0.341667 7352 6397 7352 7584 5748 8606 8463 8606 7761 7544 7761
r-157 33 0.327652 22 0.324675 14421980 5310523 5310523 15212014 5191338 24578949 7840197 7840197 11766650 6058144 6058144
r-4 33 0.299242 26 0.295385 57360105 31326594 31326594 61283772 30001528 98131341 49044190 49044190 59680922 40349482 40349482
r-122 30 0.298851 26 0.307692 15641466 15289989 15289989 16757079 14245488 27129169 25440767 25440767 19697181 18166882 18166882
r-214 18 0.333333 36 0.285714 534423 2676892 534423 2395595 542879 716817 4042037 716817 769080 1717727 769080
r-655 16 0.341667 11 0.272727 3543 1792 1792 3686 1671 4411 2160 2160 3177 1613 1613
r-757 32 0.330645 24 0.23913 18764936 28000732 28000732 23144471 22907623 31516842 44573310 44573310 18686994 15284411 15284411
r-991 37 0.328829 14 0.384615 382329 45164 45164 396527 47039 505062 53528 53528 175605 34095 34095
r-842 15 0.380952 21 0.328571 17968 56486 17968 50452 19075 23849 86230 23849 29423 57632 29423
r-917 15 0.27619 30 0.333333 146023 516688 146023 486901 144404 175337 704156 175337 232439 431795 232439
r-820 13 0.320513 23 0.343874 8494 40167 8494 38942 8411 9878 51950 9878 17782 34525 17782
r-783 39 0.306343 39 0.279352 -1 -1 -1 -1 -1 -1 -1 -1 -1 -1 -1
r-328 10 0.244444 16 0.3 342 1359 342 1255 340 374 1383 374 350 1140 350
r-954 39 0.28475 16 0.316667 1396884 120851 120851 1429208 126616 1817439 147432 147432 1142792 387655 387655
r-484 35 0.231933 12 0.257576 9050 823 823 9050 861 8954 711 711 11285 1188 1188
r-293 14 0.340659 23 0.245059 2665 25558 2665 22153 2713 3001 34213 3001 17566 35314 17566
r-156 30 0.298851 34 0.263815 120794311 217999938 120794311 213370357 121053794 192604345 -1 192604345 173448110 244063324 173448110
r-790 25 0.27 39 0.306343 123136858 145865761 123136858 157701759 119827120 192717799 250569960 192717799 84665023 140772383 84665023
r-172 19 0.298246 24 0.275362 243496 626904 243496 584860 256806 340798 973342 340798 309023 481426 309023
r-106 31 0.339785 29 0.280788 40108217 54582197 54582197 50405374 46463747 68276428 94441357 94441357 56201121 65909734 65909734
r-398 16 0.266667 16 0.308333 11321 7711 11321 11372 6552 15554 10708 15554 14672 8944 14672
r-202 21 0.295238 30 0.291954 1020007 2809496 1020007 2763655 1013252 1447761 4488573 1447761 2337966 3254305 2337966
r-910 40 0.280769 29 0.307882 -1 230664393 230664393 -1 240924715 -1 -1 -1 -1 -1 -1
r-61 14 0.307692 14 0.362637 2316 1443 2316 2055 1250 2935 1854 2935 2735 3296 2735
r-104 14 0.351648 24 0.289855 8275 48547 8275 43070 8082 10404 68039 10404 20569 40050 20569
r-184 22 0.333333 23 0.272727 427005 756441 427005 725883 420766 621937 1235549 621937 905564 793085 905564
r-894 14 0.307692 28 0.306878 20256 103923 20256 93583 20675 24074 132578 24074 57444 44947 57444
r-551 33 0.323864 28 0.304233 96243931 80639421 80639421 107202623 75106650 168619611 135850900 135850900 104731661 89356064 89356064
r-953 19 0.263158 14 0.318681 39829 10131 10131 41160 10638 59941 13352 13352 29227 19448 19448
r-130 31 0.277419 13 0.294872 63828 2866 2866 64475 3025 72440 3108 3108 20858 4544 4544
r-604 24 0.344203 10 0.244444 437 239 239 439 234 393 165 165 535 511 511
r-729 14 0.362637 13 0.25641 2540 4991 4991 3291 3916 3344 6709 6709 3846 5096 5096
r-847 39 0.261808 26 0.276923 123171351 22520796 22520796 129537127 23494450 203175092 33850191 33850191 119198088 85327514 85327514
r-653 23 0.296443 18 0.294118 159748 66770 66770 169066 61087 244611 86829 86829 255473 252258 252258
r-364 26 0.323077 34 0.265597 17499477 55337293 17499477 49257879 19704097 27088576 95963118 27088576 27295104 55348913 27295104
r-518 33 0.316288 15 0.161905 642243 241572 241572 674201 236956 792346 279560 279560 508640 181807 181807
r-564 20 0.257895 18 0.261438 78170 65972 65972 83698 60360 113744 90656 90656 70146 90316 90316
r-215 31 0.27957 31 0.32043 75445234 55987891 75445234 73888511 54611899 132450770 96929692 132450770 90068026 58897183 90068026
r-225 39 0.337382 11 0.363636 1817 1077 1077 1817 1162 1837 1068 1068 3736 4170 4170
r-685 18 0.333333 27 0.293447 93059 464676 93059 413781 96780 122309 730529 122309 312217 780076 312217
r-503 15 0.266667 36 0.311111 54309 428977 54309 397496 54803 61069 526560 61069 57235 315680 57235
r-497 38 0.283073 35 0.304202 -1 -1 -1 -1 -1 -1 -1 -1 -1 -1 -1
r-231 34 0.279857 25 0.296667 49582200 20827596 20827596 52548492 21913568 83427150 30923197 30923197 52242815 34994454 34994454
r-927 32 0.308468 40 0.321795 -1 -1 -1 -1 -1 -1 -1 -1 -1 -1 -1
r-633 29 0.334975 21 0.32381 6922283 3278792 3278792 7309922 3279865 11757883 5025156 5025156 6677652 5060375 5060375
r-818 29 0.325123 29 0.283251 21080824 33183069 21080824 28807454 26305363 36164986 58474046 36164986 28321968 34726719 28321968
r-498 16 0.258333 38 0.30441 101424 540211 101424 492503 102003 119028 657540 119028 147601 1131999 147601
r-520 18 0.326797 30 0.273563 197777 972124 197777 865331 224052 229814 1456691 229814 234114 395783 234114
r-613 26 0.301538 24 0.315217 2278770 1867483 1867483 2492066 1669890 3774274 2957102 2957102 3047802 2904412 2904412
r-183 24 0.289855 14 0.296703 113716 30027 30027 118184 31496 151986 35614 35614 115793 44194 44194
r-723 28 0.325397 35 0.317647 86228926 143226346 86228926 144065943 83609219 145643732 -1 145643732 106126901 142401559 106126901
r-659 18 0.294118 39 0.279352 915652 4504574 915652 4172402 932630 1181325 6501987 1181325 1028756 3642804 1028756
r-896 24 0.315217 29 0.280788 7680765 16084982 7680765 15673668 8348119 11637121 26731814 11637121 12845829 16121463 12845829
r-441 25 0.336667 37 0.318318 27503734 72767774 27503734 66467389 27943218 44367697 130593810 44367697 47715842 59418991 47715842
r-205 11 0.218182 31 0.294624 186 98 186 95 183 132 75 132 195 429 195
r-999 37 0.322823 15 0.247619 232466 23012 23012 234727 21641 233162 18629 18629 149688 62434 62434
r-383 22 0.285714 14 0.285714 83472 23086 23086 85831 24084 111873 26497 26497 61928 23703 23703
r-256 10 0.377778 35 0.292437 251 565 251 560 250 221 571 221 260 640 260
r-972 26 0.332308 32 0.320565 22969072 46791603 22969072 45537366 22440305 38286245 82151735 38286245 22984885 24859608 22984885
r-128 39 0.290148 27 0.319088 181720384 79901419 79901419 191511199 83750913 -1 125640514 125640514 149636850 105959519 105959519
r-428 19 0.304094 21 0.357143 296954 212097 296954 270178 250026 478548 333536 478548 211258 221377 211258
r-101 28 0.296296 30 0.268966 23701318 43102426 23701318 38770745 23754106 38181900 71894024 38181900 29978463 41767863 29978463
r-486 19 0.263158 10 0.288889 3398 392 392 3399 402 3462 347 347 4923 2892 2892
r-46 16 0.25 11 0.418182 1732 134 134 1822 137 2422 187 187 1528 2331 2331
r-197 32 0.292339 15 0.209524 182094 39855 39855 185433 41319 207884 37694 37694 207777 48841 48841
r-112 13 0.25641 10 0.266667 380 59 59 380 55 400 79 79 483 135 135
r-136 26 0.264615 22 0.272727 2840918 1518557 1518557 3054082 1484056 3810357 2037569 2037569 2682418 1873512 1873512
r-438 22 0.30303 35 0.289076 3257247 12390720 3257247 11867444 3388384 4586452 20292172 4586452 4734871 14487901 4734871
r-971 14 0.296703 11 0.363636 1513 1634 1634 1622 1387 1914 1934 1934 1558 1346 1346
r-289 30 0.305747 32 0.268145 51166903 80814126 51166903 76148543 50862151 83166385 136948829 83166385 64872378 91840950 64872378
r-238 22 0.316017 11 0.309091 7967 1320 1320 7982 1395 8161 1264 1264 7528 1864 1864
r-738 24 0.347826 18 0.281046 312032 292625 292625 359297 256816 466086 418993 418993 380533 311919 311919
r-570 30 0.266667 21 0.285714 4608963 1323458 1323458 4831055 1366480 7366547 1853377 1853377 4226216 2131750 2131750
r-630 23 0.328063 12 0.30303 5563 646 646 5594 660 5684 698 698 7116 6336 6336
r-683 23 0.249012 15 0.285714 58733 9979 9979 60594 10078 81352 11679 11679 36311 16421 16421
r-228 15 0.247619 36 0.307937 77557 491972 77557 475127 78209 86390 594177 86390 126586 405397 126586
r-715 31 0.294624 13 0.25641 42337 6235 6235 42352 6606 42481 6306 6306 28804 10410 10410
r-99 28 0.277778 34 0.304813 43730360 65234346 43730360 73543007 39845862 70964002 111386046 70964002 78543959 65965472 78543959
r-596 21 0.342857 30 0.314943 1751116 3211677 1751116 2938811 1704524 2598197 5500221 2598197 1714232 2113842 1714232
r-377 25 0.303333 37 0.3003 31855060 83450123 31855060 79977401 31986856 50673864 145757659 50673864 47883403 81474412 47883403
r-625 12 0.287879 24 0.32971 2989 16510 2989 14160 3055 2684 16756 2684 6360 12113 6360
r-264 14 0.318681 21 0.319048 12259 34062 12259 30726 11374 15206 48747 15206 29680 26076 29680
r-30 39 0.311741 18 0.30719 4522036 523854 523854 4694175 540974 6594145 665347 665347 3572532 1056319 1056319
r-841 11 0.218182 35 0.321008 361 384 361 405 354 221 272 221 87 55 87
r-703 16 0.341667 10 0.355556 837 140 140 838 136 865 164 164 1087 521 521
r-634 26 0.301538 12 0.287879 25131 2159 2159 25108 2210 26589 2291 2291 13450 6403 6403
r-942 15 0.32381 35 0.263866 30367 206563 30367 186111 30729 38085 248439 38085 278989 228744 278989
r-693 23 0.288538 35 0.346218 26935748 38552631 26935748 42162339 25625226 41831687 65366659 41831687 32133776 40725127 32133776
r-612 30 0.310345 24 0.25 4530191 4415858 4415858 5112944 4066143 7379761 7021225 7021225 10446681 4906569 4906569
r-575 36 0.293651 32 0.302419 -1 -1 -1 -1 -1 -1 -1 -1 -1 -1 -1
r-568 25 0.29 36 0.295238 22323707 55904097 22323707 53703807 22388515 34241406 93309870 34241406 40837261 47802068 40837261
r-126 27 0.299145 15 0.32381 202104 34359 34359 206416 34386 283212 41943 41943 140351 62419 62419
r-461 18 0.287582 25 0.286667 116108 330595 116108 306867 114269 155057 504236 155057 237629 290483 237629
r-336 23 0.252964 19 0.333333 702578 211744 211744 709470 241962 1135586 306024 306024 480532 351641 351641
r-23 13 0.282051 32 0.274194 1457 28835 1457 26746 1509 1456 28826 1456 14209 29910 14209
r-574 36 0.331746 37 0.28979 -1 -1 -1 -1 -1 -1 -1 -1 -1 -1 -1
r-114 12 0.333333 16 0.308333 1763 4288 1763 3760 1748 2103 5618 2103 2478 4092 2478
r-965 21 0.304762 28 0.298942 1059227 2059550 1059227 2001980 1073685 1575104 3450894 1575104 943100 1636269 943100
r-813 29 0.295567 11 0.345455 22319 1732 1732 22326 1686 22410 1789 1789 14990 5769 5769
r-622 11 0.309091 10 0.311111 202 209 209 228 188 270 264 264 1080 340 340
r-109 21 0.333333 14 0.296703 18200 6873 6873 19363 6216 25262 8259 8259 21645 11815 11815
r-652 25 0.26 14 0.263736 39534 3363 3363 40579 3212 46547 3470 3470 30381 7923 7923
r-980 34 0.306595 26 0.316923 82276049 46508775 46508775 87564100 45996512 146080150 75635449 75635449 77176629 60630906 60630906
r-302 35 0.290756 25 0.33 41172939 13001151 13001151 41947471 13521238 72530829 17698867 17698867 35175042 18375230 18375230
r-641 24 0.278986 20 0.347368 1762301 661492 661492 1775600 684935 2955242 984359 984359 1260833 924854 924854
r-329 31 0.290323 33 0.293561 236990079 204838943 236990079 237191383 219703054 -1 -1 -1 -1 -1 -1
r-467 29 0.268473 34 0.322638 72774775 78929021 72774775 101828949 62532727 123984783 135620626 123984783 93105055 114517025 93105055
r-69 17 0.257353 13 0.307692 8525 2559 2559 8879 2654 11320 2691 2691 7114 3981 3981
r-446 40 0.30641 33 0.282197 -1 -1 -1 -1 -1 -1 -1 -1 -1 -1 -1
r-31 18 0.300654 15 0.257143 13894 8698 8698 14396 8088 18465 11508 11508 16602 10090 10090
r-692 40 0.310256 28 0.283069 -1 -1 -1 -1 -1 -1 -1 -1 -1 -1 -1
r-242 23 0.27668 16 0.308333 288985 88976 88976 299081 91563 448011 121268 121268 252075 146913 146913
r-727 11 0.345455 27 0.330484 1119 13891 1119 12593 1207 1156 13923 1156 2309 9194 2309
r-47 21 0.285714 23 0.288538 689138 880361 689138 956505 661319 963381 1368108 963381 911699 868500 911699
r-562 12 0.393939 24 0.297101 5300 18363 5300 16160 5551 1575 20218 1575 1972 4589 1972
r-543 23 0.3083 36 0.287302 7418497 25706654 7418497 23937024 7708575 10931710 42337518 10931710 9353081 22665875 9353081
r-873 40 0.291026 40 0.308974 -1 -1 -1 -1 -1 -1 -1 -1 -1 -1 -1
r-176 39 0.310391 30 0.268966 -1 -1 -1 -1 -1 -1 -1 -1 -1 -1 -1
r-431 38 0.29303 22 0.277056 31236596 10657438 10657438 32778942 10705427 47070069 13532335 13532335 28778320 12536665 12536665
r-405 30 0.328736 26 0.261538 11474406 15702720 15702720 14266375 13763158 19383997 26445631 26445631 15188178 26982858 26982858
r-962 38 0.278805 20 0.336842 8577117 1288147 1288147 8781790 1357782 13478417 1795161 1795161 7586537 1865050 1865050
r-78 15 0.314286 14 0.362637 6712 4796 4796 6855 4250 9432 6577 6577 10772 5425 5425
r-247 23 0.375494 12 0.257576 8205 3005 3005 8526 2752 8443 3151 3151 12182 4230 4230
r-906 35 0.294118 33 0.295455 -1 -1 -1 -1 -1 -1 -1 -1 -1 -1 -1
r-379 21 0.261905 35 0.317647 3071126 11162032 3071126 11559321 3021644 4412095 18154947 4412095 5001183 7032627 5001183
r-875 32 0.274194 30 0.257471 137083218 142818310 142818310 163614583 129500019 220762422 231070559 231070559 216997000 197842371 197842371
r-393 25 0.34 22 0.294372 1543663 1560146 1560146 1834544 1388522 2499911 2546699 2546699 2080297 1633820 1633820
r-36 34 0.340463 14 0.340659 325031 50470 50470 334855 51425 407990 57288 57288 193746 72101 72101
r-713 16 0.333333 32 0.290323 235508 1376810 235508 1251489 239757 299717 2028684 299717 310370 859963 310370
r-25 30 0.326437 29 0.29803 46705146 54969630 54969630 57292197 45724930 81134865 95711906 95711906 54869882 55059714 55059714
r-892 26 0.264615 24 0.253623 2046337 1411184 1411184 2262126 1295703 3154568 2138161 2138161 3596503 2759627 2759627
r-795 17 0.272059 15 0.304762 17853 9949 9949 17820 9318 26147 13193 13193 14022 8330 8330
r-607 33 0.314394 31 0.296774 188066184 134378200 134378200 217378701 119016450 -1 239459811 -1 151732093 164888535 164888535
r-74 18 0.254902 31 0.270968 359191 948147 359191 932388 361955 457551 1362616 457551 470347 1095624 470347
r-382 32 0.292339 15 0.333333 429644 90710 90710 440981 91067 590388 114217 114217 295427 144366 144366
r-940 24 0.300725 25 0.256667 2688564 3920864 2688564 3458527 2629000 4014242 6185139 4014242 2812207 3657667 2812207
r-339 20 0.363158 15 0.342857 51802 25778 25778 54619 23378 76248 34048 34048 47247 41197 41197
r-513 27 0.287749 34 0.313725 25989115 56291902 25989115 62515313 23931688 43372470 99435178 43372470 30093178 40139428 30093178
r-826 21 0.290476 32 0.3125 2598114 6101936 2598114 6136290 2529745 3655412 9724412 3655412 3311381 6235399 3311381
r-413 25 0.27 35 0.29916 16373623 30042909 16373623 31607657 15795177 25581015 51411106 25581015 23165391 36049191 23165391
r-95 23 0.26087 10 0.288889 8808 874 874 8808 889 8836 921 921 8037 833 833
r-133 23 0.296443 13 0.294872 11982 1548 1548 12217 1586 13559 1615 1615 9145 5294 5294
r-285 31 0.305376 19 0.298246 1684122 1034547 1034547 1748571 1047135 2611671 1412195 1412195 1455675 1046340 1046340
r-571 22 0.34632 38 0.274538 2900568 19190474 2900568 16990186 3221665 4038401 31466369 4038401 9871699 16398114 9871699
r-472 26 0.332308 22 0.311688 3600262 3026736 3026736 4107097 2809746 6072662 4799695 4799695 3743934 3519160 3519160
r-430 21 0.285714 36 0.298413 2443924 13538663 2443924 13052517 2457949 3371901 21375671 3371901 3897780 8116555 3897780
r-127 12 0.30303 34 0.363636 4050 55973 4050 49808 4077 2183 51686 2183 10818 57584 10818
r-350 12 0.287879 35 0.314286 1774 33763 1774 31736 1789 1752 33760 1752 1025 5509 1025
r-621 35 0.309244 38 0.318634 -1 -1 -1 -1 -1 -1 -1 -1 -1 -1 -1
r-852 13 0.384615 23 0.312253 9447 59837 9447 51406 9835 11188 86533 11188 26155 41140 26155
r-485 34 0.299465 22 0.320346 7417061 2992166 2992166 7686065 3110442 12026778 3895195 3895195 6268621 4982279 4982279
r-292 35 0.287395 25 0.313333 48375809 17558296 17558296 50902580 17906478 85314117 27757520 27757520 45584595 33742005 33742005
r-236 21 0.347619 27 0.319088 995856 2176101 995856 2007291 958229 1509827 3714372 1509827 1739638 2051308 1739638
r-331 29 0.305419 16 0.291667 252241 140151 140151 261984 146942 350810 175092 175092 275873 87822 87822
r-817 21 0.257143 17 0.316176 72162 28613 28613 74410 31197 109280 38109 38109 64990 69265 69265
r-220 17 0.330882 21 0.295238 16821 39727 16821 37850 14713 21165 60594 21165 18035 52211 18035
r-567 22 0.333333 38 0.307255 4633731 34564600 4633731 31875231 4697513 6573812 58117755 6573812 15481905 25001132 15481905
r-165 23 0.312253 22 0.30303 1286113 1087478 1087478 1442438 1028431 2089484 1790150 1790150 1139764 1067382 1067382
r-809 28 0.322751 19 0.333333 1364026 527847 527847 1448584 533868 2277517 761396 761396 1255305 795828 795828
r-209 36 0.322222 39 0.306343 -1 -1 -1 -1 -1 -1 -1 -1 -1 -1 -1
r-160 20 0.236842 26 0.258462 331491 767783 331491 762135 326160 437293 1162828 437293 431998 833286 431998
r-93 32 0.302419 29 0.307882 115315148 90105464 90105464 128538974 86967152 203120607 151177088 151177088 132993144 112528732 112528732
r-775 31 0.288172 37 0.306306 -1 -1 -1 -1 -1 -1 -1 -1 -1 -1 -1
r-969 21 0.285714 25 0.253333 395173 904348 395173 831724 467558 541495 1376126 541495 584289 638191 584289
r-606 40 0.273077 20 0.242105 5314584 2009832 2009832 5563885 2086182 7401359 2485757 2485757 9403439 3971175 3971175
r-436 21 0.309524 22 0.333333 910171 893162 910171 1114136 803159 1456110 1397652 1456110 512158 639310 512158
r-139 35 0.302521 21 0.266667 6839321 2327395 2327395 7231724 2310135 10865078 3235273 3235273 7315648 6243466 6243466
r-325 12 0.272727 30 0.262069 1599 22525 1599 20189 1598 1659 22571 1659 15320 25770 15320
r-196 26 0.307692 22 0.281385 1697704 1693142 1693142 1860848 1533530 2731971 2565261 2565261 1933464 1908248 1908248
r-267 27 0.336182 19 0.333333 1290377 409676 409676 1360605 394653 2118714 593001 593001 1004758 669577 669577
r-833 14 0.318681 16 0.316667 2319 4735 2319 4680 2134 2380 5834 2380 4296 8228 4296
r-544 16 0.258333 37 0.28979 62640 1436460 62640 1333534 62906 70143 1819183 70143 224597 1126992 224597
r-129 15 0.266667 16 0.416667 21424 11323 21424 22671 14330 32485 15160 32485 9587 15871 9587
r-804 32 0.294355 31 0.288172 97789326 132713412 132713412 120302958 108272283 166738869 220646780 220646780 115325751 126606051 126606051
r-193 40 0.312821 17 0.375 2899346 350107 350107 2978807 359102 4292282 381453 381453 2295715 437658 437658
r-207 20 0.326316 11 0.345455 12210 2196 2196 12555 2182 15618 2437 2437 7844 4709 4709
r-763 13 0.346154 21 0.266667 6097 27944 6097 23374 6055 7469 38908 7469 8608 22344 8608
r-697 24 0.307971 32 0.302419 14088489 30969192 14088489 28336275 14216489 21951874 51598618 21951874 19687896 31111203 19687896
r-245 15 0.266667 34 0.306595 49086 396272 49086 361052 47555 55685 495149 55685 85423 249366 85423
r-96 30 0.305747 10 0.4 6754 234 234 6754 238 6602 187 187 2314 417 417
r-996 34 0.326203 31 0.316129 176774429 120782143 120782143 202922032 107531938 -1 219031611 219031611 158748654 157343448 157343448
r-43 35 0.317647 37 0.28979 -1 -1 -1 -1 -1 -1 -1 -1 -1 -1 -1
r-822 13 0.320513 10 0.266667 1102 583 583 1160 537 1315 661 661 361 251 251
r-180 14 0.318681 30 0.296552 10331 88925 10331 81474 10706 11444 111296 11444 22536 70388 22536
r-884 11 0.272727 21 0.347619 2267 9164 2267 8588 2268 2467 9399 2467 2611 7788 2611
r-115 17 0.286765 34 0.326203 454991 1815291 454991 1761890 451526 569345 2615120 569345 1302625 1635655 1302625
r-531 27 0.321937 21 0.309524 2813787 1794286 1794286 3153251 1698504 4725122 2709263 2709263 3302434 2449893 2449893
r-744 17 0.330882 36 0.303175 416871 2268067 416871 2111566 416444 529771 3343378 529771 998932 1889801 998932
r-64 13 0.333333 40 0.294872 7776 149114 7776 137350 7861 7994 150346 7994 14858 134532 14858
r-800 25 0.326667 32 0.328629 12897567 28255806 12897567 28580199 12652637 21487930 50053419 21487930 20875793 24784075 20875793
r-198 14 0.32967 40 0.291026 62052 495328 62052 448385 62434 68821 589017 68821 154126 319672 154126
r-137 12 0.242424 39 0.310391 1550 1686 1550 1867 1559 1537 1707 1537 349 701 349
r-361 37 0.306306 16 0.3 1545977 223669 223669 1584470 230290 2076670 267007 267007 1074353 398498 398498
r-53 10 0.377778 26 0.28 816 11152 816 9886 881 780 11144 780 1413 7265 1413
r-175 26 0.313846 38 0.28165 86462290 242856742 86462290 224324996 88561622 136681315 -1 136681315 134037883 204114573 134037883
r-162 12 0.272727 22 0.272727 1046 8837 1046 7815 1086 1128 9647 1128 1401 5805 1401
r-952 32 0.300403 38 0.27596 -1 -1 -1 -1 -1 -1 -1 -1 -1 -1 -1
r-899 37 0.283784 25 0.3 105755510 39109001 39109001 111248491 39829640 178929485 59106359 59106359 96656322 61135893 61135893
r-805 12 0.318182 19 0.304094 1360 10713 1360 9414 1580 1535 13563 1535 4529 7234 4529
r-960 20 0.336842 17 0.301471 106108 109357 109357 121241 93078 161647 154914 154914 138464 135834 135834
r-696 37 0.306306 40 0.301282 -1 -1 -1 -1 -1 -1 -1 -1 -1 -1 -1
r-191 39 0.290148 27 0.253561 176545381 112623855 112623855 195752595 108342505 -1 177988804 177988804 168252256 107805746 107805746
r-208 20 0.284211 23 0.312253 316221 342825 316221 374820 273893 472542 535097 472542 394009 744482 394009
r-223 37 0.315315 23 0.29249 31200543 12164698 12164698 33220085 11837681 52374651 17924346 17924346 33422179 16879522 16879522
r-819 34 0.338681 28 0.328042 95475132 72447131 72447131 105133221 67663718 176634420 126303764 126303764 98658617 86602079 86602079
r-640 30 0.282759 18 0.300654 944878 245016 245016 965927 242187 1407439 307991 307991 451858 381452 381452
r-620 12 0.348485 20 0.3 3356 11785 3356 9246 3431 3924 14846 3924 6205 8854 6205
r-276 34 0.299465 22 0.264069 13194456 4894756 4894756 14087963 4848254 21340289 7075088 7075088 14280209 11931731 11931731
r-895 32 0.274194 10 0.244444 108 133 133 110 136 111 114 114 33 145 145
r-747 26 0.310769 17 0.264706 305728 119246 119246 319530 113027 442066 154236 154236 222900 140703 140703
r-583 32 0.28629 26 0.267692 22218026 13258627 13258627 25309413 12265195 37830184 20777975 20777975 18685978 29256185 29256185
r-298 32 0.302419 40 0.294872 -1 -1 -1 -1 -1 -1 -1 -1 -1 -1 -1
r-977 12 0.287879 39 0.283401 1461 2547 1461 2384 1452 1345 2449 1345 241 232 241
r-450 39 0.310391 10 0.355556 71 101 101 71 101 94 94 94 192 187 187
r-637 14 0.32967 20 0.315789 6510 30664 6510 28899 7175 7651 43636 7651 13592 28395 13592
r-566 32 0.308468 25 0.313333 42493402 20117524 20117524 45429522 19310690 73022571 31815583 31815583 29388668 31678028 31678028
r-492 19 0.298246 10 0.244444 1284 648 648 1284 646 1251 601 601 163 140 140
r-904 20 0.305263 37 0.307808 2973643 13462396 2973643 12582957 2969657 4013486 21097286 4013486 5987357 11885957 5987357
r-958 20 0.310526 14 0.296703 21204 7580 7580 21969 7455 28904 9530 9530 26485 17444 17444
r-855 16 0.266667 16 0.283333 11704 9564 11704 12181 8274 16284 12668 16284 12974 13183 12974
r-120 14 0.318681 26 0.267692 5191 69184 5191 58790 5454 5823 90139 5823 31255 50289 31255
r-116 21 0.309524 40 0.284615 2944037 16442815 2944037 14762239 3053317 4014326 25557350 4014326 5149766 12637114 5149766
r-898 39 0.302294 35 0.284034 -1 -1 -1 -1 -1 -1 -1 -1 -1 -1 -1
r-669 14 0.21978 10 0.266667 1138 441 441 1171 447 1391 471 471 2545 400 400
r-924 18 0.366013 25 0.276667 124069 503497 124069 433646 138879 180195 821343 180195 208678 412295 208678
r-734 14 0.296703 10 0.244444 1732 531 531 1758 549 2158 581 581 1635 756 756
r-204 40 0.291026 34 0.319073 -1 -1 -1 -1 -1 -1 -1 -1 -1 -1 -1
r-62 32 0.326613 27 0.25641 25043650 31155097 31155097 30156019 26212758 42087836 51865437 51865437 21784607 29544427 29544427
r-760 32 0.294355 22 0.242424 6866472 3558022 3558022 7541360 3499096 10901049 5160506 5160506 6975801 4185803 4185803
r-33 40 0.275641 32 0.294355 -1 -1 -1 -1 -1 -1 -1 -1 -1 -1 -1
r-995 39 0.287449 30 0.28046 -1 -1 -1 -1 -1 -1 -1 -1 -1 -1 -1
r-534 23 0.335968 12 0.257576 26299 6997 6997 26904 6495 32765 7612 7612 31234 18069 18069
r-754 21 0.328571 13 0.205128 9303 5033 5033 10031 4791 11223 5651 5651 9662 6251 6251
r-882 19 0.304094 27 0.25641 253644 1015495 253644 920369 298044 344274 1527211 344274 650276 944123 650276
r-344 32 0.294355 21 0.238095 3664634 2266157 2266157 4011281 2140347 5575619 3106829 3106829 4055922 2582450 2582450
r-370 36 0.304762 15 0.304762 529471 42727 42727 543165 44311 686772 50497 50497 182239 43440 43440
r-581 26 0.335385 21 0.342857 2097938 1345137 1345137 2258447 1311895 3660148 2156376 2156376 1914052 1495978 1495978
r-632 34 0.301248 18 0.313725 4346701 974640 974640 4559198 1014424 6579801 1275574 1275574 3038226 1620523 1620523
r-185 29 0.344828 30 0.287356 25851463 47156027 25851463 40204536 25811891 43630195 84207321 43630195 36796518 43228810 36796518
r-798 21 0.233333 30 0.268966 2366882 3544743 2366882 3659940 2294133 3340694 5234374 3340694 2828230 4195623 2828230
r-57 35 0.339496 19 0.298246 8918479 4597053 4597053 9352531 4437914 14312328 6492847 6492847 6779664 3636798 3636798
r-981 38 0.301565 22 0.272727 40603254 12417183 12417183 43066420 12749747 66441681 17970725 17970725 32118668 20742955 20742955
r-988 38 0.29303 17 0.345588 1819377 233027 233027 1870612 243120 2536928 294794 294794 529660 567529 567529
r-368 33 0.299242 35 0.30084 -1 -1 -1 -1 -1 -1 -1 -1 -1 -1 -1
r-76 27 0.333333 37 0.297297 48305902 75994334 48305902 73052065 50380674 77782362 136979292 77782362 112165109 76787170 112165109
r-1000 27 0.353276 21 0.328571 2077182 1272947 1272947 2169438 1207024 3173699 1994840 1994840 1911831 1588650 1588650
r-9 31 0.316129 18 0.267974 615363 163931 163931 647898 158558 893262 201853 201853 753643 381551 381551
r-856 32 0.330645 14 0.32967 130706 18837 18837 134681 19466 165194 21115 21115 112661 45938 45938
r-153 16 0.216667 13 0.230769 4756 2929 2929 4945 2858 5598 3371 3371 4566 4476 4476
r-451 21 0.266667 23 0.339921 666270 416680 666270 623370 542670 1060141 652870 1060141 968356 609170 968356
r-60 40 0.320513 39 0.300945 -1 -1 -1 -1 -1 -1 -1 -1 -1 -1 -1
r-421 26 0.28 40 0.303846 107907635 216393586 107907635 226392323 107170707 168649376 -1 168649376 124687085 223993455 124687085
r-585 25 0.29 23 0.284585 2581382 2095163 2095163 2789074 1980817 4093740 3287070 3287070 3531421 1862290 1862290
r-667 11 0.254545 27 0.333333 7261 26071 7261 24165 7303 5542 23670 5542 160 91 160
r-145 25 0.246667 11 0.345455 1841 488 488 1850 495 1594 298 298 472 652 652
r-253 23 0.29249 11 0.309091 7497 1009 1009 7498 1040 7465 997 997 6162 1135 1135
r-639 32 0.28629 27 0.290598 23548191 23886476 23886476 25603940 23657074 40554822 38629663 38629663 51331049 19040120 19040120
r-321 29 0.278325 20 0.305263 1559114 364391 364391 1618278 388969 2471818 476053 476053 1205123 642783 642783
r-741 15 0.32381 36 0.304762 209180 1046041 209180 987504 212464 249400 1402106 249400 450625 817426 450625
r-825 12 0.272727 20 0.284211 2454 12009 2454 10253 2517 2721 14885 2721 5875 15186 5875
r-660 16 0.283333 36 0.304762 125771 988673 125771 850263 125492 147981 1347955 147981 323332 910352 323332
r-672 17 0.272059 33 0.284091 369099 1442518 369099 1332365 375515 462485 2061408 462485 336976 678575 336976
r-643 13 0.282051 40 0.280769 7757 107891 7757 96698 7853 7820 107959 7820 19748 87021 19748
r-434 31 0.326882 30 0.301149 92281319 106667242 106667242 112000011 91559059 163295818 191061527 191061527 116273268 118457211 118457211
r-404 26 0.301538 16 0.2 123580 66858 66858 132186 64989 172628 85334 85334 210071 116924 116924
r-385 35 0.27563 12 0.333333 36195 2276 2276 36200 2300 36261 2343 2343 24807 3303 3303
r-582 37 0.336336 29 0.307882 -1 -1 -1 -1 -1 -1 -1 -1 -1 -1 -1
r-280 37 0.283784 37 0.313814 -1 -1 -1 -1 -1 -1 -1 -1 -1 -1 -1
r-767 17 0.264706 33 0.327652 472027 850166 472027 800597 469999 616032 1224406 616032 655284 652892 655284
r-179 39 0.287449 31 0.275269 -1 -1 -1 -1 -1 -1 -1 -1 -1 -1 -1
r-222 36 0.293651 12 0.318182 51126 3759 3759 51126 3988 51196 3625 3625 40889 14287 14287
r-687 26 0.283077 32 0.3125 24086773 31273146 24086773 33911160 23228770 39549336 53055873 39549336 27095017 36692642 27095017
r-956 32 0.282258 15 0.304762 473329 57237 57237 487177 59752 629015 69155 69155 394734 179423 179423
r-89 20 0.289474 17 0.294118 52062 30687 30687 56174 27592 77713 40026 40026 58477 47021 47021
r-194 27 0.310541 29 0.310345 17593467 31946874 17593467 32229071 16782015 29913167 54949587 29913167 19614188 21427523 19614188
r-234 25 0.316667 24 0.297101 1474544 1708538 1708538 1710832 1401781 2361520 2796640 2796640 2147663 2436061 2436061
r-943 20 0.3 40 0.324359 7320964 27077396 7320964 26032811 7253465 9851837 42169437 9851837 12312723 24925630 12312723
r-657 34 0.308378 14 0.362637 175007 55290 55290 180006 57836 222007 68203 68203 109382 27806 27806
r-464 30 0.317241 11 0.418182 26493 1966 1966 26494 1987 26546 2018 2018 19062 4443 4443
r-529 34 0.297683 14 0.252747 147096 12209 12209 150080 12491 168504 12506 12506 232618 27223 27223
r-871 13 0.333333 26 0.298462 6968 40057 6968 35780 6678 7595 50165 7595 6934 27253 6934
r-488 29 0.270936 30 0.301149 45308384 19785016 45308384 25157808 37810519 73765553 31813954 73765553 32951226 29765864 32951226
r-803 25 0.29 26 0.344615 14453243 9693772 14453243 14118971 11820797 24774756 16102522 24774756 14547478 12712424 14547478
r-445 24 0.318841 30 0.287356 6496384 14690227 6496384 13682017 6589822 10084367 25036367 10084367 11187089 14704948 11187089
r-658 27 0.296296 19 0.315789 709642 322172 322172 731899 320596 816725 262604 262604 575165 365678 365678
r-37 34 0.286988 11 0.254545 111 133 133 110 136 125 124 124 10271 2156 2156
r-271 10 0.311111 13 0.435897 953 1188 953 1449 810 1030 1448 1030 1151 762 1151
r-912 10 0.288889 38 0.315789 91 48 91 44 91 89 70 89 278 301 278
r-949 39 0.311741 40 0.30641 -1 -1 -1 -1 -1 -1 -1 -1 -1 -1 -1
r-527 35 0.334454 32 0.282258 -1 -1 -1 -1 -1 -1 -1 -1 -1 -1 -1
r-951 16 0.325 13 0.307692 15102 9061 9061 15990 8773 21380 11698 11698 15993 15170 15170
r-753 27 0.287749 39 0.309042 117651425 224797269 117651425 225314141 116413319 188650115 -1 188650115 143779867 230496629 143779867
r-399 33 0.308712 22 0.298701 8523491 6104334 6104334 9006523 6067302 14115594 8773403 8773403 12918995 6438952 6438952
r-390 38 0.297297 26 0.273846 131044486 68445936 68445936 142516642 66891231 225194615 106236300 106236300 134950483 105765277 105765277
r-619 13 0.371795 23 0.280632 3603 17010 3603 14968 4145 4414 22421 4414 11571 10581 11571
r-1 14 0.373626 26 0.307692 12341 76581 12341 67086 11832 14977 109049 14977 23200 48875 23200
r-635 13 0.371795 20 0.289474 6621 27037 6621 24013 7138 8476 39579 8476 12224 17576 12224
r-392 17 0.352941 35 0.294118 428995 1461437 428995 1329163 431177 590943 2214647 590943 521662 1220828 521662
r-915 29 0.307882 30 0.287356 52538070 61693043 52538070 66758750 49570286 87535121 106721899 87535121 67615175 69082330 67615175
r-241 19 0.298246 21 0.257143 62434 126137 62434 105175 74297 88129 191312 88129 97427 134482 97427
r-134 31 0.316129 36 0.290476 211517421 -1 211517421 -1 210353885 -1 -1 -1 -1 -1 -1
r-272 30 0.305747 10 0.222222 61 99 99 59 100 56 77 77 33 64 64
r-29 29 0.312808 28 0.293651 16355431 20573749 20573749 20519708 17057422 27607594 34634503 34634503 20601157 21538255 21538255
r-250 11 0.272727 18 0.352941 1270 2401 1270 2512 1234 1312 2528 1312 2017 3115 2017
r-94 12 0.19697 26 0.28 626 5573 626 5059 630 542 5477 542 1771 692 1771
r-263 16 0.325 30 0.289655 29390 221773 29390 197447 30514 34370 296797 34370 78709 397924 78709
r-970 23 0.284585 24 0.289855 2391349 1828559 2391349 2500472 2273073 3775753 2935357 3775753 2762432 2059121 2762432
r-886 10 0.333333 20 0.378947 1005 4450 1005 4100 1014 1050 4482 1050 1695 4136 1695
r-17 13 0.269231 28 0.267196 1026 18256 1026 15790 1070 972 18321 972 3427 26278 3427
r-726 38 0.328592 22 0.255411 28351260 15487910 15487910 30871380 14761536 45938907 22293123 22293123 36518898 22533648 22533648
r-419 31 0.275269 27 0.339031 31038629 14664619 14664619 31926999 14910470 55569906 23802498 23802498 30798744 22323640 22323640
r-470 19 0.292398 29 0.288177 954555 2357896 954555 2311526 963654 1301958 3589994 1301958 1667242 2314150 1667242
r-508 33 0.299242 30 0.34023 186754048 115668704 115668704 198364978 117146166 -1 199537864 199537864 185246672 171768345 171768345
r-535 11 0.309091 26 0.326154 2828 25071 2828 21797 2816 2864 24824 2864 8196 15344 8196
r-70 19 0.280702 18 0.27451 64032 48791 48791 68360 43677 93331 69085 69085 99009 79207 79207
r-770 16 0.308333 37 0.282282 145411 1326364 145411 1178942 145852 171870 1776965 171870 483078 973459 483078
r-781 16 0.258333 10 0.222222 4161 692 692 4266 598 4671 709 709 1115 970 970
r-997 21 0.314286 34 0.279857 3318662 13340417 3318662 12168321 3468568 4557981 21438699 4557981 4136092 11739514 4136092
r-863 23 0.29249 12 0.333333 14125 3695 3695 14502 4079 16741 4161 4161 8438 6137 6137
r-320 40 0.29359 21 0.333333 29786314 6802052 6802052 30769158 7040577 47854518 9676961 9676961 27009573 12861177 12861177
r-861 16 0.3 11 0.181818 1425 620 620 1435 618 1486 630 630 5057 2162 2162
r-587 25 0.26 38 0.307255 37196448 106237181 37196448 115807962 36339865 57113903 178244415 57113903 39428335 72462449 39428335
r-663 29 0.312808 29 0.334975 33031433 24524969 33031433 34393994 22977172 59595998 43748848 59595998 36908035 45666279 36908035
r-226 28 0.275132 13 0.333333 57336 4311 4311 60012 4346 71660 4666 4666 49864 9916 9916
r-422 13 0.269231 26 0.295385 2482 19400 2482 18165 2469 2622 20255 2622 20686 10796 20686
r-507 25 0.276667 26 0.286154 4936709 6219756 4936709 7350278 4588522 7708454 9909284 7708454 2980228 2993806 2980228
r-295 37 0.286787 27 0.34188 174310795 62979726 62979726 180472906 67613268 -1 101218804 101218804 165479260 89842314 89842314
r-549 11 0.290909 26 0.292308 757 10427 757 9829 819 820 10629 820 1260 10876 1260
r-90 20 0.289474 40 0.314103 3487416 9136084 3487416 8601648 3471587 4664898 14107594 4664898 5357210 8460691 5357210
r-931 24 0.286232 28 0.335979 5704840 5729226 5704840 6961887 4743396 9317084 9522752 9317084 6186052 6327788 6186052
r-603 23 0.29249 36 0.252381 7757375 32116166 7757375 28454114 8378431 10580305 50960383 10580305 10083013 29972748 10083013
r-689 22 0.341991 17 0.375 164864 41206 41206 169961 40116 271602 55650 55650 126897 151469 151469
r-890 19 0.233918 27 0.324786 515187 493785 515187 651104 468453 685088 577754 685088 424272 418166 424272
r-963 16 0.308333 40 0.342308 229966 1392896 229966 1308612 228030 272018 1878126 272018 249863 1398504 249863
r-396 27 0.287749 23 0.316206 2551619 1434833 1434833 2689214 1354328 4253373 2164372 2164372 2935554 2050553 2050553
r-893 19 0.274854 40 0.264103 641510 4803174 641510 4266306 658279 782783 6739539 782783 1528980 4015829 1528980
r-244 11 0.218182 29 0.293103 655 1688 655 1608 641 541 1590 541 196 227 196
r-955 16 0.35 16 0.275 10458 20950 10458 14873 16098 13857 29946 13857 26203 19940 26203
r-283 19 0.350877 21 0.314286 160513 239199 160513 220142 154294 238271 381603 238271 166214 245033 166214
r-601 11 0.4 20 0.326316 1446 10207 1446 8723 1456 1666 13199 1666 3872 7709 3872
r-378 23 0.288538 11 0.236364 373 311 311 376 320 336 205 205 3923 879 879
r-872 20 0.326316 38 0.311522 3165694 14037618 3165694 13278555 3157207 4500947 22869307 4500947 6063026 12230207 6063026
r-789 20 0.336842 18 0.366013 73416 56752 56752 78216 51776 114494 81688 81688 111249 61454 61454
r-569 17 0.294118 37 0.274775 97519 1432010 97519 1279524 97508 114924 1929570 114924 244436 919441 244436
r-557 12 0.318182 11 0.272727 871 670 670 816 547 1021 830 830 1564 1262 1262
r-646 19 0.350877 33 0.289773 273337 1773946 273337 1550089 278041 382842 2864015 382842 360083 1113311 360083
r-730 14 0.373626 24 0.293478 8728 52070 8728 43859 8707 10603 74227 10603 28737 44661 28737
r-799 34 0.306595 22 0.238095 10569844 5413842 5413842 11564096 5209898 16850884 7878934 7878934 13589269 11537144 11537144
r-478 11 0.327273 30 0.298851 918 2454 918 2242 953 870 2414 870 1988 2827 1988
r-925 13 0.282051 20 0.284211 2479 10128 2479 9301 2524 3000 13187 3000 9325 15627 9325
r-846 12 0.227273 22 0.25974 1018 9201 1018 8012 1044 1031 9203 1031 3559 10437 3559
r-63 28 0.269841 37 0.283784 195404859 -1 195404859 -1 192867556 -1 -1 -1 228863313 -1 228863313
r-457 14 0.285714 29 0.283251 13287 116002 13287 97346 13638 14311 141208 14311 37984 83975 37984
r-384 38 0.29872 25 0.323333 92384403 32743800 32743800 95255761 32700453 163958753 51124346 51124346 86566314 41797849 41797849
r-55 37 0.315315 10 0.311111 434 201 201 434 349 457 167 167 211 190 190
r-515 37 0.333333 10 0.244444 161 122 122 160 123 164 94 94 102 116 116
r-945 10 0.333333 13 0.423077 1011 1133 1011 1249 925 1256 954 1256 897 1100 897
r-85 34 0.308378 12 0.348485 48768 4097 4097 48823 4382 49544 4214 4214 52481 14952 14952
r-123 32 0.298387 12 0.287879 922 459 459 922 460 662 141 141 15207 1419 1419
r-373 34 0.308378 24 0.271739 35270905 21839089 21839089 39039064 20751143 59376369 33297108 33297108 39299421 29933697 29933697
r-178 33 0.263258 19 0.280702 3066223 523574 523574 3157196 543661 4484039 684208 684208 2287266 968837 968837
r-845 28 0.306878 18 0.300654 772673 260597 260597 802761 250059 1211083 347254 347254 685082 401125 401125
r-366 18 0.320261 33 0.280303 415125 1897903 415125 1747254 424436 547757 2866240 547757 569878 1689084 569878
r-273 24 0.289855 32 0.28629 6276736 16056825 6276736 16039687 6262807 9519448 26731411 9519448 9226448 14379198 9226448
r-700 40 0.283333 27 0.319088 -1 82790631 82790631 -1 84737823 -1 129357423 129357423 211111097 159416133 159416133
r-714 28 0.283069 12 0.181818 1783 1219 1219 1779 1234 1737 1142 1142 1226 2087 2087
r-580 27 0.287749 23 0.252964 2483323 2243287 2243287 2824304 1975803 3831482 3349010 3349010 2116020 1537962 1537962
r-627 17 0.448529 22 0.324675 16258 70074 16258 61703 14344 17953 110539 17953 58301 62457 58301
r-836 24 0.307971 31 0.305376 17585037 31395859 17585037 32406768 17510757 27709662 54207032 27709662 23329566 30567667 23329566
r-979 24 0.322464 16 0.283333 168987 70006 70006 183448 65910 250403 91195 91195 157323 90458 90458
r-200 37 0.303303 37 0.28979 -1 -1 -1 -1 -1 -1 -1 -1 -1 -1 -1
r-216 30 0.291954 34 0.2959 154391415 164614549 154391415 177174652 144141665 -1 -1 -1 172783274 196627558 172783274
r-777 16 0.233333 20 0.278947 37341 50663 37341 58860 34637 49422 73260 49422 39576 59271 39576
r-699 39 0.315789 24 0.278986 85794480 42204074 42204074 91345042 41678322 146376417 63557526 63557526 49361443 49600967 49600967
r-51 32 0.306452 17 0.272059 742633 154554 154554 773749 163764 1053881 192802 192802 372164 113991 113991
r-561 23 0.316206 32 0.318548 8676558 16478152 8676558 17197212 8683240 13186620 28107363 13186620 11406016 17744681 11406016
r-677 30 0.333333 26 0.329231 13411841 10391213 10391213 14704818 9403776 23734983 17128179 17128179 13536244 16525456 16525456
r-229 40 0.324359 11 0.345455 2554 521 521 2556 504 2457 403 403 174 752 752
r-547 23 0.312253 14 0.307692 63930 15366 15366 65016 15413 88699 18262 18262 58433 37915 37915
r-786 12 0.272727 28 0.28836 2790 19440 2790 18258 2884 2791 19430 2791 6470 15758 6470
r-65 14 0.307692 25 0.28 13683 36404 13683 33232 14127 16108 45797 16108 13361 24804 13361
r-506 35 0.297479 32 0.3125 -1 -1 -1 -1 -1 -1 -1 -1 -1 -1 -1
r-463 17 0.338235 38 0.312945 663999 3682951 663999 3369486 666607 854354 5454499 854354 1004377 2510071 1004377
r-359 19 0.333333 16 0.325 54007 37810 37810 60473 34417 82610 54680 54680 47107 35164 35164
r-28 26 0.313846 40 0.320513 42629537 129783568 42629537 128510295 42871238 68222971 228158839 68222971 77617975 119426573 77617975
r-918 26 0.323077 30 0.248276 9720901 21811164 9720901 18966830 10580657 15092887 37284938 15092887 16805691 16466415 16805691
r-739 21 0.295238 14 0.351648 66347 13447 13447 67208 14253 99401 17718 17718 21433 19409 19409
r-706 30 0.326437 30 0.287356 47483556 80984985 47483556 63293593 63383473 79637817 140234347 79637817 63930213 72637801 63930213
r-742 23 0.284585 22 0.320346 1392878 847164 847164 1442195 855781 2288578 1347275 1347275 1332183 1134876 1134876
r-801 22 0.277056 13 0.320513 16847 3631 3631 17086 3742 21702 4449 4449 8909 2957 2957
r-21 28 0.314815 29 0.332512 40649563 20581068 40649563 28483718 33906283 69711564 35706024 69711564 30232230 20864193 30232230
r-219 25 0.323333 34 0.322638 27365275 52911024 27365275 54126501 27284373 45396680 96180294 45396680 30528469 54031050 30528469
r-203 27 0.301994 32 0.310484 36259830 51971358 36259830 54047880 34880434 60185945 90832024 60185945 48298125 57106543 48298125
r-45 33 0.276515 22 0.320346 12025492 3433747 3433747 12524084 3737530 19412588 4895136 4895136 12949404 6950174 6950174
r-868 19 0.28655 11 0.327273 6358 1326 1326 6458 1310 7927 1486 1486 7165 2233 2233
r-353 36 0.280952 22 0.264069 11906691 2211698 2211698 12488818 2200145 18576099 2785864 2785864 11421012 13317089 13317089
r-397 20 0.284211 11 0.218182 3900 856 856 3897 852 3877 857 857 5967 1904 1904
r-778 15 0.32381 36 0.306349 28249 298620 28249 276513 28761 31292 375912 31292 44899 181885 44899
r-67 23 0.245059 22 0.294372 1221787 616107 616107 1227286 641576 1881411 911746 911746 1411815 1027003 1027003
r-369 28 0.325397 12 0.272727 48198 5925 5925 48249 5964 48830 6075 6075 24883 11780 11780
r-762 24 0.304348 36 0.309524 17508952 49522195 17508952 46955671 17669805 26119588 83167705 26119588 35083913 41939304 35083913
r-695 32 0.318548 35 0.310924 -1 -1 -1 -1 -1 -1 -1 -1 -1 -1 -1
r-519 14 0.307692 36 0.319048 45337 341746 45337 322025 45923 49483 402468 49483 98236 297624 98236
r-352 33 0.318182 12 0.257576 29300 1287 1287 29311 1412 28746 882 882 19314 11232 11232
r-885 25 0.31 26 0.32 4402560 4485882 4402560 5451331 3975836 6937875 7431252 6937875 6542456 5423727 6542456
r-275 36 0.288889 26 0.332308 91211955 34409092 34409092 96785174 35284944 159394896 53170940 53170940 78365844 59102033 59102033
r-372 10 0.266667 23 0.328063 446 4080 446 3677 435 436 4068 436 313 1261 313
r-545 23 0.367589 38 0.297297 16579185 51620698 16579185 47944771 17079829 25626256 91832773 25626256 25014778 42925112 25014778
r-56 14 0.318681 18 0.300654 9113 12349 9113 11635 8991 11325 16507 11325 8000 12022 8000
r-656 29 0.280788 15 0.342857 166439 20498 20498 171538 19705 236534 24968 24968 112195 65310 65310
r-905 11 0.381818 37 0.283784 2823 56484 2823 50300 3024 2879 56480 2879 6089 35726 6089
r-305 18 0.267974 35 0.294118 366005 2027593 366005 1885606 374181 457847 2883349 457847 1955301 2613404 1955301
r-92 23 0.300395 34 0.286988 9740260 21939176 9740260 21216948 10105078 14562833 37221055 14562833 12481355 19211151 12481355
r-35 27 0.296296 31 0.32043 21442545 22781229 21442545 25116705 18728155 35650100 39525830 35650100 27224138 33952653 27224138
r-286 26 0.273846 32 0.294355 11581799 20137342 11581799 22655751 10977459 18445657 33755367 18445657 12491762 18894404 12491762
r-414 14 0.351648 39 0.302294 54742 442507 54742 407391 54837 61392 539321 61392 103466 325976 103466
r-281 28 0.259259 22 0.337662 3390418 1075674 1075674 3331819 1171918 5636976 1595637 1595637 3677334 1661854 1661854
r-987 22 0.277056 33 0.30303 9070155 19954467 9070155 20320417 8979244 13269863 32603876 13269863 13731337 21257143 13731337
r-797 36 0.301587 29 0.268473 109630954 120886063 120886063 130143588 104894067 189167110 194597422 194597422 88793970 85186508 85186508
r-313 23 0.3083 20 0.252632 481734 414565 414565 569591 357519 723544 594238 594238 570807 437168 437168
r-593 35 0.285714 18 0.333333 3026282 449994 449994 3124209 465060 4394550 573574 573574 2841257 1186086 1186086
r-849 24 0.25 31 0.333333 21082738 19777821 21082738 24912549 18732259 34186011 33716546 34186011 24065197 24201609 24065197
r-546 34 0.335116 24 0.333333 28306741 16772128 16772128 30207317 16644012 49650785 26858028 26858028 17614796 18544239 18544239
r-670 39 0.303644 20 0.252632 9471057 2396935 2396935 9961798 2429623 14281214 3167462 3167462 9842089 5148469 5148469
r-221 27 0.299145 23 0.332016 2849934 1215264 1215264 2967630 1162588 4792952 1883058 1883058 3147594 2611099 2611099
r-261 25 0.343333 16 0.366667 172170 96221 96221 177381 95903 264082 133132 133132 134958 114094 114094
r-163 13 0.320513 21 0.290476 6009 20926 6009 18806 6166 7391 27822 7391 2653 13651 2653
r-456 11 0.327273 31 0.296774 249 413 249 404 249 205 392 205 635 387 635
r-769 34 0.26738 10 0.422222 20413 2085 2085 20413 2223 20479 2149 2149 11669 2687 2687
r-922 11 0.381818 10 0.222222 414 501 501 496 354 528 637 637 215 148 148
r-812 11 0.309091 18 0.235294 109 1336 109 1050 115 148 1372 148 807 942 807
r-500 34 0.286988 33 0.301136 -1 200442917 200442917 -1 185373423 -1 -1 -1 -1 -1 -1
r-876 27 0.296296 14 0.318681 48008 12752 12752 49818 13964 60638 14810 14810 28328 34919 34919
r-537 37 0.297297 31 0.296774 -1 -1 -1 -1 -1 -1 -1 -1 -1 -1 -1
r-453 27 0.324786 17 0.316176 583639 210384 210384 617508 212069 882862 279701 279701 635434 446971 446971
r-482 15 0.266667 28 0.31746 60593 240871 60593 224017 58985 73019 323752 73019 69215 230575 69215
r-119 16 0.383333 26 0.326154 80602 276092 80602 249606 79795 106929 440455 106929 129182 131491 129182
r-914 40 0.288462 19 0.245614 7556085 1174294 1174294 7773568 1176864 10629017 1421048 1421048 6709744 2164799 2164799
r-743 37 0.324324 33 0.299242 -1 -1 -1 -1 -1 -1 -1 -1 -1 -1 -1
r-254 11 0.4 14 0.340659 1004 3058 1004 2748 957 1238 4301 1238 1707 1876 1707
r-933 39 0.327935 14 0.307692 669070 99307 99307 683804 103678 797441 108607 108607 545711 122599 122599
r-832 23 0.304348 25 0.293333 835623 1709707 835623 1705144 826473 1340086 2835249 1340086 1384814 1450355 1384814
r-748 32 0.292339 14 0.274725 175450 21311 21311 180275 21493 214009 23540 23540 163070 26978 26978
r-407 27 0.282051 29 0.305419 13808772 15247622 13808772 17001969 12194299 22568958 24825251 22568958 17782040 16867467 17782040
r-100 27 0.304843 37 0.313814 158870914 257711926 158870914 267746152 155140790 -1 -1 -1 173585294 -1 173585294
r-444 36 0.312698 31 0.316129 -1 -1 -1 -1 -1 -1 -1 -1 -1 -1 -1
r-420 33 0.32197 36 0.265079 -1 -1 -1 -1 -1 -1 -1 -1 -1 -1 -1
r-483 35 0.315966 11 0.4 8243 1660 1660 8247 1694 8061 1507 1507 8031 1930 1930
r-791 17 0.272059 34 0.290553 662508 2867747 662508 2689099 661535 794121 3908165 794121 1011730 1103538 1011730
r-889 28 0.275132 14 0.252747 61228 11853 11853 62204 12160 64509 9670 9670 16939 17288 17288
r-966 35 0.317647 28 0.285714 98051430 54527053 54527053 110821694 51599341 173371188 92938094 92938094 75986634 74648598 74648598
r-19 36 0.312698 40 0.288462 -1 -1 -1 -1 -1 -1 -1 -1 -1 -1 -1
r-5 14 0.230769 39 0.323887 28207 175840 28207 180065 28241 25010 175728 25010 32233 169770 32233
r-881 16 0.325 40 0.285897 208399 1788963 208399 1600424 207698 249429 2372846 249429 392812 1280187 392812
r-98 32 0.306452 39 0.319838 -1 -1 -1 -1 -1 -1 -1 -1 -1 -1 -1
r-944 27 0.304843 34 0.313725 74948417 111969079 74948417 117287151 73178392 125011439 199916269 125011439 80550085 118638226 80550085
r-636 23 0.264822 39 0.295547 6027257 20545639 6027257 20028993 5944933 8780097 34245190 8780097 10384277 24401278 10384277
r-303 23 0.256917 20 0.368421 844654 255541 255541 807544 307782 1346513 369572 369572 523541 379798 379798
r-300 36 0.288889 10 0.244444 265 144 144 264 147 266 126 126 207 168 168
r-279 34 0.306595 32 0.252016 -1 -1 -1 -1 -1 -1 -1 -1 -1 -1 -1
r-425 18 0.372549 32 0.324597 244874 1316070 244874 1169879 246512 329533 2106849 329533 586881 1047712 586881
r-39 24 0.34058 13 0.320513 42771 25099 25099 44339 24894 54663 31573 31573 29131 10983 10983
r-309 12 0.257576 25 0.293333 3937 22974 3937 20199 4035 3575 23672 3575 7064 13538 7064
r-252 12 0.212121 32 0.320565 9168 50470 9168 48990 9186 8778 49788 8778 5013 5993 5013
r-600 22 0.341991 34 0.315508 5444038 15279661 5444038 14855966 5567330 8219906 26175283 8219906 7498313 13812919 7498313
r-644 10 0.288889 39 0.271255 124 73 124 64 130 94 69 94 90 55 90
r-523 17 0.294118 35 0.346218 748602 2844535 748602 2702970 741462 971387 4300131 971387 755409 2241534 755409
r-365 33 0.30303 39 0.2861 -1 -1 -1 -1 -1 -1 -1 -1 -1 -1 -1
r-937 23 0.296443 39 0.288799 20613163 72016987 20613163 68507576 20976169 30145099 118381829 30145099 51616704 62570064 51616704
