instance n1 density1 n2 density2 mcsplit mcsplit-swapped mcsplit-smart-swapped mcsplit+f mcsplit+bigf mcsplit-b mcsplit-b-swapped mcsplit-b-smart-swapped mcsplit-nosort mcsplit-nosort-swapped mcsplit-nosort-smart-swapped
r-448 37 0.27027 39 0.304993 -1 -1 -1 -1 -1 -1 -1 -1 -1 -1 -1
r-81 13 0.358974 17 0.367647 1819 3699 1819 3827 1320 1967 4781 1967 2908 7649 2908
r-288 23 0.328063 40 0.305128 9706101 13495385 9706101 12789538 10906804 14735032 23055519 14735032 25003282 18325412 25003282
r-779 30 0.347126 18 0.300654 512174 490129 490129 530264 457346 799767 733248 733248 350235 609030 609030
r-907 25 0.286667 12 0.287879 6094 1355 1355 6107 1415 6227 1340 1340 3112 2689 2689
r-299 12 0.348485 16 0.241667 570 2296 570 2095 778 784 3262 784 2095 1390 2095
r-774 12 0.272727 15 0.2 603 1547 603 1220 582 694 1969 694 2039 1375 2039
r-327 24 0.333333 18 0.313725 68121 61855 61855 77673 56580 103913 90797 90797 68539 95285 95285
r-611 23 0.367589 17 0.301471 44816 70186 70186 49510 60973 70558 108487 108487 67398 71694 71694
r-901 40 0.292308 26 0.335385 41493740 14355140 14355140 42362503 15218155 -1 22996247 22996247 41349118 49866872 49866872
r-266 29 0.342365 39 0.304993 25637000 -1 25637000 51635853 26719820 44144689 -1 44144689 138208568 -1 138208568
r-408 11 0.236364 27 0.307692 3055 5724 3055 5006 3109 3116 5793 3116 3526 5108 3526
r-780 16 0.291667 37 0.315315 122504 220361 122504 219141 122896 141663 265569 141663 183797 226215 183797
r-533 31 0.309677 19 0.315789 844707 482750 482750 873094 469553 1362423 705291 705291 999194 1424999 1424999
r-704 37 0.294294 26 0.329231 30154712 30733644 30733644 32288809 32497203 56121586 52632993 52632993 27392623 22478325 22478325
r-976 35 0.302521 36 0.320635 -1 -1 -1 -1 -1 -1 -1 -1 -1 -1 -1
r-166 23 0.320158 27 0.307692 703935 877724 703935 883613 735900 1160771 1525803 1160771 748821 1135242 748821
r-337 22 0.307359 12 0.318182 3709 3644 3644 3792 3691 4503 4220 4220 5341 5570 5570
r-360 18 0.300654 11 0.381818 2484 757 757 2595 751 3186 925 925 819 1848 1848
r-573 37 0.312312 14 0.373626 89173 42100 42100 91329 43381 113137 49951 49951 60874 95582 95582
r-355 30 0.305747 30 0.294253 19588544 21750133 19588544 22658159 17466347 28736581 34928792 28736581 34787952 26641217 34787952
r-926 26 0.292308 40 0.296154 29710201 36432010 29710201 36634683 30490496 47485796 -1 47485796 63636062 47101250 63636062
r-340 22 0.25974 33 0.306818 3383141 1974496 3383141 2179123 3342989 5074545 2819760 5074545 4249589 3474911 4249589
r-935 29 0.293103 40 0.317949 -1 -1 -1 -1 -1 -1 -1 -1 -1 -1 -1
r-947 32 0.284274 26 0.292308 6813075 4707299 4707299 7467627 4202867 11915305 7836473 7836473 10729277 11082887 11082887
r-701 37 0.346847 37 0.288288 -1 -1 -1 -1 -1 -1 -1 -1 -1 -1 -1
r-152 10 0.355556 13 0.294872 139 541 139 397 124 195 692 195 265 420 265
r-186 28 0.298942 12 0.272727 6314 2577 2577 6322 2712 6518 2705 2705 1036 10571 10571
r-616 23 0.284585 14 0.296703 18946 6826 6826 19598 6826 26926 8606 8606 19201 10817 10817
r-121 29 0.278325 35 0.29916 28104200 21304642 28104200 24716203 26887215 47759466 37878837 47759466 57579350 46763548 57579350
r-821 33 0.280303 39 0.296896 -1 -1 -1 -1 -1 -1 -1 -1 -1 -1 -1
r-255 27 0.282051 36 0.338095 38072620 12184814 38072620 13642000 34865569 64590760 21241311 64590760 71041552 39400375 71041552
r-142 16 0.316667 40 0.29359 158406 390680 158406 364516 159765 199760 527754 199760 294276 214773 294276
r-487 22 0.298701 36 0.296825 6990620 6911857 6990620 6448218 6994385 10866625 11640360 10866625 12222946 10714793 12222946
r-554 38 0.267425 14 0.318681 107998 42345 42345 109705 45372 135586 48788 48788 44199 43542 43542
r-66 24 0.358696 21 0.271429 121294 235645 235645 158830 182008 187443 388359 388359 270335 317309 317309
r-181 11 0.2 37 0.28979 179 375 179 198 183 168 393 168 173 144 173
r-213 11 0.309091 28 0.312169 400 701 400 682 416 215 525 215 1272 202 1272
r-91 22 0.350649 19 0.269006 81170 159984 159984 93323 128060 110462 190265 190265 74634 96221 96221
r-48 18 0.320261 21 0.314286 62456 69569 62456 71901 59352 91004 113383 91004 68681 60514 68681
r-728 28 0.285714 38 0.280228 39560650 -1 39560650 -1 42839628 64444240 -1 64444240 -1 -1 -1
r-415 36 0.292063 16 0.333333 246939 240247 240247 257636 250613 354841 317297 317297 370768 125010 125010
r-455 20 0.315789 36 0.320635 1774333 3338994 1774333 3162561 1779756 2654073 5552373 2654073 1874210 1840948 1874210
r-782 21 0.3 36 0.315873 1337893 1549555 1337893 1467267 1327674 2018521 2478401 2018521 4067189 2999056 4067189
r-233 16 0.308333 26 0.298462 44375 109706 44375 107238 46446 46361 119299 46361 53638 70155 53638
r-161 29 0.275862 17 0.286765 257525 62240 62240 268590 63373 378371 80437 80437 100632 140053 140053
r-71 27 0.321937 27 0.245014 2661277 6757271 2661277 3476231 4262703 4165725 10832159 4165725 2663507 8353721 2663507
r-579 19 0.245614 29 0.293103 200990 345452 200990 361367 196714 282832 537532 282832 288595 435251 288595
r-750 22 0.246753 11 0.236364 1019 200 200 1020 221 924 179 179 777 819 819
r-479 27 0.304843 36 0.309524 28079955 35653033 28079955 36731993 28851872 46246882 -1 46246882 52421905 34451047 52421905
r-666 35 0.282353 37 0.318318 -1 -1 -1 -1 -1 -1 -1 -1 -1 -1 -1
r-691 20 0.257895 19 0.25731 36310 35646 35646 41450 32317 50104 48436 48436 30020 32265 32265
r-745 17 0.242647 29 0.307882 164627 156049 164627 160162 163923 217400 233899 217400 230414 284775 230414
r-187 11 0.236364 14 0.296703 488 253 488 292 561 579 307 579 1348 1098 1348
r-52 24 0.271739 25 0.333333 1686287 302973 1686287 416690 1335152 2844954 473574 2844954 1654728 984792 1654728
r-887 20 0.357895 14 0.296703 4191 8378 8378 4794 7735 3665 10537 10537 8541 10971 10971
r-170 12 0.318182 26 0.304615 2423 7569 2423 7083 2411 2579 8747 2579 5625 4033 5625
r-530 23 0.312253 33 0.261364 2608409 4557915 2608409 4248179 3248530 3958450 7761436 3958450 1754603 3047583 1754603
r-499 26 0.295385 31 0.303226 9043198 16135445 9043198 18113410 8793141 15162637 27738122 15162637 12320532 15996196 12320532
r-511 11 0.218182 34 0.283422 102 66 102 69 103 93 80 93 102 105 102
r-211 15 0.352381 31 0.294624 47872 114979 47872 102858 47922 61301 162720 61301 83617 55903 83617
r-854 31 0.290323 22 0.333333 5446525 2596054 2596054 5638394 2837314 9426363 4119667 4119667 1244391 2176519 2176519
r-347 18 0.27451 24 0.289855 29323 58665 29323 60283 25158 40916 90056 40916 128181 196136 128181
r-270 27 0.259259 33 0.304924 27498001 15557326 27498001 18374798 25258715 45644634 10996455 45644634 17479047 20055435 17479047
r-903 26 0.258462 37 0.27027 15612579 32976938 15612579 33030338 16580039 21006281 49400554 21006281 62483276 19431873 62483276
r-572 36 0.301587 20 0.273684 1978225 752530 752530 2056155 773783 3124557 1056330 1056330 1624142 1670598 1670598
r-311 20 0.278947 37 0.321321 954327 1667266 954327 1763455 948639 1346239 2541185 1346239 1300829 1254159 1300829
r-900 39 0.296896 30 0.278161 -1 -1 -1 -1 -1 -1 -1 -1 -1 -1 -1
r-978 15 0.361905 20 0.310526 7406 23726 7406 21513 8005 9054 35650 9054 21372 8735 21372
r-736 22 0.285714 12 0.242424 2236 1541 1541 2241 1587 2381 1649 1649 6972 4565 4565
r-682 10 0.422222 36 0.315873 543 769 543 697 547 303 363 303 7070 1645 7070
r-138 25 0.32 36 0.331746 10083061 14565490 10083061 15122894 10146424 17193371 26860212 17193371 19838317 26542213 19838317
r-623 36 0.31746 35 0.32605 -1 -1 -1 -1 -1 -1 -1 -1 -1 -1 -1
r-113 12 0.227273 14 0.296703 480 615 480 587 356 595 824 595 2025 966 2025
r-618 25 0.29 30 0.275862 909730 2445139 909730 2424058 710115 1456360 4257225 1456360 13691647 4645480 13691647
r-493 23 0.284585 39 0.306343 9549145 12997956 9549145 13162712 9701933 14491752 21984033 14491752 16246097 14383963 16246097
r-155 11 0.309091 15 0.27619 921 2298 921 1999 833 1062 2941 1062 814 1388 814
r-144 17 0.242647 18 0.320261 36017 37059 36017 51679 26789 49964 56862 49964 47079 33357 47079
r-259 17 0.286765 32 0.324597 210327 277586 210327 259542 210909 280745 395614 280745 243598 342379 243598
r-124 26 0.329231 22 0.372294 762843 795004 795004 741537 837194 1302254 1351212 1351212 1415180 863333 863333
r-932 13 0.282051 34 0.28164 5857 17632 5857 15811 5890 5689 18176 5689 4270 8500 4270
r-528 28 0.312169 23 0.280632 799498 2843341 2843341 903537 2642585 1023861 3136144 3136144 2244919 3012956 3012956
r-151 19 0.251462 37 0.292793 1308533 2179403 1308533 2112534 1320129 1737439 3222779 1737439 1825464 2954467 1825464
r-877 22 0.307359 19 0.263158 19404 48059 48059 22280 40071 20861 71005 71005 112049 119055 119055
r-84 37 0.33033 21 0.266667 4943066 3518512 3518512 5212808 3464835 8078077 5264891 5264891 5757790 4279526 4279526
r-435 39 0.287449 25 0.313333 14238498 4872396 4872396 14895750 5116967 25304236 6987091 6987091 28619043 37686400 37686400
r-718 19 0.298246 24 0.289855 71588 316201 71588 308271 78541 105703 504266 105703 441428 318503 441428
r-389 11 0.363636 30 0.308046 1843 7377 1843 6838 1884 1878 7388 1878 3947 1636 3947
r-711 17 0.301471 15 0.295238 6726 13334 13334 7169 13503 9538 19424 19424 13805 16497 16497
r-249 35 0.277311 31 0.307527 -1 49130027 49130027 -1 49653368 -1 -1 -1 -1 -1 -1
r-108 30 0.321839 39 0.330634 -1 -1 -1 -1 -1 -1 -1 -1 -1 -1 -1
r-326 36 0.288889 17 0.308824 569570 283773 283773 592078 296107 860477 383741 383741 331759 429454 429454
r-851 29 0.29803 28 0.283069 7486124 10671028 10671028 8649084 9056223 12935370 18406413 18406413 10727783 14575158 14575158
r-560 30 0.273563 27 0.304843 3828617 4598164 4598164 3989361 4874602 5639939 6962889 6962889 4596653 6566804 6566804
r-323 14 0.32967 10 0.266667 502 583 583 599 552 488 524 524 479 400 400
r-647 40 0.298718 13 0.269231 36493 17364 17364 36503 17809 36620 17455 17455 14295 18903 18903
r-358 33 0.301136 16 0.266667 46813 26672 26672 47807 26932 57090 32053 32053 123207 112642 112642
r-785 17 0.279412 13 0.269231 123 1168 1168 214 974 156 1551 1551 2910 2341 2341
r-318 37 0.283784 18 0.30719 601803 426978 426978 629866 449511 914358 579586 579586 560030 701751 701751
r-859 21 0.285714 39 0.295547 1949486 3527676 1949486 3505522 2002860 2718305 5516805 2718305 3415724 5494660 3415724
r-147 21 0.27619 22 0.380952 416183 101811 416183 130250 336349 709445 161514 709445 406124 566777 406124
r-459 33 0.291667 26 0.307692 7662323 3623876 3623876 8321290 3722508 13136935 5283374 5283374 13474774 11135646 11135646
r-427 23 0.332016 35 0.27395 3328634 8698260 3328634 8027727 4164817 5256888 14853570 5256888 16197370 6975131 16197370
r-773 18 0.320261 11 0.254545 1213 616 616 1254 626 1437 711 711 521 447 447
r-212 37 0.315315 24 0.333333 16244940 5696535 5696535 17160681 5389396 29563454 9155916 9155916 20335410 17546629 17546629
r-705 35 0.309244 40 0.287179 -1 -1 -1 -1 -1 -1 -1 -1 -1 -1 -1
r-32 26 0.323077 40 0.285897 18085604 32701646 18085604 31084474 23162092 28811970 57849414 28811970 32110565 47514466 32110565
r-150 34 0.30303 22 0.268398 2864380 2597987 2597987 3049841 2552819 4774136 3959631 3959631 4755278 3544892 3544892
r-642 10 0.288889 11 0.236364 216 396 216 391 210 176 450 176 259 160 259
r-159 32 0.306452 16 0.358333 275134 139991 139991 286069 145172 419896 189602 189602 123293 141358 141358
r-307 14 0.384615 33 0.278409 22935 96059 22935 83929 23946 28349 133550 28349 74683 25062 74683
r-897 10 0.311111 29 0.263547 127 105 127 99 123 88 102 88 297 1477 297
r-171 39 0.2861 13 0.371795 45057 20955 20955 46137 22200 52068 22507 22507 35545 17785 17785
r-536 40 0.301282 20 0.347368 5687659 1413563 1413563 5914734 1486493 9407538 2090137 2090137 3572780 2725549 2725549
r-512 16 0.25 10 0.355556 1813 342 342 1876 351 2273 438 438 575 1735 1735
r-346 32 0.318548 32 0.288306 49079003 -1 49079003 59898798 66900297 -1 -1 -1 125438933 103906022 125438933
r-732 29 0.320197 26 0.295385 3159662 4113237 4113237 3679476 3587561 5329728 6706813 6706813 5870513 4460551 4460551
r-83 26 0.273846 33 0.287879 5360396 8911623 5360396 9819432 4894445 7734671 14501262 7734671 16244161 23833053 16244161
r-476 24 0.300725 17 0.301471 82533 35177 35177 86253 37594 133259 49589 49589 72239 127952 127952
r-190 26 0.276923 30 0.294253 4613818 4093522 4613818 4569395 4269209 7743621 7151821 7743621 5545386 7508347 5545386
r-79 34 0.28877 30 0.305747 51040432 45476205 45476205 56212390 45257973 -1 78415013 78415013 58300762 54370464 54370464
r-440 39 0.310391 24 0.23913 15474337 19025134 19025134 16828738 18451438 25543849 29350643 29350643 33405495 29162982 29162982
r-158 40 0.292308 19 0.298246 2860258 1460518 1460518 2969201 1484217 4464980 1989623 1989623 2225064 3490582 3490582
r-751 21 0.338095 12 0.257576 2513 4017 4017 2796 3954 3250 4715 4715 6465 13381 13381
r-679 38 0.320057 21 0.238095 3434625 6065508 6065508 3667810 5922542 5414629 8932741 8932741 4344813 6126260 6126260
r-306 32 0.298387 40 0.310256 -1 -1 -1 -1 -1 -1 -1 -1 -1 -1 -1
r-964 10 0.311111 18 0.287582 273 751 273 718 276 287 805 287 750 754 750
r-681 21 0.290476 27 0.31339 667500 1017950 667500 1102202 660282 975455 1691901 975455 973228 1504670 973228
r-49 11 0.363636 31 0.298925 476 7275 476 6706 456 380 7036 380 1452 2047 1452
r-827 14 0.263736 20 0.3 8731 12619 8731 12212 7924 11421 18031 11421 11380 9945 11380
r-224 25 0.3 13 0.205128 2530 2338 2338 2567 2331 2554 1842 1842 3888 2566 2566
r-772 22 0.350649 18 0.215686 12745 90251 90251 19070 74579 14326 140010 140010 93245 63166 63166
r-189 34 0.315508 29 0.278325 19195516 27053908 27053908 22793731 21125296 35097634 47441383 47441383 33478086 103320015 103320015
r-315 13 0.397436 30 0.342529 5841 16194 5841 14503 5869 6658 21274 6658 21681 9479 21681
r-816 22 0.30303 11 0.345455 1869 558 558 1868 570 1900 598 598 1216 1324 1324
r-454 25 0.29 18 0.248366 82768 94846 94846 90886 92173 123263 129001 129001 133689 132533 132533
r-985 25 0.313333 18 0.326797 182424 93481 93481 192781 87047 277604 126205 126205 84974 121419 121419
r-333 39 0.317139 38 0.297297 -1 -1 -1 -1 -1 -1 -1 -1 -1 -1 -1
r-417 18 0.27451 35 0.295798 390990 522410 390990 496997 394615 515296 766715 515296 901242 561466 901242
r-776 15 0.27619 35 0.315966 32518 176443 32518 165862 32576 23130 88520 23130 108807 52341 108807
r-556 23 0.375494 12 0.287879 2136 5526 5526 2593 4913 2006 6138 6138 8015 7244 7244
r-7 28 0.291005 36 0.284127 54610230 44784808 54610230 47119149 55851045 92011983 -1 92011983 64054811 55115198 64054811
r-938 18 0.300654 16 0.275 11219 16934 16934 12913 12829 17539 23856 23856 19249 26756 26756
r-168 20 0.263158 19 0.304094 40904 7203 7203 44948 4289 64422 8594 8594 43958 63273 63273
r-983 17 0.272059 17 0.286765 6828 4802 6828 7347 3547 9016 5955 9016 11888 12006 11888
r-363 22 0.264069 23 0.3083 499368 368604 499368 471148 344347 778538 561513 778538 715824 483229 715824
r-828 37 0.316817 39 0.306343 -1 -1 -1 -1 -1 -1 -1 -1 -1 -1 -1
r-853 16 0.341667 35 0.319328 247767 306483 247767 283230 247712 320788 422443 320788 270029 304023 270029
r-548 28 0.312169 28 0.298942 7574395 10145013 7574395 9230954 7859996 12877561 17686037 12877561 19674715 10222975 19674715
r-341 37 0.331832 27 0.290598 19747988 36832139 36832139 21416796 35065860 36019135 62858504 62858504 27107821 47224810 47224810
r-490 22 0.281385 14 0.285714 9619 8268 8268 9977 8045 10586 8138 8138 12312 11006 11006
r-578 31 0.335484 40 0.314103 -1 -1 -1 -1 -1 -1 -1 -1 -1 -1 -1
r-505 10 0.311111 39 0.306343 192 204 192 187 203 169 196 169 224 338 224
r-610 26 0.258462 36 0.290476 37437944 17941728 37437944 20020452 35369443 60306813 30780887 60306813 46823875 60779847 46823875
r-563 20 0.310526 38 0.312945 1832301 3835433 1832301 3628725 1832603 2610597 6221606 2610597 3316221 2704766 3316221
r-923 21 0.290476 14 0.285714 7059 2179 2179 7414 2295 9975 2610 2610 26367 17446 17446
r-338 34 0.340463 30 0.324138 22787551 38737847 38737847 26431569 33909960 -1 -1 -1 61672366 57727092 57727092
r-558 36 0.271429 15 0.247619 113908 26550 26550 115307 27671 130678 29941 29941 119690 70563 70563
r-516 20 0.378947 30 0.282759 196471 961740 196471 838966 244521 294836 1698840 294836 326256 449565 326256
r-297 29 0.325123 28 0.31746 9736904 5388430 5388430 11236560 4293783 16676704 8983801 8983801 21885107 14818427 14818427
r-654 18 0.379085 39 0.282051 340350 946310 340350 848905 368206 484970 1514773 484970 449435 383112 449435
r-132 29 0.295567 27 0.347578 6463621 5058212 5058212 6974177 5397402 11949921 8758807 8758807 9838687 20831976 20831976
r-986 38 0.28734 17 0.345588 610941 199041 199041 627750 204314 899201 262355 262355 631110 499913 499913
r-794 12 0.333333 16 0.3 3162 5831 3162 5616 2933 2391 6645 2391 3961 3950 3961
r-662 11 0.309091 22 0.25974 883 1595 883 1477 848 956 1564 956 2079 2977 2079
r-761 22 0.333333 19 0.28655 82715 164551 164551 95487 145005 128969 265158 265158 174755 141987 141987
r-626 17 0.25 18 0.248366 7892 6488 7892 7565 6769 11585 8051 11585 12371 20940 12371
r-617 10 0.155556 14 0.263736 535 465 535 399 504 573 485 573 380 449 380
r-260 18 0.30719 37 0.288288 146296 444982 146296 415949 149048 182281 651080 182281 274670 476844 274670
r-34 31 0.290323 34 0.313725 55936974 41819287 55936974 47419418 49786260 -1 -1 -1 101955588 -1 101955588
r-489 32 0.310484 13 0.24359 19881 8008 8008 19989 8089 21227 8377 8377 5644 5721 5721
r-24 20 0.305263 28 0.280423 261289 697629 261289 586817 316610 359105 1100016 359105 572555 552531 572555
r-317 33 0.299242 15 0.247619 69668 43112 43112 72028 44639 86372 48832 48832 61392 59817 59817
r-883 14 0.285714 14 0.340659 2649 990 2649 2756 968 3670 1211 3670 2595 4578 2595
r-765 15 0.295238 37 0.280781 61584 159047 61584 147577 61855 74013 199749 74013 124536 40221 124536
r-592 27 0.293447 32 0.3125 14839311 13558238 14839311 14895468 13098839 25071094 23551510 25071094 23126615 26679623 23126615
r-720 33 0.291667 37 0.3003 -1 -1 -1 -1 -1 -1 -1 -1 -1 -1 -1
r-866 35 0.302521 35 0.32437 -1 -1 -1 -1 -1 -1 -1 -1 -1 -1 -1
r-756 25 0.306667 34 0.30303 5476130 7202635 5476130 7560560 5779743 8986553 12494242 8986553 15589833 18854159 15589833
r-26 28 0.280423 25 0.29 4418386 3676093 3676093 4971898 3574270 7522512 5942437 5942437 3183927 2910021 2910021
r-27 13 0.294872 12 0.30303 858 802 802 938 720 1064 1052 1052 923 869 869
r-442 11 0.327273 25 0.323333 2569 6685 2569 5831 2526 2430 7180 2430 3128 2905 3128
r-638 13 0.25641 19 0.269006 1212 3501 1212 3069 1325 1407 4448 1407 2856 4192 2856
r-314 38 0.322902 23 0.324111 8734389 5029704 5029704 9234033 5080571 15102082 7851047 7851047 8418275 10746707 10746707
r-277 16 0.35 10 0.422222 514 360 360 516 356 539 414 414 768 986 986
r-429 13 0.25641 31 0.290323 5769 16085 5769 14284 5874 5750 16209 5750 9116 16475 9116
r-424 39 0.306343 20 0.252632 3223907 3413137 3413137 3391491 3313432 4918946 4717193 4717193 3243710 4701912 4701912
r-388 22 0.298701 17 0.279412 57497 20017 20017 62094 18930 58226 15282 15282 53467 28563 28563
r-195 22 0.25974 22 0.324675 277871 181458 277871 290896 208310 454008 272109 454008 324983 382416 324983
r-107 20 0.310526 14 0.21978 4655 13320 13320 4978 12682 6592 16432 16432 12301 14161 14161
r-432 31 0.275269 23 0.367589 2619463 1263833 1263833 2659585 1458718 4650158 1959302 1959302 3071707 4031808 4031808
r-605 39 0.304993 24 0.268116 24265731 13840359 13840359 26237533 13915352 39610820 21141419 21141419 31372628 20086371 20086371
r-771 13 0.307692 11 0.290909 573 388 388 594 518 616 507 507 585 398 398
r-251 14 0.274725 14 0.230769 697 1034 697 889 668 917 1353 917 1461 1700 1461
r-88 27 0.273504 33 0.295455 15984335 7478641 15984335 7898795 15162493 25111171 11612424 25111171 24551762 27385655 24551762
r-348 29 0.29064 35 0.265546 24313094 48520760 24313094 50859719 24492383 36990471 -1 36990471 50208719 55130313 50208719
r-135 19 0.204678 17 0.308824 12794 2169 2169 14640 1230 18536 1761 1761 9796 7628 7628
r-284 20 0.257895 22 0.311688 214006 88050 214006 105164 198559 324340 126703 324340 138029 171427 138029
r-38 11 0.181818 32 0.318548 284 389 284 574 282 254 389 254 189 308 189
r-10 24 0.264493 21 0.304762 354526 130263 130263 393679 133751 571470 182336 182336 329563 450964 450964
r-665 29 0.283251 34 0.304813 23646316 23783173 23646316 27709974 20731713 42012269 43564788 42012269 33831059 44859394 33831059
r-992 26 0.289231 36 0.277778 10322074 13410793 10322074 13776909 10705706 16144991 23332414 16144991 52674347 18341371 52674347
r-961 28 0.306878 18 0.300654 228323 102877 102877 241407 101548 365513 142331 142331 214170 273212 273212
r-939 13 0.269231 30 0.289655 5213 15388 5213 14960 5239 5402 17014 5402 4831 5966 4831
r-319 33 0.297348 11 0.290909 200 509 509 203 492 178 457 457 1001 2806 2806
r-495 25 0.306667 40 0.310256 31307958 38719675 31307958 38642642 31186098 51362015 -1 51362015 44626789 44813952 44626789
r-823 17 0.330882 35 0.277311 65147 347137 65147 223169 68198 88283 504313 88283 248091 234068 248091
r-188 30 0.312644 13 0.307692 43352 17153 17153 44357 17779 54398 19365 19365 6975 45395 45395
r-674 11 0.345455 16 0.341667 971 324 971 360 994 1150 343 1150 1029 2043 1029
r-973 25 0.303333 35 0.332773 6679426 4488769 6679426 5078885 6470482 11002401 7161049 11002401 21812991 12928816 21812991
r-731 20 0.352632 22 0.290043 40439 163865 40439 153066 39513 57188 279209 57188 61389 168655 61389
r-843 22 0.324675 36 0.293651 2670164 6460024 2670164 6123481 2812487 3576465 9952069 3576465 3102054 4992132 3102054
r-395 39 0.300945 12 0.363636 17792 7629 7629 17792 8015 17818 7672 7672 14829 8986 8986
r-465 10 0.311111 15 0.32381 929 403 929 401 958 1101 462 1101 1120 901 1120
r-686 24 0.289855 13 0.24359 16421 9532 9532 16854 9688 18262 7851 7851 1909 8200 8200
r-802 15 0.295238 15 0.27619 4882 5392 4882 4963 4435 7321 6784 7321 5498 6599 5498
r-148 12 0.454545 21 0.314286 3272 7480 3272 8287 3455 4303 10689 4303 5944 4869 5944
r-502 35 0.305882 36 0.274603 -1 -1 -1 -1 -1 -1 -1 -1 -1 -1 -1
r-788 28 0.31746 18 0.287582 359796 131319 131319 367725 130381 551872 187648 187648 179194 201948 201948
r-143 26 0.246154 25 0.276667 2729454 1504774 1504774 3014999 1380807 4351398 2390949 2390949 2599128 1303004 1303004
r-12 37 0.27027 13 0.282051 17223 4612 4612 17224 4981 16824 4546 4546 14565 28705 28705
r-50 39 0.275304 38 0.268848 -1 -1 -1 -1 -1 -1 -1 -1 -1 -1 -1
r-8 13 0.24359 23 0.233202 9417 22503 9417 19267 9621 11115 28800 11115 7374 22855 7374
r-54 23 0.3083 33 0.278409 3107586 5764275 3107586 5120760 3220169 4466936 9372606 4466936 6180028 6268087 6180028
r-559 34 0.299465 35 0.32437 -1 -1 -1 -1 -1 -1 -1 -1 -1 -1 -1
r-608 38 0.28165 12 0.242424 68 110 110 70 114 71 89 89 1232 329 329
r-719 26 0.310769 26 0.298462 940274 694555 940274 1103403 534375 1530413 1081609 1530413 2479745 2327391 2479745
r-496 11 0.4 17 0.279412 432 1404 432 1402 447 577 1940 577 587 622 587
r-433 11 0.4 19 0.298246 591 3770 591 3413 734 723 4660 723 1958 3646 1958
r-149 20 0.257895 25 0.333333 308514 157224 308514 201134 225683 462814 259750 462814 478234 307404 478234
r-576 16 0.258333 39 0.330634 389025 171900 389025 165975 391477 477082 215527 477082 413939 592051 413939
r-418 26 0.341538 18 0.359477 264306 223034 223034 257751 223581 450606 354851 354851 190095 338027 338027
r-664 23 0.3083 31 0.288172 1441341 2769172 1441341 2728685 1592560 2232894 4447809 2232894 6611143 2945289 6611143
r-614 29 0.342365 35 0.322689 26706345 46831780 26706345 48335484 26322010 48074785 -1 48074785 55822896 45520423 55822896
r-510 20 0.347368 30 0.305747 389161 1115745 389161 1074676 489187 584063 1836849 584063 1149342 774048 1149342
r-343 32 0.306452 10 0.288889 122 140 140 122 140 125 121 121 164 124 124
r-879 15 0.295238 39 0.302294 18543 58693 18543 55070 18238 22187 71015 22187 130262 99838 130262
r-322 40 0.30641 29 0.278325 -1 -1 -1 -1 -1 -1 -1 -1 -1 -1 -1
r-230 26 0.264615 31 0.283871 9611460 8572704 9611460 9748237 9086812 15717728 14421618 15717728 15862638 13626317 15862638
r-599 32 0.27621 26 0.261538 5762448 8996896 8996896 6479915 8202039 9657688 14284814 14284814 8917203 12656428 12656428
r-712 40 0.282051 31 0.337634 -1 -1 -1 -1 -1 -1 -1 -1 -1 -1 -1
r-874 33 0.308712 19 0.327485 1883723 872922 872922 1969863 921615 3078769 1286496 1286496 1478619 1511557 1511557
r-824 23 0.27668 25 0.336667 1313135 576234 1313135 728019 997032 2236362 890051 2236362 1581567 2036391 1581567
r-650 39 0.292848 32 0.278226 -1 -1 -1 -1 -1 -1 -1 -1 -1 -1 -1
r-294 37 0.309309 21 0.342857 3232689 1411926 1411926 3377803 1474118 5422512 2144954 2144954 2480136 2302437 2302437
r-908 40 0.294872 18 0.333333 671038 117668 117668 687910 117406 962276 150626 150626 1368238 524677 524677
r-678 17 0.338235 35 0.331092 198339 351241 198339 316536 198087 268196 525168 268196 918252 375555 918252
r-993 29 0.337438 32 0.328629 19763204 20320689 19763204 21755880 19328992 36554579 39287932 36554579 43826578 31176310 43826578
r-40 10 0.2 19 0.339181 1471 830 1471 964 1440 1503 903 1503 3476 1689 3476
r-525 36 0.287302 17 0.330882 464208 74386 74386 474563 75801 667987 95031 95031 294060 490692 490692
r-808 18 0.359477 38 0.307255 135667 675522 135667 596041 136825 186463 1028719 186463 745577 902685 745577
r-308 12 0.287879 16 0.266667 591 1117 591 1136 509 532 1376 532 623 802 623
r-509 38 0.324324 18 0.313725 959411 587362 587362 990273 597860 1396698 783117 783117 735870 605909 605909
r-394 23 0.3083 24 0.268116 264181 525149 264181 519358 292949 405986 846889 405986 1647231 645714 1647231
r-367 39 0.292848 20 0.289474 1655910 2104580 2104580 1717009 2198617 2614646 2948793 2948793 1474657 1304772 1304772
r-22 14 0.274725 13 0.423077 4535 1356 1356 4306 1408 6711 1645 1645 2959 2455 2455
r-759 16 0.316667 28 0.275132 17264 105221 17264 97196 18150 22107 153185 22107 131427 76671 131427
r-167 29 0.293103 28 0.309524 8255823 10046826 10046826 9045803 9536041 14406489 17179737 17179737 10468575 15568228 15568228
r-16 38 0.320057 25 0.35 27346500 28631368 28631368 28316585 29616447 50819540 47538916 47538916 42781459 27391751 27391751
r-648 11 0.345455 20 0.257895 780 3583 780 3263 1022 763 4229 763 1265 2084 1265
r-258 11 0.454545 35 0.284034 1119 5853 1119 5531 1273 1132 5824 1132 1799 5126 1799
r-690 30 0.289655 22 0.333333 1394434 804397 804397 1452548 863416 2426139 1217909 1217909 1360469 1109739 1109739
r-460 36 0.320635 38 0.301565 -1 -1 -1 -1 -1 -1 -1 -1 -1 -1 -1
r-15 25 0.333333 27 0.282051 310128 1565304 310128 1525041 256049 491556 2813132 491556 1664517 1746036 1664517
r-891 37 0.301802 10 0.244444 132 132 132 133 138 142 115 115 232 217 217
r-752 16 0.216667 22 0.268398 21238 7783 21238 9689 21233 24392 7174 24392 20967 19331 20967
r-182 11 0.4 14 0.384615 2078 1072 2078 1004 2056 2719 1316 2719 2066 2372 2066
r-532 37 0.282282 12 0.333333 21494 3064 3064 21497 3254 21485 3125 3125 8044 4331 4331
r-598 29 0.288177 25 0.32 5527350 2093133 2093133 6034023 2301495 9646847 3351862 3351862 5650437 6932707 6932707
r-746 37 0.306306 34 0.285205 -1 -1 -1 -1 -1 -1 -1 -1 -1 -1 -1
r-766 22 0.30303 21 0.2 39382 243491 243491 46924 197353 58282 385299 385299 94593 207183 207183
r-362 31 0.296774 26 0.28 5000158 4904029 4904029 5608389 4259783 8476730 7984659 7984659 9739953 17553721 17553721
r-217 15 0.238095 19 0.28655 6856 8805 6856 9161 7149 8753 11353 8753 4181 6449 4181
r-118 22 0.290043 31 0.311828 1512100 1635845 1512100 1724722 1586134 2306317 2771683 2306317 3038479 3204368 3038479
r-878 37 0.306306 39 0.307692 -1 -1 -1 -1 -1 -1 -1 -1 -1 -1 -1
r-412 37 0.276276 15 0.247619 102830 30873 30873 104597 31051 95403 29347 29347 23616 45298 45298
r-262 24 0.293478 19 0.356725 262560 82273 82273 274024 89299 436322 119173 119173 197719 424154 424154
r-291 21 0.3 26 0.292308 336177 677560 336177 744737 329128 494077 1102463 494077 1086336 938401 1086336
r-410 25 0.296667 11 0.327273 4016 997 997 4020 1046 4171 987 987 2027 927 927
r-661 14 0.274725 16 0.358333 5574 2059 5574 2618 3978 8079 2872 8079 3903 4778 3903
r-975 30 0.328736 17 0.264706 227238 146135 146135 248751 139731 99485 160658 160658 226367 217654 217654
r-173 14 0.296703 16 0.341667 3385 1625 3385 2625 2068 3647 2164 3647 4242 3635 4242
r-157 33 0.327652 22 0.324675 4863850 1881983 1881983 5182138 1822806 8434864 2867821 2867821 2704239 1877528 1877528
r-4 33 0.299242 26 0.295385 8203647 5432435 5432435 8771828 5115519 14060542 8760769 8760769 16919637 18402103 18402103
r-122 30 0.298851 26 0.307692 3856346 8774946 8774946 4221982 8119837 6805148 14824373 14824373 8390058 10807899 10807899
r-214 18 0.333333 36 0.285714 301338 986784 301338 903386 306284 418270 1516916 418270 485497 490373 485497
r-655 16 0.341667 11 0.272727 1024 1399 1399 1060 1331 1285 1765 1765 1223 1297 1297
r-757 32 0.330645 24 0.23913 4019699 10271317 10271317 4798058 7934551 6871035 16585753 16585753 4987513 8146793 8146793
r-991 37 0.328829 14 0.384615 154222 39061 39061 158604 40788 209345 47423 47423 33860 24311 24311
r-842 15 0.380952 21 0.328571 10160 19896 10160 19438 11036 14411 30509 14411 17282 30869 17282
r-917 15 0.27619 30 0.333333 109701 103648 109701 99521 108709 135808 142247 135808 189504 118327 189504
r-820 13 0.320513 23 0.343874 6920 15937 6920 15609 6852 8302 21225 8302 14771 11762 14771
r-783 39 0.306343 39 0.279352 -1 -1 -1 -1 -1 -1 -1 -1 -1 -1 -1
r-328 10 0.244444 16 0.3 341 429 341 407 339 372 452 372 349 407 349
r-954 39 0.28475 16 0.316667 330938 85658 85658 338346 90167 437044 107508 107508 158915 359906 359906
r-484 35 0.231933 12 0.257576 9049 822 822 9049 860 8953 710 710 11284 1187 1187
r-293 14 0.340659 23 0.245059 1621 10002 1621 8781 1629 1848 13094 1848 16148 16980 16148
r-156 30 0.298851 34 0.263815 15492713 63310468 15492713 62867687 12476664 24901222 -1 24901222 49477913 85856642 49477913
r-790 25 0.27 39 0.306343 65977665 51379550 65977665 56362961 63731018 105765118 89252764 105765118 46442002 56275961 46442002
r-172 19 0.298246 24 0.275362 126770 303317 126770 288408 138584 183547 473819 183547 140726 215115 140726
r-106 31 0.339785 29 0.280788 7872496 14097563 14097563 9118641 11834180 14022101 25089897 25089897 21199260 24913246 24913246
r-398 16 0.266667 16 0.308333 6994 4420 6994 7607 3811 9966 6274 9966 9084 5531 9084
r-202 21 0.295238 30 0.291954 320613 754931 320613 787857 311087 478722 1270778 478722 1482345 817620 1482345
r-910 40 0.280769 29 0.307882 -1 51317814 51317814 -1 58031869 -1 -1 -1 -1 -1 -1
r-61 14 0.307692 14 0.362637 1151 767 1151 1229 676 1440 992 1440 1748 2112 1748
r-104 14 0.351648 24 0.289855 5762 12646 5762 11961 5707 7602 17901 7602 10810 13482 10810
r-184 22 0.333333 23 0.272727 50705 257856 50705 272264 31246 69523 441969 69523 374724 338238 374724
r-894 14 0.307692 28 0.306878 17730 41851 17730 37789 18106 21546 53448 21546 53254 12516 53254
r-551 33 0.323864 28 0.304233 16976646 22663350 22663350 19142482 20926602 30243173 39443691 39443691 31947224 29650994 29650994
r-953 19 0.263158 14 0.318681 14814 5480 5480 15139 5854 22506 7628 7628 6903 11322 11322
r-130 31 0.277419 13 0.294872 40024 2865 2865 40632 3024 48466 3106 3106 6847 4543 4543
r-604 24 0.344203 10 0.244444 436 238 238 438 233 392 164 164 534 510 510
r-729 14 0.362637 13 0.25641 184 2713 2713 185 1919 235 3779 3779 2126 2681 2681
r-847 39 0.261808 26 0.276923 26367477 12372110 12372110 27993652 13042880 44062694 19169645 19169645 38617887 51878492 51878492
r-653 23 0.296443 18 0.294118 40506 36593 36593 43502 30227 60937 47233 47233 140901 227327 227327
r-364 26 0.323077 34 0.265597 4158614 15316116 4158614 14281989 5356678 6729867 27051985 6729867 16382643 13667148 16382643
r-518 33 0.316288 15 0.161905 227206 217081 217081 241644 212485 292161 255067 255067 180422 157711 157711
r-564 20 0.257895 18 0.261438 44840 33858 33858 50121 29931 66570 46370 46370 43833 70116 70116
r-215 31 0.27957 31 0.32043 20694657 16431518 20694657 22427635 15571692 36968287 28534717 36968287 43291765 23166553 43291765
r-225 39 0.337382 11 0.363636 1816 1076 1076 1816 1161 1836 1067 1067 3735 4169 4169
r-685 18 0.333333 27 0.293447 41304 119312 41304 110466 45025 55683 184785 55683 245552 304531 245552
r-503 15 0.266667 36 0.311111 44214 94378 44214 91502 44632 50972 116603 50972 43986 67142 43986
r-497 38 0.283073 35 0.304202 -1 -1 -1 -1 -1 -1 -1 -1 -1 -1 -1
r-231 34 0.279857 25 0.296667 11682105 5667555 5667555 12518934 6539787 20277840 8764283 8764283 14235055 20825657 20825657
r-927 32 0.308468 40 0.321795 -1 -1 -1 -1 -1 -1 -1 -1 -1 -1 -1
r-633 29 0.334975 21 0.32381 1514915 1171850 1171850 1594360 1195772 2622269 1882869 1882869 2103065 2770229 2770229
r-818 29 0.325123 29 0.283251 8198308 8605897 8198308 9752106 6282496 14285784 15393049 14285784 11932215 15151947 11932215
r-498 16 0.258333 38 0.30441 92146 102295 92146 97600 92613 109748 128324 109748 111047 379973 111047
r-520 18 0.326797 30 0.273563 64732 308333 64732 277640 83616 68128 461376 68128 188580 188686 188580
r-613 26 0.301538 24 0.315217 1212143 712331 712331 1370972 645839 2018130 1122718 1122718 1830656 1077787 1077787
r-183 24 0.289855 14 0.296703 35493 19010 19010 36869 19824 47104 22768 22768 45189 36505 36505
r-723 28 0.325397 35 0.317647 18025869 31324467 18025869 32251231 17097556 31577219 -1 31577219 39672795 33610573 39672795
r-659 18 0.294118 39 0.279352 672340 1150916 672340 1048505 684736 894554 1679904 894554 657026 840080 657026
r-896 24 0.315217 29 0.280788 1950836 4359496 1950836 4308228 2320361 3063639 7531072 3063639 8702937 5201864 8702937
r-441 25 0.336667 37 0.318318 11506792 17669323 11506792 15561132 11887867 19491139 31159955 19491139 25974540 19629065 25974540
r-205 11 0.218182 31 0.294624 185 97 185 94 182 131 74 131 194 428 194
r-999 37 0.322823 15 0.247619 128324 23011 23011 130349 21640 125927 18627 18627 83967 62433 62433
r-383 22 0.285714 14 0.285714 24767 11501 11501 25411 11646 33604 13360 13360 16106 12122 12122
r-256 10 0.377778 35 0.292437 250 564 250 559 249 220 570 220 259 639 259
r-972 26 0.332308 32 0.320565 8589807 6254322 8589807 5655704 8434311 14553496 10346438 14553496 14350443 8545980 14350443
r-128 39 0.290148 27 0.319088 64055512 28102936 28102936 68603045 31143536 -1 45997495 45997495 38595317 36428329 36428329
r-428 19 0.304094 21 0.357143 160377 65130 160377 79052 123679 268026 103384 268026 92206 100906 92206
r-101 28 0.296296 30 0.268966 7197168 10452575 7197168 10881448 6872168 12067474 17959066 12067474 12397829 13184347 12397829
r-486 19 0.263158 10 0.288889 1101 391 391 1102 401 1164 346 346 2909 2891 2891
r-46 16 0.25 11 0.418182 968 86 86 1006 87 1311 137 137 726 2227 2227
r-197 32 0.292339 15 0.209524 50988 39854 39854 52150 41318 56556 37692 37692 65521 48840 48840
r-112 13 0.25641 10 0.266667 195 58 58 195 54 214 77 77 246 134 134
r-136 26 0.264615 22 0.272727 1022658 590202 590202 1114425 589020 957625 693047 693047 948255 1057287 1057287
r-438 22 0.30303 35 0.289076 1392390 3738101 1392390 3588754 1520118 2043931 6133016 2043931 2459374 5978007 2459374
r-971 14 0.296703 11 0.363636 709 1021 1021 768 810 854 1228 1228 791 1186 1186
r-289 30 0.305747 32 0.268145 12334854 22005146 12334854 22444909 12316054 20457009 38100641 20457009 25306452 33594032 25306452
r-238 22 0.316017 11 0.309091 2951 1319 1319 2966 1394 3144 1262 1262 2267 1863 1863
r-738 24 0.347826 18 0.281046 63417 97228 97228 76900 74228 89740 142469 142469 130421 149570 149570
r-570 30 0.266667 21 0.285714 1349128 523532 523532 1435728 550995 2180638 774712 774712 1142481 661193 661193
r-630 23 0.328063 12 0.30303 747 645 645 778 659 867 696 696 3402 6335 6335
r-683 23 0.249012 15 0.285714 20752 5334 5334 21601 5188 28616 6419 6419 13398 13402 13402
r-228 15 0.247619 36 0.307937 64062 109438 64062 107913 65024 72893 134458 72893 103461 87453 103461
r-715 31 0.294624 13 0.25641 9607 6234 6234 9622 6605 9750 6304 6304 6734 10409 10409
r-99 28 0.277778 34 0.304813 11977437 19556548 11977437 22469066 10761035 20126058 33447863 20126058 38440606 28038893 38440606
r-596 21 0.342857 30 0.314943 558114 1337158 558114 1215009 530651 842301 2284465 842301 1241097 660166 1241097
r-377 25 0.303333 37 0.3003 11914394 13601644 11914394 13208962 12101989 19844469 24316072 19844469 22971790 19664600 22971790
r-625 12 0.287879 24 0.32971 2988 6599 2988 5830 3054 2682 6844 2682 6359 3895 6359
r-264 14 0.318681 21 0.319048 7163 13548 7163 12610 6188 9410 19554 9410 25992 11543 25992
r-30 39 0.311741 18 0.30719 1690704 310307 310307 1756218 320259 2559557 407887 407887 1313173 672917 672917
r-841 11 0.218182 35 0.321008 360 383 360 404 353 220 271 220 86 54 86
r-703 16 0.341667 10 0.355556 359 139 139 360 135 386 162 162 703 520 520
r-634 26 0.301538 12 0.287879 9655 2158 2158 9632 2209 11112 2289 2289 2995 6402 6402
r-942 15 0.32381 35 0.263866 29151 58121 29151 51583 29557 36867 72106 36867 276466 93108 276466
r-693 23 0.288538 35 0.346218 10500575 6726813 10500575 7224062 9912665 17153708 11722987 17153708 15911474 9650787 15911474
r-612 30 0.310345 24 0.25 930831 2111531 2111531 1092647 1922842 1499328 3410956 3410956 2427183 1969086 1969086
r-575 36 0.293651 32 0.302419 -1 -1 -1 -1 -1 -1 -1 -1 -1 -1 -1
r-568 25 0.29 36 0.295238 7193373 8269942 7193373 7390305 7463733 11335954 13015505 11335954 20074639 23207926 20074639
r-126 27 0.299145 15 0.32381 72966 22440 22440 74104 22206 104240 28208 28208 58167 50785 50785
r-461 18 0.287582 25 0.286667 61439 90498 61439 87827 60567 83848 141184 83848 177502 112075 177502
r-336 23 0.252964 19 0.333333 217041 92462 92462 223670 112346 343057 137091 137091 249222 225833 225833
r-23 13 0.282051 32 0.274194 1456 6255 1456 5956 1508 1454 6245 1454 14208 9253 14208
r-574 36 0.331746 37 0.28979 -1 -1 -1 -1 -1 -1 -1 -1 -1 -1 -1
r-114 12 0.333333 16 0.308333 1500 2645 1500 2360 1520 1838 3533 1838 2210 2908 2210
r-965 21 0.304762 28 0.298942 514021 830537 514021 813981 526605 779152 1408073 779152 532901 546026 532901
r-813 29 0.295567 11 0.345455 6028 1731 1731 6035 1685 6118 1787 1787 2942 5768 5768
r-622 11 0.309091 10 0.311111 77 118 118 93 97 127 171 171 748 281 281
r-109 21 0.333333 14 0.296703 3744 3747 3747 4202 3229 4910 4746 4746 6792 8204 8204
r-652 25 0.26 14 0.263736 13990 2738 2738 14525 2606 16649 2843 2843 9926 7347 7347
r-980 34 0.306595 26 0.316923 23366829 19649564 19649564 24995276 19470077 42542582 32896349 32896349 23613578 24232838 24232838
r-302 35 0.290756 25 0.33 12693711 5274545 5274545 13154189 5645175 22738483 5788054 5788054 10022413 7017019 7017019
r-641 24 0.278986 20 0.347368 568658 151188 151188 578794 162632 975180 233054 233054 370151 485562 485562
r-329 31 0.290323 33 0.293561 89373099 44684244 89373099 53224525 82332838 -1 -1 -1 -1 -1 -1
r-467 29 0.268473 34 0.322638 28965188 24329349 28965188 31200199 24243355 50149002 41652858 50149002 44557231 29915468 44557231
r-69 17 0.257353 13 0.307692 3565 1189 1189 3734 1270 4561 1171 1171 2655 3462 3462
r-446 40 0.30641 33 0.282197 -1 -1 -1 -1 -1 -1 -1 -1 -1 -1 -1
r-31 18 0.300654 15 0.257143 3504 5132 5132 3619 4712 4542 7109 7109 8509 6405 6405
r-692 40 0.310256 28 0.283069 -1 -1 -1 -1 -1 -1 -1 -1 -1 -1 -1
r-242 23 0.27668 16 0.308333 102310 35220 35220 106593 36939 163730 51080 51080 76298 68832 68832
r-727 11 0.345455 27 0.330484 1118 4260 1118 3945 1206 1154 4291 1154 2308 2048 2308
r-47 21 0.285714 23 0.288538 159437 328827 159437 349858 140474 177792 519448 177792 513046 393707 513046
r-562 12 0.393939 24 0.297101 3974 7963 3974 6983 4192 835 7811 835 1971 1469 1971
r-543 23 0.3083 36 0.287302 3621868 7832548 3621868 7236132 3802742 5508577 13185622 5508577 5985786 7232065 5985786
r-873 40 0.291026 40 0.308974 -1 -1 -1 -1 -1 -1 -1 -1 -1 -1 -1
r-176 39 0.310391 30 0.268966 -1 -1 -1 -1 -1 -1 -1 -1 -1 -1 -1
r-431 38 0.29303 22 0.277056 9883867 5307279 5307279 10403282 5376124 12523475 6031019 6031019 9233772 10144122 10144122
r-405 30 0.328736 26 0.261538 2335041 5442094 5442094 2767464 4817054 4051447 9624642 9624642 5319895 12033626 12033626
r-962 38 0.278805 20 0.336842 2074146 483493 483493 2120709 521124 3321180 698850 698850 1661863 1055863 1055863
r-78 15 0.314286 14 0.362637 3253 2784 2784 3174 2231 4660 3878 3878 8230 3073 3073
r-247 23 0.375494 12 0.257576 2029 3004 3004 2268 2751 1704 3149 3149 5327 4229 4229
r-906 35 0.294118 33 0.295455 -1 -1 -1 -1 -1 -1 -1 -1 -1 -1 -1
r-379 21 0.261905 35 0.317647 1877251 2556971 1877251 2692695 1846742 2768867 4154967 2768867 3797516 1968689 3797516
r-875 32 0.274194 30 0.257471 28309950 34587752 34587752 33317563 30863410 46473535 57548201 57548201 85993712 84653612 84653612
r-393 25 0.34 22 0.294372 283524 590843 590843 352918 504815 448770 1007294 1007294 954305 789042 789042
r-36 34 0.340463 14 0.340659 73401 42590 42590 75375 43392 92300 49406 49406 63391 65188 65188
r-713 16 0.333333 32 0.290323 150004 461897 150004 427670 152980 197429 691320 197429 206193 230830 206193
r-25 30 0.326437 29 0.29803 13319125 16509845 16509845 15416457 12959185 23288706 29491478 29491478 20877429 18925991 18925991
r-892 26 0.264615 24 0.253623 924498 522623 522623 1044570 463014 1463041 818922 818922 1970995 1486243 1486243
r-795 17 0.272059 15 0.304762 11696 6942 6942 12031 6422 17495 9359 9359 9066 5264 5264
r-607 33 0.314394 31 0.296774 53392620 40914428 40914428 60295620 35300316 -1 74980052 -1 52629921 68739868 68739868
r-74 18 0.254902 31 0.270968 274572 299997 274572 296843 276955 358368 434233 358368 314595 477466 314595
r-382 32 0.292339 15 0.333333 84788 74459 74459 85261 74637 111709 95886 95886 82635 111156 111156
r-940 24 0.300725 25 0.256667 812099 1637954 812099 1653857 742042 1247615 2648332 1247615 1259067 1418462 1259067
r-339 20 0.363158 15 0.342857 28168 14341 14341 29910 12679 39631 19247 19247 27351 33941 33941
r-513 27 0.287749 34 0.313725 8890863 17011936 8890863 19271261 8212059 15221932 30263483 15221932 11817479 10440337 11817479
r-826 21 0.290476 32 0.3125 594481 954528 594481 958603 602635 883419 1539854 883419 1568041 1853711 1568041
r-413 25 0.27 35 0.29916 8240646 9115383 8240646 9657532 7904228 13096111 15681233 13096111 15347856 16150361 15347856
r-95 23 0.26087 10 0.288889 2463 873 873 2463 888 2490 919 919 1840 832 832
r-133 23 0.296443 13 0.294872 7117 1547 1547 7319 1585 8375 1613 1613 3883 4861 4861
r-285 31 0.305376 19 0.298246 432431 492433 492433 452917 494610 668235 678923 678923 473533 885432 885432
r-571 22 0.34632 38 0.274538 1307705 8373059 1307705 7651721 1600663 1843106 13601422 1843106 6781576 5570070 6781576
r-472 26 0.332308 22 0.311688 1115585 1098855 1098855 1246938 1006365 1922382 1805798 1805798 1377908 1798991 1798991
r-430 21 0.285714 36 0.298413 1460976 4777717 1460976 4620655 1477785 2075209 7614279 2075209 2644117 2013628 2644117
r-127 12 0.30303 34 0.363636 4049 23440 4049 21426 4076 2182 19153 2182 10817 17271 10817
r-350 12 0.287879 35 0.314286 1773 13604 1773 12796 1788 1751 13601 1751 1024 5396 1024
r-621 35 0.309244 38 0.318634 -1 -1 -1 -1 -1 -1 -1 -1 -1 -1 -1
r-852 13 0.384615 23 0.312253 4757 20334 4757 17935 5036 5922 28724 5922 24586 14475 24586
r-485 34 0.299465 22 0.320346 3213370 1593060 1593060 3347842 1674771 5087540 1858575 1858575 1858659 3839169 3839169
r-292 35 0.287395 25 0.313333 12084310 6510116 6510116 12838033 6693837 21751559 10869767 10869767 11184489 14248700 14248700
r-236 21 0.347619 27 0.319088 284891 710362 284891 629578 253463 456555 1215087 456555 1063796 643448 1063796
r-331 29 0.305419 16 0.291667 94190 103102 103102 97790 108301 125735 129044 129044 165174 70506 70506
r-817 21 0.257143 17 0.316176 31610 15335 15335 34662 17085 48306 20848 20848 24283 57671 57671
r-220 17 0.330882 21 0.295238 5520 21650 5520 21667 4839 6224 32933 6224 12822 26745 12822
r-567 22 0.333333 38 0.307255 1741340 8666380 1741340 8330565 1815753 2450210 14625568 2450210 10906272 7444119 10906272
r-165 23 0.312253 22 0.30303 552274 505334 505334 611130 475371 928775 858682 858682 507787 490368 490368
r-809 28 0.322751 19 0.333333 399063 256480 256480 425372 262073 673140 387991 387991 377148 373803 373803
r-209 36 0.322222 39 0.306343 -1 -1 -1 -1 -1 -1 -1 -1 -1 -1 -1
r-160 20 0.236842 26 0.258462 121409 185938 121409 200456 121890 165708 287003 165708 202523 312850 202523
r-93 32 0.302419 29 0.307882 28981268 19045107 19045107 32697341 18387521 52159825 33369281 33369281 42350636 34085397 34085397
r-775 31 0.288172 37 0.306306 -1 -1 -1 -1 -1 -1 -1 -1 -1 -1 -1
r-969 21 0.285714 25 0.253333 231532 448603 231532 414954 274969 319919 696331 319919 338959 218434 338959
r-606 40 0.273077 20 0.242105 1384841 1109763 1109763 1444914 1134368 1850343 1394525 1394525 2373442 3532127 3532127
r-436 21 0.309524 22 0.333333 364739 232884 364739 271759 299725 595067 370592 595067 279851 369309 279851
r-139 35 0.302521 21 0.266667 1219173 1019963 1019963 1298480 1020543 1994811 1491449 1491449 2153260 3772417 3772417
r-325 12 0.272727 30 0.262069 1598 5825 1598 5235 1597 1657 5870 1657 15319 5480 15319
r-196 26 0.307692 22 0.281385 583858 965637 965637 652264 880482 951192 1482043 1482043 939570 1150270 1150270
r-267 27 0.336182 19 0.333333 572648 185571 185571 607142 178422 945261 286005 286005 503185 278829 278829
r-833 14 0.318681 16 0.316667 1291 2977 1291 3439 1164 1119 3544 1119 1084 3596 1084
r-544 16 0.258333 37 0.28979 59115 426316 59115 402282 59341 66616 550141 66616 207665 398516 207665
r-129 15 0.266667 16 0.416667 13986 5864 13986 9523 9118 21621 7678 21621 5387 9698 5387
r-804 32 0.294355 31 0.288172 31867818 39867108 39867108 37818483 29100749 55539122 66208431 66208431 27131196 49546843 49546843
r-193 40 0.312821 17 0.375 733426 196979 196979 754447 204389 1091089 201905 201905 352707 228681 228681
r-207 20 0.326316 11 0.345455 3633 1456 1456 3715 1468 4494 1696 1696 2412 4357 4357
r-763 13 0.346154 21 0.266667 3754 9106 3754 7574 3768 4826 12077 4826 5943 6614 5943
r-697 24 0.307971 32 0.302419 4042938 4665562 4042938 3998790 4195855 6568974 7678090 6568974 7649685 8130799 7649685
r-245 15 0.266667 34 0.306595 39341 127539 39341 117732 37752 45938 165193 45938 69982 43852 69982
r-96 30 0.305747 10 0.4 6517 233 233 6517 237 6365 186 186 957 416 416
r-996 34 0.326203 31 0.316129 48841284 30115549 30115549 55458141 26599278 -1 55075220 55075220 60230464 62217049 62217049
r-43 35 0.317647 37 0.28979 -1 -1 -1 -1 -1 -1 -1 -1 -1 -1 -1
r-822 13 0.320513 10 0.266667 414 582 582 433 536 474 659 659 221 250 250
r-180 14 0.318681 30 0.296552 7968 33365 7968 31472 8325 9079 41242 9079 20763 22934 20763
r-884 11 0.272727 21 0.347619 2266 1730 2266 1502 2267 2465 1964 2465 2610 3068 2610
r-115 17 0.286765 34 0.326203 257222 329937 257222 339005 256830 342135 498058 342135 1106953 313661 1106953
r-531 27 0.321937 21 0.309524 741210 474976 474976 832094 448180 1275358 751356 751356 1204332 1280640 1280640
r-744 17 0.330882 36 0.303175 201607 546832 201607 509862 200279 263551 814654 263551 682161 593449 682161
r-64 13 0.333333 40 0.294872 7775 29813 7775 27912 7860 7992 31044 7992 14857 14361 14857
r-800 25 0.326667 32 0.328629 5731457 5982545 5731457 6359583 5711082 9730432 10785487 9730432 12255639 13046129 12255639
r-198 14 0.32967 40 0.291026 55052 110436 55052 101411 55400 61819 130067 61819 138033 65243 138033
r-137 12 0.242424 39 0.310391 1549 1685 1549 1866 1558 1536 1706 1536 348 700 348
r-361 37 0.306306 16 0.3 374129 139809 139809 383833 144689 508207 173512 173512 175623 348741 348741
r-53 10 0.377778 26 0.28 815 3421 815 3118 880 779 3413 779 1412 671 1412
r-175 26 0.313846 38 0.28165 28317703 54481821 28317703 51965833 29791187 45868325 -1 45868325 75549133 42577773 75549133
r-162 12 0.272727 22 0.272727 1045 5294 1045 4566 1085 1126 6103 1126 1400 2367 1400
r-952 32 0.300403 38 0.27596 -1 -1 -1 -1 -1 -1 -1 -1 -1 -1 -1
r-899 37 0.283784 25 0.3 20212660 10756467 10756467 21521767 11390693 34724479 17143604 17143604 26500917 16092803 16092803
r-805 12 0.318182 19 0.304094 931 3715 931 3161 1161 1104 4680 1104 3614 2835 3614
r-960 20 0.336842 17 0.301471 33365 44206 44206 37706 33714 52262 63357 63357 68073 79184 79184
r-696 37 0.306306 40 0.301282 -1 -1 -1 -1 -1 -1 -1 -1 -1 -1 -1
r-191 39 0.290148 27 0.253561 57436020 49322187 49322187 63832507 48114366 -1 80592210 80592210 55516861 57293904 57293904
r-208 20 0.284211 23 0.312253 126940 84277 126940 84980 111864 198750 129516 198750 223576 388718 223576
r-223 37 0.315315 23 0.29249 4766155 4058804 4058804 5163930 3932591 8116689 6163277 6163277 10711304 9743290 9743290
r-819 34 0.338681 28 0.328042 23976766 15899364 15899364 26189010 14166586 45468622 28113001 28113001 27184506 30583006 30583006
r-640 30 0.282759 18 0.300654 269379 78669 78669 278875 77662 398471 95728 95728 205984 139204 139204
r-620 12 0.348485 20 0.3 2953 3254 2953 2886 3026 3519 4162 3519 5782 4860 5782
r-276 34 0.299465 22 0.264069 4506640 2106319 2106319 4794525 2102599 7302318 3180350 3180350 3818921 9548348 9548348
r-895 32 0.274194 10 0.244444 107 132 132 109 135 110 113 113 32 144 144
r-747 26 0.310769 17 0.264706 112811 75044 75044 120719 70060 151516 98197 98197 68435 80417 80417
r-583 32 0.28629 26 0.267692 9285737 5539613 5539613 10572755 5066520 15956747 8710469 8710469 6426065 22424987 22424987
r-298 32 0.302419 40 0.294872 -1 -1 -1 -1 -1 -1 -1 -1 -1 -1 -1
r-977 12 0.287879 39 0.283401 1460 2546 1460 2383 1451 1344 2448 1344 240 231 240
r-450 39 0.310391 10 0.355556 70 100 100 70 100 93 93 93 191 186 186
r-637 14 0.32967 20 0.315789 4312 18903 4312 18517 4953 5125 27131 5125 9403 18278 9403
r-566 32 0.308468 25 0.313333 10374780 6700532 6700532 11061216 6501191 17610645 10675491 10675491 14620578 16866903 16866903
r-492 19 0.298246 10 0.244444 739 647 647 739 645 706 600 600 162 139 139
r-904 20 0.305263 37 0.307808 1182884 2730884 1182884 2591705 1175707 1646187 4316746 1646187 3669116 2527541 3669116
r-958 20 0.310526 14 0.296703 4411 4853 4853 4963 4763 6077 6392 6392 14810 12889 12889
r-855 16 0.266667 16 0.283333 5857 4751 5857 6025 4518 8457 6710 8457 8159 5515 8159
r-120 14 0.318681 26 0.267692 3608 41380 3608 34057 3813 4238 55032 4238 25685 31914 25685
r-116 21 0.309524 40 0.284615 1284518 4849341 1284518 4265416 1350740 1853423 7724183 1853423 2309651 2371645 2309651
r-898 39 0.302294 35 0.284034 -1 -1 -1 -1 -1 -1 -1 -1 -1 -1 -1
r-669 14 0.21978 10 0.266667 748 311 311 775 343 933 340 340 1393 399 399
r-924 18 0.366013 25 0.276667 63748 206966 63748 187414 71950 98563 353339 98563 72879 135291 72879
r-734 14 0.296703 10 0.244444 701 530 530 730 548 904 579 579 1234 755 755
r-204 40 0.291026 34 0.319073 -1 -1 -1 -1 -1 -1 -1 -1 -1 -1 -1
r-62 32 0.326613 27 0.25641 4978458 12171143 12171143 5820950 10034847 8392490 20443109 20443109 8758278 18410499 18410499
r-760 32 0.294355 22 0.242424 2040720 1551296 1551296 2240469 1537480 3246761 2353153 2353153 2271494 2041673 2041673
r-33 40 0.275641 32 0.294355 -1 -1 -1 -1 -1 -1 -1 -1 -1 -1 -1
r-995 39 0.287449 30 0.28046 -1 -1 -1 -1 -1 -1 -1 -1 -1 -1 -1
r-534 23 0.335968 12 0.257576 7227 4991 4991 7385 4541 9008 5604 5604 8734 11221 11221
r-754 21 0.328571 13 0.205128 1089 3640 3640 1332 3402 1205 4256 4256 3792 5076 5076
r-882 19 0.304094 27 0.25641 135945 373240 135945 349813 163243 189536 582442 189536 506939 364538 506939
r-344 32 0.294355 21 0.238095 671640 1545885 1545885 756704 1437437 986825 2169633 2169633 1265992 1766141 1766141
r-370 36 0.304762 15 0.304762 208809 37677 37677 214546 38925 279902 45445 45445 23170 37845 37845
r-581 26 0.335385 21 0.342857 687927 577278 577278 742427 573300 1221574 960424 960424 632859 830595 830595
r-632 34 0.301248 18 0.313725 920179 547719 547719 965153 575702 1430979 745629 745629 791672 659487 659487
r-185 29 0.344828 30 0.287356 5531640 13859150 5531640 13475853 5494706 9404923 25460146 9404923 11962038 17912343 11962038
r-798 21 0.233333 30 0.268966 1721689 1458706 1721689 1544839 1664756 2469434 2083220 2469434 1937008 2317513 1937008
r-57 35 0.339496 19 0.298246 2395098 2204231 2204231 2507976 2118381 3869269 3222516 3222516 3320004 2827443 2827443
r-981 38 0.301565 22 0.272727 8591246 5862586 5862586 9141508 6120524 14322941 8907055 8907055 7595242 13864866 13864866
r-988 38 0.29303 17 0.345588 456433 130109 130109 469927 133149 629239 167869 167869 199993 361614 361614
r-368 33 0.299242 35 0.30084 -1 -1 -1 -1 -1 -1 -1 -1 -1 -1 -1
r-76 27 0.333333 37 0.297297 20968584 20279943 20968584 20189727 22459583 33748941 37483483 33748941 47757328 22650007 47757328
r-1000 27 0.353276 21 0.328571 459465 493913 493913 476729 471448 460062 799015 799015 599304 765826 765826
r-9 31 0.316129 18 0.267974 149673 70162 70162 158354 66803 210711 86688 86688 292625 326042 326042
r-856 32 0.330645 14 0.32967 32406 12152 12152 33258 12322 41129 14428 14428 15568 33907 33907
r-153 16 0.216667 13 0.230769 2713 2751 2751 2875 2688 3081 3191 3191 3253 4076 4076
r-451 21 0.266667 23 0.339921 285683 74135 285683 86609 209481 468060 114189 468060 659352 341875 659352
r-60 40 0.320513 39 0.300945 -1 -1 -1 -1 -1 -1 -1 -1 -1 -1 -1
r-421 26 0.28 40 0.303846 37166289 48279985 37166289 51604878 37882626 60171942 -1 60171942 48233472 58670856 48233472
r-585 25 0.29 23 0.284585 762079 1124875 1124875 846774 1056728 1172790 1800249 1800249 2296906 918215 918215
r-667 11 0.254545 27 0.333333 7260 8012 7260 7200 7302 5541 5611 5541 159 90 159
r-145 25 0.246667 11 0.345455 1442 487 487 1451 494 1195 297 297 198 651 651
r-253 23 0.29249 11 0.309091 1934 1008 1008 1935 1039 1901 995 995 830 1134 1134
r-639 32 0.28629 27 0.290598 6468164 9318687 9318687 7217562 9494485 11492219 15050474 15050474 22478629 7996378 7996378
r-321 29 0.278325 20 0.305263 806127 150282 150282 845293 173029 1273292 192922 192922 470799 253622 253622
r-741 15 0.32381 36 0.304762 145354 243547 145354 228882 148003 177484 333339 177484 403338 105731 403338
r-825 12 0.272727 20 0.284211 1965 3571 1965 3084 2020 2230 4481 2230 5210 3759 5210
r-660 16 0.283333 36 0.304762 73205 194668 73205 184238 73084 90536 268241 90536 256799 157845 256799
r-672 17 0.272059 33 0.284091 250432 474655 250432 454362 254809 312737 684666 312737 281184 316696 281184
r-643 13 0.282051 40 0.280769 7756 24996 7756 22583 7852 7818 25063 7818 19747 7959 19747
r-434 31 0.326882 30 0.301149 22700426 26072650 26072650 26491161 19958395 41682822 48069509 48069509 44272535 41592825 41592825
r-404 26 0.301538 16 0.2 39340 57449 57449 42151 55791 56023 74867 74867 126023 102644 102644
r-385 35 0.27563 12 0.333333 9483 2275 2275 9488 2299 9548 2341 2341 2074 3302 3302
r-582 37 0.336336 29 0.307882 -1 -1 -1 -1 -1 -1 -1 -1 -1 -1 -1
r-280 37 0.283784 37 0.313814 -1 -1 -1 -1 -1 -1 -1 -1 -1 -1 -1
r-767 17 0.264706 33 0.327652 341645 323845 341645 303073 339255 455605 489955 455605 618584 332158 618584
r-179 39 0.287449 31 0.275269 -1 -1 -1 -1 -1 -1 -1 -1 -1 -1 -1
r-222 36 0.293651 12 0.318182 11838 3758 3758 11838 3987 11907 3624 3624 8712 14286 14286
r-687 26 0.283077 32 0.3125 9014289 6833459 9014289 7779234 8897747 15325415 12030145 15325415 13209966 11774149 13209966
r-956 32 0.282258 15 0.304762 116351 36022 36022 119782 37726 156986 45269 45269 106572 97820 97820
r-89 20 0.289474 17 0.294118 19576 10476 10476 21149 9007 29781 14334 14334 28146 26961 26961
r-194 27 0.310541 29 0.310345 8356910 9048377 8356910 10267180 8088781 14340296 15618174 14340296 11331036 9993454 11331036
r-234 25 0.316667 24 0.297101 324580 545845 545845 379044 469308 534621 928362 928362 830108 924873 924873
r-943 20 0.3 40 0.324359 2782726 4536931 2782726 4450690 2750700 3926077 7117999 3926077 8843822 5050210 8843822
r-657 34 0.308378 14 0.362637 57428 52463 52463 59028 54948 74787 65374 65374 24038 21519 21519
r-464 30 0.317241 11 0.418182 7594 1965 1965 7595 1986 7646 2016 2016 7527 4442 4442
r-529 34 0.297683 14 0.252747 75613 12208 12208 78038 12490 92183 12504 12504 67804 27222 27222
r-871 13 0.333333 26 0.298462 5615 12352 5615 11176 5326 6240 15449 6240 5863 10348 5863
r-488 29 0.270936 30 0.301149 13609545 4836685 13609545 5866189 11315651 22344325 7318175 22344325 16715539 10964076 16715539
r-803 25 0.29 26 0.344615 4858183 2160736 4858183 2681193 3465390 8502331 3670825 8502331 4176576 5298857 4176576
r-445 24 0.318841 30 0.287356 1696964 3714381 1696964 3599367 1679144 2776383 6513420 2776383 5005645 4668999 5005645
r-658 27 0.296296 19 0.315789 372786 201879 201879 383402 203647 289266 104904 104904 379070 321732 321732
r-37 34 0.286988 11 0.254545 110 132 132 109 135 124 123 123 10270 2155 2155
r-271 10 0.311111 13 0.435897 781 831 781 1012 656 856 963 856 982 445 982
r-912 10 0.288889 38 0.315789 90 47 90 43 90 88 69 88 277 300 277
r-949 39 0.311741 40 0.30641 -1 -1 -1 -1 -1 -1 -1 -1 -1 -1 -1
r-527 35 0.334454 32 0.282258 -1 -1 -1 -1 -1 -1 -1 -1 -1 -1 -1
r-951 16 0.325 13 0.307692 5300 4794 4794 5642 4683 7238 6309 6309 7965 6883 6883
r-753 27 0.287749 39 0.309042 47147697 38491935 47147697 37627739 47251984 77902062 -1 77902062 80758873 61911939 80758873
r-399 33 0.308712 22 0.298701 3001795 1798206 1798206 3201584 1832896 4945611 2526766 2526766 3703808 4129124 4129124
r-390 38 0.297297 26 0.273846 31556474 25483932 25483932 34355396 24721018 55122589 41059079 41059079 36801402 61416292 61416292
r-619 13 0.371795 23 0.280632 3389 9233 3389 7867 3936 4198 12143 4198 11200 4081 11200
r-1 14 0.373626 26 0.307692 7158 17430 7158 14907 6862 9176 24378 9176 18542 15578 18542
r-635 13 0.371795 20 0.289474 4545 10166 4545 9602 4805 6050 15593 6050 10518 8272 10518
r-392 17 0.352941 35 0.294118 324327 530237 324327 491919 326201 461262 828818 461262 402859 573803 402859
r-915 29 0.307882 30 0.287356 16249840 19309439 16249840 20515442 15822333 28140617 34512249 28140617 22010749 25894800 22010749
r-241 19 0.298246 21 0.257143 35099 63767 35099 55091 43820 50739 96740 50739 61660 71759 61660
r-134 31 0.316129 36 0.290476 50035868 -1 50035868 -1 49039834 -1 -1 -1 -1 -1 -1
r-272 30 0.305747 10 0.222222 60 98 98 58 99 55 76 76 32 63 63
r-29 29 0.312808 28 0.293651 4406755 3984705 3984705 5405404 2511080 7456942 6563230 6563230 8844862 6978611 6978611
r-250 11 0.272727 18 0.352941 1269 530 1269 825 1233 1310 558 1310 2016 1675 2016
r-94 12 0.19697 26 0.28 625 2997 625 2848 629 541 2901 541 1770 691 1770
r-263 16 0.325 30 0.289655 21987 94367 21987 85031 22691 25925 121923 25925 71572 132155 71572
r-970 23 0.284585 24 0.289855 994529 987194 994529 1143338 932138 1574960 1613231 1574960 1923485 1282017 1923485
r-886 10 0.333333 20 0.378947 1004 224 1004 210 1013 1048 255 1048 1694 1909 1694
r-17 13 0.269231 28 0.267196 1025 3877 1025 3713 1069 970 3941 970 3426 16055 3426
r-726 38 0.328592 22 0.255411 5171727 6176915 6176915 5618746 5899679 8593674 9334481 9334481 14747268 11585932 11585932
r-419 31 0.275269 27 0.339031 9322153 3526464 3526464 9818528 3236822 16888736 5757938 5757938 12683090 9451908 9451908
r-470 19 0.292398 29 0.288177 386051 560508 386051 562658 392453 541064 888752 541064 1048998 681129 1048998
r-508 33 0.299242 30 0.34023 51157052 11021892 11021892 55469913 9794194 -1 19251430 19251430 51775505 58506625 58506625
r-535 11 0.309091 26 0.326154 2827 4756 2827 4182 2815 2862 4509 2862 8195 4237 8195
r-70 19 0.280702 18 0.27451 19640 23625 23625 21910 21023 29337 34942 34942 63100 37433 37433
r-770 16 0.308333 37 0.282282 96979 341995 96979 283188 97316 119626 465066 119626 374598 214599 374598
r-781 16 0.258333 10 0.222222 1311 386 386 1402 292 1557 402 402 503 969 969
r-997 21 0.314286 34 0.279857 680314 3404757 680314 3098256 810515 980017 5587814 980017 1852317 2978607 1852317
r-863 23 0.29249 12 0.333333 5220 3134 3134 5452 3408 6482 3599 3599 3935 6136 6136
r-320 40 0.29359 21 0.333333 5564417 2555102 2555102 5760100 2640807 9101722 3876495 3876495 5379577 6215843 6215843
r-861 16 0.3 11 0.181818 777 619 619 787 617 837 628 628 3690 2161 2161
r-587 25 0.26 38 0.307255 14746425 20697815 14746425 23892532 14527798 23504704 35207817 23504704 18790779 21813825 18790779
r-663 29 0.312808 29 0.334975 9321667 6454784 9321667 10278731 6225591 17201778 11937890 17201778 14131079 20504419 14131079
r-226 28 0.275132 13 0.333333 18041 2921 2921 18711 2905 22796 3274 3274 8118 4685 4685
r-422 13 0.269231 26 0.295385 2481 7551 2481 7411 2468 2620 8405 2620 20685 4890 20685
r-507 25 0.276667 26 0.286154 1530513 1899454 1530513 2181353 1431439 2276185 3004987 2276185 1328362 1207265 1328362
r-295 37 0.286787 27 0.34188 43084075 13411037 13411037 44930997 15308768 -1 22918940 22918940 35873927 28811446 28811446
r-549 11 0.290909 26 0.292308 756 3793 756 3370 818 818 3994 818 1259 1837 1259
r-90 20 0.289474 40 0.314103 2423699 1849020 2423699 1765893 2410466 3305255 2876794 3305255 4332369 2209684 4332369
r-931 24 0.286232 28 0.335979 1993745 859728 1993745 1135284 1511458 3296869 1315647 3296869 2315262 2223408 2315262
r-603 23 0.29249 36 0.252381 2001183 8282004 2001183 7499256 2436288 2365544 12813411 2365544 3924124 5931842 3924124
r-689 22 0.341991 17 0.375 93225 17140 17140 97860 17095 155921 23300 23300 71614 111131 111131
r-890 19 0.233918 27 0.324786 319197 131281 319197 215480 289884 413854 55504 413854 303409 185870 303409
r-963 16 0.308333 40 0.342308 144019 329074 144019 321597 142207 177115 449972 177115 164464 249654 164464
r-396 27 0.287749 23 0.316206 709298 403690 403690 766381 389213 1158290 637384 637384 831052 710602 710602
r-893 19 0.274854 40 0.264103 319228 1240587 319228 1126193 331472 416772 1771455 416772 1120067 939041 1120067
r-244 11 0.218182 29 0.293103 654 1687 654 1607 640 540 1589 540 195 226 195
r-955 16 0.35 16 0.275 2458 6913 2458 3067 4514 3397 9784 3397 19832 10893 19832
r-283 19 0.350877 21 0.314286 75760 93552 75760 93462 74618 116455 150473 116455 91626 120488 91626
r-601 11 0.4 20 0.326316 908 2900 908 2576 900 1126 3722 1126 2290 1389 2290
r-378 23 0.288538 11 0.236364 372 310 310 375 319 335 204 204 3875 878 878
r-872 20 0.326316 38 0.311522 1300975 2940261 1300975 2837952 1286451 1961368 4880702 1961368 4268247 2593306 4268247
r-789 20 0.336842 18 0.366013 29761 27031 27031 32148 23489 47633 38728 38728 73099 33690 33690
r-569 17 0.294118 37 0.274775 59427 565338 59427 517082 59622 73677 764212 73677 173744 414171 173744
r-557 12 0.318182 11 0.272727 77 435 435 86 329 97 548 548 988 1000 1000
r-646 19 0.350877 33 0.289773 183319 739882 183319 675944 187465 264834 1187740 264834 239268 376108 239268
r-730 14 0.373626 24 0.293478 5977 19362 5977 16921 5947 7560 27909 7560 26435 16222 26435
r-799 34 0.306595 22 0.238095 3120357 2978801 2978801 3412075 2851107 4920482 4423593 4423593 2586179 8963692 8963692
r-478 11 0.327273 30 0.298851 917 2453 917 2241 952 869 2413 869 1987 1658 1987
r-925 13 0.282051 20 0.284211 1944 2798 1944 2620 1974 2463 3597 2463 8875 10138 8875
r-846 12 0.227273 22 0.25974 1017 3317 1017 3178 1043 1029 3318 1029 3558 6163 3558
r-63 28 0.269841 37 0.283784 50962340 -1 50962340 -1 51618642 -1 -1 -1 112695971 -1 112695971
r-457 14 0.285714 29 0.283251 8128 27696 8128 24001 8333 9150 34000 9150 28873 21401 28873
r-384 38 0.29872 25 0.323333 17477426 9173079 9173079 18334060 9066675 31467029 14931489 14931489 20128140 12044279 12044279
r-55 37 0.315315 10 0.311111 433 200 200 433 348 456 166 166 210 189 189
r-515 37 0.333333 10 0.244444 160 121 121 159 122 163 93 93 101 115 115
r-945 10 0.333333 13 0.423077 821 79 821 161 735 1064 26 1064 693 660 693
r-85 34 0.308378 12 0.348485 13279 4096 4096 13334 4381 14054 4212 4212 14018 14951 14951
r-123 32 0.298387 12 0.287879 921 458 458 921 459 661 140 140 4723 1418 1418
r-373 34 0.308378 24 0.271739 8102811 8886890 8886890 8937995 8640630 13995783 14305713 14305713 9827674 14043778 14043778
r-178 33 0.263258 19 0.280702 757485 307198 307198 786419 316489 1131780 419052 419052 468988 662928 662928
r-845 28 0.306878 18 0.300654 216383 77009 77009 228198 69859 342408 108609 108609 204738 253527 253527
r-366 18 0.320261 33 0.280303 161680 523694 161680 490312 171865 232099 800557 232099 302496 355883 302496
r-273 24 0.289855 32 0.28629 1676641 5671188 1676641 5921792 1725980 2645383 9545634 2645383 3508805 4010720 3508805
r-700 40 0.283333 27 0.319088 -1 28133921 28133921 -1 29259272 -1 46310932 46310932 58212712 106316918 106316918
r-714 28 0.283069 12 0.181818 1782 1218 1218 1778 1233 1736 1141 1141 1225 2086 2086
r-580 27 0.287749 23 0.252964 513834 605857 605857 592286 490730 768447 872420 872420 1038584 709183 709183
r-627 17 0.448529 22 0.324675 7505 35160 7505 34376 6535 6797 52946 6797 48505 32768 48505
r-836 24 0.307971 31 0.305376 5704399 8534227 5704399 9073401 5742428 9391888 15086136 9391888 11093537 10160080 11093537
r-979 24 0.322464 16 0.283333 65563 34861 34861 74316 32854 97433 48075 48075 66054 58514 58514
r-200 37 0.303303 37 0.28979 -1 -1 -1 -1 -1 -1 -1 -1 -1 -1 -1
r-216 30 0.291954 34 0.2959 54891665 37684084 54891665 41853014 50875144 -1 -1 -1 69720514 37215374 69720514
r-777 16 0.233333 20 0.278947 26483 27199 26483 31629 24900 36330 40325 36330 26531 34674 26531
r-699 39 0.315789 24 0.278986 19567023 18604466 18604466 20800645 18531852 32444507 28301456 28301456 14120663 32226324 32226324
r-51 32 0.306452 17 0.272059 278886 134482 134482 290176 143172 401694 170040 170040 87142 91766 91766
r-561 23 0.316206 32 0.318548 2232561 3747187 2232561 3897764 2342806 3440903 6600143 3440903 4037964 6134424 4037964
r-677 30 0.333333 26 0.329231 5522351 2669672 2669672 6077669 2261184 9869332 4447843 4447843 6262142 9151138 9151138
r-229 40 0.324359 11 0.345455 2553 520 520 2555 503 2456 402 402 173 751 751
r-547 23 0.312253 14 0.307692 16823 8344 8344 16645 8193 23471 10480 10480 20043 27597 27597
r-786 12 0.272727 28 0.28836 2789 5399 2789 4813 2883 2789 5388 2789 6469 3751 6469
r-65 14 0.307692 25 0.28 12730 14863 12730 13994 13195 15066 18562 15066 11509 12734 11509
r-506 35 0.297479 32 0.3125 -1 -1 -1 -1 -1 -1 -1 -1 -1 -1 -1
r-463 17 0.338235 38 0.312945 408004 800753 408004 742043 409898 548688 1197646 548688 558736 619674 558736
r-359 19 0.333333 16 0.325 22470 22321 22321 24480 20541 35594 33819 33819 16562 18869 18869
r-28 26 0.313846 40 0.320513 16678140 23841053 16678140 24148667 17144365 28288865 42157460 28288865 44646056 35266252 44646056
r-918 26 0.323077 30 0.248276 3750004 10263546 3750004 9583017 4016110 5970705 17711477 5970705 10037074 8311444 10037074
r-739 21 0.295238 14 0.351648 35628 10695 10695 35989 11510 53704 14557 14557 11300 16006 16006
r-706 30 0.326437 30 0.287356 11202172 24568302 11202172 13352833 18000245 19435173 42926457 19435173 27201022 24241031 27201022
r-742 23 0.284585 22 0.320346 553100 340789 340789 600647 350209 923568 556609 556609 517493 532476 532476
r-801 22 0.277056 13 0.320513 7152 3315 3315 7293 3405 9673 4131 4131 2606 2229 2229
r-21 28 0.314815 29 0.332512 8799598 7844548 8799598 9195870 6826480 15185593 13757074 15185593 18259494 9171973 18259494
r-219 25 0.323333 34 0.322638 13805335 19552882 13805335 20322327 13817860 23374479 35868316 23374479 19130371 21205662 19130371
r-203 27 0.301994 32 0.310484 11078399 13414109 11078399 14631526 10727985 19163981 24222820 19163981 15819004 18816126 15819004
r-45 33 0.276515 22 0.320346 2755664 978505 978505 2943937 1134009 4651034 1447017 1447017 3449392 4691986 4691986
r-868 19 0.28655 11 0.327273 2618 899 899 2702 879 3287 1057 1057 2284 1356 1356
r-353 36 0.280952 22 0.264069 4139741 1131693 1131693 4367638 1123521 6552649 1370320 1370320 5184633 9713051 9713051
r-397 20 0.284211 11 0.218182 692 855 855 689 851 668 855 855 3758 1903 1903
r-778 15 0.32381 36 0.306349 21795 67780 21795 63744 22255 24836 84151 24836 40705 20566 40705
r-67 23 0.245059 22 0.294372 412020 137224 137224 450278 157101 649662 209242 209242 410794 410375 410375
r-369 28 0.325397 12 0.272727 12208 5924 5924 12259 5963 12839 6073 6073 8984 11779 11779
r-762 24 0.304348 36 0.309524 5514695 12765413 5514695 11869939 5571168 8652625 21490090 8652625 16429335 11883280 16429335
r-695 32 0.318548 35 0.310924 -1 -1 -1 -1 -1 -1 -1 -1 -1 -1 -1
r-519 14 0.307692 36 0.319048 36695 75852 36695 71542 37031 40840 91255 40840 79829 45308 79829
r-352 33 0.318182 12 0.257576 12969 1286 1286 12980 1411 12415 881 881 6808 11231 11231
r-885 25 0.31 26 0.32 1528170 1456337 1528170 1690700 1378362 2222944 2469963 2222944 3413709 2504667 3413709
r-275 36 0.288889 26 0.332308 24989280 6706245 6706245 26722331 7146048 44833902 10969551 10969551 16007874 6506040 6506040
r-372 10 0.266667 23 0.328063 445 2190 445 1875 434 435 2178 435 312 1260 312
r-545 23 0.367589 38 0.297297 4049989 12490801 4049989 11812566 4318857 6588740 22285188 6588740 13618175 11711585 13618175
r-56 14 0.318681 18 0.300654 6621 4155 6621 4692 6557 8254 5169 8254 6258 7175 6258
r-656 29 0.280788 15 0.342857 46795 10739 10739 48365 9763 68662 13983 13983 15965 58876 58876
r-905 11 0.381818 37 0.283784 2822 11358 2822 9898 3023 2877 11354 2877 6088 4957 6088
r-305 18 0.267974 35 0.294118 217704 406315 217704 391208 224593 283465 604677 283465 1834435 1001467 1834435
r-92 23 0.300395 34 0.286988 4889963 6934930 4889963 6997064 5236102 7497502 11764946 7497502 9062939 6261624 9062939
r-35 27 0.296296 31 0.32043 4190633 5045419 4190633 5736491 3497048 7018031 9155322 7018031 6437786 11542854 6437786
r-286 26 0.273846 32 0.294355 4816908 5890298 4816908 6873663 4634109 7851595 9982014 7851595 6578589 7947890 6578589
r-414 14 0.351648 39 0.302294 44344 104165 44344 99183 44439 50992 126082 50992 91820 51922 91820
r-281 28 0.259259 22 0.337662 1592525 402465 402465 1561038 466408 2642412 598807 598807 2036873 1109049 1109049
r-987 22 0.277056 33 0.30303 2856166 3533095 2856166 3719990 2902540 4378505 5857173 4378505 7601142 6259077 7601142
r-797 36 0.301587 29 0.268473 21435980 28466642 28466642 24944944 25224081 37431320 46421003 46421003 26882241 30690318 30690318
r-313 23 0.3083 20 0.252632 265648 177893 177893 311944 147183 398831 259519 259519 272598 218166 218166
r-593 35 0.285714 18 0.333333 762848 124337 124337 789971 124140 1126289 171342 171342 574968 575111 575111
r-849 24 0.25 31 0.333333 6699566 3603436 6699566 4504140 5450534 11293292 6258470 11293292 10230544 6371419 10230544
r-546 34 0.335116 24 0.333333 7525320 7127585 7127585 7966229 7176868 12544441 11542546 11542546 6424381 8522133 8522133
r-670 39 0.303644 20 0.252632 2149144 1360683 1360683 2242663 1369942 3304718 1855200 1855200 2233701 1801624 1801624
r-221 27 0.299145 23 0.332016 1195501 391263 391263 1296902 402366 2009594 621188 621188 1606462 1070857 1070857
r-261 25 0.343333 16 0.366667 72188 56918 56918 76051 56146 108224 80671 80671 58254 70269 70269
r-163 13 0.320513 21 0.290476 5323 10444 5323 9772 5478 6703 14109 6703 1973 6901 1973
r-456 11 0.327273 31 0.296774 248 412 248 403 248 204 391 204 634 386 634
r-769 34 0.26738 10 0.422222 5413 2084 2084 5413 2222 5478 2147 2147 1539 2686 2686
r-922 11 0.381818 10 0.222222 177 448 448 206 301 192 582 582 163 105 105
r-812 11 0.309091 18 0.235294 108 398 108 346 114 146 433 146 806 165 806
r-500 34 0.286988 33 0.301136 -1 37904901 37904901 -1 32429783 -1 -1 -1 -1 -1 -1
r-876 27 0.296296 14 0.318681 17612 11353 11353 18156 12606 21466 13409 13409 13726 33847 33847
r-537 37 0.297297 31 0.296774 -1 -1 -1 -1 -1 -1 -1 -1 -1 -1 -1
r-453 27 0.324786 17 0.316176 136637 105778 105778 147677 105649 214635 147190 147190 182964 291410 291410
r-482 15 0.266667 28 0.31746 39956 56919 39956 50943 38865 49675 72956 49675 39638 53566 39638
r-119 16 0.383333 26 0.326154 38227 106993 38227 100489 37175 52756 168630 52756 109127 57464 109127
r-914 40 0.288462 19 0.245614 1303261 460351 460351 1343057 462336 1887767 587099 587099 1347610 1560469 1560469
r-743 37 0.324324 33 0.299242 -1 -1 -1 -1 -1 -1 -1 -1 -1 -1 -1
r-254 11 0.4 14 0.340659 265 920 265 908 241 369 1196 369 1106 535 1106
r-933 39 0.327935 14 0.307692 128601 88126 88126 131115 92721 153471 97424 97424 108053 95595 95595
r-832 23 0.304348 25 0.293333 312024 905290 312024 962805 328156 525683 1513752 525683 870157 554250 870157
r-748 32 0.292339 14 0.274725 38156 15688 15688 39221 15836 47368 17915 17915 31926 22349 22349
r-407 27 0.282051 29 0.305419 4206763 2142525 4206763 2371951 3737002 7115701 3433855 7115701 8068142 5358943 8068142
r-100 27 0.304843 37 0.313814 28541971 21796987 28541971 21593890 28113633 -1 -1 -1 58197983 -1 58197983
r-444 36 0.312698 31 0.316129 -1 -1 -1 -1 -1 -1 -1 -1 -1 -1 -1
r-420 33 0.32197 36 0.265079 -1 -1 -1 -1 -1 -1 -1 -1 -1 -1 -1
r-483 35 0.315966 11 0.4 8242 1659 1659 8246 1693 8060 1506 1506 8030 1929 1929
r-791 17 0.272059 34 0.290553 307497 547191 307497 531236 308476 383365 767459 383365 983349 619953 983349
r-889 28 0.275132 14 0.252747 25164 10178 10178 25667 10415 22531 7994 7994 8260 17287 17287
r-966 35 0.317647 28 0.285714 31165666 17389599 17389599 34945760 16548406 55868016 30605920 30605920 25887975 40474385 40474385
r-19 36 0.312698 40 0.288462 -1 -1 -1 -1 -1 -1 -1 -1 -1 -1 -1
r-5 14 0.230769 39 0.323887 28206 29190 28206 40194 28240 25009 29077 25009 32232 29036 32232
r-881 16 0.325 40 0.285897 148080 452117 148080 393254 147581 183106 606094 183106 221946 266877 221946
r-98 32 0.306452 39 0.319838 -1 -1 -1 -1 -1 -1 -1 -1 -1 -1 -1
r-944 27 0.304843 34 0.313725 22304134 23818999 22304134 25143685 21277043 38784572 43122780 38784572 31114098 41809519 31114098
r-636 23 0.264822 39 0.295547 2551897 4540888 2551897 4601549 2541118 3880606 7814144 3880606 3522727 5152067 3522727
r-303 23 0.256917 20 0.368421 312327 107662 107662 313854 136837 464551 160410 160410 164521 143199 143199
r-300 36 0.288889 10 0.244444 264 143 143 263 146 265 125 125 206 167 167
r-279 34 0.306595 32 0.252016 -1 -1 -1 -1 -1 -1 -1 -1 -1 -1 -1
r-425 18 0.372549 32 0.324597 101316 325182 101316 289058 107549 143479 523912 143479 364010 320539 364010
r-39 24 0.34058 13 0.320513 9365 23298 23298 9909 23071 12254 29770 29770 8743 8330 8330
r-309 12 0.257576 25 0.293333 3936 9014 3936 7748 4034 3573 9711 3573 7063 4002 7063
r-252 12 0.212121 32 0.320565 9167 14869 9167 14310 9185 8777 14187 8777 5012 5992 5012
r-600 22 0.341991 34 0.315508 1194097 4206364 1194097 4122249 1316268 1875012 7353880 1875012 3337562 3535455 3337562
r-644 10 0.288889 39 0.271255 123 72 123 63 129 93 68 93 89 54 89
r-523 17 0.294118 35 0.346218 432448 635015 432448 581463 427333 579065 965560 579065 517583 404905 517583
r-365 33 0.30303 39 0.2861 -1 -1 -1 -1 -1 -1 -1 -1 -1 -1 -1
r-937 23 0.296443 39 0.288799 7120169 12799768 7120169 12375612 7328229 10940862 21108097 10940862 31302549 13382926 31302549
