mcsplit mcsplit-h mcsplit+f mcsplit+fmm mcsplit+bigf mcsplit+r mcsplit+S mcsplit+O mcsplitb mcsplitb+f mcsplitb+bigf mcsplitb+S mcsplitb+O
100001 100006 100001 100005 100001 100008 100008 100006 100002 100000 100005 100001 100003
100000 100006 100003 100004 100001 100005 100003 100001 100006 100003 100000 100003 100005
0 0 0 0 0 0 0 0 0 0 0 0 0
362 381 1260 1329 1034 1438 355 355 408 1467 1151 408 411
88910 89477 100001 100001 100006 100008 88993 87807 99714 100000 100006 66453 100009
2 3 2 2 0 0 0 0 2 2 0 0 0
100009 100004 100009 100008 100002 100004 100005 100002 100009 100007 100007 100008 100006
30 63 31 43 8 7 8 7 51 52 10 10 10
534 2403 510 654 15 14 13 14 908 870 21 19 19
0 0 0 0 0 0 0 0 0 0 0 0 0
66890 97595 67027 70421 3163 2501 2052 2040 76605 77854 3650 2345 2353
5 5 8 9 5 8 8 5 7 12 7 13 7
846 957 88723 90024 1514 96203 858 855 1189 100004 2108 1204 1226
727 784 100002 100000 1233 100002 714 724 1025 100002 1732 1047 1028
9 18 10 11 5 5 4 5 15 15 8 7 7
225 240 201 208 200 157 147 224 367 310 348 221 369
100003 100005 100001 100000 100007 100007 100007 100005 100000 100007 100007 100009 100002
4 12 4 5 0 0 0 0 5 5 1 0 0
6 9 8 13 5 6 6 6 6 9 5 6 6
132 142 2123 6317 222 2391 134 138 168 3395 294 160 164
4645 4865 4615 4783 2229 2300 2227 4583 5358 5291 2511 2617 5432
6 6 7 6 1 1 1 1 7 7 1 1 1
100006 100003 100008 100009 100007 100008 100005 100007 100005 100005 100004 100005 100006
4615 4749 4607 4476 206 202 164 159 5163 5194 223 176 179
0 0 0 0 0 0 0 0 0 0 0 0 0
47426 49374 100003 100007 53164 100001 48176 47472 64431 100010 72768 64706 64469
5 6 47 66 8 54 5 5 7 70 11 7 7
15 15 177 180 16 219 15 15 5 197 9 5 5
100009 100009 100008 100003 100003 100002 100005 100000 100006 100007 100000 100008 100004
8 8 35 61 8 34 34 8 8 32 8 31 8
25 106 30 77 1 1 1 1 38 45 2 1 1
0 0 3 4 0 3 0 0 0 3 0 0 0
2035 2467 2480 2730 865 909 2091 892 2750 3333 1038 2785 1044
12 12 11 11 7 7 7 11 13 12 7 6 12
100007 100005 100008 100006 100000 100002 100005 100002 100003 100002 100002 100006 100004
40517 42785 100002 100005 49558 100004 40582 40247 62921 100005 78513 63736 63724
100006 100008 100008 100006 100003 100006 100004 100005 100008 100007 100007 100001 100006
2923 3250 5472 5853 5547 6685 2981 2937 4137 7564 8027 4145 4160
2 2 59 61 4 66 2 2 2 71 4 2 2
100002 100008 100004 100006 100002 100002 100001 100002 100006 100006 100008 100005 100009
4 14 4 5 0 0 0 0 5 5 1 0 0
100001 100000 100009 100009 100002 100001 100005 100009 100002 100003 100007 100009 100005
8 13 10 8 0 0 0 0 10 9 1 0 0
35 37 36 37 19 19 36 19 46 45 22 44 22
3 3 41 52 6 47 3 3 4 61 6 4 4
7485 7929 100000 100001 10273 100000 7508 7412 9256 100001 13087 9091 9151
776 824 1315 1476 754 1325 1367 796 1264 2329 1244 2369 1296
6577 7267 6157 6464 505 271 238 232 8887 8515 645 307 303
1278 1499 1398 1506 1371 1506 1282 1278 2490 2608 2419 2419 2458
27550 31573 24605 25283 3600 2833 2391 2383 35436 32352 2385 1470 1451
76 78 1491 1664 132 1783 75 74 84 1664 161 83 83
100005 100006 100003 100006 100003 100000 100004 100001 100008 100006 100009 100007 100001
463 490 4941 5349 767 5458 450 459 462 6611 799 447 467
100007 100007 100000 100007 19459 17154 13457 13422 100004 100001 21252 14819 14860
233 255 432 463 709 835 230 233 251 518 896 247 256
23 25 17 17 5 5 5 23 36 27 7 6 35
100008 100007 100000 100004 100003 100005 100003 100008 100005 100005 100004 100002 100004
4 4 46 115 6 43 3 4 5 58 8 6 5
25 27 3273 3339 29 4427 25 24 29 4045 37 29 28
20 21 1540 1667 35 1768 20 20 24 1658 41 24 23
4456 13713 4583 4759 28 18 17 17 6269 6377 39 24 24
100001 100003 100000 100006 10869 7029 6142 6157 100004 100008 17122 9544 9459
100007 100002 100007 100013 100003 100006 100004 100008 100005 100010 100006 100005 100001
825 959 1071 1166 1607 1645 835 1758 1132 1474 2366 1161 2577
1 2 29 37 1 32 2 1 2 35 2 2 2
27 93 28 43 8 6 6 6 43 44 10 7 8
100009 100001 100006 100001 100005 100002 100000 100002 100005 100005 100001 100005 100006
47881 49947 100004 100009 54625 100008 47627 48088 58816 100004 66895 58639 59022
100003 100005 100002 100001 100007 100000 100007 100008 100009 100004 100004 100006 100007
1928 2209 4034 4409 5680 6436 1958 1984 2824 6161 9141 2813 2803
1 1 48 125 3 52 1 1 1 59 3 1 1
29 41 75 118 37 97 29 29 41 125 50 41 41
6 6 5 5 3 2 2 6 8 7 3 3 8
75424 82201 89194 94839 73943 97710 76663 76388 100009 100005 94074 98419 98540
643 1249 602 683 104 83 78 77 1027 1021 150 111 113
2 2 2 4 2 2 2 2 2 2 2 2 2
100000 100002 100000 100003 88983 88320 100007 87621 100010 100008 100000 100008 100004
48 48 46 44 8 8 6 6 59 55 10 7 7
12587 12903 100007 100001 16183 100005 12552 12712 13854 100004 18090 13886 13963
12 13 15 17 25 26 12 28 17 25 39 18 45
100002 100001 100006 100008 100007 100001 100000 100005 100002 100000 100000 100007 100003
4 5 4 4 1 1 1 4 6 7 2 1 6
100008 100011 100001 100009 971 993 757 759 100008 100007 1037 797 800
1 1 1 2 1 2 1 1 1 2 1 1 1
6337 6963 6335 6336 283 249 232 231 7062 7052 271 242 241
186 188 705 762 195 733 184 183 204 630 222 202 199
1 2 1 1 0 0 0 0 1 1 0 0 0
6 12 6 6 1 1 0 0 6 6 1 0 1
0 0 1 1 0 1 1 0 0 1 0 1 0
75472 79187 100008 100006 100004 100005 75557 75575 100004 100005 100009 100008 100000
2 5 2 3 0 0 0 0 3 3 0 0 0
1 1 4 4 1 5 1 1 1 5 1 1 1
1 1 25 49 2 28 1 1 1 31 2 1 1
7236 7260 100009 100000 7705 100007 7156 7251 7714 100000 8443 7721 7743
13 13 157 165 21 180 13 13 11 144 19 11 11
50927 54780 100004 100004 100000 100009 50893 50546 60657 100009 100009 60997 60755
0 0 1 1 0 0 0 0 0 1 0 0 0
458 500 1339 1481 622 1676 471 461 752 2374 1029 777 745
10 11 10 9 1 1 1 1 12 13 1 1 1
2 5 2 2 0 0 0 0 2 2 0 0 0
863 906 1139 1204 853 1091 1059 840 1135 1547 1129 1527 1100
2 2 15 15 2 16 2 2 2 15 2 2 2
5831 6465 22457 24047 6098 22158 5691 5754 5175 16525 5808 5119 5195
2659 3131 2649 2596 280 225 156 147 3276 3249 333 172 168
100009 100007 100008 100007 3598 3265 3141 3161 100009 100005 3876 3322 3393
0 0 5 6 1 6 0 0 0 6 1 0 0
100005 100001 100008 100005 100000 100003 100002 100007 100001 100006 100004 100009 100006
23384 24286 100001 100008 30764 100004 23260 23379 33608 100008 46385 33390 33073
76 110 70 71 58 61 58 76 140 105 92 96 140
153 167 781 1079 224 807 157 157 249 1188 343 248 243
100002 100005 100005 100002 100003 100007 100003 100006 100001 100001 100001 100008 100007
8754 8791 60233 74393 8839 60493 62203 8773 9957 69404 10085 71187 10016
100003 100000 100000 100005 100001 100003 100000 100003 100004 100008 100008 100001 100000
652 1011 652 655 26 16 13 13 818 816 35 18 18
475 488 1544 2337 545 1668 473 467 742 2804 905 750 742
16 21 17 15 1 1 1 1 24 25 1 1 1
1 1 5 7 1 6 1 1 1 6 1 1 1
36 51 36 40 9 9 37 8 43 45 9 44 9
1 1 14 12 1 15 1 1 1 20 1 1 1
93629 93631 100000 100000 100000 100006 92422 100006 100003 100005 100001 100009 100009
100006 100001 100000 100003 100006 100001 100008 100007 100007 100009 100009 100009 100002
94265 100009 100010 100009 100007 100005 95847 100008 100003 100009 100001 100003 100009
100007 100006 100003 100003 100002 100010 100000 100006 100002 100003 100005 100003 100009
100004 100008 100007 100001 9107 5620 4437 4418 100001 100001 12271 5867 5777
15 34 16 19 1 1 1 1 20 21 2 1 1
0 0 0 0 0 0 0 0 0 0 0 0 0
40758 43521 97717 100001 100004 100009 41038 100005 58465 100009 100005 58186 100000
1 1 2 4 1 2 1 1 1 3 1 1 1
17981 18763 98438 100009 19026 100007 100000 18126 22954 100004 25537 100004 22556
0 0 1 2 0 2 0 0 0 1 0 0 0
0 0 0 1 0 0 0 0 0 1 0 1 0
0 0 1 2 0 1 0 0 0 1 0 0 0
100000 100009 100007 100000 100005 100000 100009 100004 100002 100002 100000 100004 100005
17 18 22 24 25 28 16 17 23 31 30 23 23
100003 100006 100009 100009 69807 65343 60019 60535 100001 100008 92442 78127 78744
3929 4211 12245 13306 3943 11711 11981 4034 5915 18864 5779 18349 5932
13 15 624 631 28 718 13 13 16 762 36 15 16
10 10 1342 1376 12 1505 10 10 11 1554 15 11 11
100009 100004 100002 100005 51031 49733 46300 46066 100011 100004 58451 52904 53279
5103 5735 1995 1887 3521 768 692 5082 7638 2886 5654 1024 7741
100002 100004 100005 100004 19632 13111 11203 11144 100008 100002 22867 12152 11927
19 26 31 33 37 40 23 23 31 42 50 30 30
2 9 2 5 0 0 0 0 2 2 0 0 0
104 103 159 171 129 182 103 106 0 26 0 0 0
114 273 114 142 6 6 4 4 104 105 4 3 3
21036 23621 25890 28229 25174 27464 21201 28019 32411 39360 38446 32462 43737
138 142 1224 1407 252 1432 139 136 98 1105 207 98 101
100002 100008 100001 100005 100005 100000 100000 100007 100000 100007 100000 100004 100001
1 1 21 26 1 23 1 1 1 23 1 1 1
100006 100008 100007 100004 100002 100009 100003 100004 100009 100002 100008 100000 100007
14 32 14 14 5 5 5 5 22 23 6 6 6
5 5 62 111 8 70 5 5 5 70 7 5 5
100009 100004 100003 100001 100002 100005 100001 100000 100005 100001 100007 100004 100005
3344 9614 3017 3506 683 443 402 392 5514 4812 964 547 546
100006 100005 100008 100001 100002 100008 100003 100004 100008 100009 100009 100006 100006
0 0 0 0 0 0 0 0 0 0 0 0 0
97773 100007 72854 68481 88596 52004 48497 99135 100000 100009 100008 83480 100007
0 0 11 11 0 13 0 0 0 12 0 0 0
19536 20404 17022 17293 1002 1061 958 960 22190 19265 1105 1051 1034
7048 7720 7213 7227 901 898 7059 736 8560 8657 1022 8400 823
17333 17373 100007 100004 18792 100009 17257 17326 21629 100004 23534 21796 21689
48 49 269 290 50 217 235 48 60 351 65 320 62
307 320 1187 1249 1236 1697 298 301 121 1037 1462 123 123
6 6 28 37 10 34 6 6 8 39 14 8 8
55838 59336 56869 56341 25 18 15 14 57559 57622 23 13 14
100001 100002 100004 100005 7526 4349 3442 3403 100009 100003 10671 4723 4771
74 78 843 950 80 827 841 77 90 1029 98 1051 92
0 0 0 0 0 0 0 0 0 0 0 0 0
51 56 67 66 45 50 47 52 70 87 54 66 63
0 0 4 4 0 5 0 0 1 6 0 0 1
1 3 2 3 3 4 1 4 2 3 5 2 6
8444 8658 7824 7860 545 520 502 500 10360 9538 684 583 594
5 8 5 6 1 1 5 1 5 5 1 5 0
100000 100003 100009 100001 100007 100004 100007 100007 100003 100005 100008 100002 100008
100006 100005 100004 100001 100007 100005 100007 100008 100000 100004 100002 100001 100008
100010 100001 100009 100008 100007 100000 100002 100008 100005 100001 100006 100005 100006
552 771 574 613 170 168 563 155 710 727 192 719 189
34529 47620 32636 37277 1765 1802 1569 1519 35600 35411 1716 1450 1491
0 0 0 0 0 0 0 0 0 0 0 0 0
100000 100006 100009 100001 100002 100007 100003 100006 100004 100004 100006 100009 100007
0 0 0 0 0 0 0 0 0 0 0 0 0
65102 69581 100000 100001 79912 100002 64352 64513 84975 100008 100000 85028 85246
0 0 0 0 0 0 0 0 0 0 0 0 0
799 1079 818 869 20 20 17 17 859 862 17 16 16
100004 100000 100007 100001 5368 5031 4137 4104 100009 100008 6110 4662 4613
48 48 542 590 59 596 47 46 57 719 72 57 56
90 124 76 82 17 13 12 90 148 114 26 19 144
17 23 17 18 2 2 1 1 21 21 2 1 1
93 94 201 216 91 181 181 93 114 258 109 246 113
2888 3435 12870 14576 3588 14636 2896 2964 3648 20739 4482 3610 3649
4337 4630 17203 17513 13622 19520 4428 4353 4223 18647 15666 4128 4131
100005 100005 100005 100001 7164 4190 3773 3739 100008 100006 8859 4515 4630
9449 10139 7906 8117 2865 2641 2544 9515 11337 9299 3280 2885 11437
15735 18084 10271 9248 13383 5719 5251 15729 25772 15884 21920 8401 26318
348 363 1194 1238 1380 2477 368 348 362 1308 1514 360 359
100002 100000 100004 100003 100008 100005 100001 100002 100008 100003 100005 100006 100007
55077 60011 49814 52043 51765 42239 40994 54641 80856 72291 77363 57903 81380
100004 100000 100006 100005 100008 100008 100007 100003 100003 100001 100001 100005 100001
3 8 3 4 0 0 0 0 3 3 0 0 0
10 11 10 9 0 0 0 0 10 10 0 0 0
100008 100004 100009 100006 14123 13104 10647 10819 100001 100005 15450 11405 11247
1560 1862 1678 1757 1376 1352 1378 1597 3001 3152 2478 2514 2956
3 3 20 22 3 21 3 3 3 22 4 3 4
12768 12968 100006 100008 15096 100004 12890 12898 17618 100000 21163 17917 17789
17 23 16 17 7 8 17 8 26 25 11 26 11
230 327 238 279 31 30 227 28 203 205 26 203 24
0 0 10 11 1 11 0 0 0 11 1 0 0
5706 6088 15303 15639 4441 12207 12213 5620 6552 18698 5202 15114 6671
407 461 4490 4518 5271 11946 420 409 554 5848 7455 540 534
775 794 1663 1749 848 1761 781 775 564 1310 612 577 575
100001 100007 100006 100003 100002 100003 100008 100006 100006 100001 100008 100008 100006
100009 100007 100009 100009 100006 100007 100002 100009 100004 100000 100003 100005 100004
4 4 14 16 5 16 4 4 6 24 7 6 6
2 2 2 2 1 2 2 2 3 3 2 2 3
9 10 44 77 10 48 9 9 12 64 14 12 12
3 3 35 40 5 41 3 3 4 46 6 4 4
882 875 4122 4678 907 4397 886 884 709 4361 736 722 702
848 915 2783 2880 3379 4840 818 4862 604 1890 4734 601 6249
23 24 107 114 28 143 23 23 20 127 28 21 20
2 2 2 2 0 0 0 1 2 2 0 0 0
13 13 46 65 13 47 13 13 17 62 17 17 16
100004 100009 100001 100006 100008 100009 100007 99991 100002 100006 100006 100004 100004
100001 100000 100004 100001 100001 100007 100003 100009 100003 100007 100005 100008 100005
62 66 4079 4417 63 4230 61 62 70 4424 70 69 67
5016 6347 3929 3713 773 599 559 4993 8433 6571 1212 859 8488
84618 88556 83155 82920 1092 887 703 723 97999 96087 1359 855 870
473 539 670 744 535 599 481 488 559 781 651 556 559
53 60 69 71 71 76 54 81 69 85 93 67 102
24236 25235 23398 23541 293 170 122 122 28618 27769 339 121 120
10053 10914 6502 6697 7906 3459 3158 9946 15683 8415 12675 4236 15538
25 26 94 133 36 104 26 26 33 134 50 34 33
55640 62721 100001 100004 100004 100008 55442 55564 80363 100003 100000 80822 80230
154 156 1213 1320 175 1320 154 154 173 1361 212 179 178
266 270 6835 7013 354 7468 260 259 322 8563 462 325 330
18 21 18 30 3 3 3 18 22 19 4 3 22
31 59 26 33 3 4 3 3 56 50 4 4 4
100008 100009 100001 100008 100001 100005 100009 100002 100009 100004 100005 100006 100008
645 861 631 670 95 73 54 68 967 922 130 93 98
100008 100010 100003 100006 100008 100009 100005 100009 100009 100005 100004 100003 100004
1 2 1 2 0 0 0 0 1 1 0 0 0
29 34 65 68 35 72 29 31 35 94 41 36 36
100000 100003 100000 100006 100008 100007 100009 100001 100002 100000 100001 100006 100007
100003 100006 100002 100002 100000 100000 100001 100004 100008 100000 100001 100007 100003
39 39 115 232 47 133 39 40 36 139 44 35 36
67596 70024 100007 100007 73519 100000 67874 68516 49532 100008 55642 49216 49534
14 15 23 25 14 25 13 13 19 37 20 19 19
4 4 12 13 22 23 4 4 6 19 34 5 5
34 37 65 74 43 75 34 35 42 94 50 40 40
187 176 141 143 36 31 29 187 263 196 51 40 254
18419 20728 21398 21983 15541 16013 18538 16446 22025 25261 17704 22095 18707
7 7 599 661 15 718 7 7 8 673 18 7 9
1 1 4 4 2 5 1 1 1 4 2 2 1
0 0 1 1 0 1 0 0 0 1 0 0 0
1906 2810 1744 1772 779 579 539 554 3212 2942 1218 839 856
5623 7701 5733 6284 880 879 5590 762 6575 6735 954 6523 843
100000 100006 100008 100000 49272 49410 46370 46493 100003 100007 67235 61666 62215
880 1263 866 895 11 6 5 5 1045 1071 13 7 7
100000 100006 100004 100009 100004 100008 100004 100007 100006 100009 100006 100004 100006
2363 2506 2230 2233 311 257 227 233 2965 2778 334 244 251
48 50 235 380 76 279 48 48 68 410 110 69 70
8242 8616 100000 100000 11151 100007 8256 8205 11036 100004 15303 11063 10917
1 2 16 17 3 20 2 2 2 19 4 2 2
13 14 120 196 13 130 13 13 17 164 16 14 16
54120 58137 53587 54222 2937 2756 2642 2616 60992 60093 2685 2577 2478
0 0 0 0 0 0 0 0 0 0 0 0 0
100000 100002 100007 100006 100006 100008 100008 100001 100007 100002 100001 100008 100008
76105 82779 73227 73467 1402 1312 1136 1112 88676 84945 1659 1286 1327
101 108 177 176 96 134 135 103 57 174 55 117 59
3 12 3 7 0 0 0 0 3 3 1 0 0
0 0 0 1 0 0 0 0 0 1 0 0 0
11 11 563 579 19 661 11 11 10 643 21 11 10
16473 25102 13655 13857 2622 2000 1793 1816 25972 21089 3631 2307 2292
674 697 1111 1001 1397 1468 681 1565 988 1543 2059 993 2288
100004 100005 100002 100005 100005 12944 11350 100008 100003 100000 100006 16158 100005
0 0 0 0 0 0 0 0 0 0 0 0 0
0 0 0 0 0 0 0 0 0 0 0 0 0
3499 4838 3526 3884 462 456 3538 402 3490 3437 461 3457 382
23 24 183 207 43 224 24 23 34 302 71 35 34
63110 61671 100005 100006 86755 100003 63001 62764 66022 100006 93167 66481 65904
0 0 4 5 0 5 0 0 0 4 0 0 0
110 149 106 110 78 87 83 97 205 188 131 144 203
1 1 2 3 1 3 1 1 0 3 0 0 0
100008 100000 100000 100006 100009 100008 100000 100007 100002 100009 100003 100003 100002
100007 100001 100009 100004 8955 8111 7326 7234 100001 100008 10771 8846 8896
27806 33406 28371 28320 10 10 8 8 29687 29979 10 8 8
418 4672 410 1198 195 169 159 156 785 775 341 273 304
496 713 494 513 83 79 58 57 514 510 37 27 26
100005 100007 100000 100009 100000 100003 100004 100007 100005 100003 100006 100003 100007
2608 3063 2634 2810 540 526 2527 493 3272 3372 637 3277 584
22064 23896 22145 22068 72 62 51 53 24011 23222 80 57 59
29416 31434 100002 100003 44575 100001 29302 29456 41195 100008 64900 41290 41061
189 199 67655 68546 232 100003 191 189 225 76723 278 225 234
100002 100004 100004 100005 100006 100009 100000 100006 100007 100004 100003 100008 100005
0 0 3 7 0 3 0 0 0 4 0 0 0
28 83 30 42 16 17 18 17 36 39 21 24 24
248 306 247 262 151 151 251 136 321 327 173 323 167
0 0 2 2 0 2 0 0 0 2 0 0 0
100008 100008 100000 100001 100005 100003 100000 100009 100002 100007 100001 100001 100006
4 5 48 70 4 37 4 4 7 97 7 7 8
9159 10266 9549 10060 2137 2261 9200 2082 9265 9581 2220 9218 2152
82 88 2539 2580 137 3040 83 83 114 3555 200 114 112
2 6 2 3 1 1 1 1 3 3 1 1 1
633 670 634 631 7 7 5 5 643 625 8 6 6
3323 3421 7585 7953 3547 8755 3296 3302 3848 8526 4126 3867 3791
100009 100008 100009 100007 23420 15019 11986 11818 100002 100010 30269 15071 15023
3 3 12 13 3 15 2 3 4 18 5 4 4
100007 100008 100007 100009 100007 100007 100003 100009 100000 100000 100004 100003 100004
100002 100007 100001 100004 100001 100007 100000 100008 100002 100000 100005 100003 100004
1501 2708 1495 1678 277 270 1525 240 1811 1840 298 1814 277
13 22 13 12 4 3 2 2 14 14 4 3 3
802 810 100005 100000 997 100001 784 783 610 100006 790 622 612
66160 70157 64507 66325 704 413 315 314 76823 74981 819 356 356
0 0 0 0 0 0 0 0 0 0 0 0 0
745 758 4074 4227 657 3534 3609 748 777 4587 731 4037 780
0 0 2 3 0 2 0 0 0 2 0 0 0
0 1 0 0 0 0 0 0 0 0 0 0 0
100003 100003 100001 100008 100008 100001 100005 100003 100008 100001 100004 100001 100007
0 0 0 0 0 0 0 0 1 1 0 1 0
100002 100007 100008 100000 100012 100003 100004 100003 100007 100001 100000 100001 100008
5 6 5 5 0 0 0 0 7 7 1 0 0
1 2 8 9 2 10 1 1 2 10 2 1 1
86017 91279 100003 100004 81644 92595 88400 87380 100006 100000 100007 100008 100003
23 23 227 283 25 254 23 22 27 281 28 26 27
0 0 3 17 0 3 0 0 0 2 0 0 0
2 5 2 2 0 0 0 0 2 2 0 0 0
100006 100002 100000 100007 100001 100002 100007 100003 100002 100006 100000 100003 100003
7 9 34 44 5 30 7 7 9 50 7 9 9
1781 1956 5741 7137 2419 6485 1795 1804 2970 10001 4097 2978 2988
663 829 663 695 13 10 10 10 856 851 15 12 10
1 1 19 19 1 20 1 1 2 20 2 2 1
651 1074 661 795 249 252 257 256 1208 1203 398 404 415
100003 100008 100002 100008 100003 100005 100006 100009 100002 100009 100003 100007 100003
0 0 0 0 0 0 0 0 0 0 0 0 0
238 298 243 231 8 8 6 6 248 248 9 7 7
4315 4607 62165 64678 5445 100002 4601 4486 5188 73200 6834 5289 5259
5824 8253 5948 6716 4094 4200 5903 4361 10508 10713 7394 10470 7761
100004 100009 100005 100007 100001 100007 100007 100006 100003 100006 100002 100001 100006
11 12 109 172 13 113 11 11 16 162 19 15 15
14 14 50 65 13 50 50 14 15 48 15 48 15
18 20 18 18 0 0 0 0 19 19 0 0 0
100000 100001 100004 100007 100009 100005 100002 100000 100009 100009 100002 100000 100003
1 2 1 2 0 0 0 0 1 2 1 0 0
9107 9781 26956 28761 11935 34885 9317 9180 12076 37054 16192 11930 12074
35 122 35 36 1 1 1 1 44 45 2 1 1
2521 2847 2957 3282 3217 3714 2531 2523 3566 4219 4580 3602 3601
100001 100000 100003 100005 100003 100005 100006 100008 100001 100006 100001 100004 100000
72184 100003 75065 78412 34351 34780 31114 34552 100001 100000 62139 60376 61659
54 59 42 44 14 12 11 55 81 64 20 16 80
24 30 35 38 27 27 26 24 27 39 32 31 27
5927 6605 6029 6102 20 17 14 14 5989 6111 21 15 14
3 4 27 129 4 30 3 3 4 37 5 4 4
6544 6901 1998 2022 3725 431 410 6604 9074 2529 5457 558 9131
23725 25117 100009 100000 27776 100008 23808 23539 33139 100008 39197 33801 33406
80 80 436 472 79 432 448 79 83 481 81 474 81
0 0 0 0 0 0 0 0 0 0 0 0 0
98 96 350 373 100 385 397 95 84 383 91 452 87
2388 2897 2193 2328 2086 1508 1378 2393 4391 3645 3678 2283 4243
6 10 6 8 0 0 0 0 6 6 0 0 0
3180 3595 3534 3681 1320 1330 3191 1314 3780 4193 1489 3883 1470
3835 3946 3704 3608 797 778 699 684 5164 4914 1041 917 894
0 0 0 0 0 0 0 0 0 0 0 0 0
746 1412 749 861 98 67 55 54 970 990 127 71 70
2826 2933 100007 100004 3308 100003 2850 2830 3140 100009 3716 3162 3212
153 727 141 141 6 4 4 4 234 212 8 6 6
0 0 0 0 0 0 0 0 0 0 0 0 0
59557 64817 100010 100002 87758 100009 59719 59121 65675 100003 95792 66047 65882
2362 2834 2337 2451 5 5 4 4 2306 2327 1 0 0
9451 9344 100002 100005 9515 100007 9504 9352 9931 100003 10724 9905 10011
8300 8619 5463 5524 748 583 542 8244 10159 6954 994 709 10215
6435 6818 30389 33396 8432 42628 6512 6444 8647 41394 11524 8622 8578
2121 2316 2085 2143 75 69 68 66 2042 2035 58 51 52
14905 30346 14476 17186 1616 1176 1062 1086 21482 20317 2176 1394 1397
1 1 6 9 1 6 1 1 1 7 1 1 1
5 6 5 5 1 0 0 0 6 6 1 0 0
17989 19641 86754 89861 97188 100007 18346 100005 15248 68051 100000 14852 100006
7785 7996 100000 100000 9675 100009 7804 7816 9646 100006 12388 9825 9614
1325 2347 1346 1455 575 568 560 541 2681 2641 972 954 933
10 11 339 576 26 367 10 10 14 559 35 14 14
0 0 3 3 1 4 0 0 0 5 1 0 0
4940 5162 8893 9810 9471 11577 4895 4878 6709 12195 12902 6773 6763
40262 40068 39882 39300 150 149 119 119 42577 43048 147 106 106
100009 100004 100007 100008 100009 100008 100003 100005 100008 100000 100005 100001 100001
4726 5915 3622 3703 964 662 612 4696 7090 5518 1407 859 7071
56 57 348 375 71 382 56 55 75 497 97 75 76
100001 100001 100005 100008 100005 100006 100007 100003 100008 100002 100001 100006 100008
0 0 0 0 0 0 0 0 0 0 0 0 0
13 16 12 14 3 3 13 2 13 13 2 13 2
16641 16863 86096 91763 17754 91020 16638 16732 21200 100007 22710 21050 21135
985 1422 945 994 21 19 15 16 1117 1076 24 17 17
0 0 0 0 0 1 0 0 0 1 0 0 0
37 38 554 592 50 637 37 37 44 721 61 42 43
5203 6067 3010 3117 4144 1847 1776 5167 7920 4465 6364 2655 8089
100000 100005 100009 100004 100005 100001 100000 100002 100008 100005 100002 100006 100004
23466 24856 23086 23188 118 72 62 64 27851 28108 90 49 48
1 2 1 1 0 0 0 0 1 1 0 0 0
103 105 2474 2568 159 3010 100 100 149 3563 238 147 146
328 496 328 314 27 26 19 18 396 388 30 21 21
5 8 5 6 1 1 0 0 5 5 1 1 0
1 4 1 3 0 0 0 0 2 2 0 0 0
31840 34902 29140 30275 28137 20367 19078 31956 49511 43368 43516 28913 48728
100004 100006 100000 100003 11573 9905 8250 8180 100006 100008 13279 9167 9171
63548 64922 57453 57406 773 718 672 627 78058 70496 515 419 420
100001 100002 100000 100003 3207 1962 1423 1423 100007 100003 4081 1901 1908
100008 100008 100005 100001 100006 100002 100008 100007 100000 100004 100006 100002 100007
100000 100000 100009 100001 100000 100000 100005 100003 100000 100000 100004 100000 100002
48496 58992 48760 50651 1698 1311 1200 1183 58393 59808 2247 1538 1556
100009 100004 100006 100008 36268 28236 23624 23350 100004 100006 42193 27560 27330
45 80 44 42 3 3 3 2 45 44 3 2 2
113 114 108 108 0 0 0 0 113 110 0 0 0
32 32 126 247 35 130 31 31 41 189 47 42 41
100009 100000 100003 100002 100005 100005 100002 100005 100006 100001 100002 100008 100001
25199 24313 100001 100004 38623 100003 24706 25241 32719 100001 55169 33377 33288
100002 100008 100001 100001 1045 899 742 762 100003 100002 1326 866 903
50 55 513 536 67 585 48 49 66 690 93 65 67
0 0 10 25 0 8 0 0 1 13 1 1 1
11 13 10 12 1 0 0 0 12 12 0 0 0
100007 100000 100002 100002 100001 100007 100004 100009 100000 100002 100004 100008 100008
3 3 55 58 4 73 3 3 4 67 5 4 3
100001 100009 47840 47220 85762 29868 26315 100002 100008 76606 100001 43808 100003
1 1 1 1 0 0 1 0 2 2 1 2 1
38218 39614 36725 36978 688 646 603 601 42961 41846 713 607 599
295 330 3062 3253 493 3284 3303 295 262 3421 493 3802 261
100002 100003 100008 100010 435 293 230 234 100009 100001 520 275 271
4618 5184 6981 7279 4920 8113 4661 4687 3113 5029 3061 3093 3190
26129 27314 58128 59740 68069 91350 26228 93879 33230 69332 87776 32983 100002
2612 2666 12753 13171 2673 14256 2645 2611 3462 17120 3542 3479 3446
1543 2924 1543 1747 128 124 117 115 1898 1873 143 129 129
100008 100000 100002 100000 100002 100003 100000 100009 100005 100000 100002 100000 100001
70584 72899 100005 100001 82985 100001 71074 70100 76947 100003 92926 76604 77069
99 101 520 585 114 550 100 101 111 717 133 114 113
1938 2002 2839 3209 1875 2620 2617 1971 2838 4437 2714 4082 2766
358 365 573 593 343 507 517 355 360 576 345 588 362
1 1 7 10 2 9 1 1 1 6 2 1 1
0 0 1 1 0 1 0 0 0 1 0 0 0
100008 100009 100003 100006 100002 100010 100004 100009 100005 100002 100008 100008 100006
100001 100006 100008 100009 100007 100009 100008 100002 100008 100005 100003 100001 100002
0 0 613 608 3 723 0 0 0 610 3 0 0
9 10 212 224 19 257 10 9 11 248 23 11 11
100007 100008 100009 100000 100004 100009 100001 100003 100004 100000 100009 100007 100002
0 0 0 0 0 0 0 0 0 0 0 0 0
100000 100003 100003 100000 100008 100007 100000 100007 100008 100001 100000 100003 100008
67 67 1606 1630 74 1783 68 66 67 1622 73 65 67
0 0 0 0 0 0 0 0 0 0 0 0 0
1340 1436 31394 31892 1808 40892 1322 1340 1921 44441 2760 1862 1929
100001 100007 100009 100003 14376 14467 100005 13214 100003 100004 17420 100000 15832
1 1 1 1 0 0 0 0 1 1 0 0 0
226 236 993 1080 217 1061 228 226 312 1296 329 305 319
41108 43438 40621 41942 556 450 363 363 50620 49123 680 440 435
1 1 24 25 2 29 1 1 1 28 2 1 1
18 31 17 26 1 1 0 0 18 17 1 0 0
1429 1605 1453 1419 66 66 56 56 1692 1712 82 69 66
9 8 43 45 11 50 9 9 6 49 7 6 6
100006 100002 100005 100004 100005 100004 100009 100003 100000 100001 100007 100007 100006
180 211 175 183 79 73 69 69 228 219 90 77 76
412 410 13292 13379 505 16147 401 407 460 15538 545 462 459
0 0 0 0 0 0 0 0 0 0 0 0 0
139 142 11330 11995 191 12868 137 141 162 14459 234 166 164
34 64 34 32 3 2 2 2 39 39 3 3 3
2 2 37 51 4 42 2 2 3 51 6 3 3
103 320 108 163 10 11 10 10 113 121 10 10 10
240 239 1181 1240 241 1526 221 228 301 1657 329 299 298
6836 8143 7369 8049 2556 2615 6776 2634 10848 11856 3852 11060 3944
0 0 0 0 0 0 0 0 0 0 0 0 0
100003 100003 100007 100008 93917 61047 57818 100006 100001 100003 100002 74125 100000
22 78 20 29 3 3 2 3 33 32 4 3 3
100 100 83 84 35 35 30 100 146 118 48 41 143
20 20 508 565 25 570 20 20 23 582 29 23 23
34008 37483 26986 28139 11980 12181 11538 34300 48084 37589 16281 15696 47976
13 19 13 13 0 0 0 0 15 15 0 0 0
100009 100006 100002 100005 735 622 513 505 100009 100007 811 556 567
0 0 0 1 0 1 0 0 0 1 0 0 0
0 0 1 1 0 1 0 0 0 1 0 0 0
899 951 100004 100008 1593 100010 906 916 1083 100001 2040 1118 1109
100001 100006 100004 100003 100008 100004 100003 100009 100007 100005 100000 100009 100002
0 0 0 0 0 0 0 0 0 0 0 0 0
5718 6459 7185 7893 4652 5127 5161 5765 7935 9931 6410 7343 7991
27519 33448 27894 29601 21064 20037 18999 19225 40035 40603 29639 26675 27001
4526 5884 4697 4703 106 53 47 48 7140 7236 108 53 52
2 2 15 13 2 17 2 2 2 15 2 2 2
960 1460 985 1197 285 281 222 228 1285 1302 389 285 293
31788 32170 100005 100003 33751 100005 31145 31555 40079 100004 44668 40430 40987
900 930 10728 14642 1469 11884 889 878 1320 16102 2148 1346 1316
500 537 3871 4307 657 4461 497 497 479 5319 589 465 473
13 17 13 14 0 0 0 0 18 18 1 0 0
6 8 18 27 5 18 6 6 9 23 7 8 8
5221 10588 4749 5174 677 461 441 429 8173 7310 941 616 607
100006 100009 100008 100005 100005 100004 100009 100007 100002 100007 100002 100007 100001
864 893 19720 20367 900 21994 894 893 973 22368 971 941 943
100000 100005 100005 100000 100005 100002 100001 100003 100010 100001 100000 100007 100005
413 2508 423 425 10 5 5 6 691 673 14 8 8
45 43 12439 12523 80 14042 46 46 48 12958 61 47 48
24 28 24 26 4 4 24 4 19 20 2 19 2
2 2 13 17 4 17 2 2 3 22 5 3 3
100005 100003 100007 100000 100005 100000 100000 100009 100007 100000 100007 100001 100005
18055 19784 17769 18037 248 205 165 167 21360 21038 295 186 193
1 1 172 171 2 185 1 1 1 186 3 1 1
1 1 1 2 0 0 0 1 2 3 1 1 2
3 3 29 28 5 31 3 3 4 32 5 3 3
349 380 566 609 346 578 579 338 518 910 490 975 518
19952 24116 20243 21244 566 508 451 452 25520 25411 606 493 500
100005 100008 100001 100003 5025 3065 2674 2691 100011 100010 6983 3517 3516
6817 9536 7025 7444 203 201 193 187 7549 7697 174 164 164
4459 8876 4054 4573 698 450 404 419 6989 6495 1004 583 579
100004 100003 100013 100001 100006 100008 100005 100005 100001 100000 100002 100007 100003
31 35 21342 21527 65 23564 31 30 28 24419 57 27 30
60951 63370 34451 34287 41880 10961 9908 60493 78600 43959 58244 13839 77568
100005 100001 100000 100006 45988 46355 41142 40866 100008 100009 52979 47841 47517
165 205 281 305 336 390 166 164 263 423 566 260 258
14 26 15 18 13 13 14 14 21 22 19 21 22
100005 100009 100001 100005 2853 2510 1812 1871 100009 100007 2941 1873 1852
100006 100008 100002 100009 47779 48164 100006 45576 100008 100009 71081 100007 68560
5522 5668 100005 100008 8271 100003 5625 5563 5518 100006 6689 5473 5694
9 9 12 12 21 22 9 23 15 19 36 15 38
100007 100004 100000 100001 100009 100000 100007 100004 100001 100007 100009 100001 100006
305 404 298 312 30 31 28 29 347 340 22 20 20
457 462 363 363 78 58 49 441 544 443 95 61 546
2391 4661 2480 2701 172 169 2478 153 2866 2895 149 2841 138
67335 68247 100009 100002 79099 100000 67125 66532 73600 100003 86278 73551 73270
1834 2951 1827 1834 189 193 170 175 2598 2577 239 212 207
100001 100000 100000 100003 69218 69249 60802 60808 100003 100005 90648 79487 80831
539 568 1736 1739 453 528 539 521 625 1837 572 616 636
41 49 549 600 62 670 716 42 37 598 60 750 41
49812 50312 100000 100008 66661 100005 50149 49693 15484 100002 20864 15472 15333
1458 1609 2539 2688 1458 2398 2405 1460 2307 4345 2255 4016 2313
86838 89406 75522 74474 3737 2726 2231 2234 100008 91616 4775 2855 2880
24 24 23 23 11 11 11 23 27 26 13 13 27
9 12 9 9 1 1 1 1 13 13 2 2 2
4109 4306 23863 27691 4264 23215 24057 4150 5234 33077 5310 34216 5227
61284 79881 57640 57798 8370 7041 6182 6212 91804 84835 11183 8218 8256
812 884 1384 1409 697 1116 1123 837 945 1726 809 1460 953
1018 1053 7462 7639 13966 26236 1051 1015 1198 8864 17378 1185 1194
0 0 0 0 0 0 0 0 0 1 0 1 0
2 19 2 7 1 1 1 1 14 3 1 1 1
56 99 55 57 1 1 1 1 65 67 2 1 1
1 0 14 26 1 14 1 1 1 16 1 1 1
3 13 3 5 1 2 2 2 4 5 2 3 3
100004 100008 100008 100009 52605 53566 100000 54010 100006 100001 60291 100002 62978
12 15 27 53 11 25 12 12 17 37 16 17 17
1 1 1 2 0 1 1 1 0 1 0 0 0
2998 3161 2888 2993 2194 2094 1905 1858 2699 2461 294 253 250
48 69 36 38 13 13 13 50 81 63 19 18 84
20038 19854 100005 100007 22541 100005 19965 20210 29797 100009 33588 29426 29503
1 1 743 758 3 879 0 0 1 752 3 1 1
35 59 35 38 6 6 6 6 51 48 8 8 8
1693 1818 4408 4668 5922 6444 1722 1714 2128 5939 8398 2127 2141
100005 100000 100008 100000 39276 40729 100007 39611 100009 100000 43648 100001 44381
8 9 84 169 13 88 8 8 3 115 5 3 3
50 58 63 69 65 70 50 50 78 98 101 81 79
100003 100004 100008 100004 100001 100005 100006 100002 100001 100009 100006 100009 100005
51 50 1876 2366 83 1952 51 51 36 1930 57 35 36
100007 100004 100005 100007 100006 100000 100004 100009 100002 100007 100005 100003 100009
14095 14556 38737 47123 14070 38465 40325 14194 21015 65383 20959 68724 20964
68 69 151 207 65 140 142 66 80 198 77 183 83
174 576 175 339 24 24 21 23 266 249 31 28 28
86152 61085 100000 100005 80803 100002 100006 87187 100002 100004 91844 100007 99492
0 0 0 0 0 0 0 0 1 1 0 0 0
2001 2125 12116 12850 2931 16595 2046 2045 2299 14783 3187 2277 2300
62536 64132 100008 100008 100004 100001 62962 100005 84735 100000 100004 86119 100000
44488 66752 39747 41340 14094 11059 10094 9881 80886 70852 23331 16273 16077
4 5 146 143 7 168 4 4 3 220 5 3 3
834 1193 801 801 115 99 88 87 1308 1240 93 72 75
0 0 0 0 0 0 0 0 0 0 0 0 0
0 0 3 7 0 3 0 0 1 4 1 1 1
18 21 894 1062 20 947 18 18 24 1382 28 25 25
15079 16021 48740 52160 42818 62457 14975 14855 19529 63171 59960 19708 19571
5739 5780 17724 17797 5062 11423 11330 5705 5892 13183 5561 10930 5834
2401 2476 2193 2251 85 31 28 28 3294 3028 112 34 34
87 88 407 560 170 506 88 86 54 592 187 54 54
100002 100000 100001 100009 48890 50623 100003 46428 100004 100002 55041 100003 51939
77 87 102 109 141 146 74 142 116 157 223 115 237
444 743 447 525 78 77 449 80 517 525 70 516 70
707 1041 664 741 404 401 383 392 1381 1333 700 696 669
100001 100004 100007 100001 60545 55344 48234 48330 100007 100005 80298 61763 62362
100000 100008 100001 100008 100001 100000 100001 100008 100006 100002 100002 100005 100006
35 35 521 582 48 626 658 34 35 619 49 798 36
2023 2534 2115 2268 1540 1654 1953 2010 3633 3970 2734 3699 3626
87436 97865 33268 33650 35377 8111 7348 88522 100010 49617 63424 11895 100006
72 79 8907 8882 133 11780 72 72 67 10164 138 68 67
1938 1956 8434 8841 1935 7937 8281 1941 2227 10157 2252 9706 2251
100001 100002 100009 100000 83192 77053 61513 62243 100002 100006 92241 67094 66179
414 442 1950 5341 504 2125 419 415 684 3288 844 671 690
2 3 2 3 1 1 2 1 2 3 1 2 1
100005 100001 100003 100008 36200 21947 19759 19584 100008 100003 51784 27156 27330
100005 100000 100006 100001 100008 100002 100005 100008 100004 100006 100009 100005 100005
100006 100008 100002 100009 100007 100005 100008 100008 100004 100005 100008 100001 100008
496 514 1826 1914 560 2338 497 505 598 2361 657 612 595
62816 67863 59068 56730 54243 28640 25785 62628 98643 89764 86806 41162 97997
10937 73621 11183 11360 62 57 41 41 11167 11162 52 32 33
0 0 0 0 0 0 0 0 0 0 0 0 0
20 22 318 323 26 435 20 20 25 386 33 25 24
34149 36668 32431 32527 464 410 373 380 46887 44301 696 568 556
90157 100004 92408 94751 7945 4130 3431 3510 100004 100008 12045 4875 4935
2612 2707 92377 96493 3828 100005 2577 2579 3165 100005 4700 3136 3073
72234 91347 68302 73198 5127 3993 3401 3363 100000 94983 6537 4315 4341
1 1 13 16 1 15 1 1 1 12 1 1 1
100003 100009 100003 100006 100004 100000 100000 100004 100004 100001 100005 100000 100006
33 34 569 622 60 689 35 34 37 700 65 36 38
100004 100008 100005 100004 37652 24777 22397 21997 100001 100009 59682 35326 35177
9580 10350 14306 15080 29338 32562 9445 35545 12732 18895 38511 12859 45663
0 0 0 0 0 0 0 0 0 0 0 0 0
100003 100002 100009 100001 1461 1447 1370 1375 100000 100001 1648 1552 1538
4 4 4 4 0 1 1 1 5 5 1 1 1
28765 29097 28859 29062 94 86 85 81 31820 31853 103 88 84
43 45 133 133 49 137 143 44 53 194 57 206 53
540 569 23992 24402 942 48149 538 540 523 30906 976 524 518
146 152 480 2594 129 425 145 146 198 711 179 202 202
40672 47342 40925 42272 3510 2941 2514 2448 51005 51193 4246 3068 2946
192 202 100001 100009 326 100004 193 193 226 100001 384 224 222
129 317 115 135 22 13 12 13 209 187 28 18 18
233 256 62637 67543 261 63808 234 231 316 81390 366 315 318
0 0 1 1 0 1 0 0 0 1 0 0 0
100005 100010 100008 100009 100007 100006 100002 100002 100006 100007 100005 100004 100010
2 7 2 5 2 2 2 2 2 2 3 3 3
100009 100005 100008 100002 100008 100000 100001 100008 100008 100008 100006 100000 100003
45 57 43 45 4 2 2 2 50 52 5 3 3
135 158 134 142 40 40 131 39 143 146 42 146 42
0 0 0 0 0 0 0 0 0 0 0 0 0
7433 8405 100006 100003 10554 100004 7478 7457 12323 100009 16813 12347 12314
1372 1471 3610 4040 1377 3885 1391 1391 1832 5326 1848 1849 1853
8624 9835 8099 8386 4072 3823 3565 8655 12318 11123 5515 4711 12358
6435 7126 5890 6101 765 700 601 595 8025 7443 768 636 626
4 5 84 103 6 88 4 4 5 104 7 5 5
100003 100005 100008 100006 100001 100001 100003 100005 100005 100003 100007 100006 100002
100001 100003 100007 100004 93096 52060 39846 40029 100000 100000 100002 41193 40526
100007 100005 100003 100003 100003 100001 100005 100003 100002 100005 100004 100006 100003
65 69 402 431 85 462 66 66 71 475 98 74 72
55 67 170 203 76 209 55 56 82 290 117 83 85
27 27 83 88 33 97 26 26 31 115 42 31 32
37 91 38 38 3 3 3 3 42 43 4 3 3
2 2 13 14 2 13 2 2 2 16 3 2 2
35543 36515 15983 16171 21144 2661 2405 35788 48200 20213 29548 3137 47287
19 19 787 799 22 896 18 18 18 790 21 17 17
100004 100006 100002 100004 60383 47468 41231 41205 100009 100002 90890 60363 59648
5 6 19 29 5 19 5 5 7 31 6 7 7
100007 100008 100002 100001 735 594 528 528 100005 100008 916 657 678
3046 3222 3107 3231 44 44 31 31 3077 3015 42 30 29
571 655 995 1204 603 1074 573 581 1016 1976 1031 1038 1028
100002 100004 100005 100007 100009 100002 100007 100001 100009 100008 100001 100004 100007
99122 100005 100002 100004 39586 39916 36301 36346 100002 100001 57927 49913 50571
1 1 5 5 1 4 1 1 1 8 1 1 1
88 161 93 103 11 11 91 10 104 107 12 107 11
49313 50367 100005 100004 100007 100003 48737 49028 61173 100010 100000 60865 61210
2 4 2 2 0 0 0 0 2 2 0 0 0
6521 11158 6392 6678 656 250 191 186 9744 9470 900 263 263
100001 100004 100003 100000 100000 100002 100007 100008 100005 100008 100009 100005 100007
100001 100004 100009 100009 100007 100000 100007 100005 100000 100005 100003 100000 100006
100008 100003 100004 100006 12321 6797 5443 5333 100009 100001 18637 7408 7382
10210 10435 100003 100000 14472 100008 10330 10195 11497 100003 17019 11427 11544
100009 100005 100001 100004 780 701 588 607 100002 100006 882 657 676
103 105 763 1138 191 955 108 106 143 1189 281 144 146
129 688 151 407 81 89 88 89 181 202 113 125 126
21712 23365 100007 100001 100004 100001 21791 21793 28111 100003 100005 27667 27680
32 35 28 29 20 17 16 32 43 37 24 19 42
100007 100008 100004 100006 37559 37338 100006 36013 100006 100004 41989 100000 39788
85 102 575 2305 111 648 82 85 127 818 175 126 125
4 9 4 5 0 0 0 0 4 4 0 0 0
2523 2711 15774 15886 8739 27930 2509 2512 3987 24033 15506 4021 3985
29446 30596 100004 100002 44098 100008 29230 29106 34355 100006 52047 34107 33975
170 995 151 160 13 7 7 7 257 257 17 9 9
233 238 283 290 219 242 235 226 393 483 362 418 393
3 4 3 4 1 1 3 1 5 5 1 5 1
100008 100005 100001 100006 100001 100003 100001 100006 100002 100004 100000 100005 100003
4 5 53 69 5 57 4 4 5 71 6 6 5
2379 4878 2366 2252 320 322 2379 277 2643 2703 331 2610 301
304 321 3745 3912 369 5479 304 304 387 4814 465 381 385
15546 16237 29042 30284 12582 14851 13974 15633 19110 36679 15703 17274 18823
14 39 15 12 1 1 1 1 16 14 2 1 1
16 31 17 22 11 11 10 10 24 25 14 12 12
100005 100001 100000 100006 100006 100003 89038 89267 100000 100008 100000 92073 91955
64 79 364 799 84 425 61 66 97 580 144 97 100
942 991 10581 11504 1135 12283 945 967 1070 11936 1273 1066 1057
1 1 13 15 1 15 1 1 1 16 1 1 1
164 238 151 157 50 35 30 31 265 250 73 45 45
1252 1400 17673 19344 2323 20491 1304 1300 1997 29431 3642 2019 2005
1 1 4 4 1 5 1 1 1 5 1 1 1
1 1 7 21 2 6 1 1 2 8 2 2 2
0 0 0 0 0 0 0 0 0 0 0 0 0
764 1051 765 831 18 20 17 17 835 825 23 20 20
2 6 3 5 0 0 0 0 3 4 1 1 1
12 13 271 269 23 311 12 13 15 312 29 16 15
539 594 10210 12379 988 11862 555 537 800 14309 1541 806 826
1 1 6 6 1 7 1 1 0 7 1 0 0
100002 100006 100005 100000 100002 100001 100008 100000 100004 100005 100004 100004 100003
30912 32713 100005 100001 100009 100008 30451 30323 36549 100006 100001 36793 36844
20212 21513 100008 100005 100003 100009 20073 20229 23628 100005 100007 23815 23550
131 134 1373 1727 293 1677 126 127 188 2126 429 187 183
4 4 4 3 2 2 2 2 4 4 2 2 2
24 25 25 24 1 1 1 1 27 27 1 1 1
100006 100008 100006 100006 12126 9925 8713 8815 100003 100005 16370 11102 11317
100013 100006 100001 100005 100005 100005 100009 100006 100004 100005 100001 100007 100001
1 1 22 35 1 24 1 1 0 20 0 0 0
7 7 35 35 7 37 40 7 7 38 7 43 7
14029 15113 23073 24029 33837 44146 14057 14231 16970 26701 40050 16889 17023
904 975 925 903 16 16 16 15 965 978 16 15 15
47010 50708 100005 100008 100006 100000 46612 100001 45839 100009 100000 46399 100008
36 118 40 68 15 16 15 15 55 61 20 21 21
3617 4042 4420 4645 1946 2049 3577 2168 5213 6356 2658 5260 2958
100002 100009 100007 100005 83405 86409 100006 81128 100001 100000 100005 100001 100009
100002 100000 100003 100004 100006 100001 100009 100008 100007 100000 100001 100000 100003
100002 100002 100001 100000 100005 100003 100000 100006 100002 100007 100008 100009 100007
100002 100004 100002 100005 100003 100006 100009 100004 100009 100008 100003 100008 100008
61 61 1053 1376 62 1144 1359 62 65 1154 66 1437 65
0 0 0 0 0 0 0 0 0 0 0 0 0
9 16 14 15 4 4 13 4 18 19 6 17 7
0 0 5 6 1 6 0 0 0 5 0 0 0
26 49 28 30 2 2 27 2 27 27 2 27 2
25 27 26 28 20 22 23 25 35 36 27 31 35
0 0 1 1 0 1 0 0 0 1 0 0 0
69748 100005 70451 85664 765 357 317 315 100008 100004 1016 429 417
9 10 38 50 10 41 9 9 12 59 14 12 12
11615 12128 68470 73632 13026 75591 11672 11624 17295 99539 20239 17416 17470
356 478 358 391 148 156 358 162 630 636 222 631 250
312 360 295 297 47 29 22 22 370 363 53 25 24
203 219 911 1046 316 1251 194 197 298 1540 501 303 298
578 575 100000 100005 681 100009 576 574 609 100002 692 597 616
14 14 44 46 42 74 14 14 17 53 60 17 17
65 73 173 224 72 174 74 71 97 251 97 101 97
68 70 513 554 80 606 68 67 87 665 101 84 86
100001 100002 100001 100002 79877 79450 73702 100001 100009 100005 94242 86186 100001
286 410 250 261 44 42 37 294 490 423 63 53 492
100007 100007 100002 100001 100004 100004 100000 100008 100008 100006 100000 100002 100006
203 206 288 299 195 218 209 204 257 362 236 267 261
1 3 1 2 0 0 0 0 1 1 0 0 0
1 1 3 5 1 4 1 1 1 5 1 1 1
9 29 9 17 5 6 5 5 7 7 2 1 1
100002 100006 100008 100004 100002 100006 100010 100003 100001 100008 100006 100008 100005
100004 100003 100003 100003 100001 100008 100003 100003 100002 100003 100000 100007 100009
100008 100009 100007 100004 100000 100009 100001 100008 100008 100008 100007 100003 100004
20 20 30270 31570 22 31720 20 20 23 30870 24 23 22
20897 24986 21461 22374 5089 5192 4768 4706 31941 31765 8105 7185 7154
16 17 375 528 24 414 16 17 12 412 20 12 12
100004 100006 100003 100008 100009 100006 100008 100004 100004 100006 100009 100001 100002
2 2 151 258 5 145 2 2 4 214 6 4 4
100003 100007 100005 100008 100010 100002 100007 100003 100002 100004 100002 100007 100009
564 645 381 376 76 67 61 558 883 553 108 84 869
7 8 354 352 12 392 7 7 8 395 13 8 8
5 5 13 13 5 15 5 5 6 19 6 6 6
113 137 65 67 92 47 45 112 171 98 141 70 176
46427 48376 100002 100008 63398 100005 46274 46156 60132 100003 84397 59874 59749
59 60 119 131 73 134 59 59 73 159 88 75 73
1 1 1 1 0 0 0 0 1 1 0 0 0
5375 5906 4962 5079 761 592 470 470 7347 6921 1070 644 642
100009 100004 99335 100002 503 258 205 206 100008 100004 448 187 187
929 985 7316 8095 1055 8245 928 902 1197 10239 1429 1164 1175
81 399 91 213 2 2 2 2 113 122 3 4 4
100009 100005 100003 100001 100005 100002 100009 100005 100007 100004 100002 100004 100010
0 0 0 0 0 0 0 0 0 0 0 0 0
5 5 54 68 6 59 5 5 1 44 1 1 1
3409 3492 32219 36101 3920 35932 3445 3468 4448 45328 5250 4474 4445
6041 7551 5739 6086 1583 1597 1495 1483 9029 8619 2185 2125 2079
