instance n1 density1 n2 density2 mcsplit mcsplit+f mcsplit+bigf
r-283 29 0.229064 29 0.229064 6648 7231 6449
r-776 30 0.747126 30 0.747126 34424 35454 30328
r-506 21 0.647619 21 0.647619 119 103 87
r-856 14 0.637363 14 0.637363 1 1 1
r-555 19 0.0935673 19 0.0935673 7 3 2
r-339 18 0.104575 18 0.104575 0 0 0
r-858 17 0.522059 17 0.522059 20 20 17
r-253 25 0.32 25 0.32 1098 1084 823
r-307 11 0.963636 11 0.963636 0 0 0
r-842 20 0.978947 20 0.978947 0 0 0
r-720 17 0.455882 17 0.455882 12 10 10
r-502 12 0.106061 12 0.106061 0 0 0
r-505 25 0.126667 25 0.126667 55 71 31
r-356 19 0.263158 19 0.263158 21 19 11
r-843 21 0.0857143 21 0.0857143 3 4 8
r-288 30 0.452874 30 0.452874 50846 50936 47281
r-335 18 0.522876 18 0.522876 24 24 28
r-74 16 0.783333 16 0.783333 1 1 1
r-525 28 0.812169 28 0.812169 1588 1567 1571
r-668 23 0.956522 23 0.956522 8159 7964 18
r-665 17 0.911765 17 0.911765 0 0 0
r-396 28 0.484127 28 0.484127 12104 12442 11607
r-420 13 0.0512821 13 0.0512821 0 0 0
r-804 11 0.381818 11 0.381818 0 0 0
r-835 25 0.85 25 0.85 164 143 136
r-762 18 0.633987 18 0.633987 14 14 11
r-148 14 0.714286 14 0.714286 0 1 0
r-606 26 0.772308 26 0.772308 1061 1081 1012
r-40 22 0.268398 22 0.268398 95 103 101
r-226 24 0.5 24 0.5 1265 1247 1193
r-538 30 0.896552 30 0.896552 709 693 607
r-280 24 0.478261 24 0.478261 1538 1402 1260
r-130 29 0.977833 29 0.977833 1 8 24
r-597 22 0.943723 22 0.943723 0 0 0
r-367 10 0.666667 10 0.666667 0 0 0
r-47 14 0.32967 14 0.32967 1 1 1
r-969 30 0.811494 30 0.811494 8179 9574 5800
r-336 26 0.833846 26 0.833846 485 681 537
r-960 15 0.885714 15 0.885714 0 0 0
r-917 15 0.0761905 15 0.0761905 0 0 0
r-978 28 0.444444 28 0.444444 11354 11475 10600
r-692 10 0.6 10 0.6 0 0 0
r-314 23 0.134387 23 0.134387 33 27 17
r-481 22 0.935065 22 0.935065 791 100005 100006
r-653 30 0.450575 30 0.450575 35726 36652 28957
r-648 28 0.328042 28 0.328042 10828 11791 10176
r-126 21 0.395238 21 0.395238 76 78 110
r-8 11 0.345455 11 0.345455 0 0 0
r-950 23 0.185771 23 0.185771 135 168 84
r-750 29 0.362069 29 0.362069 14782 16014 14455
r-805 14 0.703297 14 0.703297 2 2 1
r-632 22 0.316017 22 0.316017 131 123 114
r-500 13 0.025641 13 0.025641 0 0 0
r-729 18 0.732026 18 0.732026 12 13 8
r-17 14 0.153846 14 0.153846 0 0 0
r-162 20 0.142105 20 0.142105 5 6 6
r-807 24 0.742754 24 0.742754 191 215 269
r-854 17 0.845588 17 0.845588 1 1 1
r-945 12 0.106061 12 0.106061 0 0 0
r-28 15 0.466667 15 0.466667 3 3 2
r-204 29 0.118227 29 0.118227 323 366 247
r-79 21 0.742857 21 0.742857 133 143 122
r-486 30 0.266667 30 0.266667 26533 29925 22233
r-624 15 0.295238 15 0.295238 3 4 3
r-405 17 0.632353 17 0.632353 6 6 9
r-823 19 0.824561 19 0.824561 18 21 21
r-752 24 0.789855 24 0.789855 137 156 117
r-166 16 0.916667 16 0.916667 13 12 2
r-616 14 0.813187 14 0.813187 0 0 0
r-793 13 0.423077 13 0.423077 0 0 0
r-62 22 0.030303 22 0.030303 1 0 0
r-824 22 0.12987 22 0.12987 6 7 8
r-886 10 0.777778 10 0.777778 0 0 0
r-434 12 0.136364 12 0.136364 0 0 0
r-674 15 0.428571 15 0.428571 3 3 2
r-533 28 0.037037 28 0.037037 19309 24965 100005
r-19 15 0.457143 15 0.457143 7 6 7
r-593 28 0.600529 28 0.600529 16298 16783 14621
r-586 17 0.808824 17 0.808824 1 1 1
r-620 29 0.280788 29 0.280788 7427 8066 8356
r-392 21 0.87619 21 0.87619 15 15 17
r-50 26 0.261538 26 0.261538 890 1018 861
r-736 12 0.924242 12 0.924242 1 1 6
r-476 23 0.438735 23 0.438735 753 722 649
r-300 11 0.690909 11 0.690909 0 0 0
r-994 22 0.298701 22 0.298701 206 202 205
r-439 26 0.378462 26 0.378462 4029 4243 3814
r-366 14 0.802198 14 0.802198 0 1 0
r-407 21 0.219048 21 0.219048 49 51 48
r-755 10 0.155556 10 0.155556 0 0 0
r-393 15 0.304762 15 0.304762 3 3 3
r-123 24 0.67029 24 0.67029 702 837 741
r-955 23 0.0197628 23 0.0197628 0 0 0
r-82 14 0.659341 14 0.659341 2 3 2
r-838 18 0.346405 18 0.346405 17 16 10
r-468 10 0.755556 10 0.755556 0 0 0
r-545 20 0.521053 20 0.521053 112 113 112
r-884 25 0.42 25 0.42 2034 1991 1561
r-237 17 0.735294 17 0.735294 10 10 8
r-714 18 0.875817 18 0.875817 0 0 0
r-223 17 0.183824 17 0.183824 2 2 1
r-385 10 0.422222 10 0.422222 0 0 0
r-888 14 0.021978 14 0.021978 0 0 0
r-864 11 0.618182 11 0.618182 0 0 0
r-330 10 0.177778 10 0.177778 0 0 0
r-44 24 0.445652 24 0.445652 1430 1465 1360
r-376 27 0.763533 27 0.763533 3400 3808 4184
r-722 16 0.941667 16 0.941667 0 0 0
r-286 17 0.441176 17 0.441176 18 15 15
r-741 17 0.0882353 17 0.0882353 3 3 2
r-522 18 1 18 1 0 0 0
r-547 30 0.36092 30 0.36092 38674 42142 37257
r-695 30 0.289655 30 0.289655 31778 37935 29680
r-840 24 0.0942029 24 0.0942029 65 67 45
r-84 30 0.521839 30 0.521839 41829 30783 40542
r-285 23 0.0513834 23 0.0513834 36 37 2
r-233 19 0.45614 19 0.45614 56 50 42
r-30 21 0.895238 21 0.895238 10 11 4
r-448 23 0.581028 23 0.581028 860 862 779
r-379 27 0.994302 27 0.994302 0 0 0
r-829 28 0.910053 28 0.910053 63 81 68
r-67 19 0.45614 19 0.45614 40 40 43
r-698 10 0.577778 10 0.577778 0 0 0
r-873 19 0.0526316 19 0.0526316 3878 3857 440
r-302 13 0.653846 13 0.653846 0 0 0
r-418 23 0.996047 23 0.996047 0 0 0
r-282 16 0.075 16 0.075 19 21 128
r-72 26 0.184615 26 0.184615 821 912 955
r-138 30 0.0505747 30 0.0505747 9372 100007 100002
r-912 10 0.355556 10 0.355556 0 0 0
r-934 26 0.415385 26 0.415385 3767 3931 3431
r-737 23 0.411067 23 0.411067 663 690 665
r-520 18 0.300654 18 0.300654 5 5 4
r-558 22 0.800866 22 0.800866 44 47 50
r-996 29 0.142857 29 0.142857 2150 2635 2332
r-678 30 0.937931 30 0.937931 182 305 2823
r-284 29 0.559113 29 0.559113 20284 19527 18181
r-627 14 0.472527 14 0.472527 1 1 1
r-320 12 0.469697 12 0.469697 0 0 0
r-931 10 0.511111 10 0.511111 0 0 0
r-466 10 0.666667 10 0.666667 0 0 0
r-410 18 0.235294 18 0.235294 9 13 9
r-808 22 0.839827 22 0.839827 20 16 21
r-995 24 0.82971 24 0.82971 70 98 100
r-248 16 0.366667 16 0.366667 7 7 7
r-105 10 0.8 10 0.8 0 0 0
r-785 15 0.0190476 15 0.0190476 0 0 0
r-683 23 0.102767 23 0.102767 4 4 5
r-316 19 0.345029 19 0.345029 76 87 77
r-629 26 0.0646154 26 0.0646154 1216 822 182
r-179 25 0.346667 25 0.346667 1804 1909 1710
r-444 13 0.5 13 0.5 1 0 1
r-768 19 0.631579 19 0.631579 63 64 54
r-943 18 0.836601 18 0.836601 3 3 4
r-11 12 0.333333 12 0.333333 0 0 0
r-828 11 0.2 11 0.2 0 0 0
r-818 12 0.227273 12 0.227273 0 0 0
r-711 19 0.795322 19 0.795322 11 15 11
r-425 15 0.895238 15 0.895238 0 0 0
r-880 22 0.212121 22 0.212121 58 61 47
r-139 18 0.189542 18 0.189542 7 8 8
r-657 20 0.384211 20 0.384211 65 67 45
r-855 25 0.706667 25 0.706667 969 909 856
r-289 30 0.0689655 30 0.0689655 81 126 114
r-243 15 0.485714 15 0.485714 8 7 7
r-893 25 0.836667 25 0.836667 237 290 187
r-731 21 0.790476 21 0.790476 12 13 18
r-792 13 0.487179 13 0.487179 0 0 1
r-447 11 0.545455 11 0.545455 0 0 0
r-281 27 0.14245 27 0.14245 95 107 139
r-798 29 0.512315 29 0.512315 26525 25344 23336
r-696 12 0.227273 12 0.227273 0 0 0
r-596 19 0.192982 19 0.192982 16 18 16
r-831 25 0.00666667 25 0.00666667 0 0 0
r-628 30 0.924138 30 0.924138 601 569 233
r-849 13 0.641026 13 0.641026 1 1 1
r-478 18 0.96732 18 0.96732 0 0 0
r-311 21 0.238095 21 0.238095 96 85 84
r-942 18 0.27451 18 0.27451 10 10 9
r-834 30 0.434483 30 0.434483 26967 25723 26420
r-756 23 0.55336 23 0.55336 956 886 674
r-150 11 0.381818 11 0.381818 0 0 0
r-626 22 0.982684 22 0.982684 0 0 0
r-806 20 0.773684 20 0.773684 18 19 34
r-89 22 0.251082 22 0.251082 139 159 143
r-906 14 0.637363 14 0.637363 3 3 3
r-570 30 0.126437 30 0.126437 685 1113 418
r-159 13 0.576923 13 0.576923 1 2 1
r-990 28 0.529101 28 0.529101 10291 10480 10367
r-77 27 0.0968661 27 0.0968661 78 101 17
r-707 16 0.275 16 0.275 4 3 2
r-530 15 0.533333 15 0.533333 3 3 3
r-362 14 0.989011 14 0.989011 0 0 0
r-251 28 0.531746 28 0.531746 12461 11842 11318
r-964 19 0.0409357 19 0.0409357 0 0 0
r-92 15 0.92381 15 0.92381 0 0 0
r-972 30 0.4 30 0.4 31689 31736 25837
r-916 17 0.301471 17 0.301471 10 11 9
r-929 29 0.965517 29 0.965517 21 24 100004
r-364 13 0.782051 13 0.782051 0 1 0
r-881 30 0.604598 30 0.604598 30133 30957 27316
r-871 18 0.509804 18 0.509804 36 32 38
r-33 15 0.942857 15 0.942857 0 0 0
r-920 30 0.96092 30 0.96092 176 88 100002
r-9 28 0.465608 28 0.465608 12028 11486 9708
r-12 17 0.0588235 17 0.0588235 0 0 1
r-313 28 0.44709 28 0.44709 9507 10645 12231
r-6 15 0.638095 15 0.638095 2 2 1
r-214 21 0.7 21 0.7 53 59 55
r-153 18 0.784314 18 0.784314 14 17 13
r-511 16 0.241667 16 0.241667 4 5 4
r-702 25 0.0366667 25 0.0366667 3 2 100001
r-415 18 0.0196078 18 0.0196078 0 0 0
r-352 11 0.509091 11 0.509091 0 0 0
r-786 10 0.0666667 10 0.0666667 0 0 0
r-254 20 0.115789 20 0.115789 3 5 10
r-228 19 0.116959 19 0.116959 1 1 0
r-242 25 0.81 25 0.81 540 659 473
r-664 24 0.275362 24 0.275362 316 337 228
r-424 19 0.643275 19 0.643275 54 56 50
r-766 21 0.790476 21 0.790476 65 63 57
r-430 26 0.455385 26 0.455385 6452 6596 5062
r-169 25 0.0266667 25 0.0266667 100000 100000 100006
r-65 26 0.190769 26 0.190769 359 397 289
r-846 21 0.561905 21 0.561905 172 163 201
r-634 20 0.578947 20 0.578947 122 114 104
r-794 30 0.186207 30 0.186207 3436 3867 3470
r-787 14 0.362637 14 0.362637 2 1 1
r-618 27 0.37037 27 0.37037 6408 7306 6188
r-397 16 0.15 16 0.15 0 0 0
r-338 30 0.278161 30 0.278161 19805 21315 14233
r-331 20 0.426316 20 0.426316 157 156 128
r-531 25 0.686667 25 0.686667 1486 1661 1395
r-800 23 0.73913 23 0.73913 228 264 251
r-234 22 0.619048 22 0.619048 385 373 315
r-353 28 0.269841 28 0.269841 3694 4167 5775
r-279 22 0.359307 22 0.359307 260 298 309
r-797 18 0.529412 18 0.529412 47 42 35
r-930 24 0.775362 24 0.775362 554 576 464
r-244 16 0.458333 16 0.458333 8 7 8
r-509 26 0.926154 26 0.926154 323 491 72
r-193 10 0.311111 10 0.311111 0 0 0
r-795 30 0.177011 30 0.177011 10052 12068 7591
r-174 26 0.323077 26 0.323077 2085 2102 2178
r-609 19 0.929825 19 0.929825 22 22 2
r-497 30 0.68046 30 0.68046 22404 23583 22162
r-482 22 0.961039 22 0.961039 0 0 45506
r-507 24 0.0543478 24 0.0543478 100000 100004 100009
r-440 21 0.938095 21 0.938095 2 1901 17380
r-587 16 0.0416667 16 0.0416667 0 0 0
r-723 25 0.963333 25 0.963333 1 1 100001
r-710 17 0.654412 17 0.654412 20 22 14
r-751 19 0.0116959 19 0.0116959 0 0 0
r-76 28 0.28836 28 0.28836 7272 7674 6291
r-867 29 0.711823 29 0.711823 13932 14538 12298
r-422 22 0.861472 22 0.861472 4 4 2
r-156 13 0.705128 13 0.705128 0 0 1
r-192 25 0.173333 25 0.173333 199 234 205
r-354 14 0.0769231 14 0.0769231 1 1 22
r-879 20 0.0526316 20 0.0526316 0 0 0
r-663 30 0.0505747 30 0.0505747 10510 12235 100005
r-402 12 0.848485 12 0.848485 0 0 0
r-304 14 0.373626 14 0.373626 0 0 1
r-494 29 0.374384 29 0.374384 22500 23424 20251
r-201 30 0.967816 30 0.967816 100001 100009 100003
r-296 30 0.806897 30 0.806897 2876 3204 2182
r-97 25 0.67 25 0.67 2878 3409 2749
r-951 20 0.347368 20 0.347368 119 95 51
r-694 14 0.692308 14 0.692308 1 1 1
r-654 30 0.367816 30 0.367816 19796 24059 28474
r-656 12 0.636364 12 0.636364 0 0 0
r-754 27 0.883191 27 0.883191 187 261 117
r-147 23 0.640316 23 0.640316 599 662 538
r-518 29 0.300493 29 0.300493 15701 16586 13895
r-726 15 0.333333 15 0.333333 2 2 1
r-121 23 0.0474308 23 0.0474308 100004 100008 16255
r-164 13 0.538462 13 0.538462 0 0 1
r-453 22 0.549784 22 0.549784 321 283 208
r-333 15 0.914286 15 0.914286 0 0 0
r-158 26 0.975385 26 0.975385 100008 100003 1
r-142 30 0.963218 30 0.963218 100000 100000 199
r-395 11 0.436364 11 0.436364 0 0 0
r-535 26 0.553846 26 0.553846 4634 4460 3615
r-496 14 0.912088 14 0.912088 0 0 0
r-394 15 0.761905 15 0.761905 1 1 1
r-686 24 0.358696 24 0.358696 1132 1217 1162
r-258 16 0.833333 16 0.833333 1 1 1
r-460 17 0.955882 17 0.955882 1041 1049 0
r-660 29 0.544335 29 0.544335 24814 24988 23306
r-578 16 0.208333 16 0.208333 5 5 4
r-236 16 0.25 16 0.25 1 1 2
r-724 19 0.953216 19 0.953216 6 2179 26264
r-568 20 0.957895 20 0.957895 74511 74554 0
r-377 23 0.940711 23 0.940711 5 4 7745
r-10 21 0.957143 21 0.957143 0 0 0
r-540 26 0.430769 26 0.430769 2949 2912 2530
r-550 24 0.177536 24 0.177536 152 225 184
r-836 23 0.316206 23 0.316206 362 357 310
r-260 20 0.515789 20 0.515789 128 123 107
r-327 18 0.96732 18 0.96732 0 0 11327
r-517 14 0.813187 14 0.813187 1 1 1
r-633 27 0.447293 27 0.447293 7123 6661 5584
r-527 29 0.842365 29 0.842365 1295 1994 1139
r-621 23 0.790514 23 0.790514 143 166 157
r-96 12 0.287879 12 0.287879 0 0 0
r-601 27 0.564103 27 0.564103 7319 7111 6456
r-564 10 0.8 10 0.8 0 0 0
r-607 22 0.541126 22 0.541126 435 425 440
r-514 20 0.721053 20 0.721053 62 70 75
r-111 18 0.784314 18 0.784314 6 7 10
r-571 26 0.698462 26 0.698462 1358 1733 1782
r-133 21 0.728571 21 0.728571 70 69 57
r-292 30 0.149425 30 0.149425 4531 5856 3896
r-446 21 0.695238 21 0.695238 77 84 58
r-51 22 0.025974 22 0.025974 100001 100001 0
r-802 14 0.263736 14 0.263736 2 2 1
r-749 23 0.462451 23 0.462451 725 759 744
r-487 20 0.205263 20 0.205263 16 15 11
r-810 29 0.199507 29 0.199507 3885 4371 2105
r-355 30 0.255172 30 0.255172 21993 21463 13820
r-822 17 0.191176 17 0.191176 1 2 1
r-870 13 0.25641 13 0.25641 1 1 0
r-705 24 0.315217 24 0.315217 527 573 951
r-227 16 0.85 16 0.85 0 1 0
r-213 13 0.153846 13 0.153846 0 0 0
r-868 28 0.031746 28 0.031746 0 0 1
r-315 11 0.654545 11 0.654545 0 0 0
r-825 22 0.688312 22 0.688312 219 236 214
r-298 11 0.890909 11 0.890909 0 0 0
r-490 29 0.302956 29 0.302956 15556 16774 13954
r-661 12 0.575758 12 0.575758 0 0 0
r-532 26 0.824615 26 0.824615 474 566 445
r-80 26 0.523077 26 0.523077 3199 3122 2652
r-780 29 0.137931 29 0.137931 492 501 301
r-124 14 0.384615 14 0.384615 1 1 1
r-636 29 0.667488 29 0.667488 21457 22008 19264
r-413 15 0.752381 15 0.752381 1 1 1
r-567 19 0.631579 19 0.631579 45 50 45
r-635 27 0.011396 27 0.011396 0 0 0
r-176 20 0.931579 20 0.931579 2 1 3
r-295 12 0.0151515 12 0.0151515 0 0 0
r-318 29 0.216749 29 0.216749 8007 8867 7364
r-715 29 0.522167 29 0.522167 25122 24288 22190
r-212 30 0.942529 30 0.942529 13 15 50
r-45 27 0.831909 27 0.831909 2267 2634 1390
r-954 29 0.155172 29 0.155172 719 811 794
r-229 30 0.333333 30 0.333333 19686 20582 21519
r-326 28 0.179894 28 0.179894 1587 2071 2100
r-380 17 0.551471 17 0.551471 5 5 7
r-781 11 0.272727 11 0.272727 0 0 0
r-985 15 0.47619 15 0.47619 6 5 4
r-287 19 0.280702 19 0.280702 26 28 23
r-850 22 0.78355 22 0.78355 73 83 78
r-197 17 0.25 17 0.25 3 3 3
r-46 13 0.397436 13 0.397436 0 0 0
r-725 26 0.304615 26 0.304615 2056 2275 1780
r-742 16 0.383333 16 0.383333 7 8 7
r-464 22 0.311688 22 0.311688 371 396 357
r-245 10 0.777778 10 0.777778 0 0 0
r-341 22 0.445887 22 0.445887 307 293 339
r-216 25 0.0266667 25 0.0266667 3 3 100007
r-357 29 0.00492611 29 0.00492611 0 0 0
r-577 20 0.284211 20 0.284211 31 34 39
r-195 26 0.581538 26 0.581538 3106 3142 2858
r-177 12 0.136364 12 0.136364 0 0 0
r-145 23 0.913043 23 0.913043 12 13 10
r-962 11 0.945455 11 0.945455 45 31 4
r-687 23 0.509881 23 0.509881 775 588 589
r-16 19 0.912281 19 0.912281 3 2 2
r-2 12 0.818182 12 0.818182 0 0 0
r-980 27 1 27 1 0 0 0
r-495 13 0.653846 13 0.653846 1 0 0
r-988 21 0.357143 21 0.357143 166 173 142
r-548 26 0.698462 26 0.698462 3497 3550 3113
r-526 20 0.6 20 0.6 205 221 191
r-247 27 0.02849 27 0.02849 0 100004 0
r-889 19 0.374269 19 0.374269 67 79 75
r-605 28 0.669312 28 0.669312 13005 14080 11923
r-617 24 0.702899 24 0.702899 423 421 260
r-758 17 0.0220588 17 0.0220588 0 0 0
r-198 25 0.833333 25 0.833333 410 481 372
r-748 29 0.0418719 29 0.0418719 16 17 58866
r-39 15 0.752381 15 0.752381 1 1 1
r-64 23 0.545455 23 0.545455 689 777 752
r-559 13 0.615385 13 0.615385 0 0 0
r-947 25 0.646667 25 0.646667 1327 1298 1099
r-882 13 0.935897 13 0.935897 112 93 22
r-151 26 0.295385 26 0.295385 4422 5065 4104
r-106 17 0.838235 17 0.838235 2 2 2
r-184 17 0.595588 17 0.595588 11 11 10
r-516 10 0.155556 10 0.155556 0 0 0
r-765 10 0.2 10 0.2 0 0 0
r-1000 18 0.0784314 18 0.0784314 0 0 0
r-989 29 0.495074 29 0.495074 22914 21734 20084
r-813 21 0.614286 21 0.614286 356 334 335
r-670 17 0.669118 17 0.669118 9 9 9
r-118 13 0.384615 13 0.384615 0 0 0
r-35 26 0.981538 26 0.981538 0 0 0
r-956 11 0 11 0 0 0 0
r-927 21 0.171429 21 0.171429 31 31 25
