instance n1 density1 n2 density2 mcsplit mcsplit-swapped mcsplit-smart-swapped mcsplit+f mcsplit+bigf mcsplit-b mcsplit-b-swapped mcsplit-b-smart-swapped mcsplit-nosort mcsplit-nosort-swapped mcsplit-nosort-smart-swapped
r-448 37 0.27027 39 0.304993 100001 100002 100002 100001 100008 100002 100002 100007 100002 100007 100009
r-81 13 0.358974 17 0.367647 1 2 1 2 0 1 3 1 1 3 1
r-288 23 0.328063 40 0.305128 7588 22703 7623 19996 8202 11619 39655 11563 14864 21828 14638
r-779 30 0.347126 18 0.300654 469 289 288 490 276 762 433 437 352 296 288
r-907 25 0.286667 12 0.287879 6 0 0 6 0 6 0 0 4 1 1
r-299 12 0.348485 16 0.241667 0 1 0 1 0 0 3 0 0 1 0
r-774 12 0.272727 15 0.2 0 0 0 0 0 0 1 0 0 0 0
r-327 24 0.333333 18 0.313725 82 48 49 91 45 150 73 82 56 52 52
r-611 23 0.367589 17 0.301471 48 42 44 48 40 76 66 66 58 45 46
r-901 40 0.292308 26 0.335385 84007 30144 30036 82893 30912 100009 49038 49238 84491 47302 46926
r-266 29 0.342365 39 0.304993 47029 100001 47795 93630 50085 84217 100002 83762 93107 100006 92219
r-408 11 0.236364 27 0.307692 1 7 1 6 1 1 7 1 1 6 1
r-780 16 0.291667 37 0.315315 80 208 80 204 80 92 269 95 73 187 74
r-533 31 0.309677 19 0.315789 1136 377 375 1131 388 1885 549 564 1122 719 716
r-704 37 0.294294 26 0.329231 46998 22997 22860 47673 24358 88804 39521 40294 41513 24287 24387
r-976 35 0.302521 36 0.320635 100003 100009 100001 100002 100006 100002 100009 100003 100003 100004 100001
r-166 23 0.320158 27 0.307692 662 1108 676 1015 685 1113 1982 1147 919 1104 939
r-337 22 0.307359 12 0.318182 6 1 1 7 1 8 1 1 5 2 2
r-360 18 0.300654 11 0.381818 1 0 0 1 0 2 0 0 1 0 0
r-573 37 0.312312 14 0.373626 102 18 18 91 19 115 21 21 68 38 39
r-355 30 0.305747 30 0.294253 29206 31651 29392 32758 28894 49625 56314 49736 35252 36073 35367
r-926 26 0.292308 40 0.296154 32928 68838 32180 66551 33020 50796 100004 51432 41614 71213 41685
r-340 22 0.25974 33 0.306818 2098 3880 2086 3938 2064 3199 6234 3173 2561 3516 2642
r-935 29 0.293103 40 0.317949 100008 100009 100008 100000 100002 100004 100003 100010 100008 100009 100003
r-947 32 0.284274 26 0.292308 8267 4364 4430 8378 4237 14774 7464 7193 8079 6819 6879
r-701 37 0.346847 37 0.288288 100004 100000 100006 100006 100004 100007 100005 100009 100005 100009 100002
r-152 10 0.355556 13 0.294872 0 0 0 0 0 0 0 0 0 0 0
r-186 28 0.298942 12 0.272727 8 1 1 8 1 8 1 1 5 3 3
r-616 23 0.284585 14 0.296703 21 4 4 22 4 29 4 4 20 5 5
r-121 29 0.278325 35 0.29916 44774 46737 44632 51006 42273 76932 82957 76669 53906 59580 54100
r-821 33 0.280303 39 0.296896 100007 100002 100001 100002 100008 100001 100006 100001 100009 100001 100002
r-255 27 0.282051 36 0.338095 41225 26007 41189 27614 38865 72246 47907 72624 48763 50314 47758
r-142 16 0.316667 40 0.29359 92 571 90 535 91 112 797 111 152 372 150
r-487 22 0.298701 36 0.296825 6076 7869 6014 7151 6112 9350 13676 9435 5997 9379 5958
r-554 38 0.267425 14 0.318681 110 18 18 113 19 129 20 20 78 20 19
r-66 24 0.358696 21 0.271429 125 223 215 153 184 203 355 360 200 216 215
r-181 11 0.2 37 0.28979 0 0 0 0 0 0 0 0 0 0 0
r-213 11 0.309091 28 0.312169 0 0 0 0 0 0 0 0 0 0 0
r-91 22 0.350649 19 0.269006 44 85 85 50 76 68 121 121 64 50 50
r-48 18 0.320261 21 0.314286 37 43 38 43 38 54 73 54 40 41 40
r-728 28 0.285714 38 0.280228 61013 100009 60281 100003 62982 99135 100003 98876 100006 100002 100008
r-415 36 0.292063 16 0.333333 262 111 111 275 116 371 147 150 323 63 63
r-455 20 0.315789 36 0.320635 1259 3742 1253 3605 1265 1905 6284 1868 1509 2892 1512
r-782 21 0.3 36 0.315873 1730 4846 1714 4466 1715 2491 8011 2504 3258 4953 3223
r-233 16 0.308333 26 0.298462 23 66 23 63 23 26 87 27 22 40 22
r-161 29 0.275862 17 0.286765 189 36 35 194 36 276 46 45 140 64 64
r-71 27 0.321937 27 0.245014 3170 5199 3065 4486 3740 5136 8912 5098 3224 5694 3190
r-579 19 0.245614 29 0.293103 131 329 131 339 129 189 537 184 243 359 244
r-750 22 0.246753 11 0.236364 0 0 0 0 0 0 0 0 0 0 0
r-479 27 0.304843 36 0.309524 37583 64987 37673 66451 38873 63655 100005 63166 50749 66791 51018
r-666 35 0.282353 37 0.318318 100001 100006 100002 100004 100002 100002 100009 100001 100003 100009 100001
r-691 20 0.257895 19 0.25731 22 20 20 25 19 33 27 27 26 22 22
r-745 17 0.242647 29 0.307882 87 248 86 252 86 113 378 118 158 274 157
r-187 11 0.236364 14 0.296703 0 0 0 0 0 0 0 0 0 0 0
r-52 24 0.271739 25 0.333333 1089 541 1063 720 928 1909 852 1863 999 885 995
r-887 20 0.357895 14 0.296703 5 4 4 6 3 7 5 4 7 4 4
r-170 12 0.318182 26 0.304615 1 5 1 5 1 1 5 1 2 3 2
r-530 23 0.312253 33 0.261364 1984 4874 2024 4136 2325 2962 8623 3002 1607 3974 1617
r-499 26 0.295385 31 0.303226 8088 14457 8184 14282 7973 13766 25805 13714 10028 13059 9965
r-511 11 0.218182 34 0.283422 0 0 0 0 0 0 0 0 0 0 0
r-211 15 0.352381 31 0.294624 23 113 23 100 23 30 169 29 36 94 35
r-854 31 0.290323 22 0.333333 4074 1662 1665 4066 1813 7472 2711 2749 2425 1668 1696
r-347 18 0.27451 24 0.289855 34 59 30 54 29 42 89 43 56 107 58
r-270 27 0.259259 33 0.304924 20811 19021 20359 21081 19441 35087 21609 35051 14795 18052 15017
r-903 26 0.258462 37 0.27027 11396 47871 11354 45712 12054 16534 78771 16308 29273 23837 29134
r-572 36 0.301587 20 0.273684 2157 527 526 2177 545 3488 745 734 1846 858 854
r-311 20 0.278947 37 0.321321 937 2248 931 2217 914 1279 3456 1266 733 1452 726
r-900 39 0.296896 30 0.278161 100006 100000 100001 100007 100001 100001 100006 100004 100003 100004 100009
r-978 15 0.361905 20 0.310526 5 19 5 16 6 7 29 7 10 15 9
r-736 22 0.285714 12 0.242424 2 0 0 2 0 2 0 0 3 1 1
r-682 10 0.422222 36 0.315873 0 0 0 0 0 0 0 0 2 0 2
r-138 25 0.32 36 0.331746 13101 21898 13297 21908 13357 22562 41315 22390 18198 25502 18241
r-623 36 0.31746 35 0.32605 100006 100001 100003 100008 100006 100002 100000 100006 100000 100008 100007
r-113 12 0.227273 14 0.296703 0 0 0 0 0 0 0 0 0 0 0
r-618 25 0.29 30 0.275862 2050 3752 2065 3610 2083 3217 6639 3195 6398 4465 6405
r-493 23 0.284585 39 0.306343 9580 23485 9718 22542 9625 14405 40049 14536 11744 24869 11847
r-155 11 0.309091 15 0.27619 0 1 0 0 0 0 1 0 0 0 0
r-144 17 0.242647 18 0.320261 22 17 22 25 18 35 26 33 20 19 20
r-259 17 0.286765 32 0.324597 126 452 130 420 126 174 678 167 141 370 142
r-124 26 0.329231 22 0.372294 1000 573 573 938 616 1833 984 993 1097 655 662
r-932 13 0.282051 34 0.28164 2 20 2 18 2 2 20 2 1 14 1
r-528 28 0.312169 23 0.280632 994 1423 1441 1027 1380 1576 1935 1934 1954 1492 1477
r-151 19 0.251462 37 0.292793 1103 3644 1112 3509 1109 1451 5477 1450 849 2975 851
r-877 22 0.307359 19 0.263158 40 37 37 43 33 59 55 56 67 59 57
r-84 37 0.33033 21 0.266667 8385 2021 2057 8486 2030 14029 3056 3067 4639 2498 2532
r-435 39 0.287449 25 0.313333 26640 8384 8392 26158 8703 47404 12700 12697 27483 22533 22466
r-718 19 0.298246 24 0.289855 61 188 61 171 66 91 314 90 188 186 181
r-389 11 0.363636 30 0.308046 1 6 0 6 0 0 7 0 1 4 1
r-711 17 0.301471 15 0.295238 4 5 5 4 5 6 7 7 6 7 9
r-249 35 0.277311 31 0.307527 100009 85365 84660 100002 86274 100004 100008 100009 100009 100008 100000
r-108 30 0.321839 39 0.330634 100001 100005 100007 100010 100006 100006 100006 100007 100008 100000 100008
r-326 36 0.288889 17 0.308824 784 170 171 807 175 1193 219 216 569 254 252
r-851 29 0.29803 28 0.283069 10355 11631 11633 11650 10570 18532 20634 20212 12183 12100 12161
r-560 30 0.273563 27 0.304843 6592 4130 4174 6499 4383 11617 6946 6806 5413 4335 4292
r-323 14 0.32967 10 0.266667 0 0 0 0 0 0 0 0 0 0 0
r-647 40 0.298718 13 0.269231 56 6 6 56 6 57 6 6 40 6 6
r-358 33 0.301136 16 0.266667 53 12 12 54 13 68 14 14 74 51 51
r-785 17 0.279412 13 0.269231 1 0 0 1 0 2 1 1 2 1 1
r-318 37 0.283784 18 0.30719 802 218 218 801 224 1192 296 293 677 351 359
r-859 21 0.285714 39 0.295547 1551 5704 1567 5360 1584 2147 8933 2215 2562 7006 2536
r-147 21 0.27619 22 0.380952 331 168 334 280 279 585 260 585 280 299 272
r-459 33 0.291667 26 0.307692 6873 3127 3094 6959 3176 12594 5035 4993 9186 6448 6500
r-427 23 0.332016 35 0.27395 3811 13026 3676 11149 4217 5768 22451 5794 9460 12031 9355
r-773 18 0.320261 11 0.254545 0 0 0 0 0 0 0 0 0 0 0
r-212 37 0.315315 24 0.333333 23174 10653 10582 23542 10533 43236 17547 17431 23651 13119 13108
r-705 35 0.309244 40 0.287179 100005 100009 100004 100008 100001 100003 100008 100002 100003 100003 100004
r-32 26 0.323077 40 0.285897 16388 45712 16412 41238 19663 26027 81996 26071 26244 51576 26393
r-150 34 0.30303 22 0.268398 4660 1836 1886 4819 1908 8010 2860 2810 4855 2359 2437
r-642 10 0.288889 11 0.236364 0 0 0 0 0 0 0 0 0 0 0
r-159 32 0.306452 16 0.358333 346 82 84 362 86 531 108 108 235 96 97
r-307 14 0.384615 33 0.278409 16 121 16 105 17 19 170 19 33 84 34
r-897 10 0.311111 29 0.263547 0 0 0 0 0 0 0 0 0 0 0
r-171 39 0.2861 13 0.371795 65 9 9 64 10 77 9 10 55 8 8
r-536 40 0.301282 20 0.347368 5947 1244 1201 6009 1266 9799 1792 1770 5059 1888 1856
r-512 16 0.25 10 0.355556 1 0 0 1 0 1 0 0 0 0 0
r-346 32 0.318548 32 0.288306 56526 100009 57198 81791 89757 100006 100004 100009 79974 96153 79545
r-732 29 0.320197 26 0.295385 3863 4394 4667 4127 4195 6864 8053 7997 5014 3360 3462
r-83 26 0.273846 33 0.287879 8084 15438 8053 15910 7416 12820 26322 12638 16170 18067 16193
r-476 24 0.300725 17 0.301471 82 32 32 83 34 132 43 43 81 71 71
r-190 26 0.276923 30 0.294253 5309 6523 5291 6759 5025 9009 11701 9012 6103 9636 6133
r-79 34 0.28877 30 0.305747 67605 49655 49863 68717 49605 100004 86505 88388 69752 71084 70306
r-440 39 0.310391 24 0.23913 25843 14970 15135 26787 14858 43886 23481 23064 33746 21594 21299
r-158 40 0.292308 19 0.298246 5509 1191 1196 5524 1226 8557 1563 1640 4085 2225 2178
r-751 21 0.338095 12 0.257576 4 1 1 4 1 5 2 2 4 4 4
r-679 38 0.320057 21 0.238095 6892 4253 4227 7120 4159 10743 6142 6221 7207 4257 4343
r-306 32 0.298387 40 0.310256 100006 100000 100005 100004 100005 100008 100005 100004 100001 100001 100006
r-964 10 0.311111 18 0.287582 0 0 0 0 0 0 0 0 0 0 0
r-681 21 0.290476 27 0.31339 786 1251 773 1256 782 1167 2194 1171 934 1307 903
r-49 11 0.363636 31 0.298925 0 2 0 2 0 0 2 0 0 1 0
r-827 14 0.263736 20 0.3 4 9 4 8 3 5 12 5 5 7 5
r-224 25 0.3 13 0.205128 3 0 0 3 0 4 0 0 5 1 1
r-772 22 0.350649 18 0.215686 29 54 54 36 47 40 84 86 50 48 46
r-189 34 0.315508 29 0.278325 34262 37781 37639 38824 32673 63028 67157 67223 41042 65693 66073
r-315 13 0.397436 30 0.342529 3 21 3 20 3 3 29 3 9 15 8
r-816 22 0.30303 11 0.345455 1 0 0 1 0 1 0 0 1 0 0
r-454 25 0.29 18 0.248366 111 62 59 117 59 167 81 82 126 88 88
r-985 25 0.313333 18 0.326797 133 57 56 134 55 221 80 78 75 56 56
r-333 39 0.317139 38 0.297297 100002 100005 100004 100000 100011 100005 100004 100006 100000 100001 100000
r-417 18 0.27451 35 0.295798 197 726 197 639 205 260 1003 261 386 663 382
r-776 15 0.27619 35 0.315966 12 85 12 81 12 9 60 9 33 35 41
r-556 23 0.375494 12 0.287879 4 2 2 4 2 5 2 2 7 4 3
r-7 28 0.291005 36 0.284127 38002 58994 38112 55326 39064 65743 100007 65336 53703 60405 53026
r-938 18 0.300654 16 0.275 8 8 9 8 7 12 12 12 11 13 13
r-168 20 0.263158 19 0.304094 30 21 21 29 18 47 29 29 35 37 38
r-983 17 0.272059 17 0.286765 6 5 6 6 4 9 7 9 10 10 10
r-363 22 0.264069 23 0.3083 544 378 548 505 487 867 587 889 552 478 550
r-828 37 0.316817 39 0.306343 100008 100006 100004 100005 100001 100004 100005 100001 100008 100001 100005
r-853 16 0.341667 35 0.319328 172 665 167 614 169 213 973 214 266 538 252
r-548 28 0.312169 28 0.298942 5866 8101 5911 7267 6949 10415 14868 10422 11190 7890 11141
r-341 37 0.331832 27 0.290598 31566 36443 36907 33461 35574 59329 65167 65064 36700 33737 33664
r-490 22 0.281385 14 0.285714 7 3 3 7 3 8 3 3 6 3 3
r-578 31 0.335484 40 0.314103 100004 100008 100004 100002 100008 100009 100006 100002 100001 100003 100004
r-505 10 0.311111 39 0.306343 0 0 0 0 0 0 0 0 0 0 0
r-610 26 0.258462 36 0.290476 28079 31400 27742 32614 26796 44614 53003 44740 29116 44450 29195
r-563 20 0.310526 38 0.312945 1614 6136 1584 5643 1611 2241 10091 2266 2106 5205 2121
r-923 21 0.290476 14 0.285714 6 1 1 6 2 9 2 2 12 6 6
r-338 34 0.340463 30 0.324138 64945 57679 57260 69049 53537 100005 100005 100008 78651 76277 75911
r-558 36 0.271429 15 0.247619 187 17 17 192 18 212 18 18 159 25 25
r-516 20 0.378947 30 0.282759 199 853 197 704 234 303 1529 310 281 567 281
r-297 29 0.325123 28 0.31746 15117 15868 15698 17362 14790 27331 28506 28606 17530 11241 11306
r-654 18 0.379085 39 0.282051 248 1312 246 1161 269 350 2144 352 365 1004 373
r-132 29 0.295567 27 0.347578 11021 6957 6873 10653 7336 20994 12544 12657 12253 12603 12518
r-986 38 0.28734 17 0.345588 790 122 126 799 127 1159 152 158 651 248 259
r-794 12 0.333333 16 0.3 1 2 1 2 1 1 3 1 1 1 1
r-662 11 0.309091 22 0.25974 0 1 0 1 0 0 1 0 0 1 0
r-761 22 0.333333 19 0.28655 107 136 135 121 124 169 213 218 129 129 127
r-626 17 0.25 18 0.248366 4 5 4 5 3 6 8 6 6 10 6
r-617 10 0.155556 14 0.263736 0 0 0 0 0 0 0 0 0 0 0
r-260 18 0.30719 37 0.288288 108 801 111 700 113 134 1206 133 175 773 171
r-34 31 0.290323 34 0.313725 79174 90762 79639 93992 75418 100009 100004 100004 99890 100004 99720
r-489 32 0.310484 13 0.24359 19 2 2 19 3 20 3 3 13 2 2
r-24 20 0.305263 28 0.280423 295 850 305 739 340 428 1415 414 323 546 321
r-317 33 0.299242 15 0.247619 105 18 18 106 18 126 20 20 91 25 27
r-883 14 0.285714 14 0.340659 1 0 1 1 0 2 1 2 1 1 1
r-765 15 0.295238 37 0.280781 27 157 26 152 24 31 198 31 51 96 51
r-592 27 0.293447 32 0.3125 20331 21076 20446 21708 19595 35338 38003 35965 20143 24936 20174
r-720 33 0.291667 37 0.3003 100001 100001 100008 100005 100006 100005 100005 100001 100001 100001 100004
r-866 35 0.302521 35 0.32437 100006 100005 100009 100001 100004 100002 100001 100005 100001 100005 100000
r-756 25 0.306667 34 0.30303 6569 14447 6533 13036 6743 10746 25876 10921 10529 16755 10710
r-26 28 0.280423 25 0.29 3062 2794 2795 3218 2852 5401 4608 4487 2633 2232 2236
r-27 13 0.294872 12 0.30303 0 0 0 0 0 0 0 0 0 0 0
r-442 11 0.327273 25 0.323333 0 5 1 4 0 1 5 0 1 3 1
r-638 13 0.25641 19 0.269006 0 2 0 2 0 0 3 0 1 2 1
r-314 38 0.322902 23 0.324111 13093 4656 4646 13413 4874 23333 7190 7246 12183 7482 7453
r-277 16 0.35 10 0.422222 0 0 0 0 0 0 0 0 0 0 0
r-429 13 0.25641 31 0.290323 2 20 2 18 2 2 20 2 3 14 3
r-424 39 0.306343 20 0.252632 4184 2118 2174 4329 2124 6403 2882 2898 3804 2398 2346
r-388 22 0.298701 17 0.279412 25 9 10 27 8 32 8 8 28 12 12
r-195 22 0.25974 22 0.324675 193 126 196 180 143 329 195 339 208 201 206
r-107 20 0.310526 14 0.21978 5 5 5 6 5 8 6 6 8 5 5
r-432 31 0.275269 23 0.367589 3062 1067 1094 2887 1237 5612 1733 1722 2804 2460 2478
r-605 39 0.304993 24 0.268116 35650 11003 11137 37104 11079 60135 16858 16839 29454 14879 14931
r-771 13 0.307692 11 0.290909 0 0 0 0 0 0 0 0 0 0 0
r-251 14 0.274725 14 0.230769 0 0 0 0 0 0 1 0 1 1 1
r-88 27 0.273504 33 0.295455 12946 37497 13020 32325 12785 21030 63833 21161 22644 21140 22465
r-348 29 0.29064 35 0.265546 41660 73023 42203 71526 43619 67711 100006 68512 61403 74884 60520
r-135 19 0.204678 17 0.308824 8 2 2 8 2 13 2 2 7 3 5
r-284 20 0.257895 22 0.311688 108 99 111 109 109 169 147 170 95 95 94
r-38 11 0.181818 32 0.318548 0 0 0 0 0 0 0 0 0 0 0
r-10 24 0.264493 21 0.304762 351 201 200 352 202 584 290 289 420 289 280
r-665 29 0.283251 34 0.304813 31211 36112 31359 38400 29294 56304 67967 56075 36848 42321 36680
r-992 26 0.289231 36 0.277778 10410 24373 10239 22606 10716 16014 43097 15834 26618 23369 26446
r-961 28 0.306878 18 0.300654 235 80 82 234 82 376 110 113 214 142 138
r-939 13 0.269231 30 0.289655 2 12 1 11 2 2 13 2 1 7 1
r-319 33 0.297348 11 0.290909 0 0 0 0 0 0 0 0 0 1 1
r-495 25 0.306667 40 0.310256 34742 80010 34439 74881 34823 57104 100001 57366 41151 77886 41233
r-823 17 0.330882 35 0.277311 48 378 48 301 52 67 549 64 191 375 192
r-188 30 0.312644 13 0.307692 49 7 7 50 7 62 8 8 33 18 17
r-674 11 0.345455 16 0.341667 0 0 0 0 0 0 1 0 0 0 0
r-973 25 0.303333 35 0.332773 8586 14772 8536 14641 8262 14180 26649 14089 13861 15066 13854
r-731 20 0.352632 22 0.290043 73 153 72 126 74 108 253 110 105 144 103
r-843 22 0.324675 36 0.293651 3073 9690 3063 8892 3201 4473 16740 4421 5034 8176 4936
r-395 39 0.300945 12 0.363636 28 3 3 29 3 29 3 3 22 3 3
r-465 10 0.311111 15 0.32381 0 0 0 0 0 0 1 0 0 0 0
r-686 24 0.289855 13 0.24359 11 2 2 12 3 14 2 2 2 2 2
r-802 15 0.295238 15 0.27619 2 3 2 2 2 4 4 4 3 3 3
r-148 12 0.454545 21 0.314286 2 7 2 7 2 2 11 2 2 5 2
r-502 35 0.305882 36 0.274603 100000 100008 100010 100007 100002 100009 100002 100007 100004 100004 100004
r-788 28 0.31746 18 0.287582 292 89 90 292 89 468 126 132 207 110 108
r-143 26 0.246154 25 0.276667 2133 1617 1587 2110 1501 3493 2609 2527 1603 1117 1095
r-12 37 0.27027 13 0.282051 24 2 2 24 2 24 2 2 18 10 10
r-50 39 0.275304 38 0.268848 100005 100000 100001 100003 100000 100000 100009 100009 100000 100006 100000
r-8 13 0.24359 23 0.233202 3 13 3 11 3 3 17 3 2 13 2
r-54 23 0.3083 33 0.278409 1865 5026 1821 4295 1925 2797 8763 2776 3275 4856 3301
r-559 34 0.299465 35 0.32437 100001 100001 100000 100003 100002 100007 100002 100002 100008 100001 100007
r-608 38 0.28165 12 0.242424 0 0 0 0 0 0 0 0 0 0 0
r-719 26 0.310769 26 0.298462 1617 2058 1667 1822 1717 2691 3369 2701 2062 2343 2085
r-496 11 0.4 17 0.279412 0 1 0 0 0 0 1 0 0 0 0
r-433 11 0.4 19 0.298246 0 3 0 2 0 0 4 0 0 2 0
r-149 20 0.257895 25 0.333333 245 183 246 217 205 389 309 394 282 262 282
r-576 16 0.258333 39 0.330634 158 271 157 267 153 192 326 190 197 512 192
r-418 26 0.341538 18 0.359477 285 149 151 279 155 489 238 236 264 205 208
r-664 23 0.3083 31 0.288172 1082 2421 1115 2206 1205 1729 4225 1762 3272 2302 3285
r-614 29 0.342365 35 0.322689 47615 72679 47424 69923 47789 86546 100001 86454 60922 74726 60466
r-510 20 0.347368 30 0.305747 471 1300 457 1179 501 683 2174 671 728 1120 726
r-343 32 0.306452 10 0.288889 0 0 0 0 0 0 0 0 0 0 0
r-879 15 0.295238 39 0.302294 11 114 11 104 11 12 132 12 49 170 49
r-322 40 0.30641 29 0.278325 100007 100000 100003 100005 100002 100009 100004 100005 100006 100001 100008
r-230 26 0.264615 31 0.283871 9099 12134 9137 12185 8911 15113 20967 15115 12065 13596 12143
r-599 32 0.27621 26 0.261538 7422 6369 6340 7899 6022 12712 10829 10225 7946 8707 8741
r-712 40 0.282051 31 0.337634 100005 100009 100005 100001 100008 100002 100009 100001 100002 100008 100000
r-874 33 0.308712 19 0.327485 2389 746 749 2464 798 4070 1099 1077 1845 921 928
r-824 23 0.27668 25 0.336667 1258 925 1232 1162 1059 2145 1537 2161 1259 1344 1268
r-650 39 0.292848 32 0.278226 100000 100000 100000 100008 100000 100008 100003 100002 100005 100000 100002
r-294 37 0.309309 21 0.342857 5478 1373 1342 5469 1440 9111 1964 1944 5041 2751 2756
r-908 40 0.294872 18 0.333333 1148 145 141 1136 147 1623 177 172 1231 288 288
r-678 17 0.338235 35 0.331092 139 677 140 631 135 184 1048 179 439 649 430
r-993 29 0.337438 32 0.328629 26665 36285 26882 34190 27141 51412 71453 50571 37963 37703 38117
r-40 10 0.2 19 0.339181 0 1 0 1 0 0 1 0 1 1 1
r-525 36 0.287302 17 0.330882 604 71 71 593 73 886 85 85 497 227 229
r-808 18 0.359477 38 0.307255 96 876 93 786 95 126 1390 124 368 901 370
r-308 12 0.287879 16 0.266667 0 0 0 0 0 0 0 0 0 0 0
r-509 38 0.324324 18 0.313725 1184 338 335 1182 333 1713 438 447 997 333 330
r-394 23 0.3083 24 0.268116 287 506 285 419 311 448 848 445 783 517 796
r-367 39 0.292848 20 0.289474 2776 1305 1293 2878 1368 4507 1893 1874 2512 993 988
r-22 14 0.274725 13 0.423077 1 0 0 1 0 2 0 0 1 1 1
r-759 16 0.316667 28 0.275132 24 117 25 103 25 29 179 29 53 106 52
r-167 29 0.293103 28 0.309524 10249 9523 9417 10227 9238 18157 16696 16607 11675 10754 10832
r-16 38 0.320057 25 0.35 36223 18732 18664 35944 19173 69780 31878 32371 43110 21765 21172
r-648 11 0.345455 20 0.257895 0 2 0 2 0 0 3 0 1 2 1
r-258 11 0.454545 35 0.284034 0 9 0 9 0 0 9 0 0 8 0
r-690 30 0.289655 22 0.333333 1544 648 648 1502 693 2821 994 1002 1545 924 936
r-460 36 0.320635 38 0.301565 100006 100004 100002 100000 100006 100004 100005 100004 100005 100008 100009
r-15 25 0.333333 27 0.282051 1071 1925 1078 1640 1056 1671 3643 1667 1907 2040 1918
r-891 37 0.301802 10 0.244444 0 0 0 0 0 0 0 0 0 0 0
r-752 16 0.216667 22 0.268398 7 8 7 8 6 8 10 8 7 10 7
r-182 11 0.4 14 0.384615 0 1 0 1 0 1 1 1 0 1 0
r-532 37 0.282282 12 0.333333 21 1 1 21 1 21 1 1 15 1 1
r-598 29 0.288177 25 0.32 6628 4024 3978 6667 4075 11808 6721 6685 6611 5292 5315
r-746 37 0.306306 34 0.285205 100006 100004 100002 100003 100004 100004 100004 100004 100006 100009 100007
r-766 22 0.30303 21 0.2 59 146 147 89 130 90 241 236 97 152 150
r-362 31 0.296774 26 0.28 11185 8788 8820 11810 8483 19504 14476 14454 12081 13234 13266
r-217 15 0.238095 19 0.28655 2 6 2 6 2 3 9 3 2 3 1
r-118 22 0.290043 31 0.311828 1617 3262 1631 3143 1617 2459 5574 2449 2125 3360 2167
r-878 37 0.306306 39 0.307692 100004 100000 100001 100005 100000 100005 100006 100000 100001 100005 100005
r-412 37 0.276276 15 0.247619 88 14 14 91 15 97 14 14 22 15 15
r-262 24 0.293478 19 0.356725 278 104 103 266 113 476 154 154 237 230 228
r-291 21 0.3 26 0.292308 506 733 522 721 497 746 1226 748 653 831 651
r-410 25 0.296667 11 0.327273 3 0 0 3 0 3 0 0 2 0 0
r-661 14 0.274725 16 0.358333 3 2 3 2 2 4 3 4 2 2 2
r-975 30 0.328736 17 0.264706 189 63 63 203 61 209 76 74 128 108 105
r-173 14 0.296703 16 0.341667 2 1 2 2 1 3 2 2 2 2 2
r-157 33 0.327652 22 0.324675 5164 2058 2075 5219 2057 9163 3129 3158 4361 2348 2369
r-4 33 0.299242 26 0.295385 20823 11678 11704 20989 11639 37278 19333 19081 21876 15418 15092
r-122 30 0.298851 26 0.307692 5638 5466 5548 5788 5288 10463 9649 9729 7061 6631 6679
r-214 18 0.333333 36 0.285714 214 962 222 860 220 295 1500 301 309 652 308
r-655 16 0.341667 11 0.272727 1 0 0 1 0 1 0 0 1 0 0
r-757 32 0.330645 24 0.23913 6313 9629 9802 7555 8214 11379 16354 16185 6456 5520 5512
r-991 37 0.328829 14 0.384615 137 18 18 133 19 192 22 22 66 15 15
r-842 15 0.380952 21 0.328571 6 18 6 16 7 8 29 8 10 18 10
r-917 15 0.27619 30 0.333333 53 158 51 152 44 62 225 62 80 135 78
r-820 13 0.320513 23 0.343874 2 12 3 12 2 3 17 3 6 11 5
r-783 39 0.306343 39 0.279352 100008 100005 100003 100008 100000 100000 100007 100002 100001 100008 100001
r-328 10 0.244444 16 0.3 0 0 0 0 0 0 0 0 0 0 0
r-954 39 0.28475 16 0.316667 485 50 49 479 52 621 62 61 394 151 151
r-484 35 0.231933 12 0.257576 3 0 0 3 0 3 0 0 3 0 0
r-293 14 0.340659 23 0.245059 1 7 1 6 1 1 10 1 5 10 5
r-156 30 0.298851 34 0.263815 46246 80950 46153 73922 46518 75526 100009 76441 65390 91055 65130
r-790 25 0.27 39 0.306343 47675 55048 47595 56824 47373 76976 97116 76387 33466 53019 33749
r-172 19 0.298246 24 0.275362 79 201 79 181 85 115 332 116 103 154 101
r-106 31 0.339785 29 0.280788 14892 20135 19964 17142 17685 26543 36538 36528 21077 24688 24464
r-398 16 0.266667 16 0.308333 3 2 3 3 2 5 3 5 4 2 4
r-202 21 0.295238 30 0.291954 378 949 354 887 380 547 1631 545 854 1118 860
r-910 40 0.280769 29 0.307882 100001 91052 91947 100001 98131 100005 100001 100004 100004 100000 100006
r-61 14 0.307692 14 0.362637 0 0 0 0 0 1 0 1 1 1 1
r-104 14 0.351648 24 0.289855 3 15 3 13 3 3 22 4 7 12 6
r-184 22 0.333333 23 0.272727 147 252 146 226 146 224 430 224 315 261 312
r-894 14 0.307692 28 0.306878 7 33 7 31 5 8 43 9 19 15 19
r-551 33 0.323864 28 0.304233 35812 30610 30877 38231 29458 67096 54630 54334 39987 34883 34053
r-953 19 0.263158 14 0.318681 11 3 3 10 3 17 4 4 8 5 5
r-130 31 0.277419 13 0.294872 19 1 1 20 1 22 1 1 7 1 1
r-604 24 0.344203 10 0.244444 0 0 0 0 0 0 0 0 0 0 0
r-729 14 0.362637 13 0.25641 0 1 1 1 1 1 2 2 1 1 1
r-847 39 0.261808 26 0.276923 44075 9000 9048 44685 9619 75067 14056 14064 43785 32136 32138
r-653 23 0.296443 18 0.294118 54 24 23 53 22 82 32 33 81 83 83
r-364 26 0.323077 34 0.265597 6763 20062 6736 16831 7814 10806 36327 10978 10458 20465 10213
r-518 33 0.316288 15 0.161905 170 75 74 174 74 211 89 87 141 56 56
r-564 20 0.257895 18 0.261438 23 19 19 23 18 36 28 27 21 27 27
r-215 31 0.27957 31 0.32043 28411 21427 28663 26242 21776 52512 39046 52270 33657 22461 33750
r-225 39 0.337382 11 0.363636 0 0 0 0 0 1 0 0 1 1 1
r-685 18 0.333333 27 0.293447 34 153 34 134 36 46 252 47 107 254 108
r-503 15 0.266667 36 0.311111 20 139 21 132 21 24 176 24 22 104 22
r-497 38 0.283073 35 0.304202 100011 100003 100004 100010 100000 100002 100007 100002 100008 100010 100005
r-231 34 0.279857 25 0.296667 17634 7864 7812 17896 8415 30897 12084 11893 18740 13259 13156
r-927 32 0.308468 40 0.321795 100006 100004 100005 100000 100007 100000 100008 100003 100005 100005 100005
r-633 29 0.334975 21 0.32381 2421 1235 1221 2472 1222 4264 1947 1922 2405 1849 1846
r-818 29 0.325123 29 0.283251 7872 12256 7911 10026 10173 14241 22904 14148 10711 13137 10503
r-498 16 0.258333 38 0.30441 37 189 38 172 38 44 227 35 56 373 57
r-520 18 0.326797 30 0.273563 74 330 74 285 83 87 505 88 85 141 85
r-613 26 0.301538 24 0.315217 837 698 687 865 659 1454 1170 1159 1095 1080 1047
r-183 24 0.289855 14 0.296703 33 10 10 33 10 45 12 12 33 13 14
r-723 28 0.325397 35 0.317647 33903 54074 33856 51338 33287 59318 100000 59699 41337 53739 41392
r-659 18 0.294118 39 0.279352 368 1607 365 1471 378 516 2331 479 405 1317 405
r-896 24 0.315217 29 0.280788 2788 5638 2826 5182 3113 4396 9869 4492 4650 5629 4666
r-441 25 0.336667 37 0.318318 11234 27662 11221 24046 11610 18848 51850 19179 18902 23094 18743
r-205 11 0.218182 31 0.294624 0 0 0 0 0 0 0 0 0 0 0
r-999 37 0.322823 15 0.247619 73 8 8 75 8 75 7 7 48 23 23
r-383 22 0.285714 14 0.285714 23 7 7 23 7 32 8 8 17 7 7
r-256 10 0.377778 35 0.292437 0 0 0 0 0 0 0 0 0 0 0
r-972 26 0.332308 32 0.320565 8804 16862 8728 15475 8828 15610 31415 15556 8752 9532 8883
r-128 39 0.290148 27 0.319088 67750 31948 31872 69258 34263 100006 52284 52363 57862 42661 42030
r-428 19 0.304094 21 0.357143 98 69 99 84 72 164 116 163 71 76 71
r-101 28 0.296296 30 0.268966 8439 14968 8478 12647 8783 14328 26331 14396 10624 14662 10815
r-486 19 0.263158 10 0.288889 1 0 0 1 0 1 0 0 1 0 0
r-46 16 0.25 11 0.418182 0 0 0 0 0 0 0 0 0 0 0
r-197 32 0.292339 15 0.209524 54 13 13 53 13 61 13 13 62 15 15
r-112 13 0.25641 10 0.266667 0 0 0 0 0 0 0 0 0 0 0
r-136 26 0.264615 22 0.272727 930 519 518 942 521 1328 724 723 905 661 658
r-438 22 0.30303 35 0.289076 1261 4625 1295 4086 1331 1861 7688 1820 1818 5233 1795
r-971 14 0.296703 11 0.363636 0 0 0 0 0 0 0 0 0 0 0
r-289 30 0.305747 32 0.268145 19264 29960 19289 26479 19765 32351 53321 32366 24500 34444 24619
r-238 22 0.316017 11 0.309091 2 0 0 2 0 2 0 0 2 0 0
r-738 24 0.347826 18 0.281046 99 94 93 110 87 154 145 140 123 105 105
r-570 30 0.266667 21 0.285714 1556 460 463 1522 486 2524 673 666 1438 735 732
r-630 23 0.328063 12 0.30303 2 0 0 1 0 2 0 0 2 2 2
r-683 23 0.249012 15 0.285714 17 3 3 17 3 25 4 4 11 5 5
r-228 15 0.247619 36 0.307937 28 158 28 137 28 32 192 32 45 130 44
r-715 31 0.294624 13 0.25641 13 2 2 13 2 13 2 2 9 3 4
r-99 28 0.277778 34 0.304813 16729 24377 16682 25461 15697 28325 43618 28421 30395 24495 30437
r-596 21 0.342857 30 0.314943 627 1108 628 978 624 983 1998 973 649 786 663
r-377 25 0.303333 37 0.3003 12613 30488 12624 27784 12794 20819 56054 21062 18788 30373 18869
r-625 12 0.287879 24 0.32971 1 5 1 4 1 1 5 1 3 3 2
r-264 14 0.318681 21 0.319048 4 10 4 9 3 5 15 5 9 8 9
r-30 39 0.311741 18 0.30719 1606 213 208 1644 226 2390 271 281 1290 442 430
r-841 11 0.218182 35 0.321008 0 0 0 0 0 0 0 0 0 0 0
r-703 16 0.341667 10 0.355556 0 0 0 0 0 0 0 0 0 0 0
r-634 26 0.301538 12 0.287879 7 0 0 7 0 8 1 1 4 2 2
r-942 15 0.32381 35 0.263866 12 73 12 68 12 15 91 15 98 80 100
r-693 23 0.288538 35 0.346218 10150 13683 10300 14442 9745 16438 24315 16454 12068 14564 12117
r-612 30 0.310345 24 0.25 1538 1545 1552 1665 1475 2693 2625 2665 3596 1802 1767
r-575 36 0.293651 32 0.302419 100002 100008 100005 100003 100003 100000 100006 100001 100009 100005 100000
r-568 25 0.29 36 0.295238 8689 20073 8342 18281 8696 13620 34435 13481 15081 17482 15512
r-126 27 0.299145 15 0.32381 65 12 13 67 13 92 15 15 46 22 23
r-461 18 0.287582 25 0.286667 40 105 41 91 39 57 164 54 78 94 79
r-336 23 0.252964 19 0.333333 223 70 71 208 82 363 108 106 153 116 116
r-23 13 0.282051 32 0.274194 0 9 0 8 0 0 9 0 4 9 4
r-574 36 0.331746 37 0.28979 100008 100006 100007 100001 100004 100001 100008 100007 100003 100005 100006
r-114 12 0.333333 16 0.308333 0 1 0 1 0 0 1 0 0 1 1
r-965 21 0.304762 28 0.298942 392 705 381 660 396 583 1260 598 354 587 351
r-813 29 0.295567 11 0.345455 6 0 0 6 0 7 0 0 4 2 2
r-622 11 0.309091 10 0.311111 0 0 0 0 0 0 0 0 0 0 0
r-109 21 0.333333 14 0.296703 5 2 2 6 2 8 2 2 7 3 3
r-652 25 0.26 14 0.263736 11 1 1 12 1 14 1 1 9 2 2
r-980 34 0.306595 26 0.316923 30571 18053 18015 31288 18304 56744 30585 30418 29448 23525 23794
r-302 35 0.290756 25 0.33 15179 5214 5084 14722 5256 27887 7268 7396 13531 7155 7189
r-641 24 0.278986 20 0.347368 553 218 219 529 232 990 336 344 408 306 308
r-329 31 0.290323 33 0.293561 89852 79662 91319 85432 86097 100004 100002 100001 100001 100002 100000
r-467 29 0.268473 34 0.322638 27231 28808 27162 34592 24358 48673 51633 48982 35950 42648 35713
r-69 17 0.257353 13 0.307692 2 0 0 2 0 3 1 0 2 1 1
r-446 40 0.30641 33 0.282197 100000 100000 100000 100003 100008 100009 100005 100006 100002 100009 100008
r-31 18 0.300654 15 0.257143 4 2 2 3 2 5 3 3 5 3 3
r-692 40 0.310256 28 0.283069 100006 100004 100007 100004 100001 100009 100005 100002 100003 100003 100001
r-242 23 0.27668 16 0.308333 84 29 29 84 30 138 41 40 80 47 44
r-727 11 0.345455 27 0.330484 0 4 0 4 0 0 4 0 0 2 0
r-47 21 0.285714 23 0.288538 222 286 221 285 222 319 444 326 295 277 303
r-562 12 0.393939 24 0.297101 1 6 1 5 1 0 6 0 0 1 0
r-543 23 0.3083 36 0.287302 2921 9316 2872 8281 3067 4392 15802 4433 3695 8205 3754
r-873 40 0.291026 40 0.308974 100000 100001 100001 100003 100008 100010 100001 100008 100009 100004 100001
r-176 39 0.310391 30 0.268966 100007 100001 100002 100008 100006 100006 100005 100004 100003 100004 100009
r-431 38 0.29303 22 0.277056 11220 4262 4157 11464 4294 17576 5570 5505 10181 4842 4780
r-405 30 0.328736 26 0.261538 4157 5778 5886 4878 5380 7529 10394 10441 5568 9631 9516
r-962 38 0.278805 20 0.336842 3193 523 535 3117 565 5113 760 745 2815 753 750
r-78 15 0.314286 14 0.362637 2 1 1 2 1 3 2 2 3 2 1
r-247 23 0.375494 12 0.257576 2 1 1 2 1 2 1 1 3 1 1
r-906 35 0.294118 33 0.295455 100006 100002 100005 100008 100002 100003 100000 100001 100006 100008 100001
r-379 21 0.261905 35 0.317647 1171 3833 1172 3910 1175 1770 6435 1736 1862 2557 1879
r-875 32 0.274194 30 0.257471 48675 51190 50895 54602 47322 81201 85178 85186 77898 71481 70710
r-393 25 0.34 22 0.294372 521 543 544 590 505 902 934 966 717 572 569
r-36 34 0.340463 14 0.340659 108 20 20 112 21 141 22 22 66 28 26
r-713 16 0.333333 32 0.290323 80 435 85 397 86 105 685 106 109 279 108
r-25 30 0.326437 29 0.29803 17495 20649 20571 19855 17795 32131 37303 37396 21024 20964 20801
r-892 26 0.264615 24 0.253623 685 479 483 695 470 1117 781 763 1248 929 926
r-795 17 0.272059 15 0.304762 5 3 3 5 3 8 4 4 4 2 2
r-607 33 0.314394 31 0.296774 70936 53210 53288 76582 48416 100002 99066 100000 59599 64646 63904
r-74 18 0.254902 31 0.270968 125 313 123 296 127 164 464 166 165 352 162
r-382 32 0.292339 15 0.333333 142 33 34 147 34 199 45 46 100 52 53
r-940 24 0.300725 25 0.256667 868 1289 873 1051 890 1358 2115 1403 964 1225 932
r-339 20 0.363158 15 0.342857 16 8 8 16 8 25 12 12 14 13 13
r-513 27 0.287749 34 0.313725 10538 21042 10402 22126 10209 18210 38949 18291 12139 15753 12090
r-826 21 0.290476 32 0.3125 930 2046 953 1977 920 1398 3432 1362 1190 2173 1184
r-413 25 0.27 35 0.29916 6425 11090 6425 11258 6493 10386 19912 10365 9129 13303 9173
r-95 23 0.26087 10 0.288889 2 0 0 2 0 2 0 0 2 0 0
r-133 23 0.296443 13 0.294872 3 0 0 3 0 4 0 0 3 1 1
r-285 31 0.305376 19 0.298246 583 372 373 585 391 968 523 529 517 396 383
r-571 22 0.34632 38 0.274538 1229 7270 1224 6153 1359 1730 12324 1737 3905 6207 3941
r-472 26 0.332308 22 0.311688 1254 1092 1055 1338 1036 2265 1774 1825 1312 1263 1286
r-430 21 0.285714 36 0.298413 978 4849 984 4437 1002 1387 7690 1377 1527 2956 1552
r-127 12 0.30303 34 0.363636 1 17 1 16 1 1 17 1 4 20 4
r-350 12 0.287879 35 0.314286 0 10 0 10 0 0 10 0 0 1 0
r-621 35 0.309244 38 0.318634 100008 100003 100006 100008 100009 100001 100001 100004 100005 100001 100008
r-852 13 0.384615 23 0.312253 3 18 3 14 3 4 26 4 8 12 8
r-485 34 0.299465 22 0.320346 2758 1187 1160 2718 1224 4599 1608 1607 2351 1959 1955
r-292 35 0.287395 25 0.313333 17801 6912 6925 17788 7218 33095 11377 11447 16918 13118 13142
r-236 21 0.347619 27 0.319088 366 740 355 664 345 561 1343 569 616 719 615
r-331 29 0.305419 16 0.291667 82 47 48 82 50 115 64 62 88 31 31
r-817 21 0.257143 17 0.316176 23 9 9 22 10 36 13 13 21 22 22
r-220 17 0.330882 21 0.295238 5 13 5 12 5 7 21 7 6 17 6
r-567 22 0.333333 38 0.307255 1940 12530 1948 11301 1975 2843 22088 2843 6186 9394 6055
r-165 23 0.312253 22 0.30303 432 366 366 448 327 722 628 637 381 363 366
r-809 28 0.322751 19 0.333333 480 203 199 489 209 870 297 295 445 283 297
r-209 36 0.322222 39 0.306343 100008 100007 100004 100003 100008 100000 100006 100005 100002 100009 100001
r-160 20 0.236842 26 0.258462 108 251 109 231 109 152 389 148 142 263 137
r-93 32 0.302419 29 0.307882 41934 33701 33514 44105 33065 77649 58534 58520 49538 42217 41370
r-775 31 0.288172 37 0.306306 100009 100008 100003 100008 100000 100002 100004 100004 100008 100003 100001
r-969 21 0.285714 25 0.253333 132 291 130 267 164 187 450 186 197 214 197
r-606 40 0.273077 20 0.242105 1871 783 774 1910 821 2624 973 995 3272 1497 1519
r-436 21 0.309524 22 0.333333 296 284 300 333 272 496 483 495 182 217 178
r-139 35 0.302521 21 0.266667 2429 934 902 2516 945 4054 1333 1312 2665 2343 2357
r-325 12 0.272727 30 0.262069 0 7 0 6 0 0 7 0 5 8 5
r-196 26 0.307692 22 0.281385 587 604 607 610 563 1021 960 956 674 678 681
r-267 27 0.336182 19 0.333333 440 147 149 437 145 754 221 220 343 249 241
r-833 14 0.318681 16 0.316667 0 1 0 1 0 1 2 1 1 2 1
r-544 16 0.258333 37 0.28979 24 515 24 447 24 28 600 28 79 374 79
r-129 15 0.266667 16 0.416667 6 3 6 6 4 10 4 10 3 4 3
r-804 32 0.294355 31 0.288172 36265 47969 48050 40871 41366 64919 83686 83499 43480 48143 47788
r-193 40 0.312821 17 0.375 1056 145 146 1051 153 1649 163 170 867 186 183
r-207 20 0.326316 11 0.345455 3 0 0 3 0 4 0 0 2 1 1
r-763 13 0.346154 21 0.266667 2 8 2 6 2 2 11 2 2 7 2
r-697 24 0.307971 32 0.302419 5028 10391 4997 9060 5154 8336 18180 8309 7008 10900 7005
r-245 15 0.266667 34 0.306595 18 131 19 121 18 21 164 21 30 84 30
r-96 30 0.305747 10 0.4 2 0 0 2 0 2 0 0 0 0 0
r-996 34 0.326203 31 0.316129 69130 49642 49754 73982 45627 100004 95028 94583 62835 63440 63838
r-43 35 0.317647 37 0.28979 100003 100005 100005 100002 100006 100000 100001 100005 100007 100004 100000
r-822 13 0.320513 10 0.266667 0 0 0 0 0 0 0 0 0 0 0
r-180 14 0.318681 30 0.296552 3 28 3 25 3 4 36 4 8 22 8
r-884 11 0.272727 21 0.347619 0 2 0 2 0 0 3 0 1 2 1
r-115 17 0.286765 34 0.326203 174 606 171 573 169 215 887 214 467 547 473
r-531 27 0.321937 21 0.309524 961 630 636 1019 612 1690 993 1020 1141 881 871
r-744 17 0.330882 36 0.303175 175 806 170 745 169 218 1248 212 399 668 394
r-64 13 0.333333 40 0.294872 3 55 3 50 3 3 54 3 6 49 6
r-800 25 0.326667 32 0.328629 4940 10170 5026 9777 5042 8926 18992 8741 7862 9174 7859
r-198 14 0.32967 40 0.291026 24 169 24 153 23 26 202 26 56 109 57
r-137 12 0.242424 39 0.310391 0 0 0 0 0 0 1 0 0 0 0
r-361 37 0.306306 16 0.3 521 82 82 527 86 721 99 99 374 153 151
r-53 10 0.377778 26 0.28 0 3 0 2 0 0 3 0 0 2 0
r-175 26 0.313846 38 0.28165 34212 89166 34278 79831 35461 56355 100008 56285 52241 75879 52268
r-162 12 0.272727 22 0.272727 0 2 0 2 0 0 3 0 0 1 0
r-952 32 0.300403 38 0.27596 100005 100009 100007 100003 100010 100000 100007 100008 100000 100002 100009
r-899 37 0.283784 25 0.3 37895 15265 14935 38247 15535 66698 23533 23427 35726 23123 23230
r-805 12 0.318182 19 0.304094 0 3 0 2 0 0 4 0 1 2 1
r-960 20 0.336842 17 0.301471 32 35 34 34 30 53 49 51 42 42 44
r-696 37 0.306306 40 0.301282 100002 100003 100000 100000 100001 100002 100002 100001 100003 100008 100009
r-191 39 0.290148 27 0.253561 66487 44497 44402 70209 43901 100007 72193 71993 64117 42031 42278
r-208 20 0.284211 23 0.312253 99 112 106 121 95 172 181 166 130 238 134
r-223 37 0.315315 23 0.29249 11280 4930 4813 11710 4836 20252 7486 7351 12395 6734 6766
r-819 34 0.338681 28 0.328042 37742 28996 29449 38395 27614 72667 53094 53778 39103 34892 35073
r-640 30 0.282759 18 0.300654 306 85 83 300 88 473 112 109 155 130 130
r-620 12 0.348485 20 0.3 1 3 1 2 1 1 4 1 2 2 2
r-276 34 0.299465 22 0.264069 4543 1856 1829 4731 1850 7623 2710 2743 5090 4490 4447
r-895 32 0.274194 10 0.244444 0 0 0 0 0 0 0 0 0 0 0
r-747 26 0.310769 17 0.264706 95 41 41 97 39 145 55 55 76 49 49
r-583 32 0.28629 26 0.267692 7978 4931 5152 8456 4791 14513 8046 8082 6761 10520 10623
r-298 32 0.302419 40 0.294872 100004 100001 100008 100009 100008 100007 100002 100003 100001 100003 100000
r-977 12 0.287879 39 0.283401 0 1 0 0 0 0 1 0 0 0 0
r-450 39 0.310391 10 0.355556 0 0 0 0 0 0 0 0 0 0 0
r-637 14 0.32967 20 0.315789 2 9 2 8 2 2 13 2 4 8 4
r-566 32 0.308468 25 0.313333 15073 7456 7439 15384 7433 27647 12444 12416 10774 11585 11504
r-492 19 0.298246 10 0.244444 0 0 0 0 0 0 0 0 0 0 0
r-904 20 0.305263 37 0.307808 1149 4766 1146 4327 1198 1608 7747 1606 2348 4244 2373
r-958 20 0.310526 14 0.296703 6 2 2 6 2 9 3 3 8 5 5
r-855 16 0.266667 16 0.283333 3 3 3 3 2 5 4 5 3 4 4
r-120 14 0.318681 26 0.267692 2 21 2 19 2 2 29 2 10 15 10
r-116 21 0.309524 40 0.284615 1186 5868 1201 5302 1256 1710 9499 1720 2066 4702 2098
r-898 39 0.302294 35 0.284034 100000 100009 100000 100007 100002 100000 100000 100000 100004 100005 100009
r-669 14 0.21978 10 0.266667 0 0 0 0 0 0 0 0 0 0 0
r-924 18 0.366013 25 0.276667 44 165 44 137 49 64 280 65 73 141 72
r-734 14 0.296703 10 0.244444 0 0 0 0 0 0 0 0 0 0 0
r-204 40 0.291026 34 0.319073 100006 100005 100009 100006 100004 100006 100000 100001 100003 100008 100005
r-62 32 0.326613 27 0.25641 9096 11448 11637 10293 10092 16164 20309 20661 8094 11117 11106
r-760 32 0.294355 22 0.242424 2291 1262 1270 2409 1289 3856 1908 1919 2453 1509 1507
r-33 40 0.275641 32 0.294355 100000 100002 100009 100005 100001 100000 100000 100003 100003 100001 100009
r-995 39 0.287449 30 0.28046 100008 100007 100009 100003 100004 100009 100009 100007 100006 100003 100000
r-534 23 0.335968 12 0.257576 7 2 2 7 2 9 2 2 9 5 5
r-754 21 0.328571 13 0.205128 2 1 1 2 1 3 1 2 2 2 2
r-882 19 0.304094 27 0.25641 84 320 84 278 101 111 496 119 220 314 217
r-344 32 0.294355 21 0.238095 1202 781 784 1307 757 1947 1148 1133 1358 907 908
r-370 36 0.304762 15 0.304762 171 16 16 174 17 227 19 19 64 17 16
r-581 26 0.335385 21 0.342857 719 487 495 737 487 1349 811 804 651 535 548
r-632 34 0.301248 18 0.313725 1464 361 371 1518 390 2299 485 486 1050 603 598
r-185 29 0.344828 30 0.287356 10209 17776 10060 14304 10282 17653 33527 17777 14297 16605 14330
r-798 21 0.233333 30 0.268966 793 1187 789 1154 782 1158 1801 1163 977 1420 980
r-57 35 0.339496 19 0.298246 3054 1791 1753 3188 1683 5206 2556 2559 2393 1396 1392
r-981 38 0.301565 22 0.272727 14314 4950 4875 14826 5047 24577 7237 7333 11767 7981 7913
r-988 38 0.29303 17 0.345588 638 89 88 655 94 931 115 115 195 224 223
r-368 33 0.299242 35 0.30084 100009 100004 100000 100001 100008 100006 100009 100004 100003 100009 100000
r-76 27 0.333333 37 0.297297 19789 30158 19740 27459 20918 33030 56951 33190 44182 30857 44253
r-1000 27 0.353276 21 0.328571 713 467 446 717 466 1161 795 795 669 607 604
r-9 31 0.316129 18 0.267974 207 62 62 215 61 318 82 79 254 141 138
r-856 32 0.330645 14 0.32967 44 7 7 45 8 57 8 8 39 17 17
r-153 16 0.216667 13 0.230769 1 0 0 1 0 1 1 1 1 1 1
r-451 21 0.266667 23 0.339921 222 139 221 194 194 377 227 371 313 204 316
r-60 40 0.320513 39 0.300945 100007 100006 100008 100001 100009 100001 100008 100002 100002 100005 100008
r-421 26 0.28 40 0.303846 43545 82420 43962 83225 43726 70366 100002 70861 50540 86026 50766
r-585 25 0.29 23 0.284585 848 706 707 870 702 1433 1240 1196 1217 665 662
r-667 11 0.254545 27 0.333333 2 7 2 7 2 1 7 1 0 0 0
r-145 25 0.246667 11 0.345455 0 0 0 0 0 0 0 0 0 0 0
r-253 23 0.29249 11 0.309091 2 0 0 2 0 2 0 0 2 0 0
r-639 32 0.28629 27 0.290598 8902 9004 9020 9049 9199 16299 15293 15268 18627 7486 7500
r-321 29 0.278325 20 0.305263 531 131 132 526 143 889 184 183 416 229 231
r-741 15 0.32381 36 0.304762 82 352 82 340 84 95 485 95 157 279 162
r-825 12 0.272727 20 0.284211 0 3 0 3 0 1 4 1 2 4 2
r-660 16 0.283333 36 0.304762 47 332 49 281 49 57 457 57 129 302 121
r-672 17 0.272059 33 0.284091 135 473 133 432 135 169 691 172 121 240 121
r-643 13 0.282051 40 0.280769 3 34 3 30 3 3 35 3 7 28 7
r-434 31 0.326882 30 0.301149 35164 40554 40245 39611 36114 64963 76168 76716 43844 44816 44878
r-404 26 0.301538 16 0.2 38 22 21 40 18 54 28 27 65 39 39
r-385 35 0.27563 12 0.333333 11 1 1 11 1 12 1 1 8 1 1
r-582 37 0.336336 29 0.307882 100004 100006 100009 100004 100004 100004 100004 100003 100006 100002 100005
r-280 37 0.283784 37 0.313814 100002 100000 100003 100009 100000 100005 100008 100006 100000 100004 100002
r-767 17 0.264706 33 0.327652 167 285 166 262 166 217 426 227 220 222 237
r-179 39 0.287449 31 0.275269 100006 100008 100009 100008 100006 100010 100003 100005 100009 100004 100000
r-222 36 0.293651 12 0.318182 16 1 1 17 1 17 1 1 14 5 5
r-687 26 0.283077 32 0.3125 8920 11197 8865 11384 8775 15414 19847 15384 10071 13256 10080
r-956 32 0.282258 15 0.304762 152 21 21 150 22 205 26 26 125 60 60
r-89 20 0.289474 17 0.294118 16 10 10 18 9 25 13 13 18 15 15
r-194 27 0.310541 29 0.310345 6726 11390 6622 11006 6512 11929 20839 11794 7408 8051 7330
r-234 25 0.316667 24 0.297101 536 632 630 569 541 912 1078 1052 766 868 880
r-943 20 0.3 40 0.324359 2888 9683 2914 9156 2890 4070 15620 4017 4832 9074 4929
r-657 34 0.308378 14 0.362637 59 20 20 62 21 75 25 25 38 11 11
r-464 30 0.317241 11 0.418182 8 0 0 9 0 9 0 0 6 1 1
r-529 34 0.297683 14 0.252747 46 4 4 47 4 53 4 4 72 9 9
r-871 13 0.333333 26 0.298462 2 12 2 11 2 2 16 2 2 9 2
r-488 29 0.270936 30 0.301149 16052 7290 16141 8653 13927 27571 12200 27540 12020 11028 12295
r-803 25 0.29 26 0.344615 4970 3366 4990 4622 4237 9090 5842 8982 5117 4384 5090
r-445 24 0.318841 30 0.287356 2352 5032 2369 4452 2429 3907 9098 3928 4024 5112 4113
r-658 27 0.296296 19 0.315789 230 110 110 230 112 288 101 101 191 132 128
r-37 34 0.286988 11 0.254545 0 0 0 0 0 0 0 0 3 0 0
r-271 10 0.311111 13 0.435897 0 0 0 0 0 0 0 0 0 0 0
r-912 10 0.288889 38 0.315789 0 0 0 0 0 0 0 0 0 0 0
r-949 39 0.311741 40 0.30641 100006 100008 100009 100000 100001 100000 100007 100000 100006 100005 100005
r-527 35 0.334454 32 0.282258 100009 100004 100002 100007 100006 100000 100002 100008 100009 100000 100000
r-951 16 0.325 13 0.307692 4 2 2 4 2 6 3 3 4 4 4
r-753 27 0.287749 39 0.309042 47152 85220 47577 82344 47412 78778 100005 77826 57862 89170 57988
r-399 33 0.308712 22 0.298701 3122 2339 2326 3166 2338 5355 3441 3447 4536 2454 2427
r-390 38 0.297297 26 0.273846 49003 26687 26438 50802 26459 86795 43551 42791 50769 40484 41127
r-619 13 0.371795 23 0.280632 1 5 1 4 1 1 7 1 3 3 3
r-1 14 0.373626 26 0.307692 4 24 4 21 4 5 36 5 8 16 8
r-635 13 0.371795 20 0.289474 2 8 2 7 2 3 12 3 4 5 4
r-392 17 0.352941 35 0.294118 158 513 162 455 162 230 796 227 196 435 197
r-915 29 0.307882 30 0.287356 19045 22083 19020 22781 18691 33267 40133 33356 24534 25256 24871
r-241 19 0.298246 21 0.257143 21 41 20 33 25 30 65 31 34 44 32
r-134 31 0.316129 36 0.290476 85150 100008 84859 100007 86104 100003 100008 100006 100007 100008 100002
r-272 30 0.305747 10 0.222222 0 0 0 0 0 0 0 0 0 0 0
r-29 29 0.312808 28 0.293651 6076 7533 7625 7051 6549 10721 13477 13533 7590 8035 7937
r-250 11 0.272727 18 0.352941 0 0 0 0 0 0 1 0 0 1 0
r-94 12 0.19697 26 0.28 0 1 0 1 0 0 1 0 0 0 0
r-263 16 0.325 30 0.289655 10 74 10 63 11 13 101 13 28 125 28
r-970 23 0.284585 24 0.289855 792 624 774 769 760 1280 1011 1273 903 681 901
r-886 10 0.333333 20 0.378947 0 1 0 1 0 0 1 0 0 1 0
r-17 13 0.269231 28 0.267196 0 6 0 5 0 0 6 0 1 8 1
r-726 38 0.328592 22 0.255411 10218 6053 6153 10657 5819 16884 8950 9072 13070 8765 8555
r-419 31 0.275269 27 0.339031 11366 5578 5629 10976 5883 21615 9527 9448 11361 8446 8323
r-470 19 0.292398 29 0.288177 337 723 321 688 324 453 1164 447 549 713 537
r-508 33 0.299242 30 0.34023 70640 44562 44593 70204 46150 100005 80133 80581 69683 65147 64832
r-535 11 0.309091 26 0.326154 1 7 1 6 1 1 7 1 2 4 2
r-70 19 0.280702 18 0.27451 20 17 15 20 14 29 23 23 31 24 24
r-770 16 0.308333 37 0.282282 55 463 55 404 56 68 620 68 187 339 181
r-781 16 0.258333 10 0.222222 1 0 0 1 0 1 0 0 0 0 0
r-997 21 0.314286 34 0.279857 1255 4709 1259 4139 1339 1831 7832 1789 1550 4225 1580
r-863 23 0.29249 12 0.333333 4 1 1 4 1 5 1 1 2 2 2
r-320 40 0.29359 21 0.333333 10939 2748 2791 10966 2889 18120 4014 4038 9925 5149 5213
r-861 16 0.3 11 0.181818 0 0 0 0 0 0 0 0 1 0 0
r-587 25 0.26 38 0.307255 14786 38096 14827 39689 14913 23678 67337 23446 15793 27223 15655
r-663 29 0.312808 29 0.334975 12877 9633 12835 12484 9450 24570 18094 24376 14434 17309 14247
r-226 28 0.275132 13 0.333333 18 1 1 19 1 24 1 1 16 3 3
r-422 13 0.269231 26 0.295385 1 6 1 5 1 1 6 1 6 3 6
r-507 25 0.276667 26 0.286154 1717 2091 1675 2332 1617 2777 3472 2757 1070 1066 1071
r-295 37 0.286787 27 0.34188 66797 25818 25648 65385 27792 100003 42494 43147 62658 36093 35922
r-549 11 0.290909 26 0.292308 0 3 0 3 0 0 3 0 0 3 0
r-90 20 0.289474 40 0.314103 1374 3331 1372 3081 1393 1938 5266 1907 2100 3075 2157
r-931 24 0.286232 28 0.335979 2121 2049 2096 2353 1767 3561 3633 3592 2246 2286 2250
r-603 23 0.29249 36 0.252381 2993 11290 2980 9758 3307 4218 18858 4242 3893 10920 3959
r-689 22 0.341991 17 0.375 56 15 14 53 15 97 21 21 42 49 50
r-890 19 0.233918 27 0.324786 164 153 163 191 148 226 186 226 138 133 140
r-963 16 0.308333 40 0.342308 95 477 95 458 94 116 672 115 102 486 103
r-396 27 0.287749 23 0.316206 891 512 497 868 515 1585 813 816 1040 759 735
r-893 19 0.274854 40 0.264103 267 1749 259 1512 272 325 2498 321 595 1440 610
r-244 11 0.218182 29 0.293103 0 0 0 0 0 0 0 0 0 0 0
r-955 16 0.35 16 0.275 3 6 3 4 4 4 9 4 7 5 7
r-283 19 0.350877 21 0.314286 54 79 55 68 53 83 105 77 57 81 58
r-601 11 0.4 20 0.326316 0 3 0 2 0 0 4 0 1 2 26
r-378 23 0.288538 11 0.236364 0 0 0 0 0 0 0 0 1 0 0
r-872 20 0.326316 38 0.311522 1315 5155 1313 4833 1315 1926 8707 1923 2390 4585 2374
r-789 20 0.336842 18 0.366013 25 20 20 25 19 41 30 29 36 21 21
r-569 17 0.294118 37 0.274775 38 475 38 429 39 45 646 46 95 326 94
r-557 12 0.318182 11 0.272727 0 0 0 0 0 0 0 0 0 0 0
r-646 19 0.350877 33 0.289773 111 664 113 545 112 156 1077 161 149 412 145
r-730 14 0.373626 24 0.293478 3 16 3 14 3 4 24 4 9 14 9
r-799 34 0.306595 22 0.238095 3587 1968 1962 3736 1945 6023 2992 2983 4738 4264 4287
r-478 11 0.327273 30 0.298851 0 0 0 0 0 0 1 0 0 1 0
r-925 13 0.282051 20 0.284211 1 3 1 3 1 1 4 1 2 4 2
r-846 12 0.227273 22 0.25974 0 2 0 2 0 0 2 0 1 3 1
r-63 28 0.269841 37 0.283784 74657 100005 74561 100003 75125 100008 100003 100001 86742 100009 86684
r-457 14 0.285714 29 0.283251 5 38 5 32 5 5 46 5 13 28 13
r-384 38 0.29872 25 0.323333 33997 12916 12954 33707 13111 63511 21240 21258 33227 16724 16547
r-55 37 0.315315 10 0.311111 0 0 0 0 0 0 0 0 0 0 0
r-515 37 0.333333 10 0.244444 0 0 0 0 0 0 0 0 0 0 0
r-945 10 0.333333 13 0.423077 0 0 0 0 0 0 0 0 0 0 0
r-85 34 0.308378 12 0.348485 17 1 1 17 1 17 1 1 18 5 5
r-123 32 0.298387 12 0.287879 0 0 0 0 0 0 0 0 5 0 0
r-373 34 0.308378 24 0.271739 12843 8289 8297 13731 8043 22189 13192 13185 14486 11550 11473
r-178 33 0.263258 19 0.280702 992 190 189 981 200 1504 251 255 755 344 352
r-845 28 0.306878 18 0.300654 252 90 90 248 88 398 125 126 219 140 141
r-366 18 0.320261 33 0.280303 149 643 150 562 157 203 972 202 206 589 207
r-273 24 0.289855 32 0.28629 2374 5645 2335 5297 2396 3722 9829 3705 3388 5199 3398
r-700 40 0.283333 27 0.319088 100003 34689 34783 100007 36229 100003 56054 56124 82375 64152 63698
r-714 28 0.283069 12 0.181818 0 0 0 0 0 0 0 0 0 0 0
r-580 27 0.287749 23 0.252964 817 754 747 871 681 1311 1158 1165 712 535 533
r-627 17 0.448529 22 0.324675 5 24 5 21 5 6 40 6 20 21 20
r-836 24 0.307971 31 0.305376 6499 11288 6611 11087 6667 10766 20378 10899 8668 10902 8665
r-979 24 0.322464 16 0.283333 53 24 24 57 23 82 33 32 52 30 30
r-200 37 0.303303 37 0.28979 100006 100003 100008 100009 100006 100005 100009 100007 100000 100009 100003
r-216 30 0.291954 34 0.2959 58714 61707 58514 61808 55785 100000 100007 100002 65187 73991 65328
r-777 16 0.233333 20 0.278947 11 14 11 16 11 15 21 15 12 17 12
r-699 39 0.315789 24 0.278986 32235 17015 16674 32568 16629 56182 26075 26183 19117 19875 19690
r-51 32 0.306452 17 0.272059 234 54 54 246 58 350 73 70 124 42 44
r-561 23 0.316206 32 0.318548 3296 5782 3223 5805 3317 5191 10527 5186 4221 6418 4216
r-677 30 0.333333 26 0.329231 4989 3960 3928 5162 3699 9396 6917 7024 5068 6156 6257
r-229 40 0.324359 11 0.345455 1 0 0 1 0 1 0 0 0 0 0
r-547 23 0.312253 14 0.307692 19 5 5 19 5 28 6 6 18 12 12
r-786 12 0.272727 28 0.28836 1 6 1 5 1 1 6 1 2 5 2
r-65 14 0.307692 25 0.28 4 11 4 10 4 5 14 5 4 8 4
r-506 35 0.297479 32 0.3125 100001 100002 100001 100004 100002 100008 100006 100003 100008 100005 100004
r-463 17 0.338235 38 0.312945 264 1355 266 1186 268 356 2026 347 395 913 399
r-359 19 0.333333 16 0.325 16 12 12 18 11 26 18 18 15 11 11
r-28 26 0.313846 40 0.320513 17797 49194 17781 46782 18156 29677 90975 29843 31503 46584 31489
r-918 26 0.323077 30 0.248276 3411 7575 3404 6198 3821 5518 13686 5619 5859 5760 6013
r-739 21 0.295238 14 0.351648 19 4 4 20 4 30 6 6 6 6 6
r-706 30 0.326437 30 0.287356 17732 29074 17604 21642 23918 30657 53468 30734 23939 26773 23815
r-742 23 0.284585 22 0.320346 460 284 305 447 296 789 492 473 440 381 377
r-801 22 0.277056 13 0.320513 5 1 1 5 1 7 1 1 3 1 1
r-21 28 0.314815 29 0.332512 14795 7736 14746 9993 12754 27199 14270 27063 11425 8112 11369
r-219 25 0.323333 34 0.322638 10900 19688 10817 19341 10851 18565 37519 18653 11981 20111 12055
r-203 27 0.301994 32 0.310484 13658 18909 13712 18480 13537 23980 35278 24184 18425 21194 18404
r-45 33 0.276515 22 0.320346 4227 1309 1306 4223 1445 7128 1903 1921 4751 2594 2614
r-868 19 0.28655 11 0.327273 1 0 0 1 0 2 0 0 2 0 0
r-353 36 0.280952 22 0.264069 4281 876 848 4262 871 6802 1112 1099 4136 4911 4935
r-397 20 0.284211 11 0.218182 1 0 0 1 0 1 0 0 1 0 0
r-778 15 0.32381 36 0.306349 12 108 12 100 12 13 137 13 18 66 18
r-67 23 0.245059 22 0.294372 353 187 189 354 208 588 291 288 450 325 322
r-369 28 0.325397 12 0.272727 15 2 2 14 2 15 2 2 7 4 4
r-762 24 0.304348 36 0.309524 6867 17910 6789 16171 6968 10536 31185 10496 13492 15455 13507
r-695 32 0.318548 35 0.310924 100000 100002 100000 100005 100009 100005 100001 100005 100001 100008 100004
r-519 14 0.307692 36 0.319048 17 117 17 109 17 19 136 19 37 103 38
r-352 33 0.318182 12 0.257576 9 0 0 9 0 9 0 0 6 3 3
r-885 25 0.31 26 0.32 1646 1629 1599 1857 1499 2700 2844 2651 2330 1990 2310
r-275 36 0.288889 26 0.332308 35257 13844 13563 34141 14350 64631 21914 21907 29944 23250 23555
r-372 10 0.266667 23 0.328063 0 1 0 1 0 0 1 0 0 0 0
r-545 23 0.367589 38 0.297297 6717 19243 6668 17551 7027 10704 35996 10731 10126 16362 9983
r-56 14 0.318681 18 0.300654 3 3 3 3 2 3 5 3 2 3 2
r-656 29 0.280788 15 0.342857 55 7 7 56 7 81 9 9 39 25 24
r-905 11 0.381818 37 0.283784 1 19 1 17 1 1 19 1 2 12 2
r-305 18 0.267974 35 0.294118 139 678 141 616 139 181 981 178 702 868 715
r-92 23 0.300395 34 0.286988 3724 8020 3691 7413 3952 5680 13999 5860 4883 7127 4860
r-35 27 0.296296 31 0.32043 8113 8388 8138 8725 7322 14132 15420 14276 10248 12580 10204
r-286 26 0.273846 32 0.294355 4297 7086 4253 7510 4126 7163 12569 7166 4713 6993 4688
r-414 14 0.351648 39 0.302294 21 157 21 141 21 24 188 23 40 113 40
r-281 28 0.259259 22 0.337662 1280 392 394 1125 448 2067 626 619 1262 613 601
r-987 22 0.277056 33 0.30303 3301 6819 3256 6718 3325 4998 11463 4975 4969 7349 5018
r-797 36 0.301587 29 0.268473 40691 45734 45636 46011 40622 74364 77404 77009 34510 34105 33801
r-313 23 0.3083 20 0.252632 147 137 131 155 118 245 197 194 184 140 140
r-593 35 0.285714 18 0.333333 1037 170 165 1033 180 1549 217 216 971 438 439
r-849 24 0.25 31 0.333333 7361 6837 7239 8015 6703 12524 12177 12484 8536 8405 8556
r-546 34 0.335116 24 0.333333 10721 6662 6750 10991 6761 19623 11305 11301 6888 7325 7374
r-670 39 0.303644 20 0.252632 3409 916 917 3398 966 5229 1249 1235 3636 1950 1990
r-221 27 0.299145 23 0.332016 1017 454 450 974 444 1771 757 737 1145 939 976
r-261 25 0.343333 16 0.366667 57 33 34 59 33 91 48 48 46 40 40
r-163 13 0.320513 21 0.290476 2 6 2 5 2 2 8 2 1 4 1
r-456 11 0.327273 31 0.296774 0 0 0 0 0 0 0 0 0 0 0
r-769 34 0.26738 10 0.422222 6 1 0 6 0 6 0 0 3 1 1
r-922 11 0.381818 10 0.222222 0 0 0 0 0 0 0 0 0 0 0
r-812 11 0.309091 18 0.235294 0 0 0 0 0 0 0 0 0 0 0
r-500 34 0.286988 33 0.301136 100008 78492 77681 100000 75688 100003 100003 100002 100004 100002 100003
r-876 27 0.296296 14 0.318681 15 4 4 16 5 19 5 5 9 12 12
r-537 37 0.297297 31 0.296774 100004 100000 100000 100002 100003 100007 100001 100007 100004 100001 100003
r-453 27 0.324786 17 0.316176 189 73 74 196 77 297 103 102 212 156 156
r-482 15 0.266667 28 0.31746 21 74 21 69 20 26 101 26 23 73 23
r-119 16 0.383333 26 0.326154 29 94 29 80 29 39 153 40 44 49 45
r-914 40 0.288462 19 0.245614 2645 466 464 2628 469 3794 561 569 2372 826 834
r-743 37 0.324324 33 0.299242 100004 100008 100008 100004 100000 100000 100002 100008 100000 100007 100006
r-254 11 0.4 14 0.340659 0 0 0 0 0 0 1 0 0 0 0
r-933 39 0.327935 14 0.307692 218 38 37 226 39 264 41 42 186 48 47
r-832 23 0.304348 25 0.293333 305 579 310 561 311 503 1009 511 482 513 479
r-748 32 0.292339 14 0.274725 56 8 8 57 8 68 8 8 52 9 9
r-407 27 0.282051 29 0.305419 5014 5477 5002 5735 4618 8648 9298 8620 6537 6039 6464
r-100 27 0.304843 37 0.313814 60733 93469 60610 93145 60071 100000 100008 100003 66515 100007 66251
r-444 36 0.312698 31 0.316129 100002 100007 100003 100005 100003 100009 100004 100008 100004 100003 100008
r-420 33 0.32197 36 0.265079 100007 100008 100002 100000 100009 100005 100009 100001 100009 100000 100000
r-483 35 0.315966 11 0.4 3 0 0 3 0 3 0 0 3 0 0
r-791 17 0.272059 34 0.290553 225 891 233 826 227 274 1249 275 325 359 325
r-889 28 0.275132 14 0.252747 17 3 3 18 4 19 3 3 5 5 5
r-966 35 0.317647 28 0.285714 36274 21106 21293 38508 20556 66803 37842 37677 29146 29260 29487
r-19 36 0.312698 40 0.288462 100003 100003 100009 100004 100009 100006 100001 100000 100002 100005 100000
r-5 14 0.230769 39 0.323887 10 54 10 58 10 9 54 9 11 55 11
r-881 16 0.325 40 0.285897 83 625 84 561 85 100 823 101 154 445 151
r-98 32 0.306452 39 0.319838 100006 100002 100001 100003 100008 100005 100007 100008 100003 100008 100007
r-944 27 0.304843 34 0.313725 29276 41782 29510 41723 29338 50832 77927 51125 31387 45081 31556
r-636 23 0.264822 39 0.295547 2503 7760 2503 7311 2515 3766 13452 3825 4302 9300 4337
r-303 23 0.256917 20 0.368421 277 86 87 251 107 464 127 129 177 130 131
r-300 36 0.288889 10 0.244444 0 0 0 0 0 0 0 0 0 0 0
r-279 34 0.306595 32 0.252016 100003 100007 100009 100004 100005 100000 100000 100004 100001 100004 100006
r-425 18 0.372549 32 0.324597 99 459 96 403 101 139 783 133 226 377 230
r-39 24 0.34058 13 0.320513 13 8 8 14 8 18 10 10 9 4 4
r-309 12 0.257576 25 0.293333 1 6 1 5 1 1 6 1 2 4 2
r-252 12 0.212121 32 0.320565 2 12 2 12 2 2 12 2 1 1 1
r-600 22 0.341991 34 0.315508 2198 5692 2215 5329 2240 3395 10020 3408 2920 5108 2958
r-644 10 0.288889 39 0.271255 0 0 0 0 0 0 0 0 0 0 0
r-523 17 0.294118 35 0.346218 279 962 284 899 280 373 1484 370 281 773 288
r-365 33 0.30303 39 0.2861 100009 100007 100006 100000 100000 100003 100002 100008 100003 100003 100003
r-937 23 0.296443 39 0.288799 8091 26762 8272 24355 8309 12390 45013 12332 20352 23203 21877
