instance n1 density1 n2 density2 mcsplit mcsplit+f mcsplit+bigf
r-510 26 0.516923 26 0.516923 78 72 44
r-207 20 0.394737 20 0.394737 0 0 0
r-176 32 0.483871 32 0.483871 4642 3565 3282
r-85 31 0.425806 31 0.425806 10 10 8
r-622 20 0.268421 20 0.268421 18 18 14
r-846 34 0.486631 34 0.486631 424 442 508
r-708 44 0.383721 44 0.383721 300003 300005 300004
r-513 36 0.285714 36 0.285714 29015 33608 31186
r-483 29 0.192118 29 0.192118 0 0 0
r-908 40 0.501282 40 0.501282 4480 4752 3494
r-725 33 0.458333 33 0.458333 136 143 83
r-853 35 0.480672 35 0.480672 15888 14655 12359
r-306 23 0.237154 23 0.237154 0 0 0
r-741 32 0.497984 32 0.497984 9577 8058 6727
r-875 24 0.521739 24 0.521739 35 39 38
r-566 36 0.157143 36 0.157143 0 0 0
r-291 39 0.22942 39 0.22942 0 0 0
r-468 21 0.514286 21 0.514286 3 3 3
r-467 36 0.0555556 36 0.0555556 0 0 0
r-910 44 0.169133 44 0.169133 265244 299106 130768
r-89 26 0.507692 26 0.507692 35 30 20
r-336 21 0.428571 21 0.428571 51 47 41
r-101 26 0.147692 26 0.147692 0 0 0
r-347 41 0.443902 41 0.443902 650 589 549
r-521 33 0.117424 33 0.117424 0 0 0
r-153 20 0.268421 20 0.268421 15 14 13
r-278 31 0.36129 31 0.36129 1 1 1
r-243 42 0.418118 42 0.418118 300003 300004 300002
r-457 24 0.15942 24 0.15942 71 49 21
r-865 38 0.422475 38 0.422475 153158 145347 125190
r-936 40 0.184615 40 0.184615 0 0 0
r-178 35 0.161345 35 0.161345 9953 9745 6719
r-262 32 0.483871 32 0.483871 180 167 166
r-399 24 0.463768 24 0.463768 302 238 235
r-791 23 0.403162 23 0.403162 174 159 189
r-383 37 0.483483 37 0.483483 28978 25964 21563
r-309 45 0.511111 45 0.511111 114859 127158 64008
r-182 45 0.490909 45 0.490909 25272 21507 14008
r-162 41 0.509756 41 0.509756 24383 27021 18631
r-982 31 0.511828 31 0.511828 3021 3269 2827
r-590 33 0.170455 33 0.170455 1389 2054 1529
r-187 28 0.388889 28 0.388889 2618 2390 2188
r-646 36 0.322222 36 0.322222 66204 77969 60553
r-761 31 0.27957 31 0.27957 0 0 0
r-903 23 0.237154 23 0.237154 170 181 151
r-670 45 0.454545 45 0.454545 7854 6551 7133
r-972 36 0.457143 36 0.457143 172 127 73
r-108 33 0.458333 33 0.458333 144 119 109
r-836 29 0.133005 29 0.133005 0 0 0
r-847 45 0.20202 45 0.20202 300004 300006 300000
r-24 21 0.466667 21 0.466667 1 1 1
r-556 21 0.180952 21 0.180952 0 0 0
r-56 24 0.15942 24 0.15942 56 56 15
r-656 27 0.461538 27 0.461538 5 5 5
r-765 20 0.336842 20 0.336842 34 31 26
r-401 31 0.490323 31 0.490323 2974 2606 2387
r-368 40 0.384615 40 0.384615 53 44 51
r-705 22 0.0909091 22 0.0909091 0 0 0
r-479 38 0.371266 38 0.371266 186834 186764 145225
r-75 29 0.339901 29 0.339901 0 0 0
r-579 40 0.384615 40 0.384615 300007 282219 233374
r-460 32 0.272177 32 0.272177 0 0 0
r-753 30 0.48046 30 0.48046 2086 1588 1510
r-20 26 0.323077 26 0.323077 0 0 0
r-158 21 0.380952 21 0.380952 0 0 0
r-742 44 0.359408 44 0.359408 73 64 34
r-949 36 0.512698 36 0.512698 5351 5367 5130
r-512 29 0.487685 29 0.487685 3019 2430 2003
r-977 28 0.198413 28 0.198413 0 0 0
r-672 45 0.236364 45 0.236364 0 1 1
r-98 30 0.517241 30 0.517241 773 795 479
r-774 31 0.451613 31 0.451613 32 27 19
r-808 36 0.246032 36 0.246032 0 0 0
r-824 43 0.389812 43 0.389812 300009 300002 300003
r-331 35 0.514286 35 0.514286 8661 9098 6530
r-873 34 0.258467 34 0.258467 0 0 0
r-514 44 0.502114 44 0.502114 28454 37767 31990
r-674 29 0.487685 29 0.487685 1439 1115 1074
r-319 26 0.270769 26 0.270769 0 0 0
r-899 45 0.268687 45 0.268687 1 1 1
r-932 20 0.189474 20 0.189474 3 4 3
r-472 42 0.396051 42 0.396051 300001 300005 300008
r-888 28 0.198413 28 0.198413 0 0 0
r-882 23 0.237154 23 0.237154 192 168 123
r-621 36 0.488889 36 0.488889 3852 3253 2857
r-541 25 0.52 25 0.52 102 109 94
r-612 38 0.14936 38 0.14936 0 0 0
r-268 40 0.480769 40 0.480769 90779 74270 64963
r-71 44 0.510571 44 0.510571 99572 101826 89107
r-608 34 0.513369 34 0.513369 1101 1288 1347
r-975 36 0.474603 36 0.474603 1047 839 729
r-292 31 0.511828 31 0.511828 327 339 310
r-691 39 0.334683 39 0.334683 287422 300007 257787
r-469 28 0.452381 28 0.452381 1273 1041 926
r-130 30 0.404598 30 0.404598 3 3 2
r-22 29 0.44335 29 0.44335 2737 2297 2253
r-841 30 0.508046 30 0.508046 1651 1503 1225
r-238 39 0.512821 39 0.512821 9352 10395 9685
r-64 33 0.503788 33 0.503788 269 271 284
r-553 20 0.268421 20 0.268421 11 11 12
r-478 41 0.460976 41 0.460976 3882 3088 2984
r-272 37 0.153153 37 0.153153 0 0 0
r-636 36 0.507937 36 0.507937 1465 1488 1073
r-267 45 0.509091 45 0.509091 245656 281891 215857
r-392 22 0.311688 22 0.311688 0 0 0
r-729 38 0.341394 38 0.341394 147183 152136 138720
r-983 31 0.232258 31 0.232258 0 0 0
r-879 31 0.451613 31 0.451613 10035 8855 7564
r-563 40 0.492308 40 0.492308 4740 3773 3145
r-413 21 0.32381 21 0.32381 0 0 0
r-739 36 0.355556 36 0.355556 2 2 2
r-886 26 0.212308 26 0.212308 0 0 0
r-662 25 0.52 25 0.52 154 145 119
r-709 27 0.512821 27 0.512821 244 236 135
r-966 27 0.48433 27 0.48433 18 16 17
r-131 42 0.214866 42 0.214866 0 0 0
r-203 25 0.5 25 0.5 21 18 13
r-21 22 0.17316 22 0.17316 0 0 0
r-801 33 0.511364 33 0.511364 434 407 401
r-942 30 0.0666667 30 0.0666667 0 0 0
r-985 40 0.328205 40 0.328205 217914 199829 149041
r-878 23 0.355731 23 0.355731 0 0 0
r-192 22 0.519481 22 0.519481 39 33 29
r-914 45 0.454545 45 0.454545 300007 300004 300005
r-766 22 0.246753 22 0.246753 0 0 0
r-890 32 0.387097 32 0.387097 2 2 2
r-757 30 0.186207 30 0.186207 855 611 341
r-617 21 0.428571 21 0.428571 0 0 0
r-551 22 0.246753 22 0.246753 0 0 0
r-251 44 0.241015 44 0.241015 1 1 1
r-402 23 0.521739 23 0.521739 14 14 11
r-863 41 0.402439 41 0.402439 178 133 122
r-348 30 0.508046 30 0.508046 139 124 117
r-387 42 0.284553 42 0.284553 3 3 3
r-900 25 0.28 25 0.28 148 167 150
r-409 38 0.341394 38 0.341394 153586 147810 121303
r-516 43 0.41196 43 0.41196 300008 300000 300006
r-132 26 0.147692 26 0.147692 14 21 29
r-30 45 0.505051 45 0.505051 247902 260753 200822
r-568 35 0.208403 35 0.208403 0 0 0
r-998 35 0.208403 35 0.208403 9994 12986 11443
r-564 45 0.490909 45 0.490909 53145 46532 33392
r-234 37 0.45045 37 0.45045 116855 103327 82701
r-159 33 0.515152 33 0.515152 1060 949 727
r-543 32 0.175403 32 0.175403 0 0 0
r-487 24 0.15942 24 0.15942 4 4 3
r-813 43 0.13289 43 0.13289 0 0 0
r-557 36 0.512698 36 0.512698 2068 2445 2068
r-676 40 0.511538 40 0.511538 57833 55106 36184
r-220 31 0.516129 31 0.516129 1501 1493 1166
r-57 34 0.336898 34 0.336898 40168 39033 27874
r-466 34 0.45098 34 0.45098 110 76 67
r-449 23 0.403162 23 0.403162 145 130 122
r-232 23 0.513834 23 0.513834 184 139 134
r-726 39 0.22942 39 0.22942 261986 281729 217248
r-239 23 0.237154 23 0.237154 0 0 0
r-15 21 0.428571 21 0.428571 28 21 21
r-603 38 0.371266 38 0.371266 2 2 1
r-174 30 0.23908 30 0.23908 0 0 0
r-581 38 0.273115 38 0.273115 0 0 0
r-279 39 0.437247 39 0.437247 149821 129647 112592
r-285 28 0.253968 28 0.253968 0 0 0
r-706 35 0.329412 35 0.329412 64331 71558 68746
r-410 37 0.513514 37 0.513514 15103 16737 15352
r-486 30 0.496552 30 0.496552 3245 2949 2407
r-52 28 0.494709 28 0.494709 989 813 656
r-689 30 0.404598 30 0.404598 2 2 2
r-787 23 0.166008 23 0.166008 12 12 12
r-431 39 0.22942 39 0.22942 0 0 0
r-835 21 0.380952 21 0.380952 57 47 42
r-163 29 0.246305 29 0.246305 0 0 0
r-793 32 0.225806 32 0.225806 0 0 0
r-6 24 0.289855 24 0.289855 135 163 167
r-473 23 0.513834 23 0.513834 102 61 85
r-634 36 0.203175 36 0.203175 7354 10433 9127
r-421 43 0.504983 43 0.504983 300004 300002 282728
r-605 23 0.442688 23 0.442688 289 265 267
r-938 31 0.36129 31 0.36129 1 1 0
r-188 37 0.378378 37 0.378378 42114 37947 33704
r-295 44 0.502114 44 0.502114 217575 230387 177443
r-578 28 0.507937 28 0.507937 1161 1058 895
r-17 23 0.442688 23 0.442688 165 148 142
r-893 40 0.511538 40 0.511538 29424 31704 23455
r-415 29 0.133005 29 0.133005 127 124 149
r-455 37 0.504505 37 0.504505 22289 21559 19163
r-623 23 0.442688 23 0.442688 0 0 0
r-640 21 0.514286 21 0.514286 30 23 22
r-906 26 0.516923 26 0.516923 41 36 43
r-317 33 0.117424 33 0.117424 2359 3357 4043
r-493 38 0.398293 38 0.398293 311 301 37
r-620 39 0.391363 39 0.391363 42 39 42
r-997 20 0.189474 20 0.189474 4 5 5
r-515 37 0.405405 37 0.405405 43 34 30
r-216 34 0.508021 34 0.508021 971 959 474
r-953 43 0.27907 43 0.27907 1 1 1
r-955 38 0.102418 38 0.102418 0 0 0
r-109 41 0.42439 41 0.42439 252 188 114
r-205 43 0.172757 43 0.172757 300005 300005 300001
r-736 33 0.435606 33 0.435606 29631 27627 25674
r-946 24 0.391304 24 0.391304 0 0 0
r-235 34 0.213904 34 0.213904 0 0 0
r-439 40 0.384615 40 0.384615 14 13 10
r-502 36 0.488889 36 0.488889 1108 959 541
r-963 44 0.169133 44 0.169133 0 0 0
r-315 35 0.494118 35 0.494118 12784 11434 13488
r-4 34 0.299465 34 0.299465 0 0 0
r-505 38 0.193457 38 0.193457 0 0 0
r-540 45 0.4 45 0.4 215 169 143
r-860 31 0.36129 31 0.36129 0 1 1
r-630 43 0.431894 43 0.431894 300009 300006 300006
r-850 21 0.52381 21 0.52381 16 11 12
r-125 36 0.0555556 36 0.0555556 0 0 0
r-978 30 0.370115 30 0.370115 2728 2644 2301
r-330 29 0.502463 29 0.502463 81 80 88
r-61 25 0.42 25 0.42 0 0 0
r-195 27 0.31339 27 0.31339 1178 1163 903
r-147 25 0.153333 25 0.153333 0 0 0
r-970 32 0.514113 32 0.514113 1696 1917 1460
r-968 34 0.508021 34 0.508021 719 765 770
r-341 42 0.507549 42 0.507549 256844 284269 178525
r-785 37 0.504505 37 0.504505 29518 31908 25150
r-897 44 0.502114 44 0.502114 202735 218594 174017
r-400 37 0.504505 37 0.504505 14944 16180 15500
r-905 42 0.250871 42 0.250871 0 0 0
r-902 42 0.507549 42 0.507549 82931 87141 69719
r-534 26 0.516923 26 0.516923 86 74 46
r-654 31 0.451613 31 0.451613 12 11 9
r-734 44 0.206131 44 0.206131 0 0 0
r-261 38 0.102418 38 0.102418 180032 300006 130771
r-405 24 0.463768 24 0.463768 363 361 316
r-412 37 0.105105 37 0.105105 0 0 0
r-956 20 0.521053 20 0.521053 20 21 17
r-768 41 0.460976 41 0.460976 286600 273901 243847
r-58 22 0.484848 22 0.484848 1 1 1
r-384 26 0.52 26 0.52 144 133 118
r-969 41 0.402439 41 0.402439 44 43 38
r-470 32 0.417339 32 0.417339 10351 9962 8335
r-769 44 0.359408 44 0.359408 47 43 48
r-786 33 0.219697 33 0.219697 3777 4981 4826
r-831 33 0.435606 33 0.435606 18 18 15
r-883 44 0.0887949 44 0.0887949 0 0 0
r-542 21 0.257143 21 0.257143 12 13 11
r-593 40 0.480769 40 0.480769 159478 133465 116396
r-767 20 0.336842 20 0.336842 17 17 21
r-256 38 0.513514 38 0.513514 9758 10713 7238
r-615 29 0.246305 29 0.246305 0 0 0
r-78 45 0.509091 45 0.509091 129336 128368 91296
r-382 31 0.180645 31 0.180645 0 0 0
r-624 31 0.322581 31 0.322581 4104 4657 3782
r-619 29 0.517241 29 0.517241 334 348 313
r-374 21 0.514286 21 0.514286 10 8 9
r-565 29 0.512315 29 0.512315 310 322 223
r-63 20 0.521053 20 0.521053 17 16 12
r-140 37 0.513514 37 0.513514 4676 4261 2641
r-794 33 0.117424 33 0.117424 0 0 0
r-150 30 0.514943 30 0.514943 492 689 421
r-616 44 0.485201 44 0.485201 300003 279511 256724
r-464 33 0.477273 33 0.477273 31 35 26
r-16 42 0.507549 42 0.507549 63063 67146 53963
r-310 42 0.315912 42 0.315912 3 3 1
r-797 40 0.45 40 0.45 173 136 126
r-597 31 0.395699 31 0.395699 5 4 2
r-240 32 0.483871 32 0.483871 86 73 48
r-194 26 0.492308 26 0.492308 15 13 11
r-718 44 0.273784 44 0.273784 300003 300011 300003
r-447 42 0.214866 42 0.214866 0 0 0
r-669 39 0.437247 39 0.437247 678 520 360
r-119 44 0.494715 44 0.494715 80015 113035 16182
r-43 42 0.250871 42 0.250871 300009 300009 300005
r-484 41 0.42439 41 0.42439 167 147 123
r-535 22 0.52381 22 0.52381 15 14 12
r-586 21 0.466667 21 0.466667 0 0 0
r-135 21 0.466667 21 0.466667 67 55 51
r-979 40 0.357692 40 0.357692 1 1 1
r-121 25 0.513333 25 0.513333 97 78 68
r-588 32 0.497984 32 0.497984 367 325 279
r-284 31 0.395699 31 0.395699 7481 7539 7316
r-359 43 0.27907 43 0.27907 300009 300000 300006
r-844 33 0.477273 33 0.477273 188 186 227
r-499 37 0.405405 37 0.405405 75 59 34
r-8 41 0.321951 41 0.321951 0 1 1
r-992 27 0.14245 27 0.14245 0 0 0
r-395 31 0.516129 31 0.516129 1534 1680 1350
r-90 44 0.443975 44 0.443975 1845 1197 1054
r-683 39 0.334683 39 0.334683 300005 300002 275243
r-561 32 0.483871 32 0.483871 7298 5855 4517
r-554 32 0.417339 32 0.417339 8857 8072 7380
r-494 35 0.393277 35 0.393277 33024 33273 30333
r-802 43 0.511628 43 0.511628 50125 58785 43964
r-481 45 0.353535 45 0.353535 74 54 69
r-134 36 0.474603 36 0.474603 324 279 251
r-434 25 0.28 25 0.28 173 204 185
r-600 22 0.454545 22 0.454545 0 0 0
r-814 36 0.474603 36 0.474603 235 205 137
r-614 24 0.48913 24 0.48913 414 334 303
r-781 40 0.408974 40 0.408974 279013 257751 242389
r-80 23 0.513834 23 0.513834 4 3 3
r-459 37 0.45045 37 0.45045 759 516 482
r-191 22 0.367965 22 0.367965 72 71 49
r-204 33 0.265152 33 0.265152 24390 22399 15338
r-730 40 0.384615 40 0.384615 53 43 41
r-582 24 0.48913 24 0.48913 11 10 13
r-452 39 0.512821 39 0.512821 17922 19864 15702
r-157 20 0.394737 20 0.394737 102 98 91
r-935 24 0.289855 24 0.289855 0 0 0
r-858 20 0.521053 20 0.521053 4 4 3
r-1 24 0.463768 24 0.463768 2 2 1
r-105 42 0.501742 42 0.501742 272883 277327 202654
r-641 28 0.349206 28 0.349206 1710 1753 1524
r-530 27 0.512821 27 0.512821 367 320 265
r-51 38 0.443812 38 0.443812 79792 68933 59541
r-432 24 0.289855 24 0.289855 0 0 0
r-625 28 0.507937 28 0.507937 938 785 760
r-276 32 0.516129 32 0.516129 1449 1391 1087
r-49 32 0.272177 32 0.272177 0 0 0
r-854 28 0.515873 28 0.515873 427 383 361
r-589 39 0.504723 39 0.504723 73424 68035 47324
r-282 29 0.295567 29 0.295567 0 0 0
r-280 26 0.52 26 0.52 237 195 152
r-511 36 0.488889 36 0.488889 1366 1419 1352
r-296 38 0.341394 38 0.341394 126656 130384 116091
r-523 27 0.31339 27 0.31339 0 0 0
r-172 37 0.315315 37 0.315315 112544 110326 90684
r-784 26 0.323077 26 0.323077 0 0 0
r-380 36 0.512698 36 0.512698 3759 4339 3051
r-770 41 0.497561 41 0.497561 143900 128866 104332
r-994 39 0.391363 39 0.391363 49 39 40
r-242 34 0.40107 34 0.40107 25538 24626 21774
r-677 32 0.497984 32 0.497984 9035 8440 6799
r-961 38 0.398293 38 0.398293 66 55 43
r-498 28 0.137566 28 0.137566 1643 922 253
r-84 37 0.468468 37 0.468468 46340 37859 34057
r-298 23 0.474308 23 0.474308 254 215 181
r-183 24 0.431159 24 0.431159 316 284 244
r-805 25 0.333333 25 0.333333 0 0 0
r-638 36 0.507937 36 0.507937 1809 2001 1512
r-54 44 0.206131 44 0.206131 1 1 1
r-562 31 0.395699 31 0.395699 2 2 2
r-304 37 0.315315 37 0.315315 60068 63694 45381
r-76 25 0.42 25 0.42 0 0 0
r-560 38 0.490754 38 0.490754 1831 1843 1804
r-930 45 0.438384 45 0.438384 300000 300007 300004
r-526 41 0.497561 41 0.497561 87993 76667 55009
r-246 20 0.478947 20 0.478947 1 1 1
r-685 29 0.295567 29 0.295567 2297 2527 2402
r-287 27 0.501425 27 0.501425 47 45 40
r-10 23 0.513834 23 0.513834 9 10 7
r-527 23 0.498024 23 0.498024 4 3 3
r-647 31 0.503226 31 0.503226 5164 5317 4282
r-775 43 0.511628 43 0.511628 43381 51776 35463
r-984 31 0.451613 31 0.451613 11664 10278 8990
r-23 21 0.257143 21 0.257143 0 0 0
r-820 24 0.48913 24 0.48913 2 2 2
r-755 30 0.508046 30 0.508046 1592 1556 1336
r-370 45 0.509091 45 0.509091 149071 157139 101350
r-274 34 0.486631 34 0.486631 17869 14315 14280
r-107 39 0.510121 39 0.510121 51500 51288 27309
r-367 33 0.435606 33 0.435606 52 43 40
r-99 21 0.495238 21 0.495238 47 46 25
r-653 30 0.45977 30 0.45977 4491 3821 3675
r-372 26 0.507692 26 0.507692 34 32 32
r-214 37 0.468468 37 0.468468 1741 1432 999
r-779 24 0.0833333 24 0.0833333 0 0 0
r-244 41 0.443902 41 0.443902 1277 1108 969
r-832 43 0.478405 43 0.478405 6997 7800 7913
r-440 31 0.232258 31 0.232258 852 984 1549
r-126 33 0.515152 33 0.515152 3261 3367 2014
r-889 30 0.287356 30 0.287356 0 0 0
r-517 41 0.256098 41 0.256098 300005 299359 192586
r-218 21 0.466667 21 0.466667 1 1 1
r-840 23 0.355731 23 0.355731 0 0 0
r-954 38 0.193457 38 0.193457 20514 29180 30675
r-250 31 0.27957 31 0.27957 6671 7040 6774
r-68 24 0.518116 24 0.518116 38 30 21
r-896 34 0.486631 34 0.486631 399 344 276
r-604 24 0.228261 24 0.228261 34 38 31
r-952 30 0.45977 30 0.45977 12 11 9
r-550 44 0.443975 44 0.443975 7132 5331 3433
r-437 30 0.45977 30 0.45977 3694 3072 2646
r-778 24 0.289855 24 0.289855 0 0 0
r-388 23 0.521739 23 0.521739 58 49 31
r-971 38 0.371266 38 0.371266 209387 205826 181352
r-1000 29 0.44335 29 0.44335 24 83 33
r-391 24 0.15942 24 0.15942 19 21 20
r-375 43 0.504983 43 0.504983 102027 102341 74291
r-141 34 0.499109 34 0.499109 6276 5273 4035
r-688 32 0.417339 32 0.417339 10 10 8
r-744 34 0.258467 34 0.258467 14132 14568 9500
r-342 35 0.480672 35 0.480672 1274 995 1063
r-288 26 0.443077 26 0.443077 656 518 462
r-110 43 0.245847 43 0.245847 300005 300009 300007
r-610 25 0.28 25 0.28 0 0 0
r-828 33 0.344697 33 0.344697 2 2 2
r-508 31 0.27957 31 0.27957 2363 2426 1761
r-117 28 0.349206 28 0.349206 1 0 0
r-492 39 0.22942 39 0.22942 97451 90804 67734
r-712 20 0.521053 20 0.521053 21 20 20
r-53 29 0.37931 29 0.37931 1 1 1
r-522 27 0.31339 27 0.31339 0 0 0
r-324 26 0.409231 26 0.409231 0 0 0
r-939 38 0.371266 38 0.371266 213163 222019 202798
r-171 40 0.511538 40 0.511538 20121 19537 11950
r-811 24 0.344203 24 0.344203 178 174 224
r-981 44 0.0887949 44 0.0887949 0 0 0
r-354 44 0.40592 44 0.40592 300001 300009 300008
r-260 39 0.512821 39 0.512821 40777 41975 27002
r-425 31 0.36129 31 0.36129 0 1 0
r-960 45 0.49899 45 0.49899 63741 74172 41309
r-520 44 0.5074 44 0.5074 51239 55470 28236
r-504 24 0.289855 24 0.289855 0 0 0
r-11 44 0.332981 44 0.332981 300001 300004 300006
r-664 44 0.459831 44 0.459831 9715 8282 7627
r-365 34 0.508021 34 0.508021 541 636 485
r-96 26 0.0769231 26 0.0769231 0 0 0
r-435 22 0.246753 22 0.246753 55 52 35
r-657 23 0.237154 23 0.237154 0 0 0
r-275 44 0.0887949 44 0.0887949 300000 300001 300001
r-825 45 0.490909 45 0.490909 75140 65155 56560
r-463 29 0.502463 29 0.502463 1769 1882 1810
r-164 31 0.395699 31 0.395699 8451 8182 7129
r-759 36 0.355556 36 0.355556 3 3 2
r-807 25 0.28 25 0.28 0 0 0
r-598 39 0.512821 39 0.512821 11112 11746 7318
r-596 41 0.378049 41 0.378049 300009 300002 300009
r-539 23 0.513834 23 0.513834 18 19 20
r-344 38 0.102418 38 0.102418 15990 15643 8270
r-827 20 0.505263 20 0.505263 1 1 1
r-323 26 0.443077 26 0.443077 4 3 3
r-66 31 0.511828 31 0.511828 413 386 289
r-988 28 0.137566 28 0.137566 0 0 0
r-273 23 0.300395 23 0.300395 80 80 71
r-631 21 0.32381 21 0.32381 0 0 0
r-305 24 0.15942 24 0.15942 0 0 0
r-748 32 0.120968 32 0.120968 0 0 0
r-722 41 0.504878 41 0.504878 9375 10657 9117
r-934 37 0.429429 37 0.429429 211 156 130
r-679 42 0.371661 42 0.371661 300002 300006 300001
r-695 45 0.353535 45 0.353535 300000 300006 300002
r-547 28 0.304233 28 0.304233 0 0 0
r-754 44 0.332981 44 0.332981 300003 300007 300002
r-199 33 0.378788 33 0.378788 3 3 2
r-855 28 0.253968 28 0.253968 502 502 406
r-675 21 0.180952 21 0.180952 9 20 11
r-339 26 0.147692 26 0.147692 0 0 0
r-226 24 0.521739 24 0.521739 48 41 35
r-776 39 0.415655 39 0.415655 284341 266040 242843
r-168 39 0.0512821 39 0.0512821 0 0 0
r-945 28 0.515873 28 0.515873 439 478 290
r-531 29 0.37931 29 0.37931 1 1 1
r-575 40 0.0974359 40 0.0974359 0 0 0
r-849 44 0.494715 44 0.494715 253341 202291 177321
r-861 42 0.214866 42 0.214866 300002 300009 300002
r-167 23 0.498024 23 0.498024 79 61 50
r-704 20 0.189474 20 0.189474 4 3 4
r-59 35 0.393277 35 0.393277 17 14 12
r-943 44 0.241015 44 0.241015 0 1 0
r-36 23 0.300395 23 0.300395 0 0 0
r-904 35 0.443697 35 0.443697 26415 24389 22457
r-286 30 0.331034 30 0.331034 2967 3207 3076
r-525 37 0.495495 37 0.495495 4702 4171 3480
r-740 29 0.517241 29 0.517241 1037 990 784
r-920 44 0.169133 44 0.169133 0 0 0
r-719 39 0.496626 39 0.496626 37125 31687 29884
r-471 38 0.513514 38 0.513514 9369 10383 7814
r-248 30 0.23908 30 0.23908 0 0 0
r-830 36 0.436508 36 0.436508 146 131 133
r-874 22 0.246753 22 0.246753 0 0 0
r-495 27 0.205128 27 0.205128 59 48 22
r-845 30 0.0666667 30 0.0666667 0 0 0
r-70 38 0.512091 38 0.512091 10552 12183 7454
r-944 22 0.17316 22 0.17316 134 121 83
r-360 29 0.339901 29 0.339901 0 0 0
r-649 27 0.0740741 27 0.0740741 0 0 0
r-921 31 0.503226 31 0.503226 2394 2122 1801
r-601 38 0.193457 38 0.193457 0 0 0
r-506 20 0.394737 20 0.394737 0 0 0
r-270 43 0.465116 43 0.465116 300009 300008 300006
r-991 27 0.358974 27 0.358974 0 0 0
r-880 23 0.403162 23 0.403162 162 145 122
r-964 36 0.157143 36 0.157143 0 0 0
r-283 41 0.321951 41 0.321951 300006 300007 300001
r-428 24 0.463768 24 0.463768 1 2 2
r-465 37 0.495495 37 0.495495 1944 1527 1463
r-352 28 0.349206 28 0.349206 0 0 0
r-290 38 0.500711 38 0.500711 39756 36032 29815
r-180 34 0.370766 34 0.370766 2 3 2
r-518 32 0.508065 32 0.508065 7222 6726 5234
r-574 39 0.45614 39 0.45614 162703 143556 125728
r-607 30 0.287356 30 0.287356 0 0 0
r-567 36 0.246032 36 0.246032 0 0 0
r-655 20 0.336842 20 0.336842 0 0 0
r-300 26 0.212308 26 0.212308 35 37 29
r-810 20 0.189474 20 0.189474 5 6 4
r-95 20 0.268421 20 0.268421 14 13 11
r-524 39 0.510121 39 0.510121 4700 5431 4408
r-738 24 0.391304 24 0.391304 0 0 0
r-558 41 0.378049 41 0.378049 41 38 40
r-909 28 0.515873 28 0.515873 452 422 330
r-100 35 0.363025 35 0.363025 2 2 2
r-210 45 0.268687 45 0.268687 1 2 1
r-884 24 0.391304 24 0.391304 0 0 0
r-703 43 0.509413 43 0.509413 42323 39687 21735
r-577 31 0.27957 31 0.27957 4884 4849 4713
r-293 45 0.327273 45 0.327273 14 12 10
r-923 30 0.45977 30 0.45977 6112 5035 4545
r-926 36 0.474603 36 0.474603 28601 22847 22056
r-353 36 0.514286 36 0.514286 6617 7103 5622
r-591 22 0.519481 22 0.519481 16 14 13
r-430 23 0.474308 23 0.474308 0 0 0
r-476 36 0.5 36 0.5 17363 14695 10521
r-245 41 0.509756 41 0.509756 31027 29913 19311
r-583 44 0.40592 44 0.40592 300004 300006 300004
r-931 30 0.45977 30 0.45977 6183 5214 4502
r-81 43 0.27907 43 0.27907 300000 300005 300005
r-55 40 0.45 40 0.45 312 271 232
r-789 40 0.357692 40 0.357692 4 4 3
r-806 45 0.165657 45 0.165657 287679 300003 300009
r-648 20 0.189474 20 0.189474 2 2 2
r-396 44 0.511628 44 0.511628 58141 70275 55273
r-145 28 0.304233 28 0.304233 0 0 0
r-448 40 0.466667 40 0.466667 959 795 672
r-230 43 0.431894 43 0.431894 300001 300008 300009
r-363 21 0.428571 21 0.428571 0 0 0
r-917 44 0.40592 44 0.40592 173 139 136
r-986 42 0.214866 42 0.214866 1 1 1
r-297 43 0.431894 43 0.431894 300004 300004 300002
r-673 33 0.306818 33 0.306818 15710 16192 14626
r-32 26 0.212308 26 0.212308 0 0 0
r-127 36 0.107937 36 0.107937 0 0 0
r-628 30 0.23908 30 0.23908 967 1361 1187
r-829 26 0.0769231 26 0.0769231 0 0 0
r-733 25 0.42 25 0.42 0 0 0
r-823 32 0.443548 32 0.443548 15297 14479 12686
r-334 30 0.186207 30 0.186207 0 0 0
r-225 31 0.473118 31 0.473118 6481 5227 4615
r-749 21 0.32381 21 0.32381 0 0 0
r-149 37 0.105105 37 0.105105 0 0 0
r-113 39 0.267206 39 0.267206 0 0 0
r-179 20 0.478947 20 0.478947 19 14 14
r-746 27 0.14245 27 0.14245 0 0 0
r-404 32 0.272177 32 0.272177 1431 1624 1355
r-102 44 0.426004 44 0.426004 2701 2013 1524
r-922 21 0.180952 21 0.180952 0 0 0
r-898 34 0.114082 34 0.114082 0 0 0
r-394 27 0.461538 27 0.461538 11 10 9
r-184 37 0.0540541 37 0.0540541 0 0 0
r-693 28 0.47619 28 0.47619 14 12 12
r-346 20 0.526316 20 0.526316 9 7 7
r-637 40 0.142308 40 0.142308 0 0 0
r-118 20 0.189474 20 0.189474 0 0 0
r-780 38 0.513514 38 0.513514 8866 9507 7974
r-265 45 0.268687 45 0.268687 300008 300001 300003
r-643 28 0.137566 28 0.137566 0 0 0
r-819 33 0.306818 33 0.306818 0 0 0
r-559 36 0.412698 36 0.412698 61 42 32
r-606 45 0.468687 45 0.468687 32872 28156 24677
r-94 20 0.521053 20 0.521053 18 16 16
r-950 26 0.369231 26 0.369231 739 809 704
r-731 30 0.514943 30 0.514943 153 152 138
r-350 29 0.487685 29 0.487685 46 36 32
r-645 37 0.348348 37 0.348348 53904 50418 42190
r-345 35 0.443697 35 0.443697 32083 28210 26948
r-308 21 0.180952 21 0.180952 0 0 0
r-723 22 0.0909091 22 0.0909091 0 0 0
r-362 26 0.443077 26 0.443077 0 0 0
r-698 41 0.219512 41 0.219512 0 0 0
r-862 35 0.504202 35 0.504202 14310 13361 11261
r-154 41 0.0487805 41 0.0487805 0 0 0
r-987 34 0.45098 34 0.45098 138 106 97
r-87 25 0.48 25 0.48 27 25 17
r-594 43 0.389812 43 0.389812 300009 300003 300000
r-692 31 0.516129 31 0.516129 511 503 407
r-727 22 0.17316 22 0.17316 0 0 0
r-536 34 0.258467 34 0.258467 0 0 0
r-222 38 0.193457 38 0.193457 0 0 0
r-266 22 0.519481 22 0.519481 36 31 33
r-5 42 0.511034 42 0.511034 65853 71245 46533
r-627 31 0.124731 31 0.124731 0 0 0
r-519 27 0.39886 27 0.39886 1 0 0
r-456 29 0.133005 29 0.133005 46 187 91
r-442 38 0.477952 38 0.477952 3845 3528 3357
r-155 37 0.0540541 37 0.0540541 0 0 0
r-397 23 0.166008 23 0.166008 41 45 21
r-702 29 0.487685 29 0.487685 1218 1062 851
r-881 31 0.27957 31 0.27957 1737 1632 1243
r-453 23 0.166008 23 0.166008 24 24 22
r-128 41 0.509756 41 0.509756 19347 21273 14127
r-175 27 0.433048 27 0.433048 0 0 0
r-599 33 0.117424 33 0.117424 3609 25001 2966
r-576 22 0.52381 22 0.52381 13 10 11
r-721 45 0.420202 45 0.420202 300005 300001 300006
r-707 37 0.153153 37 0.153153 9537 11050 7575
r-92 45 0.0444444 45 0.0444444 0 0 0
r-349 42 0.437863 42 0.437863 300008 300008 300004
r-371 25 0.42 25 0.42 0 0 0
r-687 21 0.52381 21 0.52381 31 27 23
r-632 45 0.327273 45 0.327273 300005 300000 300000
r-650 28 0.198413 28 0.198413 0 0 0
r-264 22 0.415584 22 0.415584 0 0 0
r-137 39 0.391363 39 0.391363 9 13 12
r-758 32 0.314516 32 0.314516 9322 8616 6601
r-231 27 0.518519 27 0.518519 306 328 289
r-549 24 0.15942 24 0.15942 0 0 0
r-545 43 0.33887 43 0.33887 4 4 3
r-446 37 0.315315 37 0.315315 1 1 1
r-249 40 0.142308 40 0.142308 26329 27841 18148
r-206 20 0.505263 20 0.505263 30 25 25
r-696 45 0.165657 45 0.165657 300006 300006 300001
r-821 25 0.08 25 0.08 0 0 0
r-411 41 0.47561 41 0.47561 5324 4357 3428
r-666 33 0.515152 33 0.515152 2106 2237 1408
r-25 28 0.349206 28 0.349206 1042 983 713
r-420 24 0.289855 24 0.289855 0 0 0
r-737 26 0.409231 26 0.409231 2 2 2
r-426 22 0.311688 22 0.311688 0 0 0
r-913 42 0.371661 42 0.371661 78 58 65
r-933 33 0.492424 33 0.492424 228 180 157
r-745 22 0.415584 22 0.415584 129 121 101
r-37 43 0.0465116 43 0.0465116 0 0 0
r-569 33 0.511364 33 0.511364 345 330 283
r-93 31 0.27957 31 0.27957 1441 1827 1688
r-351 42 0.0929152 42 0.0929152 300009 300004 300003
r-681 31 0.473118 31 0.473118 7193 5827 5416
r-694 42 0.0929152 42 0.0929152 300006 300000 300001
r-548 30 0.23908 30 0.23908 0 0 0
r-633 34 0.486631 34 0.486631 12441 9462 8340
r-713 38 0.102418 38 0.102418 0 0 0
r-185 45 0.377778 45 0.377778 70 60 72
r-509 42 0.511034 42 0.511034 85821 90167 65982
r-120 22 0.246753 22 0.246753 9 8 4
r-160 34 0.499109 34 0.499109 6875 5817 3832
r-962 29 0.339901 29 0.339901 3878 3643 2908
r-490 44 0.511628 44 0.511628 44600 46200 32644
r-700 33 0.170455 33 0.170455 983 1111 937
r-507 32 0.225806 32 0.225806 4673 4144 3082
r-843 30 0.186207 30 0.186207 521 735 619
r-877 37 0.105105 37 0.105105 0 0 0
r-364 24 0.391304 24 0.391304 0 0 0
r-123 33 0.515152 33 0.515152 1713 1713 1193
r-609 35 0.494118 35 0.494118 784 673 621
r-552 27 0.14245 27 0.14245 0 0 0
r-136 32 0.497984 32 0.497984 7011 5772 4921
r-792 27 0.39886 27 0.39886 1387 1346 1121
r-678 43 0.310078 43 0.310078 1 1 1
r-47 40 0.512821 40 0.512821 24122 27822 19366
r-680 37 0.315315 37 0.315315 136328 133675 102867
r-316 34 0.40107 34 0.40107 9 8 8
r-170 25 0.333333 25 0.333333 0 0 0
r-584 36 0.436508 36 0.436508 54814 44872 39495
r-652 43 0.48948 43 0.48948 13121 16786 18521
r-501 31 0.322581 31 0.322581 4694 5423 5480
r-332 28 0.137566 28 0.137566 0 0 0
r-390 44 0.0887949 44 0.0887949 300001 256548 300007
r-580 44 0.130021 44 0.130021 186814 147801 71801
r-62 28 0.198413 28 0.198413 0 0 0
r-393 45 0.165657 45 0.165657 300000 300003 300001
r-44 32 0.352823 32 0.352823 16508 17563 13944
r-857 25 0.38 25 0.38 0 0 0
r-538 25 0.08 25 0.08 0 0 0
r-236 44 0.510571 44 0.510571 58586 66496 33077
r-929 32 0.387097 32 0.387097 11786 10922 7967
r-571 21 0.52381 21 0.52381 31 26 19
r-796 28 0.304233 28 0.304233 0 0 0
r-228 41 0.512195 41 0.512195 18340 19893 16419
r-202 22 0.367965 22 0.367965 0 0 0
r-2 22 0.367965 22 0.367965 0 0 0
r-488 32 0.387097 32 0.387097 12237 13278 9969
r-826 44 0.494715 44 0.494715 35208 31113 28332
r-724 44 0.206131 44 0.206131 300005 300005 300010
r-595 27 0.0740741 27 0.0740741 0 0 0
r-13 23 0.403162 23 0.403162 138 133 132
r-496 38 0.102418 38 0.102418 0 0 0
r-148 35 0.480672 35 0.480672 429 343 299
r-989 21 0.514286 21 0.514286 3 3 4
r-842 21 0.514286 21 0.514286 8 9 7
r-200 25 0.52 25 0.52 127 129 115
r-427 44 0.473573 44 0.473573 300000 300005 300008
r-12 41 0.139024 41 0.139024 78519 141908 55028
r-144 21 0.428571 21 0.428571 0 0 0
r-69 40 0.224359 40 0.224359 0 0 0
r-326 35 0.420168 35 0.420168 59179 52836 43896
r-35 43 0.0908084 43 0.0908084 0 0 0
r-343 41 0.219512 41 0.219512 0 0 0
r-193 33 0.503788 33 0.503788 9214 9428 7866
r-302 42 0.371661 42 0.371661 43 42 50
r-3 41 0.509756 41 0.509756 34408 35617 28084
r-259 30 0.404598 30 0.404598 2 2 2
r-357 34 0.258467 34 0.258467 25792 33501 30122
r-237 20 0.478947 20 0.478947 0 0 0
r-570 36 0.246032 36 0.246032 0 0 0
r-31 45 0.236364 45 0.236364 1 1 1
r-728 33 0.435606 33 0.435606 34629 30422 27177
r-77 32 0.272177 32 0.272177 0 0 0
r-918 44 0.485201 44 0.485201 300001 300009 300006
r-312 35 0.0571429 35 0.0571429 0 0 0
r-804 34 0.336898 34 0.336898 16535 17014 15094
r-208 28 0.42328 28 0.42328 2963 2530 2333
r-196 45 0.0444444 45 0.0444444 0 0 0
r-366 37 0.468468 37 0.468468 371 426 460
r-441 23 0.498024 23 0.498024 96 77 75
r-45 30 0.48046 30 0.48046 3636 3173 2083
r-816 41 0.290244 41 0.290244 1 1 1
r-65 43 0.365449 43 0.365449 120 80 98
r-152 38 0.490754 38 0.490754 4333 3606 2595
r-663 21 0.495238 21 0.495238 2 2 2
r-948 28 0.253968 28 0.253968 792 808 627
r-822 28 0.507937 28 0.507937 997 940 1073
r-959 45 0.490909 45 0.490909 33303 30980 24711
r-79 30 0.370115 30 0.370115 6288 6685 4272
r-967 31 0.425806 31 0.425806 11449 11410 9673
r-197 42 0.483159 42 0.483159 201808 170514 151304
r-33 41 0.443902 41 0.443902 463 411 405
r-790 23 0.474308 23 0.474308 140 115 128
r-381 23 0.355731 23 0.355731 0 0 0
r-661 23 0.513834 23 0.513834 71 56 67
r-686 31 0.503226 31 0.503226 207 212 157
r-783 26 0.443077 26 0.443077 707 574 483
r-750 25 0.48 25 0.48 7 6 5
r-423 35 0.420168 35 0.420168 12 12 8
r-533 42 0.284553 42 0.284553 300002 300008 300008
r-974 43 0.27907 43 0.27907 300001 300010 300002
r-871 33 0.477273 33 0.477273 288 258 279
r-800 38 0.193457 38 0.193457 43015 39559 25462
r-408 26 0.270769 26 0.270769 179 203 289
r-668 44 0.502114 44 0.502114 300008 300001 300001
r-762 27 0.433048 27 0.433048 3 3 2
r-751 45 0.438384 45 0.438384 3471 2535 2067
r-642 31 0.451613 31 0.451613 19 17 16
r-710 39 0.302294 39 0.302294 1 1 1
r-281 35 0.363025 35 0.363025 12425 13014 10844
r-73 35 0.110924 35 0.110924 33149 28795 2704
r-788 32 0.497984 32 0.497984 3387 2966 2497
r-764 32 0.465726 32 0.465726 13424 12232 9833
r-321 25 0.28 25 0.28 0 0 0
r-859 28 0.198413 28 0.198413 777 710 371
r-756 44 0.494715 44 0.494715 56189 44287 37056
r-436 38 0.490754 38 0.490754 45068 41182 35228
r-403 26 0.492308 26 0.492308 800 756 649
r-684 41 0.443902 41 0.443902 297321 257221 219193
r-717 39 0.512821 39 0.512821 25038 26605 18683
r-927 39 0.22942 39 0.22942 0 0 0
r-124 26 0.0769231 26 0.0769231 0 0 0
r-385 34 0.165775 34 0.165775 611 889 850
r-104 30 0.48046 30 0.48046 116 107 81
r-924 39 0.415655 39 0.415655 152 126 148
r-735 21 0.180952 21 0.180952 6 10 11
r-299 27 0.205128 27 0.205128 79 77 44
r-799 33 0.458333 33 0.458333 95 71 71
r-356 30 0.514943 30 0.514943 846 1021 727
r-901 22 0.52381 22 0.52381 18 21 18
