instance n1 density1 n2 density2 mcsplit mcsplit-swapped mcsplit-smart-swapped-D mcsplit-smart-swapped-O mcsplit+f mcsplit+bigf mcsplit-b mcsplit-b-swapped mcsplit-b-smart-swapped-D mcsplit-b-smart-swapped-O mcsplit-nosort mcsplit-nosort-swapped mcsplit-nosort-smart-swapped-D mcsplit-nosort-smart-swapped-O
r-563 37 0.364865 31 0.830108 1258 1466 1228 1438 1766 1087 2235 2431 2268 2487 1853 2479 1882 2487
r-780 30 0.995402 22 0.0562771 1 0 0 0 1 0 3 1 1 1 0 0 0 0
r-284 28 0.801587 20 0.984211 2449 100002 2439 100004 100009 100001 2718 100001 2701 100006 25106 100009 24742 100008
r-338 13 0.782051 11 0.709091 0 0 0 0 0 0 0 0 0 0 0 0 0 0
r-600 12 0.636364 28 0.671958 1 11 1 1 10 1 1 12 1 1 5 5 5 5
r-762 29 0.174877 26 0.852308 14 24 14 24 17 14 22 43 22 43 24 43 23 43
r-89 37 0.136637 31 0.307527 30510 2019 1997 1985 26281 3045 47664 2884 2849 3165 52008 6235 6281 6219
r-317 21 0.219048 16 0.891667 1 2 1 2 1 1 2 4 2 4 1 2 1 2
r-120 20 0.121053 16 0.516667 8 2 2 2 8 1 11 3 3 3 6 4 4 4
r-446 28 0.753968 13 0.923077 24 15 24 16 27 13 20 7 19 7 91 30 92 29
r-966 14 0.89011 36 0.444444 38 28 27 39 44 34 54 40 47 52 81 55 55 83
r-749 29 0.194581 15 0.466667 42 6 6 6 40 7 70 8 8 9 25 12 12 11
r-640 35 0.12605 13 0.0769231 0 0 0 0 0 0 0 0 0 0 0 0 0 0
r-349 10 0.0666667 15 0.504762 2 0 0 2 2 0 2 0 0 2 2 0 0 2
r-402 13 0.75641 19 0.0175439 0 0 0 0 0 0 0 1 0 0 0 0 0 0
r-737 26 0.363077 15 0.72381 10 12 10 12 14 9 14 17 13 17 18 19 18 19
r-785 20 0.421053 13 0.730769 1 3 1 2 2 2 2 3 2 3 2 4 2 4
r-948 24 0.996377 36 0.0904762 4 1 1 4 1 2 9 4 4 9 4 1 1 4
r-760 18 0.267974 36 0.957143 3 10 3 3 9 2 5 16 5 5 4 8 4 4
r-798 13 0.74359 34 0.748663 1 18 1 1 16 1 1 17 1 1 6 11 6 6
r-971 17 0.786765 37 0.0375375 1 6 1 1 6 1 3 10 3 3 1 4 1 1
r-683 16 0.975 10 0.266667 0 0 0 0 0 0 0 0 0 0 0 0 0 0
r-968 15 0.857143 14 0.692308 1 0 0 0 1 1 2 0 0 0 1 0 0 0
r-25 14 1 36 0.809524 100005 100009 100004 100006 100007 100001 100004 100009 100004 100002 100006 100007 100001 100000
r-98 23 0.667984 36 0.920635 15 2699 16 15 2369 25 20 3328 20 20 177 4386 181 177
r-234 36 0.106349 17 0.397059 80 5 5 5 70 8 134 7 7 7 103 10 11 10
r-185 21 0.3 11 0.509091 1 0 0 0 1 0 1 0 0 0 1 0 0 0
r-78 40 0.429487 16 0.916667 48 192 49 189 107 151 87 282 85 285 110 297 108 294
r-626 32 0.372984 21 0.419048 3252 1387 1391 1378 3170 1373 6352 2355 2313 2291 2815 1805 1823 1858
r-913 17 0.588235 11 0.109091 0 1 0 1 0 0 0 1 0 1 0 1 0 1
r-171 34 0.627451 32 0.278226 5362 7915 5338 8000 7451 6040 9862 14520 9897 14334 8414 10785 8340 10886
r-28 34 0.26738 31 0.888172 101 113 101 114 131 73 179 214 179 220 92 136 88 132
r-811 35 0.561345 24 0.960145 86 12667 90 12711 3463 1971 125 17435 124 17111 543 14898 558 14804
r-943 19 0.894737 21 1 7 100009 7 7 100008 8 9 100002 9 9 100006 100004 100005 100009
r-486 24 0.134058 10 0.644444 0 0 0 0 0 0 0 0 0 0 0 0 0 0
r-278 11 0.236364 29 0.0714286 0 1 0 0 1 0 0 1 0 0 0 1 0 0
r-36 11 0.290909 28 0.269841 0 0 0 0 0 0 0 0 0 0 1 2 1 1
r-117 23 0.438735 16 0.458333 67 41 40 42 67 40 108 60 62 61 77 66 64 65
r-306 12 0.318182 21 0 2 3588 2 2 3390 2 2 3680 2 2 74 3621 73 76
r-254 40 0.0717949 10 0.955556 0 0 0 0 0 0 1 1 1 1 0 1 0 1
r-605 22 0.978355 23 0.960474 100005 5 5 100004 100009 100009 100002 5 5 100000 100008 100007 100005 100009
r-122 13 0.576923 17 0.698529 1 4 1 1 3 1 1 7 1 1 1 3 1 1
r-841 39 0.508772 12 0.984848 37 410 35 411 298 291 51 523 52 504 111 531 110 527
r-706 33 0.121212 24 0.300725 2931 362 361 351 2751 570 4606 495 509 510 3708 548 546 552
r-694 39 0.983806 16 0.458333 41 0 0 0 39 0 60 1 1 1 35 3 3 3
r-452 17 0.147059 24 0.40942 119 34 34 118 62 89 196 56 52 210 110 57 57 107
r-642 16 0.375 34 0.629234 37 134 37 37 130 46 50 216 51 49 103 233 99 98
r-377 24 0.807971 12 0.727273 1 0 0 0 1 0 1 0 0 0 1 0 0 0
r-633 12 0.787879 29 0.391626 3 8 8 3 13 3 4 12 12 4 10 9 9 10
r-738 22 0.380952 19 0.497076 175 78 80 79 156 78 318 125 123 126 144 97 94 102
r-237 35 0.406723 22 0 9346 100006 9365 100000 100002 88735 783 100003 787 100004 100008 100008 100005 100000
r-819 19 0.502924 26 0.821538 13 47 13 13 36 19 17 83 16 17 25 32 26 26
r-878 40 0.453846 30 0.314943 100009 100002 100005 100004 100006 100004 100002 100000 100008 100009 100007 100006 100004 100009
r-650 22 0.220779 10 0.333333 1 0 0 0 1 0 1 0 0 0 0 0 0 0
r-42 11 0.109091 39 0.153846 0 0 0 0 0 0 0 0 0 0 0 0 0 0
r-321 40 0.396154 39 0.0148448 1528 100008 1539 100000 100006 38856 2194 100006 2269 100009 69347 100001 69603 100006
r-567 12 0.909091 37 0.16967 2 1 1 2 2 1 3 2 2 3 1 1 1 1
r-382 35 0.830252 32 0.354839 1457 695 696 677 1447 545 2431 1156 1177 1198 1966 1074 1078 1045
r-187 24 0.855072 17 0.669118 55 8 8 8 45 11 81 11 10 11 32 46 44 44
r-126 28 0.0846561 31 0.301075 9918 200 199 9913 3877 2148 13644 301 302 13569 20716 806 800 20674
r-848 19 0.409357 17 0.183824 5 11 4 12 6 9 7 18 6 19 13 8 14 8
r-56 33 0.032197 38 0.0113798 100000 100009 100003 100009 100009 100000 100007 100007 100000 100002 100000 100007 100006 100007
r-546 13 0.564103 38 0.237553 14 25 14 13 28 13 16 36 17 17 33 43 31 32
r-428 28 0.388889 24 0.155797 237 1326 236 1340 504 1059 359 2288 367 2345 732 1516 737 1488
r-143 27 0.652422 20 0.378947 143 163 163 163 172 130 219 250 248 247 294 280 285 276
r-831 26 0.104615 11 0.509091 1 0 0 0 1 0 1 0 0 0 0 0 0 0
r-416 10 1 21 1 0 0 0 0 0 0 0 0 0 0 0 0 0 0
r-146 36 0.68254 14 0.296703 18 24 17 23 22 22 25 32 25 32 56 38 57 39
r-194 26 0.92 30 0.898851 27 38 37 26 45 23 24 39 40 24 502 1611 1585 493
r-905 14 0.89011 10 0.0444444 0 0 0 0 0 0 0 0 0 0 0 0 0 0
r-494 27 0.00854701 24 0.442029 3743 63 62 61 3206 65 4769 68 68 68 4509 36 36 36
r-277 27 0.746439 34 0.327986 1115 852 863 1098 1337 798 1766 1423 1425 1774 1735 1543 1544 1762
r-99 33 0.863636 31 0.0537634 9 15 10 15 13 12 20 33 20 33 11 20 11 20
r-394 37 0.0135135 17 0.382353 1011 2 2 2 994 2 1157 2 2 2 1145 6 6 6
r-594 39 0.0782726 39 0.178138 100007 95426 94100 100005 100005 100002 100001 100008 100004 100009 100001 100002 100005 100009
r-974 40 0.520513 17 0.419118 1810 1348 1789 1321 1885 1262 2953 1996 3033 1995 2601 1373 2590 1366
r-236 27 0.552707 36 0.62381 29003 54157 28593 29879 46694 29814 56902 100007 56539 56643 38478 57901 39044 38840
r-316 29 0.568966 28 0.796296 1447 5094 1490 5063 3068 3869 2449 9750 2448 9802 2463 4529 2503 4493
r-145 36 0.331746 32 0.0604839 1055 100006 1087 100008 33629 13474 1627 100004 1657 100003 16971 100009 17009 100001
r-906 10 0.955556 18 0.359477 1 0 0 1 0 0 1 0 0 1 1 0 0 1
r-477 25 0.616667 11 0.418182 3 3 3 3 4 2 4 3 3 3 8 4 4 4
r-341 26 0.184615 31 0.393548 4636 1096 1071 4637 2534 3600 8118 1723 1702 8130 3824 2919 2875 3916
r-927 29 0.615764 15 0.952381 40 655 41 668 218 368 53 754 52 731 229 857 220 871
r-342 12 0.272727 21 0.861905 0 0 0 0 0 0 0 1 0 0 0 0 0 0
r-119 38 0.475107 36 0.626984 100005 100009 100002 100000 100006 100003 100006 100003 100001 100004 100001 100003 100009 100001
r-726 23 0.284585 11 0.945455 0 1 0 1 1 1 1 2 1 2 1 2 1 2
r-320 28 0.505291 19 0.74269 226 494 220 488 331 426 362 896 360 876 322 435 308 420
r-590 34 0.491979 35 0.156303 3059 13721 3046 3084 8016 4845 5295 27100 5268 5344 7108 12496 7040 7063
r-873 23 0.383399 13 0.628205 8 6 8 7 9 7 11 9 11 8 15 12 15 13
r-566 29 0.916256 23 0.652174 263 32 31 31 215 58 428 46 45 45 390 112 106 105
r-243 22 0.112554 31 0.683871 48 22 23 48 45 28 90 36 35 89 73 37 37 73
r-26 22 0.337662 34 0.427807 6642 6670 6612 6681 7405 6395 12086 12423 12444 12139 6463 7802 7805 6405
r-872 11 0.927273 32 0.625 4 5 5 4 7 3 4 5 5 4 0 0 0 0
r-103 10 0.822222 18 0.588235 0 0 0 0 0 0 0 0 0 0 0 0 0 0
r-991 34 0.131907 10 0.288889 19 0 0 0 19 0 18 0 0 0 18 15 15 15
r-354 20 0.294737 14 0.252747 6 2 6 3 6 2 9 3 9 3 8 5 8 5
r-474 40 0.942308 19 0.0818713 1 1 1 1 1 1 4 3 3 3 1 2 2 2
r-823 40 0.0923077 11 0.454545 3 0 0 0 3 0 5 1 1 1 2 0 0 0
r-836 12 0.106061 29 0.433498 2 4 4 2 5 2 2 3 3 2 2 6 6 2
r-720 31 0.597849 36 0.501587 100003 100006 100001 100009 100009 100007 100000 100005 100007 100003 100008 100005 100004 100007
r-6 23 0.304348 37 0.53003 6916 6303 6254 6740 7761 5868 11430 11274 11210 11681 6471 10225 10298 6408
r-998 37 0.39039 15 0.428571 364 87 87 88 365 90 551 115 114 111 359 116 119 118
r-87 24 0.971014 39 0.712551 100000 1256 1258 100004 100001 100004 100006 1722 1705 100005 100000 100009 100009 100004
r-429 27 0.210826 22 0.640693 44 57 57 58 59 33 59 95 91 92 137 113 112 113
r-398 14 0.692308 17 1 31 1451 31 30 1323 30 15 1640 15 15 19 1465 20 20
r-969 34 0.285205 10 0.288889 0 0 0 0 0 0 0 0 0 0 0 0 0 0
r-37 18 0.24183 31 0.591398 194 105 108 198 165 149 288 154 157 296 301 234 219 289
r-132 25 0.46 23 0.225296 208 520 200 525 309 441 326 967 327 972 345 394 347 394
r-105 38 0.559033 16 0.808333 336 418 335 409 392 386 509 597 491 578 524 367 528 357
r-993 39 0.155196 19 0.438596 306 18 17 18 273 38 491 24 24 23 266 205 203 204
r-761 23 0.695652 36 0.453968 5027 5277 5269 5000 6135 4578 8340 9673 9720 8294 8039 7950 7803 8120
r-887 30 0.347126 29 0.268473 10620 18547 10681 18614 14075 16226 18973 34764 19069 34739 13300 18044 13479 18151
r-608 33 0.198864 15 0.257143 37 3 3 3 38 3 43 3 3 3 35 16 17 17
r-703 23 0.822134 19 0.146199 1 1 1 1 1 1 3 3 3 2 2 4 2 4
r-157 32 0.016129 23 0.916996 0 0 0 0 0 0 3 2 2 2 0 0 0 0
r-787 24 0.057971 11 0.454545 0 0 0 0 0 0 1 0 0 0 0 0 0 0
r-576 24 0.992754 40 0.462821 16495 431 435 16404 10116 2327 23628 620 609 23642 19471 2570 2522 19175
r-918 35 0.29916 38 0.163585 60965 100005 61545 61075 100004 84602 98205 100004 97355 99549 100007 100006 100008 100009
r-707 22 0.0692641 26 0.572308 65 6 5 67 32 16 100 7 7 98 58 10 10 60
r-80 12 0.787879 33 0.130682 1 1 1 1 2 1 2 2 2 2 2 2 2 2
r-441 32 0.163306 33 0.346591 42807 10772 10754 43770 30668 32846 77719 17284 17569 78980 33219 18176 18254 32826
r-366 26 0.267692 17 0.705882 9 17 17 18 12 19 13 27 27 27 18 24 25 26
r-530 29 0.211823 13 0.5 8 2 2 2 8 3 12 3 3 3 6 4 4 4
r-339 25 0.24 25 0.563333 289 153 157 286 306 136 436 240 233 425 464 326 326 465
r-916 27 0.165242 32 0.879032 22 27 25 25 26 17 45 40 44 45 27 34 27 27
r-311 31 0.16129 12 0.166667 0 0 0 0 0 0 0 0 0 0 0 0 0 0
r-256 13 0.641026 12 0.969697 0 22 0 22 12 6 0 26 0 26 1 23 1 22
r-168 16 0.716667 23 0.134387 1 2 1 1 2 1 2 4 2 2 3 2 3 3
r-844 37 0.852853 12 0.878788 0 0 0 0 0 0 0 0 0 0 0 0 0 0
r-154 15 0.647619 12 0.257576 0 0 0 0 0 0 0 1 0 1 1 1 1 1
r-344 19 0.140351 24 0.155797 4 13 13 4 12 5 3 15 15 3 13 57 57 14
r-451 21 0.77619 23 0.339921 25 27 27 28 32 20 41 38 38 40 45 37 37 45
r-558 38 0.362731 40 0.773077 17062 30950 17118 17054 26348 14493 31559 57721 31283 31684 31351 39189 31771 31094
r-767 34 0.199643 24 0.141304 3988 2302 4162 2308 4279 2377 5426 2883 5407 2835 14766 8849 15032 8659
r-999 33 0.261364 32 0.502016 24281 20269 20232 20117 25835 16425 43813 39106 39395 39214 30809 24726 24782 25152
r-928 18 0.202614 14 0.010989 2 18187 2 17956 5374 4489 2 18091 2 18391 254 18174 246 18227
r-183 23 0.166008 18 0.156863 8 3 8 2 8 3 10 3 10 3 17 30 17 32
r-60 38 0.789474 35 0.769748 100001 100001 100009 100002 100001 100006 100008 100009 100007 100009 100009 100004 100002 100005
r-564 30 1 10 0.177778 1 0 0 0 1 0 2 0 0 0 1 0 0 0
r-455 39 0.592443 27 0.626781 100002 61223 100009 61368 100004 57856 100000 100008 100009 100006 85288 89609 85612 88784
r-101 20 0.257895 23 0.142292 5 34 5 5 24 7 6 51 7 7 28 78 27 28
r-414 36 0.839683 23 0.3083 85 72 76 75 96 51 127 121 121 124 154 133 135 134
r-884 20 0.594737 38 0.719772 652 2976 646 630 2647 702 927 5077 937 931 1020 2434 1009 1010
r-620 19 0.134503 11 0.0909091 0 0 0 0 0 0 0 0 0 0 2 0 2 0
r-547 23 0.181818 10 0.333333 1 0 0 0 1 0 1 0 0 0 1 0 0 0
r-591 19 0.51462 28 0.814815 26 131 26 25 94 39 41 258 39 40 37 98 37 39
r-950 34 0.16934 16 0.416667 74 12 12 12 75 17 124 15 15 15 51 21 21 21
r-914 34 0.368984 39 0.0931174 3166 28238 3087 3086 20935 4850 3088 45699 3069 3077 4635 36190 4647 4629
r-302 14 0.472527 21 0.214286 2 11 2 2 9 3 3 20 3 3 4 12 4 4
r-987 27 0.57265 33 0.94697 59 1354 58 59 1075 72 92 2142 89 90 142 1560 140 144
r-846 38 0.662873 26 0.424615 10279 8141 8221 8105 11010 8465 19281 14868 14818 14861 12104 11455 11316 11358
r-7 21 0.909524 15 0.609524 5 1 1 1 5 1 9 1 1 1 5 1 1 1
r-955 34 0.782531 24 0.148551 42 47 41 49 60 35 70 86 69 86 74 100 72 89
r-263 40 0.842308 32 0.790323 100002 47384 47364 47574 100005 66440 100000 66377 66879 66760 100000 100005 100003 100007
r-550 32 0.719758 18 0.20915 18 17 19 16 22 19 26 29 28 29 49 45 47 45
r-714 25 0.516667 14 0.516484 54 35 35 34 55 33 83 47 48 47 59 37 36 37
r-261 28 0.00529101 16 0.616667 9 1 1 1 10 1 17 1 1 1 11 3 3 3
r-485 36 0.0031746 40 0.273077 100000 100004 100003 100000 100004 100003 100003 100008 100008 100002 100006 100004 100003 100006
r-741 14 0.428571 27 0.783476 7 7 7 7 8 6 10 9 10 10 7 10 7 7
r-574 23 0.865613 34 0.627451 4024 1618 1608 4040 3254 3144 6817 2610 2595 6766 4011 5138 5038 4017
r-307 24 0.706522 16 0.508333 46 15 16 16 45 17 85 22 23 22 31 18 18 18
r-461 34 0.850267 26 0.772308 11227 1354 1365 1374 10994 1805 16178 1874 1904 1932 12601 2930 2899 2892
r-165 14 0.043956 35 0.388235 1966 175 176 1952 1106 1213 2272 234 239 2261 2366 704 691 2338
r-369 11 0.945455 11 0.927273 0 0 0 0 0 0 0 0 0 0 0 0 0 0
r-399 32 0.296371 24 0.550725 1865 1374 1341 1419 1959 1203 3012 2405 2379 2430 2933 2135 2154 2129
r-293 20 0.178947 25 0.07 4 769 4 4 594 5 5 838 5 5 450 1543 444 451
r-629 15 0.695238 38 0.291607 18 19 18 19 26 19 26 29 25 26 43 45 43 43
r-520 28 0.674603 29 0.394089 2350 2530 2531 2354 2879 2097 4061 4721 4826 4142 2984 3163 3162 3073
r-397 24 0.851449 37 0.933934 72 100004 73 72 100005 91 84 100000 87 86 768 100001 774 770
r-35 28 0.0291005 15 0.352381 375 0 0 0 376 0 456 0 0 0 617 1 1 1
r-331 32 0.782258 10 0.466667 1 0 0 0 1 0 1 0 0 0 1 0 0 0
r-313 10 0.2 38 0.231863 0 0 0 0 0 0 0 0 0 0 0 0 0 0
r-850 31 0.455914 31 0.690323 10792 11082 10957 10747 13283 10435 20505 19488 20810 20549 13523 15389 13410 13420
r-425 22 0.692641 35 0.789916 531 3693 542 550 3011 688 777 5963 781 800 601 1799 590 593
r-867 17 0.735294 28 0.113757 4 6 4 4 7 2 6 9 6 6 6 8 6 6
r-418 31 0.802151 10 0.577778 3 0 0 0 3 0 3 0 0 0 2 0 0 0
r-392 15 0.914286 14 0.461538 1 0 0 0 1 0 3 0 0 0 2 0 0 0
r-352 35 0.344538 32 0.764113 4144 4825 4050 4818 5225 3649 7481 8504 7428 8455 5435 7384 5400 7361
r-722 18 0.20915 31 0.423656 601 321 319 582 471 535 1001 558 555 983 546 651 654 562
r-627 40 0.839744 28 0.507937 10976 2451 2414 2412 9059 3707 21983 4080 4336 4113 7201 4138 4104 4050
r-498 26 0.704615 13 0.858974 7 1 8 2 8 2 7 1 7 1 11 11 11 11
r-757 15 0.209524 21 0.161905 4 28 4 4 22 5 4 30 4 4 11 34 11 11
r-665 12 0.272727 18 0.542484 1 1 1 1 2 0 1 2 2 1 1 1 1 1
r-447 30 0.124138 31 0.651613 168 81 88 168 181 114 298 149 153 300 264 152 153 268
r-637 16 0.675 33 0.244318 18 27 19 19 32 18 28 39 28 27 38 42 38 38
r-816 35 0.710924 35 0.196639 861 933 875 874 1063 680 1570 1600 1588 1610 1458 1473 1469 1462
r-34 22 0.688312 24 0.764493 217 650 215 217 455 255 331 1040 323 329 417 585 431 414
r-260 10 0.488889 25 0.516667 1 4 1 1 4 1 1 4 1 1 1 4 1 1
r-835 26 0.618462 30 0.926437 16 2125 17 16 1136 26 24 3161 24 24 86 4884 89 89
r-287 13 0.384615 40 0.278205 2 25 2 2 25 2 2 24 2 2 2 15 2 2
r-882 22 0.82684 38 0.0896159 9 15 9 9 15 6 16 24 16 16 18 18 18 18
r-436 32 0.758065 15 0.133333 3 7 3 7 5 5 5 13 5 12 5 8 5 8
r-257 36 0.274603 31 0.597849 10398 12295 12149 12170 12130 9051 18528 24415 24625 24423 18850 16629 16405 16370
r-532 38 0.916074 29 0.137931 26 19 19 19 22 13 46 28 27 28 27 22 22 22
r-517 24 0.855072 16 0.433333 6 3 3 3 7 2 10 5 5 5 8 6 6 6
r-495 18 0.294118 38 0.822191 27 36 27 27 44 28 42 50 43 42 38 59 37 38
r-527 34 0.919786 18 0.588235 120 8 8 8 111 12 181 13 13 13 112 56 56 55
r-484 36 0.687302 33 0.0435606 23 514 24 515 250 89 45 891 46 873 91 235 92 236
r-615 13 0.692308 33 0.274621 4 7 3 4 7 4 5 9 5 5 8 11 8 8
r-612 33 0.924242 37 0.870871 12240 3865 3955 12348 13265 7508 13902 4317 4361 13928 76532 100001 100004 77688
r-213 13 0.820513 18 0.104575 0 0 0 0 0 0 0 0 0 0 0 0 0 0
r-569 17 0.382353 24 0.438406 57 102 103 55 108 50 86 174 171 86 78 146 152 79
r-72 40 0.0794872 15 0.361905 36 6 6 6 34 9 51 9 8 9 27 11 13 13
r-94 38 0.748222 34 0.536542 100002 80903 78811 78499 100002 100009 100009 100000 100003 100009 100000 100008 100002 100007
r-79 25 0.0966667 22 0.844156 2 1 1 1 2 1 4 3 3 3 2 3 3 3
r-421 18 0.300654 25 0.266667 43 149 41 44 126 50 57 239 57 57 88 186 88 89
r-961 34 0.108734 28 0.0343915 52174 100000 52331 100008 100005 100006 55395 100010 54659 100004 100004 100001 100000 100002
r-255 40 0.548718 23 0.181818 1394 1634 1351 1583 2447 1290 2303 2513 2332 2461 1894 2764 1858 2896
r-497 36 0.739683 30 0.689655 100002 54419 54694 54978 100008 60225 100003 88515 89524 89815 100002 93123 91848 91616
r-457 36 0.768254 11 0.236364 3 2 2 2 3 2 4 3 3 3 4 3 3 3
r-323 21 0.238095 12 0.515152 2 1 0 0 2 0 2 1 1 1 2 2 2 2
r-958 27 0.908832 18 0.75817 31 1 1 1 31 1 40 1 1 1 150 2 2 2
r-345 38 0.526316 24 0.130435 384 1567 388 1550 759 1108 608 2399 615 2389 809 1320 808 1317
r-560 21 0.5 25 0.83 25 55 27 26 62 20 42 81 40 42 44 85 45 46
r-790 35 0.226891 39 0.333333 100000 100006 100007 100006 100000 100007 100003 100002 100008 100011 100006 100006 100009 100006
r-58 11 0.745455 18 0.712418 0 1 1 0 1 0 0 1 1 0 0 0 0 0
r-405 28 0.560847 19 0.169591 45 59 43 59 70 51 57 91 63 95 90 156 91 161
r-469 33 0.462121 38 0.334282 100005 100003 100009 100005 100008 100002 100004 100003 100006 100009 100001 100007 100001 100004
r-730 14 0.428571 24 0.865942 0 6 0 0 6 0 1 8 1 1 1 8 1 1
r-901 11 0.418182 25 0.903333 0 1 0 0 1 0 0 2 0 0 0 0 0 0
r-902 28 0.439153 18 0.823529 35 49 36 51 52 41 38 77 37 78 64 81 65 82
r-378 32 0.41129 18 0.843137 27 73 29 75 55 58 40 105 35 107 72 74 75 73
r-52 22 0.203463 12 0.0151515 498 8419 511 8463 2140 7234 550 8481 557 8550 7534 8912 7557 8855
r-478 27 0.635328 15 0.87619 27 95 28 98 49 81 39 124 39 120 90 108 87 105
r-528 36 0.304762 35 0.623529 30614 29655 29295 29277 39764 22575 55744 57176 56931 56423 35718 39426 39541 39414
r-247 31 0.924731 35 0.836975 100005 7252 7173 100003 100002 100005 100001 9682 9449 100006 100000 37126 37271 100006
r-557 40 0.591026 31 0.0709677 161 4176 160 4250 1377 957 251 6706 251 6763 501 2037 486 2032
r-297 26 0.473846 10 0.977778 4 11 4 11 14 9 7 15 6 15 4 15 4 15
r-422 19 0.380117 32 0.00604839 5 35910 5 5 34050 5 6 40690 6 6 557 38024 558 559
r-501 12 0.151515 19 0.146199 0 0 0 0 0 0 0 0 0 0 0 0 0 0
r-593 33 0.5625 27 0.88604 288 2398 279 2332 758 1423 455 4108 466 4097 712 3503 716 3593
r-625 16 0.125 22 0.861472 1 1 1 1 1 0 2 1 1 2 1 1 1 1
r-265 23 0.438735 40 0.0435897 18 2777 18 18 2561 20 26 4103 25 26 35 3351 35 34
r-709 20 0.331579 23 0.956522 1 6 1 1 8 1 2 18 2 2 1 4 1 1
r-90 19 0.666667 17 0.566176 33 15 14 15 31 14 61 21 21 21 19 24 24 23
r-635 13 0.948718 21 0.728571 102 11 11 100 64 47 98 13 13 97 123 70 71 125
r-308 23 0.865613 34 0.286988 86 57 56 80 92 60 154 88 90 154 140 96 99 138
r-607 30 0.241379 13 0.24359 8 1 1 1 8 1 8 1 1 1 6 2 2 2
r-868 15 0.285714 35 0.205042 4 62 4 4 55 4 5 79 5 5 30 37 31 30
r-545 36 0.28254 21 0.580952 694 315 324 322 755 339 1076 465 460 451 748 638 624 623
r-644 35 0.542857 30 0.0666667 103 1360 103 1364 424 341 178 2092 174 2122 258 1068 251 1035
r-319 33 0.327652 26 0.267692 17536 16261 17326 16255 18817 15432 30102 27910 30247 27886 21813 17202 21813 17196
r-212 20 0.447368 37 0.86036 61 86 61 60 97 49 84 125 84 84 55 119 54 55
r-266 16 0.483333 32 0.629032 169 238 166 172 268 162 232 368 235 238 254 327 257 248
r-281 10 0.311111 19 0.251462 0 0 0 0 0 0 0 0 0 0 0 1 0 0
r-753 34 0.518717 14 0.285714 71 53 70 54 80 52 99 62 97 64 143 67 136 65
r-199 23 0.652174 15 0.933333 7 113 7 116 33 69 10 136 10 134 44 108 42 108
r-598 10 0.0222222 14 0.681319 0 0 0 0 0 0 0 0 0 0 0 0 0 0
r-127 22 0.367965 29 0.315271 941 2330 952 921 1999 1024 1526 4244 1544 1535 1478 2166 1470 1477
r-890 36 0.969841 28 0.0555556 3 0 0 0 3 0 11 4 4 4 2 1 1 1
r-759 33 0.776515 13 0.653846 18 2 2 2 17 2 20 2 2 2 14 2 2 2
r-492 40 0.734615 26 0.913846 13973 100000 13802 100004 36564 79820 21021 100009 21229 100007 51195 100008 51208 100008
r-776 11 0.509091 24 0.0507246 0 5 0 0 5 0 0 5 0 0 0 1 0 0
r-837 11 0.0545455 33 0.626894 11 6 6 11 13 10 16 11 10 16 21 10 10 21
r-553 31 0.417204 29 0.130542 695 4002 681 3939 2140 2356 948 6668 979 6569 1931 3896 1898 3918
r-203 19 0 40 0.984615 0 0 0 0 0 0 2 3 3 2 0 0 0 0
r-322 20 0.868421 19 0.48538 13 4 4 4 12 2 18 5 5 5 15 9 9 9
r-175 30 0.308046 18 0.529412 168 104 101 104 188 99 250 159 166 161 272 156 154 154
r-448 13 0.205128 23 0.27668 0 2 2 0 2 0 0 2 2 0 1 3 3 1
r-543 20 0.152632 36 0.419048 1571 685 698 1539 1113 1461 2703 1144 1143 2700 1825 1433 1417 1841
r-178 19 0.280702 21 0.280952 36 25 24 35 21 29 52 40 40 53 27 36 35 27
r-535 17 0.279412 16 0.258333 6 7 6 7 7 6 10 10 9 10 8 8 8 8
r-623 35 0.917647 31 0.817204 47983 679 685 667 35876 1150 58873 820 816 819 100002 1279 1255 1268
r-420 40 0.947436 17 0.463235 50 3 3 3 51 3 73 5 5 6 25 9 9 9
r-180 36 0.939683 30 0.278161 96 20 20 21 81 11 189 31 32 32 72 42 43 43
r-184 36 0.846032 16 0.191667 8 5 5 5 9 4 12 9 8 9 8 9 9 9
r-595 14 0.0769231 27 0.603989 10 3 3 10 8 5 16 5 5 16 17 7 7 18
r-113 22 0.683983 12 0.409091 2 1 1 1 2 1 2 1 2 2 6 3 3 3
r-389 36 0.503175 30 0.885057 760 3356 763 3440 1454 1985 1226 6251 1232 6266 1205 3587 1216 3625
r-161 11 0.545455 32 0.0685484 0 2 0 0 2 0 0 2 0 0 0 0 0 0
r-656 13 0.0384615 29 0.827586 3 1 1 3 3 2 5 3 3 5 3 2 2 3
r-141 12 0.030303 27 0.168091 262 76 76 267 246 197 266 73 75 260 0 0 0 0
r-88 10 0.777778 12 0.030303 0 0 0 0 0 0 0 0 0 0 0 0 0 0
r-186 37 0.854354 30 1 100006 100000 100009 100001 100000 100003 100003 100002 100010 100005 100000 100007 100008 100008
r-124 28 0.179894 27 0.381766 1943 483 487 490 1539 672 3297 727 729 736 1591 1051 1134 1101
r-450 13 0.589744 33 0.727273 2 31 2 2 27 2 3 38 3 3 3 17 3 3
r-387 34 0.650624 29 0.0763547 31 337 31 339 168 74 50 546 49 543 84 391 83 391
r-995 19 0.45614 34 0.864528 30 110 29 29 121 23 44 157 42 44 64 116 68 72
r-75 40 0.0948718 20 0.352632 233 28 28 28 216 44 322 37 36 36 317 83 84 81
r-111 30 0.843678 20 0.473684 82 22 21 21 94 18 125 32 32 33 95 54 53 53
r-731 29 0.130542 19 0.116959 36 2 35 2 34 2 36 1 36 1 62 3 59 3
r-664 12 0 24 0.554348 101 31 30 101 85 51 123 33 32 125 97 13 13 98
r-151 39 0.117409 19 0.0409357 45 3655 43 3614 334 2563 31 882 30 869 15 0 15 0
r-795 12 0.393939 22 0.969697 0 0 0 0 0 0 0 1 0 0 0 0 0 0
r-724 33 0.893939 23 0.339921 64 39 38 38 65 30 102 63 61 63 68 35 35 36
r-109 40 0.903846 40 0.187179 217 155 159 211 204 98 426 290 294 427 365 194 197 359
r-984 35 0.406723 39 0.296896 100002 100008 100002 100007 100005 100005 100004 100000 100003 100008 100003 100000 100009 100008
r-473 22 0.324675 33 0.685606 296 446 286 293 510 243 454 729 449 448 501 766 499 503
r-806 16 0.75 39 0.349528 109 110 108 112 131 99 161 172 173 163 226 243 242 228
r-443 22 0.017316 21 0.204762 100001 7 7 8 100007 8 100008 12 12 11 100006 884 883 893
r-81 34 0.946524 36 0.314286 251 51 50 251 163 96 506 87 88 513 292 60 65 302
r-796 11 0.872727 23 0.624506 3 2 2 3 2 3 4 2 2 4 1 2 2 1
r-181 24 0 39 0.905533 7 2 2 7 5 4 21 6 6 20 7 2 2 7
r-825 29 0.29064 28 0.703704 688 802 826 837 769 602 1154 1380 1412 1382 1185 1047 1071 1043
r-173 20 0.184211 29 0.805419 8 8 8 7 10 5 13 11 11 13 12 11 11 12
r-880 15 0.590476 23 0.909091 0 6 0 0 5 1 1 9 1 1 3 6 3 3
r-817 28 0.230159 22 0.731602 43 29 30 19 45 23 68 46 46 47 69 67 67 67
r-945 40 0.638462 34 0.279857 36679 38989 36748 39225 46776 32509 72376 73839 72907 74068 54667 57199 55121 61051
r-271 17 0.433824 11 0.472727 1 0 0 0 1 0 1 0 0 0 1 0 0 0
r-351 33 0.846591 34 0.352941 1264 915 918 1259 1357 961 2091 1654 1688 2107 2065 1355 1351 2076
r-270 14 0.164835 39 0.68691 17 8 8 17 14 13 20 13 13 19 42 31 31 42
r-208 32 0.0262097 16 0.283333 37435 1 1 1 37712 1 38140 1 1 1 34870 6 6 6
r-711 32 0.772177 20 0.178947 21 19 20 19 26 15 33 37 33 33 32 53 31 53
r-231 27 0.0683761 22 0.246753 2134 19 19 19 1860 21 2747 22 23 22 4868 1194 1189 1155
r-715 21 0.390476 31 0.832258 86 64 84 87 81 54 143 90 141 143 86 102 92 92
r-437 16 0.2 26 0.956923 0 1 0 0 1 0 1 2 1 1 1 1 1 1
r-38 13 0.884615 13 1 9 5972 9 9 4205 985 9 6229 10 10 422 6027 406 411
r-634 30 0.636782 31 0.819355 5941 18393 5938 6011 12526 8296 9584 33696 9803 9556 13529 15098 13533 13602
r-910 10 0.533333 13 0.782051 0 0 0 0 0 0 0 0 0 0 0 0 0 0
r-92 15 0.304762 36 0.207937 2 48 2 2 40 2 3 57 2 2 10 43 9 9
r-86 18 0.777778 25 0.666667 65 88 91 76 113 70 109 139 134 109 89 153 150 87
r-83 39 0.978408 32 0.362903 858 19 20 20 646 18 1657 20 29 29 440 74 74 72
r-896 24 0.855072 26 0.661538 351 43 35 353 170 255 542 63 64 558 522 154 153 519
r-226 29 0.416256 20 0.563158 947 756 783 760 1015 719 1607 1298 1301 1325 847 835 849 851
r-660 39 0.747638 12 0.0757576 3 6 3 6 6 5 6 10 6 10 8 11 9 11
r-967 33 0.979167 24 0.735507 46569 94 92 91 43052 91 57609 68 66 67 50890 934 934 939
r-229 27 0.883191 15 0.92381 199 4 199 4 199 1 179 0 192 0 0 0 0 0
r-346 27 0.712251 12 0.136364 1 2 1 2 2 1 2 3 2 3 5 4 5 4
r-139 18 0.24183 28 0.589947 75 62 61 75 81 61 109 93 90 107 135 95 100 135
r-468 36 0.442857 26 0.0984615 410 2812 396 2845 1103 1487 611 4947 630 4886 362 3114 354 3118
r-692 24 0.144928 24 0.144928 37 45 36 38 40 41 43 55 43 42 406 273 410 397
r-674 38 0.704125 34 0.736185 100008 100007 100005 100009 100003 100007 100000 100006 100006 100009 100008 100003 100007 100001
r-799 26 0.304615 22 0.47619 863 274 273 262 783 311 1639 444 446 437 575 459 477 465
r-419 34 0.247772 10 0.355556 0 0 0 0 0 0 0 0 0 0 0 0 0 0
r-33 15 0.466667 29 0.408867 70 165 72 71 156 70 100 271 105 99 85 175 85 83
r-864 25 0.326667 31 0.913978 16 46 17 16 48 10 26 89 25 27 23 48 24 24
r-290 20 0.842105 17 0.808824 13 2 2 2 13 2 16 2 2 2 18 7 7 7
r-631 24 0.637681 32 0.52621 9302 6892 6897 9254 8190 8530 18921 13399 13493 18704 8298 8712 8325 8301
r-413 31 0.696774 13 0.0512821 1 17 1 17 8 10 3 25 3 26 8 20 8 22
r-571 33 0.00189394 29 0.125616 100000 100006 100000 100009 100003 100000 100003 56432 56623 56306 100005 100007 100009 100001
r-488 38 0.268848 19 0.502924 666 217 214 214 694 198 1025 312 315 314 810 364 376 380
r-490 22 0.974026 20 0.789474 36671 4 4 4 28077 4 42487 5 6 6 60166 69 68 64
r-110 21 0.771429 20 0.468421 30 23 23 24 34 18 43 31 32 30 35 34 33 34
r-565 13 0.807692 33 0.888258 0 5 0 0 4 0 0 5 0 0 1 8 1 1
r-997 24 0.235507 38 0.642959 886 967 979 890 1178 769 1382 1643 1625 1362 1883 1486 1485 1938
r-248 11 0.472727 22 0.541126 2 4 2 2 4 2 3 5 3 3 3 5 3 3
r-223 17 0.5 40 0.266667 63 377 62 61 308 76 86 582 87 88 124 287 125 125
r-988 28 0.76455 14 0.21978 3 5 2 5 4 4 4 9 4 9 10 8 10 8
r-847 24 0.286232 35 0.141176 422 3466 425 426 2650 668 594 5305 592 596 2867 3233 2860 2807
r-356 26 0.855385 37 0.429429 1518 511 513 1521 1012 908 2513 832 831 2525 1827 708 738 1826
r-74 16 0.933333 14 0.340659 0 0 0 0 0 0 1 0 0 0 0 0 0 0
r-891 16 0.925 38 0.820768 8 7 7 8 7 8 3 3 3 3 1 0 0 1
r-462 32 0.862903 38 0.0170697 1 16 1 1 11 1 7 36 7 7 4 14 4 4
r-601 10 0.377778 22 0.160173 0 1 0 0 1 0 0 1 0 0 0 1 0 0
r-76 28 0.915344 20 0.421053 80 9 9 9 81 7 116 10 10 10 47 15 16 15
r-367 12 0.151515 18 0.235294 0 0 0 0 0 0 0 0 0 0 0 1 1 0
r-167 20 0.289474 26 0.492308 357 159 155 354 238 285 655 253 249 668 476 437 451 487
r-40 11 0.654545 36 0.930159 0 8 0 0 7 1 1 12 1 1 2 12 2 2
r-359 26 0.563077 29 0.369458 2923 3773 2906 2942 3835 2739 4845 6455 4867 4920 5067 6603 4999 4969
r-582 26 0.378462 16 0.591667 48 24 24 24 55 20 66 31 32 32 62 39 39 39
r-224 12 0.666667 34 1 3 16158 3 3 16409 3 4 17211 4 3 345 16236 343 345
r-467 25 0.803333 35 0.823529 1957 6424 1957 1984 5393 2367 2580 9376 2671 2693 4424 8808 4405 4365
r-996 30 0.0344828 20 0.221053 6347 3 3 3 6100 3 7158 3 3 3 8631 12 12 12
r-653 34 0.083779 25 0.693333 48 16 17 17 43 10 90 28 27 28 48 31 31 31
r-773 27 0.988604 37 0.264264 332 16 15 320 245 65 555 30 30 561 297 72 73 288
r-174 10 0.8 15 0 0 0 0 0 0 0 0 0 0 0 0 0 0 0
r-191 16 0.283333 30 0.045977 1 1642 1 1 1469 1 1 1788 1 1 4 1900 4 4
r-496 31 0.0817204 40 0.984615 1 6 1 1 4 1 6 13 6 6 2 7 2 2
r-792 25 0.18 35 0.0487395 7 100008 7 7 100000 13 8 100002 7 8 40 100002 41 40
r-570 14 0.263736 39 0.322537 23 103 100 23 100 22 24 106 108 24 127 70 69 123
r-327 14 0.813187 15 0.609524 3 1 1 3 2 2 5 1 1 5 2 2 2 2
r-155 10 0.333333 34 0.907308 0 0 0 0 0 0 0 1 0 0 0 1 0 0
r-347 22 0.831169 28 0.121693 4 7 4 4 8 3 8 13 8 8 10 8 10 10
r-784 23 0.695652 26 0.750769 575 1202 573 577 1001 613 885 2118 873 901 686 1021 668 670
r-680 40 0.179487 32 0.310484 100009 25067 24985 25397 100001 35294 100003 32651 33260 33124 100005 41882 41869 42055
r-267 23 0.0909091 34 0.552585 481 82 81 494 198 214 768 127 128 772 457 226 218 456
r-661 34 0.269162 14 0.175824 12 1 12 1 12 1 12 1 12 1 9 4 9 4
r-264 12 0.0757576 28 0.396825 29 13 13 30 28 23 32 15 15 32 19 38 38 20
r-282 18 0.705882 18 0.379085 7 9 9 7 8 7 9 15 15 9 18 15 15 18
r-513 40 0.897436 16 0.341667 13 8 8 9 14 7 17 13 13 13 13 11 11 10
r-572 13 0.692308 32 0.046371 0 2 0 0 2 0 1 3 1 1 0 1 0 0
r-153 32 0.354839 31 0.12043 2075 6961 2077 6988 4343 4304 3367 11751 3337 11747 2488 6612 2421 6667
r-907 36 0.895238 18 0.0718954 1 3 1 3 2 2 3 5 4 5 2 4 2 4
r-114 32 0.893145 35 0.801681 100006 32764 33108 100004 93170 81704 100009 46745 46597 100005 100009 53877 53763 100004
r-747 39 0.345479 15 0.352381 667 130 129 131 651 133 902 157 160 160 427 288 287 296
r-196 37 0.376877 33 1 1040 73156 1040 72005 73872 4309 921 80257 918 81042 9345 72343 9329 72263
r-952 15 0.857143 10 0.266667 0 0 0 0 0 0 0 0 0 0 0 0 0 0
r-130 33 0.975379 19 0.48538 218 3 3 3 211 3 323 4 3 4 121 14 14 14
r-538 36 0.407937 24 0.336957 19089 16889 18982 16924 20282 15927 36913 31562 36587 31718 21982 20193 21879 20537
r-938 37 0.361862 15 0.980952 5 131 5 152 116 54 12 192 12 194 18 123 19 127
r-647 17 0.992647 20 0.889474 100000 100009 100006 100002 100001 100000 100002 100004 100000 100001 100009 100005 100000 100009
r-617 28 0.505291 12 0.257576 9 4 8 4 9 4 11 5 12 5 13 7 14 7
r-923 17 0.919118 30 0.0873563 1 1 1 1 1 1 3 3 3 3 1 1 1 1
r-380 32 0.756048 17 0.338235 66 29 29 28 73 25 98 45 45 45 64 34 34 34
r-879 33 0.181818 27 0.333333 10164 2090 2120 2133 9365 2651 18276 3295 3283 3289 7784 3644 3613 3658
r-892 27 0.0683761 11 0.272727 1 0 0 0 1 0 1 0 0 0 2 0 0 0
r-57 36 0.465079 10 0.377778 0 0 0 0 0 0 0 0 0 0 1 0 1 0
r-2 38 0.203414 20 0.989474 3 20 3 21 15 8 7 43 7 43 5 24 4 24
r-911 19 0.918129 19 0.0116959 0 0 0 0 0 0 0 1 0 0 0 0 0 0
r-855 36 0.747619 19 0.935673 2427 6499 2405 6528 4357 5867 2881 7169 2869 7280 97441 15403 97388 15060
r-136 23 0.391304 10 0.377778 4 1 4 1 4 1 4 1 4 1 3 1 3 1
r-589 35 0.734454 18 0.986928 100008 100008 100003 100006 100006 100008 100004 100006 100007 100004 19931 100000 19859 100001
r-791 33 0.123106 17 0.198529 47 1 1 1 47 2 52 1 1 1 105 7 10 10
r-531 35 0.0252101 32 0.340726 100002 143 148 143 100007 152 100000 226 228 226 100004 14633 14601 14449
r-985 16 0.45 12 0.681818 1 1 1 1 1 1 1 1 1 1 2 2 2 2
r-95 25 0.303333 26 0.286154 1663 2161 1638 1651 1992 1590 2728 3736 2686 2711 2054 2221 2071 2063
r-782 28 0.465608 39 0.218623 5134 15354 5164 5084 10619 7333 8798 29924 8823 8633 5211 13062 5344 5268
r-621 20 0.3 39 0.848853 33 56 33 32 60 31 54 87 52 51 46 71 44 45
r-940 38 0.119488 28 0.0820106 2753 629 2764 642 3059 650 3181 704 3235 700 77871 21803 76965 21682
r-214 19 0.0643275 14 0.263736 38 0 0 0 35 0 42 0 0 0 55 2 2 2
r-204 21 0.371429 19 0.520468 45 41 41 40 46 35 66 59 57 58 62 67 67 67
r-904 35 0.665546 18 0.176471 52 135 51 130 80 89 77 206 75 208 128 281 126 282
r-410 12 0.848485 28 0.949735 0 59 0 0 57 0 0 59 0 0 11 63 11 12
r-609 31 0.0408602 20 0.447368 108 6 6 6 99 8 162 9 9 9 109 11 11 11
r-697 38 0.630156 37 0.668168 100007 100009 100003 100007 100001 100009 100008 100002 100000 100000 100001 100001 100003 100008
r-170 11 0.309091 40 0.476923 5 8 8 5 9 6 5 8 8 5 1 11 11 1
r-210 15 0.409524 14 0.89011 0 0 0 0 0 0 0 1 0 1 0 1 0 1
r-922 21 0.504762 14 0.604396 15 15 15 15 16 14 21 20 21 21 18 18 19 18
r-39 15 0.409524 13 0.897436 0 0 0 0 0 0 1 1 0 1 0 1 0 1
r-649 27 0.282051 27 0.048433 21 6194 21 20 3045 612 26 7595 26 26 95 6916 90 93
r-13 22 0.329004 14 0.549451 10 8 8 8 11 8 13 11 12 12 16 10 10 9
r-53 11 0.418182 37 0.722222 4 8 4 4 8 4 4 10 4 4 4 17 4 4
r-802 24 0.365942 18 0.287582 96 95 97 93 106 89 152 148 151 147 137 103 136 102
r-47 31 0.427957 20 0.784211 120 211 123 212 166 155 189 307 191 316 283 404 287 392
r-464 28 0.119048 32 0 100005 100009 100008 100001 100000 100004 100013 100002 100008 100002 100008 100000 100005 100007
r-275 12 0.348485 35 0.640336 12 15 15 12 17 11 14 18 19 14 17 20 20 17
r-821 36 0.522222 27 0.102564 285 1522 285 1542 695 698 443 2404 444 2430 745 1648 741 1556
r-335 15 0 36 0.366667 100004 3288 3259 100008 100009 100004 100000 3478 3491 100000 100004 57651 57211 100004
r-652 40 0.117949 25 0.69 149 109 109 111 196 84 250 181 174 178 195 152 151 152
r-176 29 0.618227 35 0.552941 77439 60741 60872 77718 69688 70574 100008 100001 100004 100008 73684 74960 75300 72323
r-937 36 0.336508 16 0.75 112 90 100 94 143 81 165 133 172 135 186 143 198 140
r-59 10 0.422222 28 0.253968 0 2 0 0 2 0 0 2 0 0 0 1 0 0
r-874 23 0.367589 36 0.271429 1506 5846 1500 1517 5138 1769 2332 10490 2344 2382 2487 2534 2546 2522
r-696 18 0.816993 31 0.0408602 0 2 0 0 1 0 2 5 2 2 1 2 1 1
r-360 33 0.479167 18 0.803922 159 205 160 200 238 173 275 302 243 302 256 374 252 383
r-240 33 0.566288 34 0.684492 67180 100009 66576 66458 84400 73427 100007 100004 100010 100005 82213 100007 81865 81553
r-585 18 0.633987 16 0.35 4 4 4 4 5 3 3 5 3 5 5 4 5 4
r-555 15 0.228571 23 0.932806 0 1 0 0 1 0 1 2 1 1 0 1 0 0
r-695 36 0.815873 16 0.808333 49 3 3 3 48 3 50 3 3 3 36 12 11 11
r-280 11 0.781818 29 0.184729 1 1 1 1 1 1 1 1 1 1 1 2 1 1
r-537 10 1 32 0.358871 15 7 7 16 23 10 22 11 11 21 14 6 6 13
r-822 39 0.434548 39 0.412955 100005 100007 100008 100007 100005 100004 100009 100001 100003 100006 100003 100003 100007 100006
r-32 24 0.242754 10 0.0666667 3 2 3 2 4 2 3 2 3 2 0 0 0 0
r-989 13 0.807692 38 0.108108 1 2 1 1 2 1 2 2 2 2 2 2 2 2
r-162 21 0.633333 13 0.294872 2 4 2 4 2 4 3 6 3 6 5 5 5 5
r-920 11 0.0363636 19 0.684211 0 0 0 0 0 0 1 0 0 1 0 0 0 0
r-518 18 0.816993 40 0.274359 41 52 53 41 74 40 65 79 82 65 82 76 77 82
r-14 40 0.111538 31 0.602151 1003 407 396 410 1052 313 1539 622 622 608 1220 632 635 633
r-876 37 0.501502 18 0.614379 1490 1279 1500 1298 1601 1197 2499 2139 2507 2151 1873 1124 1933 1131
r-975 22 0.311688 38 0.608819 1833 1671 1674 1831 1995 1520 2905 2765 2749 2961 3043 3083 3132 3025
r-506 33 0.0890152 11 0.927273 0 0 0 0 0 0 1 1 1 1 0 0 0 0
r-962 13 0.512821 11 0.436364 0 0 0 0 0 0 0 0 0 0 0 0 0 0
r-693 36 0.6 38 0.300142 70641 77593 70073 70416 89918 57004 100002 100003 100001 100004 80825 96105 80990 80990
r-216 16 0.925 12 0.651515 2 0 0 0 2 0 2 0 0 0 4 0 0 0
r-43 10 0 36 0.201587 9 54 56 9 70 8 8 53 52 8 0 0 0 0
r-115 30 0.0137931 14 0.153846 25239 0 0 0 25018 0 26645 0 0 0 15399 16 16 16
r-839 11 0.636364 20 0.194737 0 0 0 0 0 0 0 1 0 0 0 1 0 0
r-363 17 0.617647 36 0.671429 167 761 168 164 681 162 226 1207 226 224 234 452 231 233
r-48 18 0.189542 10 0.0666667 0 0 0 0 0 0 0 0 0 0 4 0 4 0
r-412 39 0.643725 40 0.689744 100009 100006 100005 100004 100009 100002 100003 100006 100009 100004 100005 100001 100003 100007
r-681 25 0.683333 13 0.25641 4 5 4 5 4 5 5 8 5 8 6 8 9 9
r-870 26 0.575385 31 0.443011 6683 6664 6717 6691 7553 5905 12521 12844 12703 12516 8864 10061 9984 8931
r-273 39 0.82861 21 0.347619 96 99 100 98 117 95 146 156 157 157 136 106 108 106
r-794 18 0.568627 38 0.638691 721 1382 735 720 1301 715 1017 2392 1032 1039 698 952 699 696
r-750 30 0.468966 40 0.897436 229 2819 230 234 2747 205 384 4203 383 372 708 2473 677 707
r-866 32 0.822581 23 0.833992 605 96 610 97 634 106 807 111 784 108 1658 257 1613 239
r-66 13 0.974359 23 0.620553 307 7 7 308 139 98 362 10 10 371 291 40 41 294
r-465 35 0.263866 27 0.985755 8 46 8 46 33 17 16 114 16 116 13 45 13 43
r-583 30 0.496552 29 0.977833 59 1024 57 997 628 123 89 1676 90 1711 117 796 118 775
r-235 35 0.215126 28 0.195767 17312 9783 17006 9884 18162 10246 24608 13622 24906 13517 25226 17689 25533 17756
r-630 13 0.141026 10 0.777778 0 0 0 0 0 0 0 0 0 0 0 0 0 0
r-502 34 0.643494 29 0.295567 3261 3859 3226 3875 4256 2867 5594 6998 5664 7058 4524 6147 4414 6204
r-978 34 0.71123 25 0.206667 189 188 189 192 256 156 314 313 316 318 307 507 312 515
r-227 33 0.575758 28 0.952381 170 3933 156 3896 1831 631 201 5986 206 5939 365 7498 378 7261
r-990 38 0.335704 30 0.650575 18365 12218 12198 12303 20300 10518 34660 21447 21553 21387 25002 19012 18734 19363
r-930 22 0.961039 25 0.703333 3554 23 22 3552 1789 244 4513 33 33 4432 3413 539 460 3328
r-979 26 0.273846 39 0.11336 280 9004 290 280 6476 450 382 12802 387 383 477 17999 480 476
r-24 37 0.605105 11 0.6 14 1 1 1 14 1 15 1 1 1 4 4 4 5
r-552 13 0.551282 17 0.683824 1 2 0 1 1 1 1 3 1 1 1 1 1 1
r-549 14 0.846154 34 0.16934 3 4 4 3 6 2 5 8 8 5 4 5 5 4
r-73 19 0.684211 30 0.951724 5 844 5 5 817 6 3 1082 3 3 17 1059 18 18
r-725 24 0.00362319 14 0.89011 0 0 0 0 0 0 1 0 0 0 0 0 0 0
r-685 17 0.470588 10 0.0444444 0 1 5 1 0 1 0 1 0 1 0 1 0 1
r-573 10 0.888889 31 0.187097 0 0 0 0 1 0 1 1 1 1 1 0 0 1
r-954 23 0.418972 15 0.961905 2 5 2 5 6 3 4 9 4 9 4 13 4 14
r-10 29 0.761084 39 0.0796221 46 99 49 48 94 34 84 185 85 87 59 108 59 58
r-511 13 0.102564 11 0.236364 0 0 0 0 0 0 0 0 0 0 0 0 0 0
r-279 23 0.940711 28 0.542328 377 12 13 373 135 73 603 22 21 604 420 55 55 418
r-524 20 0.368421 39 0.278003 463 3490 466 472 3058 515 641 5448 630 630 829 1969 845 858
r-540 40 0.660256 18 0.647059 3967 1074 1082 1069 3984 1096 6208 1438 1478 1455 3068 1726 1769 1748
r-672 22 0.87013 25 0 1 4 1 1 3 1 2 8 2 2 1 4 1 1
r-62 30 0.243678 22 0.0909091 110 789 109 811 307 677 152 1010 157 1028 6457 1337 5903 1342
r-23 23 0.347826 15 0.00952381 1047 7870 1048 7843 7161 2723 980 8532 973 8503 204 7588 206 7598
r-379 18 0.130719 31 0.627957 46 12 12 44 29 26 66 21 20 66 67 35 36 67
r-286 33 0.765152 24 0.76087 8331 2919 2898 2918 8375 3043 13200 4045 4106 4061 9419 7128 7170 7218
r-69 29 0.94335 13 0.205128 1 0 0 0 1 0 1 0 0 0 1 0 0 0
r-217 39 0.221323 30 0.409195 67449 24583 24827 24837 61206 32459 100008 44433 44868 44641 57467 43173 43180 43221
r-337 32 0.933468 20 0.831579 359 6 6 6 370 6 386 5 5 5 2106 43 44 46
r-646 35 0.105882 36 0.819048 108 74 76 115 107 80 217 130 129 223 150 112 107 149
r-682 38 0.059744 34 0.180036 100005 1596 1616 1593 100008 2079 100000 2080 2085 2068 100004 100008 100003 100008
r-881 13 0.384615 36 0.609524 32 53 50 31 54 31 37 68 71 37 45 107 108 43
r-668 35 0.77479 31 0.941935 3234 100008 3297 100007 100000 100008 4252 100000 4219 100008 100002 100003 100004 100008
r-386 40 0.55 36 0.771429 79921 100002 80075 100005 100002 100004 100004 100007 100009 100009 100004 100009 100004 100000
r-82 24 0.811594 16 0.25 1 1 1 1 1 1 2 2 2 2 3 5 5 5
r-515 35 0.221849 12 0.348485 9 0 0 0 9 0 9 0 0 0 5 2 2 2
r-104 21 0.438095 17 0.433824 42 38 43 38 44 32 70 61 69 60 53 38 53 38
r-372 22 0.649351 25 0.273333 62 69 57 58 80 42 90 103 89 88 138 116 137 134
r-396 25 0.91 14 0.989011 23 167 23 172 23 169 23 171 24 168 0 0 0 0
r-9 25 0.443333 30 0.583908 6058 6510 6171 6072 6826 5748 11684 12254 11620 11551 8605 8667 8556 8618
r-65 40 0.982051 29 0.123153 12 1 1 1 10 0 27 6 6 6 9 2 2 2
r-289 32 0.193548 19 0.28655 376 38 37 39 367 48 530 47 47 47 438 95 97 96
r-929 29 0.76601 14 0.56044 49 7 7 7 48 8 74 8 8 8 35 7 7 7
r-735 25 0.373333 38 0.624467 8032 8132 7978 8088 9207 6764 14051 14033 14056 14054 7475 14001 14073 7340
r-828 31 0.156989 17 0.610294 10 11 11 11 10 7 13 17 17 17 21 14 14 14
r-432 34 0.814617 19 0.479532 75 69 68 71 77 68 111 76 75 74 135 55 56 55
r-616 25 0.863333 17 0.382353 9 3 3 3 9 2 13 4 4 4 6 6 6 6
r-470 18 0.0849673 23 0.134387 1 19 19 1 3 18 1 3 3 1 17 75 77 18
r-807 39 0.238866 34 0.42959 100001 71030 71237 71294 100005 94964 100005 100009 100005 100009 100000 100009 100003 100009
r-438 13 0.282051 18 1 0 2 0 0 1 0 0 3 0 0 0 2 0 0
r-140 13 0.897436 10 0.822222 0 0 0 0 0 0 0 0 0 0 0 0 0 0
r-908 38 0.550498 23 0.245059 2592 3035 2526 3005 3469 2656 4342 4836 4432 4936 4375 4691 4373 4739
r-433 17 0.0808824 36 0.690476 31 9 9 30 20 16 49 15 15 50 35 10 10 36
r-827 38 0.142248 29 0.684729 516 374 377 377 645 255 873 719 710 690 683 582 567 566
r-362 36 0.473016 20 0.915789 63 549 63 553 167 306 99 829 104 850 248 794 246 810
r-744 12 0.106061 34 0.456328 84 56 57 85 78 77 107 77 78 105 75 89 92 78
r-658 14 0.912088 30 0.0528736 0 0 0 0 0 0 1 1 1 1 0 0 0 0
r-220 16 0.233333 25 0.153333 1 14 1 1 11 1 1 19 1 1 20 33 20 19
r-207 25 0.843333 19 0.947368 20 1213 20 1180 270 457 24 982 25 987 364 1207 384 1240
r-893 17 0.0882353 24 0.663043 10 1 2 10 5 5 15 3 3 15 12 7 8 12
r-521 22 0.714286 15 0.87619 6 10 6 11 8 10 7 13 8 13 11 17 13 18
r-568 31 0.247312 25 0.16 1777 2819 2072 2776 2162 2481 2470 4187 2425 3982 4565 3124 4631 3100
r-562 18 0.235294 35 0.27395 124 784 787 128 721 126 146 1076 1058 133 198 426 448 193
r-96 21 0.342857 16 0.633333 6 5 5 5 7 4 8 6 6 6 10 8 8 8
r-177 32 0.254032 37 0.256757 100006 100005 100006 100001 100000 100003 100009 100001 100005 100009 100009 100005 100008 100000
r-118 36 0.447619 20 0.0789474 94 599 116 588 348 392 198 969 200 1075 494 455 509 453
r-482 11 0.872727 21 0.452381 0 1 1 0 1 0 1 2 2 1 1 1 1 1
r-93 15 0.390476 31 0.621505 77 101 77 75 115 70 106 152 107 108 142 145 143 143
r-21 13 0.141026 25 0.85 0 0 0 0 0 0 1 1 1 1 0 0 0 0
r-858 13 0.910256 40 0.802564 0 0 0 0 0 0 0 0 0 0 0 0 0 0
r-597 21 0.0761905 22 0.5671 44 4 4 44 35 15 58 7 7 59 45 10 10 46
r-712 24 0.478261 17 0.176471 22 65 23 69 36 60 37 125 33 125 36 48 38 49
r-786 10 0.933333 33 0.986742 0 0 0 0 0 0 0 0 0 0 0 0 0 0
r-673 22 0.393939 13 0.897436 1 4 1 4 1 2 1 6 1 6 1 2 2 2
r-312 16 0.808333 16 0.3 1 1 1 1 1 0 2 1 1 2 1 2 2 1
r-645 34 0.190731 19 0.994152 2 13 2 12 8 6 5 28 6 27 3 14 3 14
r-810 15 0.285714 12 0.969697 0 0 0 0 0 0 0 0 0 0 0 0 0 0
r-580 20 0.168421 11 0.872727 0 0 0 0 0 0 0 0 0 0 0 0 0 0
r-137 32 0.0181452 30 0.712644 78 6 6 6 53 6 160 13 13 13 72 18 18 18
r-355 31 0.997849 32 0.949597 100002 100010 100000 100003 100005 100006 100004 100008 100008 100002 100008 100004 100007 100002
r-539 12 0.469697 25 0.193333 0 4 1 1 3 1 1 6 1 1 1 3 1 1
r-679 16 0.791667 31 0.152688 4 6 4 4 7 4 7 9 7 7 7 5 6 7
r-431 40 0.216667 36 0.301587 100001 100007 100000 100001 100004 100002 100008 100007 100008 100007 100000 100005 100003 100001
r-84 29 0.660099 13 0.461538 15 6 6 6 17 6 21 7 7 7 24 8 7 7
r-221 22 0.675325 21 0.980952 65 20963 63 21051 12558 989 67 24447 66 24578 608 23075 593 22825
r-128 17 0.764706 14 0.56044 5 1 1 1 5 1 8 1 1 1 4 2 2 2
r-190 23 0.928854 20 0.184211 3 1 1 1 3 1 4 3 3 3 1 1 1 1
r-946 36 0.97619 29 0.726601 100001 2130 2154 2130 100007 2087 100008 2248 2209 2193 100006 3055 3035 3089
r-479 38 0.433855 21 0.0857143 282 2896 281 2836 989 1888 438 4269 441 4280 1409 2922 1380 2931
r-783 25 0.436667 23 0.332016 817 1419 876 1315 1147 1124 1533 2655 1537 2655 756 870 730 905
r-716 17 0.382353 22 0.441558 37 40 39 37 40 32 57 62 63 56 46 66 66 46
r-365 28 0.978836 13 0.74359 35 23 0 0 35 0 39 0 0 0 35 5 5 5
r-751 13 0.935897 23 0.980237 0 100006 0 0 100007 0 0 100009 0 0 0 100002 0 0
r-805 33 0.464015 28 0.917989 147 1319 155 1296 392 483 258 2107 268 2122 350 1182 345 1181
r-63 18 0.509804 19 0.608187 21 34 21 21 26 20 31 60 18 32 34 35 34 34
r-200 19 0.923977 11 0.490909 1 0 0 0 1 0 2 0 0 0 1 0 0 0
r-687 40 0.320513 23 0.15415 6477 4247 6531 4290 7807 3947 8155 5916 8229 5826 8301 4665 8386 4724
r-11 24 0.702899 27 0.843305 255 754 256 251 522 339 363 1348 365 360 675 872 676 675
r-169 10 0.711111 28 0.939153 0 2 0 0 2 0 0 2 0 0 0 2 0 0
r-242 37 0.033033 14 0.549451 10 0 0 0 11 0 19 0 0 0 8 0 0 0
r-206 38 0.997155 39 0.255061 782 61 56 753 624 125 1301 92 92 1357 790 147 144 806
r-713 10 0.733333 36 0.874603 0 0 1 0 0 0 0 0 0 0 0 0 0 0
r-926 17 0.176471 39 0.346829 247 633 615 243 704 241 271 818 823 278 309 886 885 296
r-238 36 0.0111111 14 0.164835 1258 0 0 0 1363 0 1101 0 0 0 5575 60 60 60
r-915 39 0.19973 15 0.609524 42 20 19 20 48 18 57 28 28 27 57 29 28 30
r-956 19 0.362573 13 0.435897 2 0 0 0 3 0 4 1 1 1 3 2 2 2
r-861 14 0.131868 34 0.714795 10 9 9 10 15 10 17 14 14 15 22 14 14 21
r-375 11 0.545455 23 0.197628 0 1 0 0 1 0 1 1 1 1 0 2 0 0
r-230 16 0.308333 40 0.34359 50 508 510 51 477 50 51 680 680 52 387 376 376 385
r-592 19 0.0877193 38 0.100996 0 1 1 0 0 0 0 0 0 0 1 1 1 1
r-505 31 0.307527 37 0.653153 8299 8398 8314 8142 10118 6146 14610 14856 14758 14510 14635 9318 9260 14639
r-500 29 0.825123 28 0.878307 1013 3029 1035 3021 1792 2559 1089 3705 1079 3778 2987 17956 2935 17974
r-632 27 1 33 0.933712 100009 100000 100003 100007 100004 100001 100008 100006 100009 100008 100004 100004 100001 100001
r-417 22 0.640693 13 0.397436 5 4 4 4 5 4 7 5 5 6 9 7 7 7
r-252 38 0.860597 10 1 0 0 0 0 0 0 0 0 0 0 0 0 0 0
r-246 32 0.59879 17 0.419118 292 217 216 198 308 209 472 324 319 351 366 332 325 314
r-670 33 0.778409 28 0.648148 18197 4650 4686 4597 16526 5997 33882 7575 7564 7579 16174 10084 10188 10180
r-334 36 0.463492 37 0.539039 100002 100005 100007 100009 100003 100009 100002 100009 100009 100002 100004 100009 100008 100004
r-514 24 0.51087 27 0.0512821 11 178 11 11 130 8 16 266 15 16 35 137 36 34
r-249 17 0.764706 21 0.771429 19 22 18 18 20 18 26 31 26 27 12 43 11 12
r-108 22 0.402597 14 0.637363 5 5 5 5 6 5 7 7 6 7 10 6 10 6
r-838 20 0.747368 36 0.728571 475 1702 1693 476 1564 491 620 2608 2544 625 1633 2065 2061 1665
r-897 39 0.174089 27 0.413105 10200 2787 2759 2856 8699 4042 19366 4513 4502 4527 6848 4437 4405 4421
r-400 33 0.0473485 13 0.487179 14 0 0 0 14 0 17 1 1 1 18 3 3 3
r-765 10 0.488889 13 1 0 1 0 0 0 0 0 1 0 0 0 1 0 0
r-489 34 0.0998217 35 0.309244 65226 2736 2782 64261 41811 18188 95631 4023 3908 96991 54568 9577 9695 53699
r-245 22 0.142857 25 0.56 60 23 26 61 57 28 95 35 35 95 56 39 39 57
r-41 32 0.528226 33 0.965909 78 2776 79 76 1804 75 92 4310 92 94 502 4280 505 506
r-768 38 0.116643 31 0.819355 81 94 94 94 94 58 148 170 170 172 137 103 107 98
r-976 12 0.69697 40 0.312821 8 19 18 8 21 8 9 26 26 9 13 32 32 13
r-253 23 0.592885 26 0.0923077 12 20 12 12 19 10 12 30 12 12 14 20 14 13
r-869 33 0.263258 36 0.353968 100007 100006 100009 100002 100002 100005 100004 100002 100000 100007 100006 100006 100005 100001
r-525 10 0.0222222 21 0.104762 0 0 0 0 0 0 0 0 0 0 0 0 0 0
r-493 21 0.438095 39 0.0121457 8 940 8 8 922 8 10 1367 10 10 774 834 774 797
r-300 33 0.356061 32 0.300403 96443 100000 95020 100004 100002 100006 100008 100000 100003 100004 100009 100001 100006 100007
r-764 21 0.366667 12 0.69697 1 1 1 1 2 1 2 2 2 2 2 1 2 1
r-1 33 0.42803 20 0.926316 25 485 24 490 75 166 35 749 35 716 197 197 200 198
r-766 13 0.269231 40 0.552564 29 95 93 28 104 27 28 130 127 29 37 86 84 37
r-149 17 0.823529 11 0.545455 0 0 0 0 0 0 1 0 0 0 0 0 0 0
r-548 19 0.865497 20 0.310526 7 3 3 7 5 3 11 5 5 11 6 4 4 6
r-667 21 0.257143 32 0.794355 34 26 33 33 33 26 51 41 51 53 56 61 54 55
r-698 38 0.889047 24 0.460145 333 124 122 117 388 92 512 210 213 214 447 217 217 216
r-388 19 0.906433 30 0.809195 10 41 41 10 44 9 9 43 44 9 31 500 496 30
r-516 22 0.670996 37 0.912913 32 590 32 32 479 57 45 829 46 46 120 855 124 122
r-803 38 0.30441 12 0.484848 40 4 4 4 42 4 53 5 5 5 31 8 8 8
r-259 34 0.827094 30 0.335632 691 462 459 464 744 312 1145 799 801 810 939 695 682 696
r-935 19 0.333333 29 0.591133 204 188 184 196 207 174 330 286 294 333 359 353 362 359
r-808 25 0.0966667 34 0.488414 1527 163 167 1518 539 692 2707 270 278 2661 1200 991 991 1204
r-944 20 0.742105 14 0.824176 3 1 3 1 3 1 4 1 4 1 6 3 6 3
r-476 10 0.777778 37 0.545045 2 11 11 2 12 2 2 11 11 2 0 0 0 0
r-833 22 0.995671 18 0.712418 100008 72 70 73 100005 70 100001 72 71 71 47676 148 152 150
r-584 26 0.621538 37 0.468468 19282 26411 26425 19355 29986 17803 35818 49750 49314 35140 26199 26835 26761 26151
r-107 39 0.88664 15 0.714286 158 1 1 1 164 1 177 1 1 1 148 5 5 5
r-406 34 0.491979 11 0.181818 10 4 9 4 11 4 10 5 10 5 14 4 14 5
r-842 19 0.918129 25 0.17 4 1 1 4 3 2 8 3 3 8 5 2 2 5
r-135 21 0.161905 15 0.780952 1 1 1 1 1 1 2 2 2 2 2 1 2 2
r-888 38 0.125178 21 0.0904762 90 4 88 3 90 4 91 3 90 3 266 11 266 11
r-754 28 0.806878 25 0.12 12 11 12 11 10 8 19 19 19 19 16 24 16 24
r-328 30 0.0528736 15 0.990476 0 0 0 0 0 0 1 1 1 1 0 0 0 0
r-728 18 0.20915 17 0.397059 11 5 5 5 9 7 20 8 8 8 8 3 3 3
r-752 36 0.731746 13 0.423077 20 8 7 8 24 7 26 10 9 10 33 15 17 15
r-813 20 0.942105 24 0.416667 36 4 4 36 23 10 55 7 7 55 29 6 6 28
r-581 23 0.00395257 10 0.511111 9 0 0 0 9 0 12 0 0 0 10 0 0 0
r-883 29 0.847291 13 0.576923 5 1 2 1 5 2 8 2 2 2 2 1 1 1
r-138 11 0.472727 30 0.91954 0 0 0 0 0 0 0 0 0 0 0 0 0 0
r-228 40 0.0961538 30 0.464368 4130 886 865 868 3607 1225 7881 1422 1476 1473 3327 1472 1484 1563
r-925 38 0.748222 31 0.554839 88363 18520 18472 18492 79655 26601 100005 32613 32513 32430 78234 34938 34687 34550
r-150 19 0.169591 31 0.212903 8 94 95 8 90 8 8 122 120 8 28 109 110 27
r-426 31 0.550538 10 0.844444 10 7 10 7 11 7 10 5 10 5 13 5 12 5
r-258 12 0.621212 33 0.359848 6 14 6 6 14 6 7 18 7 7 6 19 6 6
r-826 15 0.685714 27 0.421652 23 22 23 23 30 23 26 35 35 26 43 56 56 43
r-739 34 0.231729 32 0.106855 3083 18491 3081 18463 12947 10926 2553 24041 2588 24113 12453 66218 12405 66503
r-639 30 0.544828 16 0.391667 196 174 194 177 218 162 307 257 304 263 314 214 315 211
r-705 26 0.833846 20 0.178947 4 7 7 7 4 4 8 10 10 10 8 5 5 5
r-700 22 0.675325 26 0.643077 932 940 930 939 982 915 1680 1665 1703 1652 953 1012 997 972
r-121 17 0.830882 30 0.981609 13 100002 13 13 100006 13 15 100009 16 16 8453 100004 8441 8506
r-202 37 0.78979 40 0.171795 803 881 817 814 961 606 1571 1577 1600 1598 1125 1344 1091 1128
r-657 29 0.295567 12 0.530303 11 5 5 5 12 5 15 6 6 6 18 11 11 11
r-152 37 0.312312 38 0.887624 894 1338 888 890 1313 567 1668 2373 1637 1651 1353 2288 1329 1327
r-666 20 0.0157895 26 0.92 0 0 0 0 0 0 1 1 1 1 0 0 0 0
r-292 23 0.592885 38 0.815078 707 4274 717 694 3466 1033 1073 7446 1063 1050 1656 3635 1644 1647
r-340 11 0.418182 32 0.689516 3 6 2 3 6 3 3 8 3 3 4 11 4 4
r-315 27 0.509972 26 0.409231 3054 3514 2982 3535 3809 3149 5380 6683 5366 6563 4464 4662 4417 4707
r-195 16 0.108333 12 0.378788 1 0 0 0 1 0 2 0 0 0 2 0 0 0
r-30 20 0.236842 39 0.815115 62 65 64 63 92 45 98 84 102 99 100 116 102 108
r-840 37 0.641141 39 0.632928 100003 100007 100005 100005 100009 100001 100000 100003 100009 100001 100006 100000 100009 100006
r-27 39 0.836707 33 0.992424 100000 100008 100010 100009 100000 100002 100007 100008 100009 100000 100000 100003 100007 100004
r-992 13 0.0897436 20 0.884211 0 0 0 0 0 0 0 0 0 0 0 0 0 0
r-618 23 0.383399 10 0.711111 1 1 1 1 1 1 1 1 1 1 2 1 2 1
r-393 30 0.816092 25 0.766667 1962 361 368 363 1897 438 3036 500 494 481 4700 1795 1756 1769
r-123 12 0.439394 34 0.625668 7 10 7 7 11 7 8 11 8 8 6 27 6 6
r-522 29 0.716749 27 0.874644 1197 7552 1155 7585 3290 4946 1764 12030 1801 11995 2895 5540 2919 5498
r-291 26 0.572308 35 0.554622 30084 28847 28608 30089 28554 28767 65735 61277 61073 62190 31672 22521 22565 31403
r-669 24 0.442029 12 0.727273 3 1 3 1 4 1 4 1 4 1 3 2 3 2
r-305 30 0.708046 31 0.997849 100005 100003 100003 100002 100009 100003 100004 100001 100000 100002 100006 100003 100000 100008
r-793 34 0.55615 14 0.252747 71 64 68 64 76 62 106 85 101 89 117 108 118 107
r-797 36 0.346032 29 0.391626 100009 100006 100001 100008 100004 100006 100004 100000 100006 100010 100007 100002 100009 100002
r-374 34 0.918004 32 0.330645 157 44 45 44 103 26 316 66 64 66 134 82 79 81
r-953 19 0.959064 26 0.673846 1072 25 25 1049 472 239 1376 42 41 1401 1020 133 132 1044
r-384 12 0.0454545 17 0.654412 1 0 0 0 1 0 2 0 0 2 1 0 0 1
r-133 10 0.911111 40 0.884615 0 0 0 0 0 0 0 0 0 0 0 0 0 0
r-721 25 0.703333 27 0.700855 1533 1922 1932 1522 2063 1399 2576 3380 3360 2561 2138 1619 1646 2062
r-472 31 0.767742 32 0.697581 32125 10156 10219 32166 16541 25114 56338 17035 17102 56069 26797 23752 23445 26848
r-439 18 0.254902 18 0.771242 1 2 1 1 1 1 2 3 2 2 1 4 1 1
r-225 18 0.607843 20 0.442105 46 45 44 46 51 44 69 70 71 70 64 79 80 56
r-628 37 0.617117 22 0.0909091 63 291 62 301 119 158 95 453 92 471 164 406 161 396
r-401 31 0.141935 18 0.379085 133 25 25 25 130 37 217 35 35 35 65 88 89 89
r-903 28 0.0132275 37 0.957958 2 0 0 2 1 1 6 5 5 6 3 1 1 2
r-702 26 0.273846 21 0.304762 965 403 403 413 923 441 1637 596 615 582 815 754 783 762
r-164 32 0.552419 31 0.847312 1332 6881 1305 6940 3896 4672 2186 12333 2149 12547 2343 5464 2399 5430
r-898 12 0.348485 31 0.0924731 0 2 0 0 1 0 0 2 0 0 0 1 0 0
r-404 29 0.73399 37 0.294294 1618 1304 1317 1589 1587 1123 2867 2311 2302 2847 2857 2963 2948 2849
r-648 15 0.742857 29 0.884236 1 23 1 1 19 1 1 28 1 1 2 23 2 2
r-142 31 0.0795699 12 0.121212 0 0 0 0 0 0 0 0 0 0 0 0 0 0
r-353 17 0.0367647 19 0.614035 9 1 1 10 6 4 16 2 2 16 9 2 2 9
r-310 15 0.161905 40 0.335897 18 92 92 18 95 18 19 98 101 18 19 90 92 19
r-659 28 0.645503 24 0.887681 41 737 43 711 154 431 64 1019 64 1017 230 1174 229 1180
r-756 24 0.141304 17 0.264706 17 2 2 2 15 3 22 2 4 2 13 3 3 3
r-610 28 0.521164 17 0.669118 260 295 253 302 285 274 419 488 414 487 323 261 337 267
r-919 11 0.109091 12 0.712121 0 0 0 0 0 0 0 0 0 0 0 0 0 0
r-676 35 0.890756 20 0.978947 100000 100006 100009 100001 100007 100003 100000 100004 100000 100001 100009 100009 100000 100005
r-424 29 0.413793 11 0.454545 13 2 2 2 13 2 13 2 2 2 11 4 4 4
r-863 20 0.484211 38 0.687055 872 1763 856 865 1874 863 1416 2738 1461 1466 1288 2342 1305 1319
r-699 24 0.0362319 15 0.514286 17 0 0 0 16 0 21 1 1 1 10 0 0 0
r-71 11 0.290909 26 0.221538 0 0 0 0 0 0 0 0 0 0 0 0 0 0
r-276 19 0.578947 21 0.8 13 44 13 13 27 18 19 71 18 18 16 43 16 16
r-205 23 0.770751 25 0.306667 41 20 21 42 31 23 66 31 30 66 56 57 57 56
r-12 31 0.944086 28 0 0 2 0 2 2 1 3 7 4 7 1 2 1 2
r-717 39 0.249663 12 0.969697 3 7 3 7 8 5 6 12 5 12 4 8 4 8
r-719 25 0.9 31 0.984946 100000 100005 100000 100008 100001 100002 100001 100002 100003 100001 100000 100000 100005 100005
r-350 13 0.102564 27 0.931624 0 0 0 0 0 0 0 2 0 0 0 1 0 0
r-688 13 0.474359 26 0.532308 19 24 19 18 27 19 24 34 25 24 19 24 18 19
r-801 39 0.964912 18 0.228758 6 1 1 1 6 0 11 2 2 2 6 3 3 3
r-233 10 0.4 35 0.788235 1 1 1 1 2 1 1 2 1 1 1 4 1 1
r-134 10 0.777778 19 0.865497 0 0 0 0 0 0 0 0 0 0 0 0 0 0
r-981 12 0.363636 28 0.280423 4 23 4 4 21 4 5 31 5 5 6 17 6 6
r-453 30 0.427586 38 0.14936 3214 11887 3270 3285 8639 4624 5365 22413 5426 5344 4945 10979 4974 4878
r-865 16 0.275 29 0.773399 4 7 5 4 9 3 7 10 7 7 15 10 15 15
r-463 22 0.0779221 39 0.535762 1184 98 103 1175 373 670 1949 166 171 1931 1710 238 244 1715
r-385 32 0.237903 24 0.615942 377 314 312 306 460 250 579 503 526 520 631 567 567 552
r-296 24 0.565217 18 0.20915 36 21 34 21 47 17 51 31 49 30 33 45 33 46
r-912 36 0.866667 34 0.245989 303 208 211 205 299 131 541 385 386 385 400 392 391 390
r-358 32 0.264113 33 0.541667 11667 10242 10276 11783 13119 10179 20369 18903 19230 20151 17114 15065 15253 17261
r-512 35 0.0436975 26 0.941538 2 1 1 1 2 1 8 5 5 4 3 2 2 2
r-536 38 0.910384 21 0.0714286 1 4 1 4 2 2 5 10 5 10 4 6 4 6
r-445 36 0.934921 37 0.606607 38326 1868 1870 38390 22815 5002 60316 2936 2903 60401 52596 10001 9949 52354
r-298 27 0.327635 23 0.711462 170 200 169 204 201 149 282 322 279 321 265 254 270 251
r-734 17 0.897059 17 0.0735294 0 0 0 0 0 0 0 1 0 0 0 0 0 0
r-963 18 0.862745 37 0.0105105 0 2 0 0 2 0 1 6 1 1 0 2 0 0
r-376 39 0.746289 21 1 100008 100009 100000 100008 100003 100002 100005 100001 100009 100005 100006 100008 100005 100002
r-727 23 0.794466 12 0.0606061 0 1 0 1 0 1 0 3 1 2 0 1 0 1
r-45 33 0.833333 22 0.316017 54 29 29 29 47 20 84 43 44 45 82 56 56 54
r-599 40 0.529487 16 0.675 967 642 970 637 1018 589 1517 871 1488 876 1083 709 1067 718
r-70 40 0.364103 30 0.287356 100005 100004 100004 100007 100003 100009 100008 100006 100000 100008 100001 100001 100006 100006
r-475 15 0.980952 27 0.267806 7 0 1 7 4 3 14 2 2 14 9 2 2 9
r-781 39 0.31309 23 0.695652 1264 990 1258 998 1498 877 2111 1680 2104 1662 2505 1836 2497 1832
r-318 20 0.0894737 10 0.133333 0 0 0 0 0 0 0 0 0 0 0 0 0 0
r-460 21 0.152381 12 0.181818 1 0 0 0 1 0 1 0 0 0 0 0 0 0
r-701 34 0.989305 35 0.907563 100004 100013 100002 100005 100004 100000 100000 8146 8174 100009 100000 100004 100004 100005
r-364 38 0.594595 27 0.894587 1201 11627 1202 11675 3310 6636 1992 19311 2032 19411 3567 12344 3545 12271
r-274 17 0.404412 38 0.059744 2 523 2 2 494 4 3 851 3 3 14 632 14 14
r-357 18 0.777778 27 0.139601 4 4 4 4 5 2 7 5 7 7 4 6 4 4
r-643 25 0.956667 16 0.325 7 0 0 0 7 0 11 1 1 1 3 0 0 0
r-604 31 0.4 25 0.176667 901 2467 937 2520 1311 2005 1482 4299 1494 4361 1904 2493 1713 2509
r-606 17 0.742647 25 0.74 13 63 61 13 57 14 11 47 46 10 16 56 57 15
r-778 16 0.175 21 0.395238 14 6 6 14 8 12 20 8 8 19 12 15 15 12
r-957 14 0.571429 34 0.254902 16 17 16 16 20 15 22 24 21 22 34 32 33 33
r-408 36 0.9 27 0.304843 64 25 25 24 57 11 116 36 38 36 77 50 51 50
r-740 18 0.0326797 28 0.320106 4139 60 59 4206 2288 1137 4843 86 83 4880 4068 318 321 4031
r-533 19 0.0994152 40 0.347436 1952 694 691 1923 1542 1629 2515 1096 1100 2486 1675 1268 1255 1651
r-758 29 0.46798 13 0.961538 6 20 6 20 30 11 8 25 8 24 9 22 9 22
r-4 37 0.159159 28 0.285714 13062 1672 1634 1663 12356 2353 20985 2386 2382 2432 13378 2569 2517 2517
r-343 15 0.514286 33 0.24053 20 45 20 20 48 22 28 61 28 28 61 67 64 64
r-746 13 0.576923 21 0.219048 0 3 0 0 3 1 1 4 1 1 2 3 2 2
r-29 31 0.602151 20 0.0894737 13 58 14 60 36 31 23 101 23 103 57 94 56 86
r-775 38 0.486486 31 0.0473118 247 6234 251 6216 2960 887 414 10957 413 11039 781 7033 778 7025
r-64 28 0.539683 14 0.197802 24 30 23 29 30 26 34 36 33 37 36 49 36 49
r-22 19 0.497076 23 0.383399 128 217 124 119 175 125 206 412 207 208 188 180 192 189
r-156 32 0.205645 36 0.211111 71594 93615 92843 70961 100003 67112 100007 100002 100004 100000 100001 100005 100000 100009
r-16 25 0.0166667 34 0.766488 27 3 3 27 14 10 59 7 7 60 30 15 15 29
r-294 10 0.577778 15 0.761905 0 0 0 0 0 0 0 1 0 0 0 0 0 0
r-641 31 0.232258 24 0.981884 3 23 3 24 15 9 6 50 6 52 7 26 7 27
r-852 38 0.25889 35 0.0168067 8489 100001 8408 100004 100005 100001 10946 100006 11010 100001 100003 100006 100006 100007
r-523 36 0.306349 35 0.642017 35567 29357 29666 29294 38436 26122 67471 56395 56210 57004 47117 46175 46193 46442
r-324 19 0.0818713 24 0.0543478 16 100007 16 15 91183 61 16 100002 17 16 29266 100006 29295 29137
r-924 21 0.642857 37 0.312312 697 843 700 710 1064 599 1150 1389 1149 1144 1171 1308 1169 1198
r-588 38 0.392603 32 0.1875 36460 94255 36501 93238 58781 75563 64521 100003 63890 100008 53040 54535 53961 54498
r-931 29 0.527094 30 0.565517 29697 33578 29973 29650 30135 27810 62586 73410 62382 62420 33727 36650 33789 33487
r-102 30 0.708046 15 0.990476 903 100006 916 100007 100002 100002 956 100009 970 100006 25234 100000 25184 100000
r-166 39 0.897436 25 0.0166667 2 7 2 7 6 4 7 17 7 17 3 8 3 8
r-481 18 0.0130719 25 0.5 741 15 13 741 486 91 997 20 19 974 806 23 24 799
