instance n1 density1 n2 density2 mcsplit mcsplit-swapped mcsplit-smart-swapped mcsplit+f mcsplit+bigf mcsplit-b mcsplit-b-swapped mcsplit-b-smart-swapped mcsplit-nosort mcsplit-nosort-swapped mcsplit-nosort-smart-swapped
r-131 49 0.294218 24 0.307971 266722879 47040752 47040752 265184185 48880183 430964242 64151612 64151612 242384708 27001120 27001120
r-865 26 0.323077 40 0.310256 65367320 183512245 65367320 188422248 63728864 104565507 333232169 104565507 44207920 170847942 44207920
r-143 46 0.278261 23 0.288538 76221310 12536769 12536769 75361673 13331392 114502806 16310835 16310835 71035606 12463879 12463879
r-718 46 0.313043 30 0.349425 1961173277 778447765 778447765 1929686911 802949264 -1 1311172950 1311172950 1853723757 741588025 741588025
r-653 33 0.276515 12 0.30303 29867 1 1 28914 1 29868 2 2 20351 1 1
r-419 40 0.294872 45 0.337374 -1 -1 -1 -1 -1 -1 -1 -1 -1 -1 -1
r-948 20 0.310526 11 0.472727 5642 446 446 5140 425 7489 543 543 2529 325 325
r-920 35 0.287395 43 0.258029 2642232791 -1 2642232791 -1 -1 -1 -1 -1 -1 -1 -1
r-176 14 0.307692 36 0.3 11411 308512 11411 293604 11411 11412 365484 11412 10232 224522 10232
r-709 37 0.283784 13 0.282051 30567 1 1 29466 1 30568 2 2 27241 1 1
r-699 31 0.264516 32 0.310484 96264579 107645067 96264579 145245797 86654598 166496977 182839874 166496977 118624609 111052684 118624609
r-366 16 0.258333 37 0.286787 3621 253010 3621 251418 3621 3623 297691 3623 8033 217901 8033
r-555 18 0.294118 18 0.294118 69647 70409 69647 74614 66558 98191 98372 98191 62024 60355 62024
r-994 23 0.300395 10 0.377778 3406 1 1 3125 1 3407 2 2 3292 1 1
r-185 18 0.287582 49 0.284014 140062 4699650 140062 4668398 139986 152243 6159272 152243 289060 4557941 289060
r-347 11 0.472727 20 0.263158 600 7140 600 7211 549 719 10035 719 170 1928 170
r-742 14 0.208791 24 0.264493 1083 19353 1083 19397 1083 1085 23739 1085 11288 21182 11288
r-730 44 0.266385 35 0.315966 -1 1016628101 1016628101 -1 1151735693 -1 1728444694 1728444694 -1 -1 -1
r-33 42 0.308943 26 0.307692 187269764 71944102 71944102 185794824 72618318 330124514 113454810 113454810 169909056 75736100 75736100
r-824 36 0.293651 25 0.316667 65319980 18974335 18974335 63553876 19679871 116339762 30190863 30190863 54431349 18386263 18386263
r-724 13 0.25641 47 0.312673 1 1 1 1 1 1 1 1 1 1 1
r-433 25 0.236667 20 0.315789 486218 106284 106284 418375 133893 761026 141508 141508 359784 278603 278603
r-579 22 0.242424 32 0.302419 2327159 5084662 2327159 5688931 2264130 3334709 8050216 3334709 4208806 4938551 4208806
r-580 25 0.29 44 0.293869 60141689 255562931 60141689 256504356 59208152 87108089 428048486 87108089 74523532 211657227 74523532
r-196 22 0.281385 11 0.327273 5365 1 1 4821 1 5366 2 2 3601 1 1
r-582 36 0.307937 49 0.305272 -1 -1 -1 -1 -1 -1 -1 -1 -1 -1 -1
r-713 13 0.371795 21 0.285714 2753 17606 2753 17112 2697 3098 25155 3098 2441 13288 2441
r-506 24 0.307971 14 0.274725 86880 10050 10050 84187 9658 118286 10796 10796 65901 13842 13842
r-725 43 0.300111 43 0.301218 -1 -1 -1 -1 -1 -1 -1 -1 -1 -1 -1
r-621 37 0.273273 35 0.319328 1192902957 515257605 515257605 1195848379 556904061 2173152280 899333970 899333970 673865086 482788536 482788536
r-629 38 0.301565 27 0.276353 155227193 71681702 71681702 166794551 69876555 270339585 112095203 112095203 146894573 93082429 93082429
r-471 33 0.316288 14 0.318681 175443 4462 4462 170622 4446 216382 4464 4464 99540 6445 6445
r-478 40 0.301282 48 0.303191 -1 -1 -1 -1 -1 -1 -1 -1 -1 -1 -1
r-640 22 0.324675 28 0.325397 2846150 4748983 2846150 4961452 2765651 4238622 7871957 4238622 912273 1940115 912273
r-142 31 0.273118 10 0.133333 1 1 1 1 1 1 1 1 1 1 1
r-383 21 0.295238 40 0.316667 3475252 17518267 3475252 18049011 3437268 4489430 27733318 4489430 3804709 16486550 3804709
r-11 36 0.288889 50 0.302857 -1 -1 -1 -1 -1 -1 -1 -1 -1 -1 -1
r-923 13 0.320513 48 0.317376 1 30871 1 29761 1 1 30871 1 1 150604 1
r-953 30 0.275862 29 0.317734 24149298 12286342 12286342 25703746 12344565 42060749 20552951 20552951 12205742 15839420 15839420
r-997 50 0.315918 47 0.299722 -1 -1 -1 -1 -1 -1 -1 -1 -1 -1 -1
r-70 20 0.247368 38 0.302987 1416992 10175613 1416992 10525875 1396388 1834690 15498487 1834690 1521727 9907091 1521727
r-915 13 0.282051 17 0.294118 718 6988 718 6866 695 841 9577 841 2510 3722 2510
r-119 38 0.321479 37 0.291291 1518285589 1846887045 1846887045 2005041510 1581271899 -1 -1 -1 1537323095 -1 -1
r-525 49 0.285714 17 0.301471 5554536 125745 125745 5331276 130353 6863035 135405 135405 4900202 85265 85265
r-917 36 0.274603 20 0.305263 6678863 895406 895406 6012612 947950 10156027 1160838 1160838 6444886 2186096 2186096
r-430 34 0.342246 11 0.272727 1 1 1 1 1 1 1 1 1 1 1
r-205 28 0.259259 47 0.278446 258686031 621951402 258686031 646026179 253869799 380143160 1043262658 380143160 153318144 624039888 153318144
r-216 10 0.333333 15 0.285714 1 570 1 568 1 2 571 2 1 414 1
r-881 42 0.270616 18 0.294118 4667862 350445 350445 4495123 362487 6527815 414524 414524 3596167 445155 445155
r-749 44 0.306554 27 0.353276 555041927 210973858 210973858 549922658 224306061 1007000337 338177186 338177186 270229481 161453604 161453604
r-225 21 0.27619 15 0.32381 11990 969 969 10531 1040 16085 1098 1098 9724 6243 6243
r-696 20 0.278947 19 0.327485 27337 38560 38560 25660 36921 42239 55769 55769 27164 15876 15876
r-145 43 0.276855 26 0.304615 253665105 54344591 54344591 242547642 57101153 426939267 79333635 79333635 234676765 54528825 54528825
r-90 25 0.26 16 0.308333 84842 14707 14707 71989 15245 122978 17013 17013 79040 10843 10843
r-679 49 0.283163 28 0.306878 996799894 253889365 253889365 990144291 270089320 1719201148 380635009 380635009 897839968 204123428 204123428
r-310 33 0.310606 33 0.30303 168565470 178639988 168565470 193077083 154286252 300320173 318147312 300320173 173452956 183531108 173452956
r-753 24 0.311594 25 0.296667 1257560 2745962 1257560 2812555 1204367 2005580 4470708 2005580 1883547 2902805 1883547
r-275 15 0.361905 17 0.323529 2647 6855 2647 6600 2426 3388 9431 3388 2841 5275 2841
r-801 29 0.29803 47 0.300648 374256891 1060937299 374256891 1083369518 367831426 586650647 1886778650 586650647 544207136 1137545405 544207136
r-281 27 0.287749 21 0.319048 1036072 324150 324150 982591 344596 1713056 459631 459631 1399640 453231 453231
r-601 41 0.286585 11 0.4 66234 1 1 63953 1 66234 1 1 53485 1 1
r-916 43 0.295681 22 0.307359 36180381 2142393 2142393 35945117 2155950 58309394 2895482 2895482 27232042 4933355 4933355
r-72 22 0.30303 30 0.278161 2196616 4843962 2196616 4920319 2160981 3103412 7878008 3103412 2110511 4714766 2110511
r-844 42 0.308943 43 0.331118 -1 -1 -1 -1 -1 -1 -1 -1 -1 -1 -1
r-737 28 0.275132 11 0.2 1 1 1 1 1 1 1 1 1 1 1
r-165 38 0.280228 33 0.301136 827626762 438442099 438442099 830417307 459488596 1526064068 757916985 757916985 750626324 360615190 360615190
r-670 33 0.295455 17 0.338235 269289 12529 12529 250015 13505 390348 14207 14207 195645 24290 24290
r-63 50 0.318367 42 0.313589 -1 -1 -1 -1 -1 -1 -1 -1 -1 -1 -1
r-912 30 0.317241 23 0.280632 8266894 4845010 4845010 8724461 4476257 13447522 7470800 7470800 7316283 4562945 4562945
r-780 15 0.342857 41 0.331707 18389 387124 18389 384956 18389 18391 459386 18391 17048 327395 17048
r-4 26 0.304615 26 0.283077 5929074 7903827 5929074 8192635 5748585 9489010 12804868 9489010 6085869 7004764 6085869
r-495 14 0.384615 17 0.272059 3358 7932 3358 7582 3295 4042 11945 4042 2697 7865 2697
r-671 49 0.320578 48 0.307624 -1 -1 -1 -1 -1 -1 -1 -1 -1 -1 -1
r-675 27 0.353276 48 0.295213 124114287 568260569 124114287 540384775 122649845 195369821 1038733636 195369821 170270769 502465664 170270769
r-765 31 0.296774 49 0.30102 2141867478 -1 2141867478 -1 2088491527 -1 -1 -1 -1 -1 -1
r-462 21 0.338095 32 0.282258 803181 3914800 803181 3778821 783995 1164907 6661019 1164907 1463756 4036194 1463756
r-606 27 0.344729 13 0.371795 32682 1387 1387 31432 1434 42161 1389 1389 31702 4455 4455
r-434 25 0.3 17 0.294118 344134 94451 94451 337669 94256 524466 123429 123429 300646 113440 113440
r-388 39 0.327935 45 0.317172 -1 -1 -1 -1 -1 -1 -1 -1 -1 -1 -1
r-15 32 0.306452 23 0.288538 22430890 8914227 8914227 23608280 8741681 37374941 13388105 13388105 19683832 11921181 11921181
r-144 33 0.299242 47 0.301573 2126119847 -1 2126119847 -1 2053668670 -1 -1 -1 -1 -1 -1
r-239 38 0.28734 19 0.321637 2968021 327525 327525 2758398 347660 4624375 422077 422077 2582338 737411 737411
r-522 49 0.29932 18 0.281046 5451570 138981 138981 5193672 147631 6852144 148396 148396 4810178 251570 251570
r-546 36 0.295238 20 0.263158 14337931 4098436 4098436 14801016 4150273 21861736 5416711 5416711 13444892 4438453 4438453
r-691 32 0.272177 34 0.294118 237221109 276418463 237221109 360741318 219550859 403475807 469341754 403475807 136548817 140652285 136548817
r-866 35 0.29916 43 0.322259 -1 -1 -1 -1 -1 -1 -1 -1 -1 -1 -1
r-512 49 0.321429 15 0.285714 619163 1 1 605108 1 619164 2 2 446561 1 1
r-110 44 0.272727 21 0.352381 13857690 4756283 4756283 13429035 4978745 22391182 6503612 6503612 10682649 2041485 2041485
r-81 45 0.290909 48 0.296099 -1 -1 -1 -1 -1 -1 -1 -1 -1 -1 -1
r-789 25 0.27 21 0.295238 408976 194036 194036 383172 176941 635385 259644 259644 410919 244261 244261
r-61 20 0.321053 19 0.292398 87188 90682 90682 100843 63490 129199 126881 126881 71127 91688 91688
r-3 22 0.272727 19 0.315789 150268 51659 51659 126025 51568 239104 67854 67854 127699 86439 86439
r-184 22 0.320346 15 0.257143 27497 4956 4956 28660 4917 38414 5688 5688 21051 4686 4686
r-576 16 0.341667 33 0.30303 129499 942287 129499 924952 128987 155777 1392414 155777 137706 691695 137706
r-605 23 0.284585 39 0.304993 17340826 59952845 17340826 61592681 17053828 25229730 100412586 25229730 18712834 47397437 18712834
r-283 12 0.272727 49 0.307823 1 1 1 1 1 1 1 1 1 1 1
r-611 20 0.310526 46 0.298551 1679947 16903535 1679947 16414073 1662110 2120433 25831673 2120433 1732394 14624922 1732394
r-123 29 0.29803 10 0.288889 1 1 1 1 1 1 1 1 1 1 1
r-105 25 0.283333 12 0.30303 13859 1 1 13130 1 14730 2 2 8806 1 1
r-547 48 0.295213 19 0.263158 24286647 1157675 1157675 24025990 1187861 33267670 1322435 1322435 21947864 1388779 1388779
r-549 40 0.301282 38 0.278805 -1 -1 -1 -1 -1 -1 -1 -1 -1 -1 -1
r-687 11 0.418182 44 0.311839 1 6542 1 6085 1 1 6542 1 1 30091 1
r-876 24 0.318841 28 0.312169 2813541 4003730 2813541 4132222 2688789 4458267 6735611 4458267 2689758 4454279 2689758
r-596 46 0.291787 25 0.31 250156230 45791301 45791301 250996885 48597340 424411713 66848876 66848876 207937924 63567688 63567688
r-893 22 0.298701 33 0.3125 4796560 9584292 4796560 10028383 4733004 6951045 16017758 6951045 1937317 6657136 1937317
r-620 31 0.301075 22 0.294372 9174892 2360389 2360389 9195769 2345684 15092461 3377688 3377688 6303037 3724229 3724229
r-106 41 0.303659 13 0.282051 151144 1 1 146443 1 151145 1 1 114166 1 1
r-151 29 0.261084 37 0.312312 175455295 199729614 175455295 246407570 165650988 293479899 349608282 293479899 166843541 231136224 166843541
r-14 15 0.295238 13 0.320513 1900 667 667 1696 665 2546 795 795 1137 775 775
r-300 31 0.298925 10 0.177778 1 1 1 1 1 1 1 1 1 1 1
r-99 42 0.295006 39 0.278003 -1 -1 -1 -1 -1 -1 -1 -1 -1 -1 -1
r-484 23 0.3083 30 0.271264 1548710 3088193 1548710 2994247 1555941 2286610 5178915 2286610 775688 2197832 775688
r-702 21 0.280952 24 0.304348 260918 389408 260918 439631 236327 397257 596949 397257 151302 216669 151302
r-498 23 0.284585 19 0.28655 203246 223102 223102 208235 214356 322195 318724 318724 279140 88445 88445
r-850 50 0.272653 24 0.293478 122860103 55877258 55877258 120962223 59657608 190673501 75957769 75957769 174847285 17222708 17222708
r-666 35 0.309244 47 0.299722 -1 -1 -1 -1 -1 -1 -1 -1 -1 -1 -1
r-326 37 0.298799 46 0.298551 -1 -1 -1 -1 -1 -1 -1 -1 -1 -1 -1
r-503 10 0.155556 26 0.32 1 1 1 1 1 1 1 1 1 1 1
r-89 30 0.282759 12 0.318182 11762 1 1 10970 1 11763 2 2 12711 1 1
r-796 30 0.278161 24 0.289855 5265614 2265062 2265062 5280180 2277608 8835625 3387634 3387634 5058356 2642275 2642275
r-36 49 0.318878 18 0.261438 7399050 458616 458616 7207333 463138 9449070 508781 508781 6043890 449479 449479
r-654 21 0.266667 35 0.32605 1105749 5970558 1105749 6408003 1077732 1526362 9795277 1526362 1309872 4333108 1309872
r-788 41 0.297561 19 0.315789 9439183 640528 640528 9195288 681121 13898103 786989 786989 8024624 2865213 2865213
r-397 17 0.264706 18 0.24183 13743 15246 13743 14350 13069 17558 20676 17558 7089 14273 7089
r-766 14 0.362637 28 0.261905 2982 22813 2982 23386 2946 3531 29018 3531 911 29986 911
r-289 28 0.322751 49 0.307823 564804313 2094617046 564804313 2104790717 557464139 881784232 -1 881784232 1018879620 1936967551 1018879620
r-194 17 0.183824 31 0.286022 49574 388906 49574 411952 49451 56287 506380 56287 33241 406695 33241
r-830 18 0.287582 44 0.315011 80195 5580634 80195 5459917 79980 89121 7798877 89121 636164 3726317 636164
r-24 45 0.283838 17 0.360294 5475559 270151 270151 5386431 286299 7864940 312866 312866 3688768 349525 349525
r-476 23 0.296443 46 0.304348 28401467 84419783 28401467 82699274 28029879 39769528 136193556 39769528 18341170 76785314 18341170
r-633 38 0.285917 34 0.30303 1545753678 857390821 857390821 1570098913 877118830 -1 1498390025 1498390025 910890827 899857623 899857623
r-551 11 0.272727 44 0.294926 1 1 1 1 1 1 1 1 1 1 1
r-259 34 0.294118 20 0.336842 3210165 388130 388130 3144030 426119 5151882 504436 504436 2370479 557135 557135
r-297 10 0.377778 39 0.302294 1 1 1 1 1 1 1 1 1 1 1
r-823 27 0.276353 40 0.285897 33830017 79825635 33830017 84783265 32657936 51402559 135225756 51402559 25185295 90436495 25185295
r-588 38 0.273115 28 0.31746 145257074 49460699 49460699 145007837 54404786 259834330 78461891 78461891 128366312 78819117 78819117
r-950 38 0.312945 12 0.19697 1 1 1 1 1 1 1 1 1 1 1
r-197 32 0.272177 15 0.352381 220280 13429 13429 208630 14150 295219 14443 14443 134904 16864 16864
r-371 19 0.339181 32 0.284274 427536 2462099 427536 2323689 422907 545390 3847441 545390 478741 2143540 478741
r-444 30 0.335632 17 0.360294 1189250 229983 229983 1167386 242637 1903431 305988 305988 808826 181937 181937
r-410 22 0.34632 47 0.310823 14389533 73555670 14389533 73834752 14235120 19831561 120428765 19831561 17232927 67241111 17232927
r-978 30 0.305747 46 0.311111 626159819 1662357273 626159819 1713674599 613147035 1024144134 -1 1024144134 803222302 1504347713 803222302
r-910 20 0.331579 50 0.298776 2042592 22141824 2042592 21475510 2026477 2471201 32195996 2471201 1377105 19572739 1377105
r-993 40 0.307692 35 0.290756 1741168950 1706411140 1706411140 2090860316 1525102967 -1 -1 -1 2001404034 1629995804 1629995804
r-531 18 0.294118 22 0.363636 103717 131736 103717 152000 97792 148656 204540 148656 87290 110141 87290
r-26 42 0.315912 44 0.323467 -1 -1 -1 -1 -1 -1 -1 -1 -1 -1 -1
r-838 31 0.27957 50 0.301224 2504087498 -1 2504087498 -1 2445022254 -1 -1 -1 -1 -1 -1
r-229 14 0.340659 15 0.32381 1981 2989 1981 2858 1727 2475 3966 2475 2331 2305 2331
r-714 42 0.310105 15 0.352381 603506 12307 12307 583350 13084 774263 12309 12309 450143 10242 10242
r-48 43 0.320044 48 0.326241 -1 -1 -1 -1 -1 -1 -1 -1 -1 -1 -1
r-682 14 0.285714 38 0.3101 1 66281 1 64574 1 2 66282 2 1 54684 1
r-179 11 0.418182 24 0.289855 1 3674 1 3630 1 2 3675 2 1 10282 1
r-23 22 0.316017 15 0.257143 29111 8736 8736 29214 8081 40932 10246 10246 25578 7667 7667
r-598 44 0.321353 30 0.264368 894022115 571739954 571739954 1015273645 522915559 1615513656 956798762 956798762 900056266 593350701 593350701
r-922 24 0.307971 50 0.30449 41221101 281133815 41221101 278680962 40740711 58660590 464766557 58660590 74212746 272666070 74212746
r-147 10 0.244444 16 0.283333 1 780 1 774 1 2 781 2 1 666 1
r-277 20 0.326316 34 0.2959 1004744 3898435 1004744 3682837 983136 1341280 6335009 1341280 952233 3146081 952233
r-38 20 0.310526 40 0.3 3797973 21348317 3797973 20972834 3758605 5086831 33499591 5086831 5711804 17554583 5711804
r-790 18 0.326797 45 0.318182 677453 8996357 677453 8740923 674195 822340 13194113 822340 749187 6268423 749187
r-228 40 0.252564 14 0.252747 88089 1 1 84344 1 88090 2 2 74139 1 1
r-975 18 0.24183 35 0.322689 386233 2390237 386233 2448274 382108 462804 3437759 462804 323856 1780610 323856
r-630 15 0.285714 29 0.295567 18514 268544 18514 262892 18406 20288 372331 20288 18071 198570 18071
r-356 50 0.306122 33 0.329545 -1 -1 -1 -1 -1 -1 -1 -1 -1 -1 -1
r-314 33 0.272727 28 0.224868 77077215 61944726 61944726 93669270 54042397 121381958 93540363 93540363 86103336 59624824 59624824
r-899 29 0.32266 25 0.31 17449550 11471468 11471468 17968541 10991801 30018567 18755886 18755886 15477205 10119997 10119997
r-350 34 0.315508 40 0.289744 862551048 1431600673 862551048 1496898136 840873930 1506152053 -1 1506152053 1097163102 1467691877 1097163102
r-890 15 0.32381 26 0.267692 7080 55317 7080 54617 7017 8181 79809 8181 5980 45471 5980
r-94 42 0.299652 42 0.29849 -1 -1 -1 -1 -1 -1 -1 -1 -1 -1 -1
r-689 47 0.296022 20 0.252632 46841476 3842303 3842303 47149123 3913398 67636172 4813536 4813536 28239617 3140199 3140199
r-107 32 0.28629 31 0.255914 80896911 122299053 122299053 123017655 97680223 136145401 207682947 207682947 93494134 110195177 110195177
r-768 24 0.293478 17 0.330882 189511 47385 47385 174959 48275 300674 60897 60897 149960 51483 51483
r-842 21 0.328571 27 0.299145 1022732 1913983 1022732 1974580 1008772 1458422 3129649 1458422 1992641 1885792 1992641
r-358 34 0.304813 36 0.314286 913988863 1047361131 913988863 1181671166 849214535 1655387985 1921883843 1655387985 870780765 1037280995 870780765
r-377 44 0.310782 38 0.294452 -1 -1 -1 -1 -1 -1 -1 -1 -1 -1 -1
r-532 29 0.317734 18 0.261438 520451 201398 201398 560654 180674 775097 248103 248103 697244 190986 190986
r-688 15 0.314286 41 0.321951 16055 590583 16055 556664 16055 16057 709936 16057 23073 539253 23073
r-593 10 0.288889 26 0.326154 1 1 1 1 1 1 1 1 1 1 1
r-574 48 0.317376 33 0.304924 -1 -1 -1 -1 -1 -1 -1 -1 -1 -1 -1
r-118 10 0.222222 35 0.29916 1 1 1 1 1 1 1 1 1 1 1
r-527 19 0.321637 48 0.300532 2335302 16740290 2335302 16445455 2320451 2923903 24577188 2923903 1553177 13779600 1553177
r-586 43 0.293466 29 0.300493 709152800 243680384 243680384 725824102 251750272 1289246231 397540870 397540870 977530483 214382852 214382852
r-396 40 0.280769 40 0.287179 -1 -1 -1 -1 -1 -1 -1 -1 -1 -1 -1
r-981 13 0.230769 12 0.272727 202 35 35 91 35 243 37 37 159 137 137
r-431 28 0.291005 27 0.358974 15002374 7846278 7846278 11921078 8485044 26698295 13228523 13228523 12689583 10473211 10473211
r-489 37 0.318318 23 0.249012 12936040 4401446 4401446 14513390 4159534 21397053 6304032 6304032 12121639 5007180 5007180
r-831 32 0.302419 26 0.295385 30988318 19661412 19661412 32319251 18937030 53726165 31934564 31934564 29452091 23028625 23028625
r-313 41 0.293902 33 0.32197 1448160447 1126929773 1126929773 1498047276 1170683143 2631980146 1874217044 1874217044 1096602890 1176832158 1176832158
r-798 19 0.245614 11 0.363636 3105 168 168 2774 181 4010 169 169 2439 904 904
r-770 18 0.313725 31 0.292473 208333 1483048 208333 1475931 207046 261817 2277117 261817 218020 1243170 218020
r-645 21 0.3 45 0.307071 6913411 36371491 6913411 36593933 6826304 9066981 55362007 9066981 10818474 34197633 10818474
r-663 27 0.236467 14 0.296703 33411 1289 1289 30787 1298 41148 1291 1291 23282 686 686
r-192 29 0.29803 43 0.326689 627183769 1067629458 627183769 1153286521 609190289 1062346843 1969393583 1062346843 533374263 977384880 533374263
r-947 26 0.276923 40 0.271795 45958785 174937966 45958785 176733461 45301764 66088809 288199467 66088809 63449318 171860540 63449318
r-959 50 0.306939 16 0.325 1839901 94993 94993 1828085 98091 2176617 104478 104478 1371112 27242 27242
r-159 16 0.283333 10 0.177778 879 1 1 868 1 880 1 1 1146 1 1
r-607 24 0.264493 46 0.295652 36847590 205607341 36847590 208851836 36228563 52404330 335514766 52404330 17060135 86657247 17060135
r-900 30 0.296552 13 0.358974 51105 2835 2835 48125 3119 63718 2837 2837 53050 2776 2776
r-423 43 0.310078 46 0.310145 -1 -1 -1 -1 -1 -1 -1 -1 -1 -1 -1
r-183 44 0.313953 33 0.295455 -1 1869142244 1869142244 -1 1757254092 -1 -1 -1 -1 1746628386 1746628386
r-342 22 0.272727 35 0.285714 3268885 12345372 3268885 12608084 3208984 4326025 19300595 4326025 5460389 11200992 5460389
r-539 15 0.285714 28 0.256614 19159 156242 19159 149112 19023 20415 203671 20415 10059 126432 10059
r-945 30 0.289655 10 0.377778 17824 1 1 16626 1 17824 2 2 15872 1 1
r-543 49 0.312075 23 0.284585 150415389 20873240 20873240 149566478 21018350 239940825 28174094 28174094 149316442 30902666 30902666
r-288 38 0.297297 29 0.337438 218778812 110219084 110219084 216432543 116484700 406851345 184250498 184250498 204918790 97247844 97247844
r-51 13 0.24359 39 0.299595 1 3493 1 3266 1 1 3493 1 1 1 1
r-376 36 0.280952 13 0.192308 909 1 1 884 1 909 1 1 1 1 1
r-983 34 0.299465 29 0.293103 70830738 42809951 42809951 73646755 39972346 122446399 72139381 72139381 69174895 48595052 48595052
r-816 15 0.295238 50 0.280816 1 194646 1 188830 1 2 194647 2 1 163811 1
r-819 40 0.280769 18 0.326797 1908449 173104 173104 1825475 183180 2727747 203763 203763 1853482 650698 650698
r-486 48 0.289007 19 0.374269 11790657 1259352 1259352 11644989 1307123 18161134 1547707 1547707 8792742 1855444 1855444
r-195 40 0.285897 44 0.290698 -1 -1 -1 -1 -1 -1 -1 -1 -1 -1 -1
r-382 10 0.288889 29 0.268473 1 1 1 1 1 1 1 1 1 1 1
r-732 13 0.384615 37 0.303303 1 35388 1 34624 1 2 35389 2 1 28470 1
r-75 22 0.281385 33 0.280303 1457662 7117671 1457662 7085712 1433671 2044403 11367987 2044403 1631448 5414396 1631448
r-855 44 0.283298 36 0.338095 -1 -1 -1 -1 -1 -1 -1 -1 -1 -1 -1
r-918 39 0.290148 26 0.283077 112068751 47959556 47959556 115444253 46983551 188451043 71906916 71906916 109062015 45406739 45406739
r-62 10 0.466667 17 0.25 61 1868 61 1945 61 63 2550 63 74 1025 74
r-316 26 0.307692 17 0.257353 211454 40048 40048 215302 38792 307610 47610 47610 179522 67355 67355
r-193 34 0.269162 38 0.308677 838789203 847334207 838789203 1045837920 782536753 1471277647 1487069382 1471277647 914430316 898328227 914430316
r-622 50 0.303673 50 0.292245 -1 -1 -1 -1 -1 -1 -1 -1 -1 -1 -1
r-420 15 0.257143 46 0.303382 1 255545 1 246640 1 2 255546 2 1 218722 1
r-1 32 0.336694 25 0.316667 32632949 19302072 19302072 35290348 18157199 55792398 30758320 30758320 30637878 21696015 21696015
r-263 35 0.260504 39 0.292848 1551720270 1560978818 1551720270 2082505433 1380431290 -1 -1 -1 1663573252 1235768510 1663573252
r-266 16 0.341667 28 0.301587 5041 114770 5041 115767 4969 5830 168028 5830 7285 83439 7285
r-662 20 0.252632 45 0.311111 1020865 11812758 1020865 11621239 1016227 1236144 16946890 1236144 903229 10567098 903229
r-556 47 0.296022 34 0.317291 -1 -1 -1 -1 -1 -1 -1 -1 -1 -1 -1
r-707 48 0.318262 10 0.155556 1 1 1 1 1 1 1 1 1 1 1
r-851 39 0.303644 35 0.309244 1564769798 1159913697 1159913697 1639783096 1106484096 -1 2081934523 2081934523 1539457706 1212142959 1212142959
r-672 11 0.290909 15 0.304762 353 1616 353 1661 353 355 2058 355 340 1276 340
r-139 49 0.304422 43 0.299003 -1 -1 -1 -1 -1 -1 -1 -1 -1 -1 -1
r-273 50 0.276735 33 0.329545 -1 -1 -1 -1 -1 -1 -1 -1 -1 -1 -1
r-31 15 0.342857 12 0.318182 3822 910 910 3760 959 5116 1087 1087 1652 1006 1006
r-584 31 0.311828 43 0.283499 382838858 1103358568 382838858 1123921948 377781806 633235407 2004134197 633235407 537691498 1088805139 537691498
r-293 18 0.254902 22 0.320346 72337 173413 72337 191311 69459 103087 257384 103087 24681 130255 24681
r-285 50 0.293061 32 0.310484 -1 -1 -1 -1 -1 -1 -1 -1 -1 -1 -1
r-665 25 0.326667 44 0.289641 28807296 134886682 28807296 130801330 28306380 44056262 236837442 44056262 46743872 119630271 46743872
r-436 41 0.303659 33 0.348485 1816227289 849209995 849209995 1786867091 905889950 -1 1504947626 1504947626 1777375947 1251054162 1251054162
r-286 39 0.325236 21 0.347619 23489571 4885803 4885803 22848339 5016116 39676499 6977149 6977149 18795021 6249705 6249705
r-353 40 0.30641 22 0.285714 40468833 10924595 10924595 40961432 11226279 64497481 15133542 15133542 38270920 10049116 10049116
r-535 10 0.355556 41 0.292683 1 1 1 1 1 1 1 1 1 1 1
r-357 20 0.310526 22 0.320346 80831 117905 80831 118261 73581 117142 186154 117142 85132 100956 85132
r-589 10 0.422222 19 0.28655 1 1240 1 1224 1 2 1241 2 1 1144 1
r-998 35 0.327731 34 0.324421 394355172 351305355 351305355 455075122 302161034 728346455 642688922 642688922 370756532 409228057 409228057
r-521 24 0.315217 18 0.261438 117684 54113 54113 128646 46232 174041 69308 69308 140185 57017 57017
r-849 27 0.321937 29 0.256158 5930852 11846747 5930852 10911965 6002163 9463267 20273498 9463267 7542455 11033680 7542455
r-964 50 0.302857 21 0.338095 57069203 5999195 5999195 55695631 6271613 90675315 7995366 7995366 44781231 5735451 5735451
r-227 38 0.29872 29 0.32266 248166430 108748791 108748791 252790477 113623898 459458030 182902234 182902234 248682753 116528660 116528660
r-429 21 0.328571 28 0.351852 1156914 2541360 1156914 2854304 1111264 1781859 4274972 1781859 1255464 2362541 1255464
r-904 22 0.290043 25 0.276667 370959 1184823 370959 1189820 354358 556620 1871255 556620 966560 697209 966560
r-870 27 0.321937 22 0.324675 2921188 1674674 1674674 2962824 1579562 4883656 2509352 2509352 2838910 2141928 2141928
r-424 32 0.272177 29 0.305419 50737686 22093092 22093092 47024958 23474034 88667493 36523660 36523660 37091823 19497684 19497684
r-909 40 0.312821 43 0.294574 -1 -1 -1 -1 -1 -1 -1 -1 -1 -1 -1
r-84 43 0.310078 16 0.258333 1610935 43818 43818 1574739 45791 1940665 43820 43820 1123737 33931 33931
r-80 29 0.283251 11 0.290909 1 1 1 1 1 1 1 1 1 1 1
r-332 17 0.323529 24 0.278986 43903 216638 43903 209878 43146 55832 331670 55832 35989 188153 35989
r-508 20 0.294737 39 0.31444 2935593 17152960 2935593 17189567 2888508 3882856 27159938 3882856 3283308 13943037 3283308
r-840 13 0.269231 34 0.301248 1 39059 1 36274 1 2 39060 2 1 31098 1
r-615 10 0.377778 19 0.263158 1 1724 1 1647 1 2 1725 2 1 938 1
r-637 21 0.328571 32 0.282258 783773 3642893 783773 3561442 778621 1081235 6110338 1081235 748288 2548873 748288
r-706 40 0.291026 17 0.257353 2340249 91124 91124 2287660 95029 3119676 97036 97036 1850751 135322 135322
r-181 49 0.312075 33 0.337121 -1 -1 -1 -1 -1 -1 -1 -1 -1 -1 -1
r-435 46 0.282126 27 0.299145 394434644 226006811 226006811 391633129 235330565 681322729 335770209 335770209 349927634 95679210 95679210
r-374 29 0.293103 48 0.300532 549144224 1796078772 549144224 1834048368 539633657 859519341 -1 859519341 963491548 1717526863 963491548
r-987 32 0.304435 33 0.304924 140152767 193589178 140152767 204349211 128916934 246923576 338645780 246923576 128775122 144528233 128775122
r-327 24 0.286232 12 0.333333 5250 1 1 4763 1 5251 2 2 4138 1 1
r-623 48 0.315603 32 0.298387 -1 -1 -1 -1 -1 -1 -1 -1 -1 -1 -1
r-939 46 0.291787 36 0.290476 -1 -1 -1 -1 -1 -1 -1 -1 -1 -1 -1
r-272 26 0.267692 23 0.26087 749087 848885 848885 710648 815035 1175585 1267788 1267788 936008 674825 674825
r-42 37 0.273273 32 0.344758 418664018 206036546 206036546 389759226 230825437 773144591 349189232 349189232 383319815 192904111 192904111
r-21 31 0.275269 49 0.282313 1212393889 -1 1212393889 -1 1189569722 -1 -1 -1 1768493614 -1 1768493614
r-56 11 0.309091 33 0.299242 1 1 1 1 1 1 1 1 1 3763 1
r-703 31 0.296774 26 0.338462 24631572 13893603 13893603 23317776 14109330 43673532 22468703 22468703 13704972 6980853 6980853
r-927 37 0.292793 19 0.345029 2634601 508330 508330 2517444 538557 4002628 652772 652772 2355484 410505 410505
r-834 11 0.254545 42 0.299652 1 1 1 1 1 1 1 1 1 1 1
r-172 21 0.266667 15 0.247619 41306 4869 4869 41427 5088 56071 5263 5263 20049 4657 4657
r-750 19 0.327485 24 0.271739 220055 645178 220055 641602 217295 313428 1001841 313428 289863 559449 289863
r-352 46 0.30628 30 0.308046 1114914321 436616451 436616451 1155367315 437590136 2034719809 711030131 711030131 1103320476 568247777 568247777
r-133 22 0.337662 12 0.363636 19035 1226 1226 17972 1279 24445 1228 1228 11988 1350 1350
r-240 46 0.282126 32 0.278226 -1 1473816841 1473816841 -1 1475925090 -1 -1 -1 2395659298 942465641 942465641
r-305 26 0.326154 14 0.318681 117185 20557 20557 116443 21607 160090 23334 23334 95487 10953 10953
r-619 44 0.302326 49 0.270408 -1 -1 -1 -1 -1 -1 -1 -1 -1 -1 -1
r-248 21 0.27619 40 0.307692 3145902 15554881 3145902 15789471 3100288 4052426 23652619 4052426 1681074 15311765 1681074
r-652 43 0.291251 15 0.390476 529499 8460 8460 525243 8713 691413 8462 8462 631833 13735 13735
r-344 36 0.295238 43 0.264673 -1 -1 -1 -1 -1 -1 -1 -1 -1 -1 -1
r-115 35 0.290756 29 0.302956 72096734 43336984 43336984 75174684 41604264 127135673 69916069 69916069 71756737 48374822 48374822
r-117 36 0.3 23 0.296443 22072915 6272684 6272684 22372043 6412759 36531409 9156607 9156607 18029919 8830719 8830719
r-882 17 0.352941 39 0.295547 171582 1897791 171582 1865103 170450 204719 2690932 204719 475434 1599231 475434
r-971 17 0.220588 42 0.295006 17641 1340925 17641 1339668 17641 17643 1644277 17643 15344 1151263 15344
r-578 42 0.305459 35 0.294118 -1 -1 -1 -1 -1 -1 -1 -1 -1 -1 -1
r-602 42 0.308943 48 0.305851 -1 -1 -1 -1 -1 -1 -1 -1 -1 -1 -1
r-887 34 0.313725 49 0.314626 -1 -1 -1 -1 -1 -1 -1 -1 -1 -1 -1
r-641 14 0.230769 10 0.355556 525 107 107 433 111 699 109 109 702 74 74
r-928 19 0.309942 10 0.2 1 1 1 1 1 1 1 1 1 1 1
r-85 28 0.269841 11 0.436364 8109 286 286 7429 313 8628 287 287 3626 1 1
r-967 36 0.288889 10 0.333333 1 1 1 1 1 1 1 1 1 1 1
r-150 31 0.268817 21 0.242857 1941659 729197 729197 2035929 691462 2940864 939174 939174 1990349 594085 594085
r-378 29 0.278325 15 0.342857 216463 10664 10664 205439 11272 318374 11807 11807 82667 10342 10342
r-77 31 0.294624 33 0.297348 122475372 168080752 122475372 185498425 117509747 210919899 296965452 210919899 153350517 200318211 153350517
r-636 50 0.309388 40 0.344872 -1 -1 -1 -1 -1 -1 -1 -1 -1 -1 -1
r-348 41 0.256098 42 0.281069 -1 -1 -1 -1 -1 -1 -1 -1 -1 -1 -1
r-505 16 0.283333 44 0.290698 20372 1398958 20372 1375407 20372 20374 1668113 20374 24511 967967 24511
r-6 24 0.253623 44 0.303383 64105613 203276447 64105613 212018473 63092715 89552588 329044133 89552588 66660154 218973797 66660154
r-930 29 0.251232 13 0.307692 42261 873 873 40009 921 48731 875 875 40141 1946 1946
r-571 38 0.317212 27 0.301994 113280989 75458021 75458021 119626217 73421802 203401243 121508852 121508852 124641425 70041210 70041210
r-405 38 0.315789 30 0.335632 301525280 139094375 139094375 293076183 146437364 569360736 240540214 240540214 259809791 140272071 140272071
r-134 42 0.293844 17 0.257353 4498676 223473 223473 4386182 232312 5991501 246743 246743 3374113 386609 386609
r-716 50 0.300408 39 0.295547 -1 -1 -1 -1 -1 -1 -1 -1 -1 -1 -1
r-846 46 0.283092 36 0.303175 -1 -1 -1 -1 -1 -1 -1 -1 -1 -1 -1
r-774 41 0.278049 30 0.301149 530620298 169186047 169186047 533695475 184484617 941755819 270872720 270872720 444064754 335067263 335067263
r-17 36 0.315873 43 0.328904 -1 -1 -1 -1 -1 -1 -1 -1 -1 -1 -1
r-186 39 0.304993 10 0.2 1 1 1 1 1 1 1 1 1 1 1
r-459 31 0.260215 41 0.289024 731394822 1387970160 731394822 1457945666 706590035 1169744030 2355314429 1169744030 753524408 1203908972 753524408
r-34 36 0.274603 34 0.304813 810857260 523757844 523757844 846370279 507498786 1423096459 888222041 888222041 481357575 375022981 375022981
r-817 28 0.293651 15 0.295238 147912 14812 14812 143928 14574 201277 16521 16521 102233 13609 13609
r-569 33 0.289773 17 0.375 1427742 202278 202278 1350341 218889 2298775 268299 268299 740821 223766 223766
r-585 23 0.3083 12 0.242424 5858 1 1 5284 1 5859 2 2 3885 1 1
r-902 30 0.282759 43 0.277962 480743565 1122878466 480743565 1169290754 474816051 738471939 1948377398 738471939 870806235 1173193375 870806235
r-544 45 0.283838 18 0.346405 4483118 345626 345626 4372202 364641 6481145 421835 421835 3421409 605372 605372
r-265 50 0.309388 23 0.280632 196369460 28405281 28405281 199818897 29230870 305281992 38035606 38035606 182530408 47347394 47347394
r-168 35 0.302521 37 0.255255 754150222 1216364120 754150222 1188677726 752603994 1256805766 2152467770 1256805766 648229839 1205064725 648229839
r-351 19 0.239766 38 0.284495 343470 2562378 343470 2566410 342173 404692 3531196 404692 486242 2880096 486242
r-108 46 0.291787 16 0.341667 2751780 185822 185822 2727404 189911 3582590 200179 200179 2292617 116087 116087
r-891 41 0.297561 38 0.271693 -1 -1 -1 -1 -1 -1 -1 -1 -1 -1 -1
r-260 31 0.268817 44 0.300211 1588661537 2910784671 1588661537 3159340956 1541193265 -1 -1 -1 1923110706 -1 1923110706
r-370 25 0.25 37 0.279279 19534390 53193027 19534390 56024050 18922315 28061728 84641551 28061728 17423957 56410679 17423957
r-284 25 0.306667 15 0.304762 73800 6222 6222 68629 6330 106681 7011 7011 62657 16650 16650
r-251 25 0.3 28 0.314815 2557641 3539953 2557641 4047175 2273710 4054879 6042885 4054879 2973044 3063543 2973044
r-399 21 0.309524 14 0.296703 20780 3759 3759 18519 3399 28779 4346 4346 16692 3892 3892
r-704 34 0.279857 36 0.306349 344454747 358427480 344454747 418838543 303976047 609998492 636746114 609998492 353899729 455594800 353899729
r-879 16 0.35 27 0.282051 21885 160626 21885 159915 21142 26936 241701 26936 15808 120733 15808
r-883 23 0.395257 45 0.305051 14520810 69370876 14520810 66800041 14364637 22533793 125109946 22533793 6038787 71689218 6038787
r-889 28 0.320106 44 0.292812 175235043 572525062 175235043 561534177 172147952 277249859 1017250935 277249859 250661941 589168395 250661941
r-892 13 0.333333 27 0.287749 1280 31589 1280 30450 1280 1282 40554 1282 683 26879 683
r-612 11 0.309091 36 0.285714 1 1 1 1 1 1 1 1 1 1 1
r-685 34 0.283422 47 0.300648 -1 -1 -1 -1 -1 -1 -1 -1 -1 -1 -1
r-322 20 0.3 12 0.333333 6386 330 330 5769 348 8230 332 332 5635 344 344
r-885 45 0.290909 13 0.294872 260561 1 1 248409 1 260562 2 2 190892 1 1
r-826 45 0.29798 19 0.350877 13318655 1201224 1201224 13174715 1230263 20201376 1469259 1469259 9295968 1213147 1213147
r-198 44 0.326638 16 0.266667 1314172 21984 21984 1273548 22732 1570727 21986 21986 1095736 34751 34751
r-955 18 0.294118 26 0.329231 254922 451586 254922 459813 250719 354319 731568 354319 281767 707896 281767
r-517 18 0.248366 36 0.293651 472062 2696888 472062 2727447 468968 568593 3651434 568593 426246 2442087 426246
r-764 10 0.355556 22 0.316017 1 5115 1 5003 1 2 5116 2 1 4495 1
r-391 12 0.348485 35 0.292437 1 28998 1 27730 1 2 28999 2 1 23243 1
r-814 41 0.309756 36 0.287302 -1 -1 -1 -1 -1 -1 -1 -1 -1 -1 -1
r-309 31 0.307527 38 0.246088 262061034 791213773 262061034 744668112 266597256 417185625 1370968929 417185625 301811495 715404224 301811495
r-261 28 0.304233 12 0.272727 23414 1 1 22217 1 23415 2 2 16940 1 1
r-907 40 0.314103 45 0.29596 -1 -1 -1 -1 -1 -1 -1 -1 -1 -1 -1
r-458 19 0.345029 46 0.323671 2171811 19349964 2171811 18752889 2157013 2772498 29525483 2772498 4255808 15024332 4255808
r-394 18 0.267974 18 0.313725 25409 22712 25409 35259 22535 37315 32475 37315 20043 41550 20043
r-393 13 0.192308 28 0.325397 1 5893 1 5920 1 1 5893 1 1 2696 1
r-136 21 0.319048 16 0.275 23047 8327 8327 23730 7266 34253 10126 10126 19797 9302 9302
r-365 11 0.218182 47 0.33395 1 1 1 1 1 1 1 1 1 1 1
r-457 36 0.307937 31 0.28172 266064788 111926497 111926497 301164564 104170815 485139667 195385680 195385680 159076643 121547731 121547731
r-683 39 0.287449 39 0.296896 -1 -1 -1 -1 -1 -1 -1 -1 -1 -1 -1
r-772 41 0.286585 23 0.304348 79042796 18125311 18125311 77106666 18663460 128755821 25223582 25223582 60093788 19739798 19739798
r-488 26 0.283077 12 0.318182 12867 1 1 11487 1 13154 2 2 23631 1 1
r-368 46 0.288889 48 0.324468 -1 -1 -1 -1 -1 -1 -1 -1 -1 -1 -1
r-710 19 0.245614 43 0.277962 972475 8147739 972475 8248480 962177 1139343 10770934 1139343 925039 8538803 925039
r-441 20 0.331579 31 0.309677 450014 4157918 450014 4053626 442181 607097 6865076 607097 428061 1956024 428061
r-364 11 0.254545 23 0.324111 1 8724 1 8534 1 2 8725 2 1 8286 1
r-880 20 0.252632 27 0.282051 447871 1067450 447871 1168755 436093 604851 1624090 604851 487250 992872 487250
r-877 38 0.29872 10 0.311111 1 1 1 1 1 1 1 1 1 1 1
r-337 33 0.293561 35 0.310924 585605279 604687773 585605279 714150359 545411096 1026519703 1076019313 1026519703 599551732 679215208 599551732
r-203 19 0.315789 45 0.30202 429331 6946930 429331 6833327 424433 507586 10182195 507586 733481 4877353 733481
r-319 15 0.247619 13 0.358974 666 176 176 567 190 975 215 215 917 790 790
r-897 19 0.350877 49 0.293367 2351704 21524332 2351704 20516717 2333886 2898655 31896814 2898655 1450606 18097570 1450606
r-534 33 0.287879 41 0.306098 1118361788 1527425537 1118361788 1708033841 1038811226 1953438184 -1 1953438184 1223434563 1450834277 1223434563
r-167 30 0.34023 50 0.294694 1305782753 -1 1305782753 -1 1285537840 -1 -1 -1 1429145011 -1 1429145011
r-475 49 0.285714 46 0.299517 -1 -1 -1 -1 -1 -1 -1 -1 -1 -1 -1
r-202 50 0.306939 34 0.327986 -1 -1 -1 -1 -1 -1 -1 -1 -1 -1 -1
r-407 26 0.304615 20 0.336842 859903 352559 352559 861576 313977 1402184 484052 484052 737635 304068 304068
r-986 19 0.239766 28 0.330688 519181 898775 519181 1063484 505349 704482 1417136 704482 489045 1236052 489045
r-16 50 0.313469 46 0.302415 -1 -1 -1 -1 -1 -1 -1 -1 -1 -1 -1
r-210 10 0.377778 41 0.318293 1 1 1 1 1 1 1 1 1 1 1
r-913 12 0.30303 28 0.280423 1 23576 1 22924 1 2 23577 2 1 15161 1
r-490 44 0.288584 13 0.294872 320450 1 1 303766 1 320451 2 2 291775 1 1
r-460 18 0.287582 23 0.332016 149112 238544 149112 271982 142772 212582 379079 212582 136673 216063 136673
r-859 14 0.362637 45 0.307071 1 182400 1 175259 1 2 204821 2 1 262034 1
r-684 29 0.305419 22 0.294372 3189267 1534390 1534390 3304568 1550490 5240523 2248240 2248240 3355971 3327980 3327980
r-995 11 0.345455 47 0.287697 1 1 1 1 1 1 1 1 1 1 1
r-409 43 0.286822 17 0.301471 1986355 45795 45795 1912132 46990 2723229 50852 50852 2208202 79546 79546
r-449 19 0.22807 12 0.30303 2964 191 191 2510 200 3803 193 193 3841 177 177
r-668 48 0.299645 35 0.285714 -1 -1 -1 -1 -1 -1 -1 -1 -1 -1 -1
r-130 42 0.29036 41 0.286585 -1 -1 -1 -1 -1 -1 -1 -1 -1 -1 -1
r-67 10 0.333333 50 0.306939 1 1 1 1 1 1 1 1 1 1 1
r-141 28 0.296296 14 0.307692 48334 1635 1635 45872 1709 60702 1637 1637 40847 1339 1339
r-166 48 0.277482 37 0.310811 -1 -1 -1 -1 -1 -1 -1 -1 -1 -1 -1
r-785 37 0.294294 15 0.257143 219125 3010 3010 209423 3038 260348 3011 3011 66509 1 1
r-692 46 0.298551 49 0.316327 -1 -1 -1 -1 -1 -1 -1 -1 -1 -1 -1
r-991 31 0.288172 47 0.309898 1062963963 2438621776 1062963963 2644108206 1033622614 1792313842 -1 1792313842 624250019 1835425347 624250019
r-911 43 0.290144 24 0.293478 99714917 17336733 17336733 100676313 18211540 166246217 24846506 24846506 88663531 15384682 15384682
r-35 19 0.304094 42 0.31475 1518590 13429957 1518590 13498725 1507091 1889250 19784659 1889250 1782439 13157139 1782439
r-308 46 0.280193 41 0.289024 -1 -1 -1 -1 -1 -1 -1 -1 -1 -1 -1
r-649 11 0.218182 48 0.338652 1 1 1 1 1 1 1 1 1 1 1
r-2 34 0.278075 28 0.306878 47234776 21505858 21505858 47398382 23326608 82267753 34546775 34546775 46655460 35598724 35598724
r-400 44 0.287526 36 0.32381 -1 -1 -1 -1 -1 -1 -1 -1 -1 -1 -1
r-999 26 0.298462 35 0.305882 31740853 62988930 31740853 67585389 30794863 49877915 106913306 49877915 31279763 59985098 31279763
r-334 18 0.261438 30 0.317241 333375 1665902 333375 1711245 330369 420713 2492765 420713 464258 1307123 464258
r-53 40 0.312821 27 0.301994 157026362 67337512 67337512 166486365 67241092 282723580 107093371 107093371 156624378 82737864 82737864
r-12 26 0.326154 30 0.291954 11054539 12921552 11054539 12728938 10836384 17926303 22637338 17926303 6985939 11585425 6985939
r-171 14 0.32967 32 0.270161 4631 106920 4631 105027 4631 4633 131377 4633 2156 71639 2156
r-299 15 0.295238 50 0.303673 28776 2043549 28776 2026335 28776 28778 2420318 28778 35068 1749091 35068
r-926 30 0.326437 34 0.320856 178400092 201383184 178400092 214111654 167195647 308398521 362474961 308398521 151551157 195143635 151551157
r-708 24 0.278986 23 0.312253 563456 521971 521971 515402 550243 894012 792058 792058 620586 411174 411174
r-848 38 0.311522 38 0.328592 2091863033 1768158195 2091863033 2228346128 1821389652 -1 -1 -1 -1 -1 -1
r-231 39 0.278003 17 0.286765 1085010 42001 42001 1021894 44593 1449043 46443 46443 1006935 92320 92320
r-566 23 0.332016 29 0.278325 1453861 5321125 1453861 5132297 1460812 2163540 9053539 2163540 1385321 4106663 1385321
r-448 12 0.30303 48 0.304965 1 1 1 1 1 1 1 1 1 1 1
r-493 38 0.312945 39 0.306343 -1 -1 -1 -1 -1 -1 -1 -1 -1 -1 -1
r-120 36 0.290476 23 0.324111 20087180 7746825 7746825 20055531 8277466 34649098 11533314 11533314 15488136 3135442 3135442
r-843 14 0.252747 40 0.310256 1 303636 1 288489 1 2 321439 2 1 141908 1
r-46 29 0.29064 16 0.333333 405274 55606 55606 379121 56524 592120 68628 68628 340267 85868 85868
r-302 20 0.321053 33 0.284091 1044079 2941268 1044079 2884526 1032794 1461322 4766656 1461322 481428 4180429 481428
r-157 36 0.315873 43 0.342193 -1 -1 -1 -1 -1 -1 -1 -1 -1 -1 -1
r-875 22 0.311688 22 0.298701 406343 547402 406343 596301 399813 640401 868587 640401 514962 463705 514962
r-104 25 0.28 14 0.318681 67824 4947 4947 62153 5392 96008 5561 5561 43428 7165 7165
r-676 20 0.252632 42 0.332172 1554564 16334990 1554564 16856824 1541388 1968575 24336128 1968575 1887265 12499408 1887265
r-558 44 0.294926 34 0.285205 -1 2174237719 2174237719 -1 2080069481 -1 -1 -1 -1 1428346612 1428346612
r-894 26 0.313846 17 0.301471 262439 46096 46096 257424 46461 410567 60873 60873 120876 82722 82722
r-583 32 0.324597 21 0.261905 3271898 1558624 1558624 3519685 1494607 5397510 2264566 2264566 2290980 707288 707288
r-777 19 0.292398 35 0.285714 570901 2917264 570901 2909305 561606 681182 4187739 681182 543421 2644937 543421
r-271 48 0.310284 26 0.261538 443222133 294473548 294473548 475785767 282826574 724452751 432165522 432165522 395227906 132620256 132620256
r-79 24 0.228261 23 0.312253 858952 410272 410272 644734 553933 1344639 586175 586175 921491 361942 361942
r-643 46 0.284058 24 0.304348 113651417 20997344 20997344 111154957 22359266 183856798 29709955 29709955 128239775 21199809 21199809
r-980 38 0.284495 10 0.333333 1 1 1 1 1 1 1 1 1 1 1
r-853 19 0.269006 18 0.313725 28909 21150 21150 25199 25850 43408 29327 29327 63446 54074 54074
r-213 32 0.316532 44 0.315011 1038267113 2027799697 1038267113 2108839025 1006712556 1817815366 -1 1817815366 1153288243 1834362541 1153288243
r-190 47 0.304348 27 0.304843 1088016443 300876619 300876619 1096698921 308031851 1927485968 466867102 466867102 1027574930 421742938 421742938
r-27 31 0.301075 39 0.303644 709084802 998881148 709084802 1080746722 685891761 1197979799 1819805098 1197979799 959903462 987708148 959903462
r-937 46 0.313043 15 0.247619 759798 1 1 718548 1 759799 2 2 389875 1 1
r-114 35 0.280672 44 0.320296 -1 -1 -1 -1 -1 -1 -1 -1 -1 -1 -1
r-810 40 0.29359 46 0.31401 -1 -1 -1 -1 -1 -1 -1 -1 -1 -1 -1
r-624 32 0.294355 42 0.299652 888281523 1418590547 888281523 1494660471 859430650 1529975759 2589552102 1529975759 927937647 1383635303 927937647
r-406 40 0.3 36 0.288889 -1 -1 -1 -1 2525116111 -1 -1 -1 -1 -1 -1
r-279 29 0.280788 11 0.272727 1 1 1 1 1 1 1 1 1 1 1
r-946 39 0.302294 50 0.290612 -1 -1 -1 -1 -1 -1 -1 -1 -1 -1 -1
r-421 10 0.2 45 0.333333 1 1 1 1 1 1 1 1 1 1 1
r-799 28 0.306878 28 0.293651 11036657 14355293 11036657 19725714 10435585 17705052 24075821 17705052 9665925 24180819 9665925
r-126 42 0.267131 26 0.270769 151362285 47689824 47689824 150584152 50080814 251215421 69045385 69045385 123983040 38817655 38817655
r-359 36 0.338095 18 0.281046 5670421 350197 350197 5719260 356034 8688659 426803 426803 2287231 318224 318224
r-175 10 0.311111 32 0.27621 1 1 1 1 1 1 1 1 1 1 1
r-340 50 0.287347 46 0.288889 -1 -1 -1 -1 -1 -1 -1 -1 -1 -1 -1
r-381 25 0.31 42 0.2741 23972443 89675772 23972443 90712852 23575467 35067601 149896971 35067601 20925083 92036755 20925083
r-315 10 0.288889 34 0.297683 1 1 1 1 1 1 1 1 1 1 1
r-9 38 0.283073 47 0.285846 -1 -1 -1 -1 -1 -1 -1 -1 -1 -1 -1
r-695 37 0.328829 47 0.308048 -1 -1 -1 -1 -1 -1 -1 -1 -1 -1 -1
r-970 49 0.296769 11 0.327273 1 1 1 1 1 1 1 1 1 1 1
r-250 49 0.289966 25 0.28 784032378 144079351 144079351 779040288 149230793 1295268094 204906760 204906760 680181738 157948670 157948670
r-109 19 0.327485 37 0.283784 277826 1372955 277826 1340341 270122 354735 2036443 354735 92053 962647 92053
r-40 13 0.282051 18 0.326797 2796 12818 2796 12052 2755 3221 17863 3221 4543 8743 4543
r-219 15 0.285714 47 0.299722 33549 1997084 33549 1938626 33549 33551 2359839 33551 33512 1615491 33512
r-164 38 0.330014 49 0.295068 -1 -1 -1 -1 -1 -1 -1 -1 -1 -1 -1
r-528 40 0.294872 49 0.284864 -1 -1 -1 -1 -1 -1 -1 -1 -1 -1 -1
r-246 40 0.305128 20 0.315789 19820642 3681005 3681005 19462507 3820524 30387820 4713508 4713508 18077107 3254712 3254712
r-761 17 0.316176 13 0.307692 7217 2923 2923 7152 2797 10198 3455 3455 6412 2081 2081
r-735 10 0.288889 29 0.302956 1 1 1 1 1 1 1 1 1 1 1
r-146 13 0.423077 41 0.278049 1 157401 1 155204 1 2 191709 2 1 33941 1
r-747 20 0.310526 37 0.273273 942971 8643487 942971 8214153 931859 1241555 13525024 1241555 1945060 7405984 1945060
r-153 43 0.302326 49 0.296769 -1 -1 -1 -1 -1 -1 -1 -1 -1 -1 -1
r-218 49 0.306122 50 0.284898 -1 -1 -1 -1 -1 -1 -1 -1 -1 -1 -1
r-746 50 0.300408 13 0.346154 321366 1 1 308436 1 321367 2 2 232730 1 1
r-235 33 0.32197 12 0.30303 36712 1 1 34352 1 36713 2 2 30674 1 1
r-58 20 0.3 31 0.28172 539476 2836360 539476 2770010 528426 725605 4449083 725605 576893 2456022 576893
r-10 13 0.346154 49 0.278912 1 164159 1 159528 1 2 164160 2 1 136350 1
r-723 14 0.32967 19 0.263158 700 7452 700 6971 691 822 10496 822 1055 4544 1055
r-343 43 0.295681 35 0.287395 -1 -1 -1 -1 -1 -1 -1 -1 -1 -1 -1
r-631 38 0.27596 50 0.319184 -1 -1 -1 -1 -1 -1 -1 -1 -1 -1 -1
r-249 44 0.299154 39 0.315789 -1 -1 -1 -1 -1 -1 -1 -1 -1 -1 -1
r-191 16 0.266667 44 0.29704 24354 974509 24354 931959 24354 24356 1094835 24356 90332 806691 90332
r-469 18 0.24183 17 0.316176 42376 24249 24249 31172 25258 62116 31692 31692 39539 28839 28839
r-453 34 0.336898 13 0.294872 99565 1 1 95714 1 99566 2 2 65480 1 1
r-55 15 0.238095 19 0.245614 2390 7481 2390 7786 2363 2745 10162 2745 1866 7874 1866
r-837 44 0.306554 24 0.373188 125607014 38321202 38321202 124866110 41746430 220682265 59080053 59080053 74255350 25320268 25320268
r-812 29 0.288177 25 0.286667 2338985 1858780 1858780 2335700 1753395 3942088 2824283 2824283 4356160 1606435 1606435
r-976 18 0.313725 16 0.291667 13837 11814 11814 12711 10202 19645 15818 15818 13194 12123 12123
r-952 35 0.294118 32 0.254032 201783669 238187970 238187970 266406327 205914194 341862455 404074644 404074644 284040558 211406969 211406969
r-262 34 0.27451 34 0.333333 235068916 204830576 235068916 336730685 211049465 433054531 358908107 433054531 339053183 196619757 339053183
r-610 50 0.31102 40 0.315385 -1 -1 -1 -1 -1 -1 -1 -1 -1 -1 -1
r-472 44 0.302326 33 0.285985 -1 2349426825 2349426825 -1 2278242585 -1 -1 -1 -1 -1 -1
r-701 12 0.272727 13 0.320513 722 1207 722 1124 719 813 1565 813 479 535 479
r-425 21 0.261905 10 0.155556 1 1 1 1 1 1 1 1 1 1 1
r-389 46 0.305314 38 0.315789 -1 -1 -1 -1 -1 -1 -1 -1 -1 -1 -1
r-758 27 0.327635 41 0.314634 77094822 163186823 77094822 164114024 75904649 122180081 291289265 122180081 58487742 142269846 58487742
r-965 40 0.316667 50 0.318367 -1 -1 -1 -1 -1 -1 -1 -1 -1 -1 -1
r-245 23 0.312253 23 0.284585 814051 1012158 814051 975407 757847 1230126 1559701 1230126 607160 830268 607160
r-408 22 0.30303 13 0.384615 39634 4858 4858 36502 4965 55764 5587 5587 30511 5934 5934
r-372 36 0.339683 36 0.287302 891106988 1490275880 891106988 1301617967 901121080 1608091215 -1 1608091215 1062743994 1374831500 1062743994
r-857 44 0.303383 33 0.32197 -1 -1 -1 -1 -1 -1 -1 -1 -1 -1 -1
r-540 20 0.315789 34 0.285205 725206 4239260 725206 4168358 718845 967519 6785892 967519 646452 3784322 646452
r-367 39 0.327935 26 0.28 86303229 36637813 36637813 92387950 33991599 152957278 57737668 57737668 98439682 36269946 36269946
r-545 43 0.320044 33 0.299242 -1 1501182918 1501182918 -1 1437126101 -1 -1 -1 -1 1608631316 1608631316
r-957 34 0.299465 39 0.2861 926503027 1339018205 926503027 1413798924 884752878 1573685179 2426035655 1573685179 973517941 1299471923 973517941
r-908 39 0.276653 13 0.346154 61282 1 1 56334 1 61283 2 2 41927 1 1
r-323 49 0.298469 25 0.313333 395829756 75864616 75864616 393153492 80653009 661652337 109977962 109977962 350820583 102079365 102079365
r-422 16 0.325 17 0.316176 17870 32692 17870 37450 17004 25420 47820 25420 7888 8736 7888
r-254 13 0.269231 46 0.292754 1 1 1 1 1 1 1 1 1 1 1
r-500 43 0.30897 45 0.310101 -1 -1 -1 -1 -1 -1 -1 -1 -1 -1 -1
r-161 35 0.305882 19 0.292398 3287066 557741 557741 3248006 570411 4981186 718386 718386 2707765 653737 653737
r-128 27 0.296296 17 0.323529 199671 28547 28547 191086 30537 296329 35105 35105 152229 67058 67058
r-140 46 0.285024 11 0.181818 1 1 1 1 1 1 1 1 1 1 1
r-924 47 0.313599 20 0.278947 52961380 7374455 7374455 53303571 7545591 79713702 9460583 9460583 40436158 5127485 5127485
r-384 25 0.286667 19 0.304094 265763 96785 96785 258152 97214 414230 128042 128042 270325 168005 168005
r-954 12 0.363636 16 0.233333 577 3079 577 3090 553 674 4593 674 705 2438 705
r-66 15 0.342857 38 0.29303 12008 242620 12008 240131 11986 13212 310787 13212 6191 236821 6191
r-728 33 0.323864 19 0.298246 3244997 736206 736206 3370866 737182 5046990 993999 993999 1305516 286290 286290
r-439 39 0.282051 39 0.306343 -1 2544267759 -1 -1 -1 -1 -1 -1 -1 -1 -1
r-590 10 0.266667 14 0.241758 212 1766 212 1606 212 214 2142 214 220 1357 220
r-361 43 0.294574 35 0.290756 -1 -1 -1 -1 -1 -1 -1 -1 -1 -1 -1
r-414 16 0.408333 18 0.248366 11741 33294 11741 30654 12047 15983 54546 15983 18522 16075 18522
r-178 29 0.293103 34 0.319073 68810302 117328123 68810302 129195005 65674869 117407837 209082887 117407837 76901621 78430251 76901621
r-200 12 0.287879 15 0.333333 678 2020 678 1922 638 790 2550 790 781 2081 781
r-541 20 0.289474 27 0.304843 699523 1443191 699523 1535888 683996 974032 2285020 974032 698607 1234984 698607
r-311 28 0.314815 11 0.381818 18244 1 1 17264 1 18245 2 2 12877 1 1
r-177 46 0.320773 26 0.307692 443477344 127073358 127073358 455768666 125157563 779849195 189756353 189756353 443962416 225055618 225055618
r-304 45 0.310101 43 0.30454 -1 -1 -1 -1 -1 -1 -1 -1 -1 -1 -1
r-201 13 0.25641 41 0.319512 1 1 1 1 1 1 1 1 1 3953 1
r-65 37 0.291291 23 0.332016 34424274 5503711 5503711 32796964 6267375 57737442 8136909 8136909 14863843 6185201 6185201
r-236 26 0.323077 16 0.283333 216582 38545 38545 210159 38030 316985 47586 47586 183491 42340 42340
r-852 48 0.31117 25 0.31 421170915 103251031 103251031 426482731 106247134 721860804 153089193 153089193 375007141 85172757 85172757
r-341 30 0.257471 37 0.313814 308738442 259255645 308738442 323169479 289992020 522306045 448080951 522306045 317981716 358325564 317981716
r-513 27 0.282051 33 0.268939 14918920 29037974 14918920 30212088 14500282 22086963 48344603 22086963 16494766 27155454 16494766
r-802 21 0.309524 28 0.320106 1039815 3007732 1039815 3096083 1019985 1578948 4967105 1578948 642128 1537023 642128
r-335 35 0.29916 28 0.261905 104471935 66562875 66562875 120672652 62673870 177012904 108106854 108106854 94918521 63276830 63276830
r-473 38 0.295875 44 0.261099 -1 -1 -1 -1 -1 -1 -1 -1 -1 -1 -1
r-256 49 0.303571 43 0.301218 -1 -1 -1 -1 -1 -1 -1 -1 -1 -1 -1
r-548 18 0.300654 25 0.25 31991 231232 31991 223549 30901 41544 345716 41544 66886 143566 66886
r-931 27 0.287749 21 0.22381 1044607 786188 786188 1226774 701724 1534378 1088380 1088380 398612 147938 147938
r-437 35 0.285714 36 0.307937 615048736 546570067 615048736 684276221 552798793 1107056683 974328977 1107056683 592097652 564705892 592097652
r-729 23 0.272727 40 0.305128 10927688 42989801 10927688 43035570 10718874 15577480 69726829 15577480 7511936 24824503 7511936
r-871 14 0.285714 10 0.333333 1205 161 161 1109 154 1502 163 163 1073 183 183
r-599 15 0.304762 50 0.313469 1 1409674 1 1412805 1 2 1581372 2 1 306789 1
r-60 18 0.248366 10 0.266667 1255 1 1 1078 1 1256 2 2 1201 1 1
r-412 30 0.268966 35 0.317647 152809325 155257842 152809325 191960218 142625277 261002315 268810803 261002315 170980775 199646648 170980775
r-925 21 0.328571 23 0.264822 184769 419618 184769 409117 196059 267521 679917 267521 383968 385115 383968
r-43 27 0.299145 42 0.283391 140343624 414776010 140343624 422018176 137391654 216251137 723339143 216251137 184834719 400413280 184834719
r-282 35 0.304202 45 0.285859 -1 -1 -1 -1 -1 -1 -1 -1 -1 -1 -1
r-324 38 0.302987 16 0.358333 644121 45945 45945 617456 46911 904436 51058 51058 492217 39931 39931
r-603 42 0.304297 39 0.306343 -1 -1 -1 -1 -1 -1 -1 -1 -1 -1 -1
r-339 41 0.332927 26 0.301538 135423850 58596820 58596820 144786475 56624289 242037865 92976252 92976252 121602281 57701000 57701000
r-336 50 0.326531 39 0.299595 -1 -1 -1 -1 -1 -1 -1 -1 -1 -1 -1
r-989 42 0.271777 45 0.30101 -1 -1 -1 -1 -1 -1 -1 -1 -1 -1 -1
r-813 40 0.30641 29 0.332512 972896086 443727983 443727983 991248004 455732206 1817945977 746676685 746676685 928225310 470882201 470882201
r-738 41 0.293902 24 0.282609 50638270 13379292 13379292 50445757 13189523 82101885 18585644 18585644 45440635 13341514 13341514
r-820 38 0.285917 23 0.288538 44109574 8370146 8370146 42923687 8509246 71325496 11659790 11659790 36158101 8760387 8760387
r-510 39 0.283401 15 0.342857 140398 1921 1921 135127 2004 177146 1923 1923 141888 1591 1591
r-440 23 0.339921 27 0.293447 2608047 2297358 2608047 2197580 2641167 4006720 3963480 4006720 839575 1829044 839575
r-634 26 0.335385 33 0.301136 11999812 35711470 11999812 35738703 12000932 18480299 62792848 18480299 13171657 24282594 13171657
r-18 24 0.289855 50 0.287347 60356281 418984070 60356281 415761500 59601161 83775538 685595053 83775538 57436923 358391387 57436923
r-807 30 0.28046 15 0.333333 152342 13736 13736 143438 14295 206816 15184 15184 133573 10338 10338
r-625 21 0.27619 47 0.301573 15717445 90497868 15717445 89278320 15601166 20204620 136482130 20204620 16603174 78959350 16603174
r-575 15 0.266667 36 0.320635 22979 338210 22979 337546 22979 22981 413760 22981 4711 305677 4711
r-581 24 0.333333 16 0.341667 85796 22274 22274 80056 21250 131163 28996 28996 54538 17562 17562
r-845 45 0.347475 21 0.3 41915367 7059423 7059423 43868392 7150715 67598386 9538310 9538310 36480280 9220992 9220992
r-524 38 0.253201 45 0.30404 -1 -1 -1 -1 -1 -1 -1 -1 -1 -1 -1
r-29 11 0.290909 41 0.334146 1 1 1 1 1 1 1 1 1 1 1
r-158 22 0.329004 38 0.278805 2432662 12096752 2432662 11824749 2398162 3488858 20087744 3488858 1647904 11364529 1647904
r-450 14 0.252747 19 0.245614 2691 8560 2691 8605 2581 3019 11500 3019 2097 18660 2097
r-977 49 0.301871 41 0.303659 -1 -1 -1 -1 -1 -1 -1 -1 -1 -1 -1
r-73 44 0.27167 28 0.306878 531865427 84460875 84460875 521144347 93448866 919082814 128374993 128374993 373866252 106032204 106032204
r-929 26 0.316923 31 0.27957 9303022 15787431 9303022 15910126 9111920 14628214 26654173 14628214 7655553 13936976 7655553
r-767 27 0.253561 14 0.296703 27110 836 836 24914 881 32071 838 838 24340 1000 1000
r-241 16 0.316667 36 0.293651 47306 367995 47306 353529 47249 51767 485759 51767 2760 309320 2760
r-464 31 0.303226 24 0.311594 18601537 9750960 9750960 19921133 9714844 31744512 15285206 15285206 17387817 12756932 12756932
r-45 35 0.284034 11 0.290909 1 1 1 1 1 1 1 1 1 1 1
r-474 22 0.316017 29 0.273399 1268120 3454628 1268120 3439540 1250745 1821275 5762722 1821275 1538592 3615277 1538592
r-533 22 0.333333 18 0.248366 45348 36808 36808 54844 33071 68143 51252 51252 45726 46422 46422
r-345 30 0.324138 22 0.329004 3422543 1475469 1475469 3535789 1445301 5803818 2157667 2157667 3122574 1136767 1136767
r-698 16 0.275 10 0.311111 782 1 1 695 1 783 2 2 427 1 1
r-483 30 0.28046 30 0.296552 51270173 53215175 51270173 78930780 46058320 86321339 89294427 86321339 33911121 61848828 33911121
r-148 30 0.275862 12 0.30303 15548 1 1 14295 1 15549 2 2 12467 1 1
r-103 14 0.32967 45 0.306061 1 154413 1 148469 1 2 159977 2 1 109349 1
r-182 20 0.331579 16 0.341667 64050 24971 24971 64220 24610 99034 32703 32703 54062 23736 23736
r-733 50 0.293061 23 0.249012 135257926 19197910 19197910 135778630 19876923 206164789 25092551 25092551 123928548 17272807 17272807
r-841 34 0.26738 18 0.339869 1760236 221050 221050 1625701 242273 2660761 281131 281131 1504311 172038 172038
r-898 45 0.291919 22 0.333333 43264959 6506760 6506760 41945247 6884723 69535173 8935675 8935675 45335857 5104189 5104189
r-726 41 0.30122 32 0.330645 1829301079 916922159 916922159 1805321321 954899132 -1 1626254768 1626254768 1709077335 1212296471 1212296471
r-616 38 0.284495 11 0.363636 1 1 1 1 1 1 1 1 1 1 1
r-318 33 0.314394 35 0.289076 381512186 526761743 381512186 546724769 370267971 657368526 942143418 657368526 384252822 508126555 384252822
r-803 48 0.31117 42 0.286876 -1 -1 -1 -1 -1 -1 -1 -1 -1 -1 -1
r-214 39 0.275304 42 0.321719 -1 -1 -1 -1 -1 -1 -1 -1 -1 -1 -1
r-769 43 0.289037 38 0.294452 -1 -1 -1 -1 -1 -1 -1 -1 -1 -1 -1
r-379 40 0.302564 24 0.278986 68237706 21845497 21845497 69259022 21683592 113508961 31477843 31477843 44060852 15055044 15055044
r-744 47 0.297872 17 0.301471 5024763 236982 236982 4890582 254926 6647527 260456 260456 3936165 433032 433032
r-906 25 0.31 38 0.29303 29936688 99171680 29936688 100913680 29362667 44687228 169919441 44687228 36560390 92740223 36560390
r-694 44 0.294926 26 0.276923 486968163 189266447 189266447 502802137 189470143 811510079 278743003 278743003 464308982 156021948 156021948
r-678 22 0.341991 46 0.314976 9387561 56681488 9387561 55762581 9276735 13094208 91828386 13094208 23150425 50808605 23150425
r-232 49 0.27381 50 0.320816 -1 -1 -1 -1 -1 -1 -1 -1 -1 -1 -1
r-417 24 0.32971 20 0.315789 315385 184846 184846 310706 170026 510323 269898 269898 528626 176623 176623
r-456 35 0.290756 16 0.308333 223829 8504 8504 211257 9032 287867 9608 9608 380324 5707 5707
r-291 18 0.287582 45 0.323232 204956 5484326 204956 5503287 203923 224465 7498809 224465 144475 5837797 144475
r-452 37 0.280781 24 0.286232 30761269 8749289 8749289 30358538 9005400 50382701 12978291 12978291 29129571 8502162 8502162
r-815 34 0.317291 16 0.325 603869 23658 23658 590921 25159 866383 27264 27264 725445 181349 181349
r-102 16 0.258333 30 0.324138 28392 307094 28392 316641 27995 31830 417279 31830 48063 230093 48063
r-818 16 0.275 12 0.348485 1079 937 937 942 926 1401 1045 1045 2590 117 117
r-86 33 0.295455 33 0.329545 231685623 242967678 231685623 295845572 206212637 422256905 428869399 422256905 226432050 183061690 226432050
r-217 28 0.301587 30 0.31954 28824734 28185572 28824734 33918265 26992139 49428911 49086675 49428911 28421154 31693810 28421154
r-398 30 0.347126 50 0.288163 656503008 1678748119 656503008 1623540074 657271647 1060672153 -1 1060672153 520143174 1665760328 520143174
r-905 20 0.305263 26 0.283077 104408 512109 104408 525064 98180 145782 814344 145782 182507 449438 182507
r-386 28 0.314815 42 0.312427 143261889 377906376 143261889 387582028 139997943 230113193 667570751 230113193 139194797 326094689 139194797
r-660 12 0.363636 39 0.307692 1 56344 1 53062 1 2 56345 2 1 39190 1
r-37 46 0.32657 47 0.286772 -1 -1 -1 -1 -1 -1 -1 -1 -1 -1 -1
r-74 10 0.244444 24 0.315217 1 509 1 521 1 1 509 1 1 1 1
r-722 35 0.305882 41 0.314634 1617332302 2646378137 1617332302 2808077964 1539212348 -1 -1 -1 1842294642 -1 1842294642
r-30 19 0.356725 29 0.295567 229000 1020628 229000 987037 228286 324861 1666794 324861 196763 686874 196763
r-594 32 0.298387 19 0.280702 1444614 380289 380289 1418163 384093 2217882 500686 500686 1263087 279120 279120
r-1000 11 0.381818 15 0.4 1 234 1 234 1 2 235 2 118 292 118
r-355 49 0.303571 17 0.264706 6935201 58719 58719 6787227 58449 8754668 58721 58721 2265995 188973 188973
r-951 30 0.264368 13 0.217949 2055 1 1 1885 1 2055 1 1 7259 1 1
r-328 29 0.29803 24 0.264493 3905238 2516721 2516721 4339529 2336871 6450409 3945892 3945892 3991850 2719620 2719620
r-990 14 0.296703 24 0.286232 7740 72499 7740 70145 7685 8686 98630 8686 5678 47655 5678
r-215 27 0.290598 24 0.311594 2696246 1514865 1514865 2694358 1495426 4585502 2352548 2352548 2893461 1835091 1835091
r-628 34 0.333333 30 0.282759 188778922 225974790 225974790 240622220 190304748 329048601 393653653 393653653 218287526 203498757 203498757
r-59 26 0.286154 32 0.314516 15662856 20074685 15662856 22487416 14917901 25880975 35041299 25880975 7096291 19662517 7096291
r-392 43 0.292359 14 0.285714 228497 1 1 221198 1 237697 2 2 142348 1 1
r-972 25 0.296667 19 0.333333 412895 211070 211070 387659 233848 666764 286529 286529 259535 123036 123036
r-111 45 0.307071 24 0.32971 204255642 43012462 43012462 200985178 45593831 346954333 63598829 63598829 181826932 51626144 51626144
r-325 47 0.314524 41 0.285366 -1 -1 -1 -1 -1 -1 -1 -1 -1 -1 -1
r-861 47 0.308048 49 0.307823 -1 -1 -1 -1 -1 -1 -1 -1 -1 -1 -1
r-727 48 0.281028 32 0.298387 -1 -1 -1 -1 -1 -1 -1 -1 -1 -1 -1
r-88 49 0.310374 19 0.327485 28552500 2826190 2826190 28241241 3013658 40904236 3530228 3530228 19467613 4638030 4638030
r-515 50 0.301224 47 0.317299 -1 -1 -1 -1 -1 -1 -1 -1 -1 -1 -1
r-387 44 0.29704 42 0.284553 -1 -1 -1 -1 -1 -1 -1 -1 -1 -1 -1
r-154 26 0.267692 13 0.320513 17585 2048 2048 15743 2238 22010 2050 2050 16975 1350 1350
r-223 42 0.296167 34 0.320856 2652471905 1581895922 1581895922 2767875986 1622586099 -1 -1 -1 -1 1580124961 1580124961
r-721 28 0.312169 14 0.395604 109274 13578 13578 104396 14220 152227 15392 15392 75939 16939 16939
r-827 11 0.381818 10 0.377778 181 51 51 147 50 234 53 53 351 50 50
r-447 12 0.333333 27 0.310541 1 14786 1 14256 1 2 15667 2 1 6469 1
r-362 38 0.295875 40 0.282051 -1 -1 -1 -1 -1 -1 -1 -1 -1 -1 -1
r-856 50 0.299592 31 0.316129 -1 1381966159 1381966159 -1 1445836807 -1 -1 -1 -1 1548741457 1548741457
r-253 26 0.283077 24 0.271739 3369919 2336344 2336344 3358183 2124195 5074082 3531460 3531460 4012258 2675759 2675759
r-822 40 0.296154 39 0.300945 -1 -1 -1 -1 -1 -1 -1 -1 -1 -1 -1
r-597 13 0.435897 44 0.292812 12212 368738 12212 355664 12212 12214 454147 12214 8337 264357 8337
r-552 42 0.305459 27 0.259259 166085473 63531438 63531438 180856279 60642662 284669333 96491085 96491085 177826398 73381074 73381074
r-833 25 0.316667 38 0.295875 16804739 35389680 16804739 34954024 16427253 25941551 62296142 25941551 15894700 32589260 15894700
r-71 43 0.315615 28 0.312169 587799959 236343912 236343912 609684853 235479176 1068787318 381686886 381686886 592031222 291314135 291314135
r-942 15 0.295238 49 0.302721 14492 1052698 14492 1017415 14492 14493 1200481 14493 1 183743 1
r-686 42 0.304297 27 0.267806 194525238 185663911 185663911 206028282 178734196 331379303 287178467 287178467 294026994 75960273 75960273
r-878 21 0.314286 13 0.294872 12384 699 699 11337 704 15763 701 701 8113 792 792
r-992 15 0.409524 30 0.291954 30768 252413 30768 239768 30295 36377 370229 36377 27438 225630 27438
r-64 46 0.258937 20 0.347368 6104208 911829 911829 5852920 975683 9122996 1156485 1156485 8571880 734620 734620
r-646 39 0.306343 32 0.296371 461339330 462116901 462116901 495400133 438852736 831718292 791197545 791197545 500151385 536516849 536516849
r-122 48 0.324468 46 0.30628 -1 -1 -1 -1 -1 -1 -1 -1 -1 -1 -1
r-854 10 0.311111 11 0.309091 53 135 53 123 53 55 148 55 55 432 55
r-257 49 0.27381 48 0.319149 -1 -1 -1 -1 -1 -1 -1 -1 -1 -1 -1
r-949 24 0.304348 29 0.261084 2608491 3968961 2608491 3886768 2598293 3822497 6557939 3822497 2402040 5113930 2402040
r-903 23 0.280632 43 0.311185 29670616 103951751 29670616 106946191 29101156 42967993 170601836 42967993 14077385 46866590 14077385
r-204 16 0.316667 14 0.252747 5376 7275 7275 8208 6365 7476 9433 9433 8918 4621 4621
r-156 10 0.311111 47 0.273821 1 1 1 1 1 1 1 1 1 1 1
r-762 10 0.244444 47 0.325624 1 1 1 1 1 1 1 1 1 1 1
r-426 34 0.256684 39 0.325236 1046102872 874391502 1046102872 1161519859 975157444 1889953416 1579896905 1889953416 1009698120 1056570843 1009698120
r-47 45 0.322222 33 0.30303 -1 2094846053 2094846053 -1 2017103451 -1 -1 -1 -1 -1 -1
r-863 38 0.278805 39 0.303644 -1 -1 -1 -1 -1 -1 -1 -1 -1 -1 -1
r-330 43 0.267996 10 0.377778 1 1 1 1 1 1 1 1 1 1 1
r-468 28 0.320106 22 0.367965 3195314 1880404 1880404 3203386 1952807 5311799 2763660 2763660 3029602 2599353 2599353
r-280 19 0.304094 31 0.346237 830958 2751890 830958 2863776 812511 1149795 4436696 1149795 692712 2557909 692712
r-296 35 0.295798 49 0.323129 -1 -1 -1 -1 -1 -1 -1 -1 -1 -1 -1
r-54 47 0.318224 29 0.344828 1580514756 497254053 497254053 1586076847 518956174 -1 819613558 819613558 1530192456 648617778 648617778
r-779 12 0.227273 24 0.293478 1 10428 1 9898 1 2 10429 2 1 9236 1
r-592 32 0.296371 24 0.282609 10358560 4985721 4985721 10446999 4850972 17120429 7628211 7628211 11366546 4227644 4227644
r-561 44 0.285412 24 0.289855 129433569 25321332 25321332 128971760 26401912 211070059 35813439 35813439 99729549 27421466 27421466
r-487 45 0.30202 28 0.304233 1072726918 340794767 340794767 1086201539 342642427 1942779535 543113987 543113987 905647912 470683512 470683512
r-22 35 0.312605 11 0.272727 1 1 1 1 1 1 1 1 1 1 1
r-234 25 0.31 39 0.31309 16840045 89880901 16840045 90932511 16452770 26562943 161389134 26562943 20964055 49412595 20964055
r-782 35 0.292437 39 0.31309 1110611105 1481496133 1110611105 1662123804 1037465695 1978037068 2708410693 1978037068 1092130661 1533281134 1092130661
r-536 50 0.299592 32 0.324597 -1 -1 -1 -1 -1 -1 -1 -1 -1 -1 -1
r-700 25 0.306667 26 0.316923 3252564 3642354 3252564 3931973 3020859 5262041 5909521 5262041 2537119 3115629 2537119
r-267 23 0.284585 47 0.320074 24324352 151394695 24324352 154009022 24058443 34034240 253995060 34034240 22360013 173688800 22360013
r-268 48 0.300532 27 0.287749 886764141 218880615 218880615 917395153 221703202 1527018278 327618816 327618816 726102049 307702318 307702318
r-787 49 0.307823 44 0.302326 -1 -1 -1 -1 -1 -1 -1 -1 -1 -1 -1
r-567 45 0.310101 38 0.273115 -1 -1 -1 -1 -1 -1 -1 -1 -1 -1 -1
r-914 19 0.263158 32 0.300403 376130 1904316 376130 1899319 370742 483037 2870609 483037 375803 1552246 375803
r-806 37 0.292793 36 0.293651 1584415971 1371208692 1371208692 1748027143 1294770834 -1 -1 -1 1466150144 1303383965 1303383965
r-331 31 0.288172 39 0.275304 255761937 548430702 255761937 553616533 250382489 420223350 978990362 420223350 336016379 529074640 336016379
r-958 22 0.320346 44 0.298097 8973702 49205064 8973702 48012757 8873723 12385398 79702477 12385398 19755508 39634501 19755508
r-78 13 0.384615 42 0.288037 8961 215043 8961 213338 8961 8962 259077 8962 1 48594 1
r-565 27 0.267806 15 0.314286 92734 8233 8233 83632 8612 127972 8893 8893 85978 3484 3484
r-306 43 0.297896 32 0.296371 2130975096 987724464 987724464 2203194287 977213901 -1 1661245762 1661245762 1997333474 972132549 972132549
r-786 49 0.312925 11 0.272727 1 1 1 1 1 1 1 1 1 1 1
r-354 38 0.267425 22 0.376623 11062324 2278071 2278071 10348911 2588024 18872926 3291730 3291730 10132172 1802488 1802488
r-740 49 0.328231 44 0.295983 -1 -1 -1 -1 -1 -1 -1 -1 -1 -1 -1
r-509 34 0.324421 45 0.334343 -1 -1 -1 -1 -1 -1 -1 -1 -1 -1 -1
r-681 16 0.333333 14 0.263736 6296 3727 3727 7304 3169 8331 4768 4768 5131 3394 3394
r-187 31 0.283871 18 0.294118 965664 322103 322103 920034 328922 1449220 408515 408515 448977 70963 70963
r-741 45 0.314141 18 0.228758 7021094 603134 603134 7044943 608330 9264050 660315 660315 6323457 498252 498252
r-560 22 0.272727 33 0.295455 2095499 9398544 2095499 9701233 2043476 2943095 15314268 2943095 2127981 6425911 2127981
r-385 35 0.302521 40 0.330769 2421293087 1424904290 2421293087 1691123392 2260906158 -1 -1 -1 1600763206 1541805189 1600763206
r-516 10 0.311111 23 0.264822 1 4557 1 4426 1 2 4557 2 1 3086 1
r-836 16 0.358333 11 0.327273 1704 228 228 1465 210 2143 230 230 861 223 223
r-961 45 0.287879 22 0.337662 41776008 7250522 7250522 40679046 7646938 64569841 9254847 9254847 40651054 4048008 4048008
r-294 19 0.309942 13 0.410256 9668 1485 1485 8348 1837 13820 1713 1713 9253 1447 1447
r-673 48 0.304965 20 0.294737 41665121 5219681 5219681 41549584 5355791 61145094 6451289 6451289 30867575 5853551 5853551
r-50 20 0.342105 48 0.307624 1160828 13689626 1160828 13573760 1152048 1465153 20372901 1465153 3425252 12861331 3425252
r-658 49 0.291667 41 0.278049 -1 -1 -1 -1 -1 -1 -1 -1 -1 -1 -1
r-941 30 0.275862 12 0.287879 21166 1 1 19380 1 21167 2 2 33772 1 1
r-656 35 0.265546 50 0.296327 -1 -1 -1 -1 -1 -1 -1 -1 -1 -1 -1
r-375 16 0.283333 36 0.279365 33548 516888 33548 502273 32875 36930 679931 36930 43574 642942 43574
r-573 22 0.242424 37 0.312312 9250114 28620996 9250114 31332611 9119260 12942217 45022012 12942217 10015564 24902562 10015564
r-717 40 0.269231 37 0.286787 -1 2367294956 2367294956 -1 2339418328 -1 -1 -1 -1 -1 -1
r-781 24 0.264493 48 0.303191 125476504 561893397 125476504 575288858 123830055 176691603 924851002 176691603 159955832 518884023 159955832
r-966 15 0.304762 16 0.35 10872 12590 10872 15239 9875 14636 17942 14636 8968 9292 8968
r-613 35 0.331092 25 0.293333 32557607 16778006 16778006 34523935 16208404 56036091 26929288 26929288 37147826 17583195 17583195
r-553 24 0.271739 50 0.31102 40410102 271923979 40410102 277933906 39947872 55658569 435975344 55658569 27976317 153434409 27976317
r-791 14 0.373626 22 0.290043 1146 13238 1146 13459 1066 1299 19573 1299 2192 11232 2192
r-135 11 0.327273 41 0.32561 1 1 1 1 1 1 1 1 1 1 1
r-587 41 0.334146 36 0.292063 2427704181 2464541174 2464541174 -1 2074534950 -1 -1 -1 -1 -1 -1
r-745 29 0.295567 32 0.298387 39066606 46856785 39066606 52019563 34621555 63879502 80608506 63879502 31612737 36837885 31612737
r-83 24 0.242754 35 0.302521 5868218 29732786 5868218 33950755 5623232 8609594 48951244 8609594 8213773 16707528 8213773
r-921 20 0.315789 18 0.372549 126228 74275 74275 116495 71521 199278 102154 102154 126367 78868 78868
r-563 12 0.30303 31 0.283871 1 1 1 1 1 1 1 1 1 4238 1
r-985 15 0.285714 18 0.320261 7462 12188 7462 13348 7224 9270 17403 9270 4816 11458 4816
r-152 25 0.286667 20 0.221053 313398 146768 146768 349140 135602 456429 203061 203061 293196 146098 146098
r-428 36 0.3 40 0.292308 2455291387 -1 2455291387 -1 2377061900 -1 -1 -1 -1 -1 -1
r-771 17 0.323529 30 0.289655 37415 362397 37415 363988 36784 45271 536553 45271 59927 336424 59927
r-864 17 0.279412 21 0.309524 35954 70293 35954 76886 34401 47772 107543 47772 42448 60914 42448
r-595 38 0.295875 28 0.31746 156787601 77389020 77389020 165986206 78402434 279775565 124881503 124881503 154534137 82101381 82101381
r-338 44 0.283298 32 0.328629 1685758332 794751750 794751750 1660628179 861307471 -1 1340974035 1340974035 1450846209 625870699 625870699
r-626 34 0.331551 49 0.306973 -1 -1 -1 -1 -1 -1 -1 -1 -1 -1 -1
r-669 49 0.309524 17 0.294118 7179374 344162 344162 7062917 351403 9457180 385223 385223 5382322 311526 311526
r-32 35 0.289076 27 0.319088 44549119 32847238 32847238 43997624 33961775 77654209 51518267 51518267 45815184 14944798 14944798
r-363 42 0.324042 30 0.298851 1231265824 718056445 718056445 1330816396 699238192 2271054545 1225848093 1225848093 1187505515 871970369 871970369
r-530 17 0.301471 15 0.266667 8078 2834 2834 7585 2311 11498 3507 3507 7549 2849 2849
r-778 28 0.330688 26 0.289231 5823016 9203393 9203393 7400978 7603719 9711337 15439338 15439338 6560504 8696099 8696099
r-577 21 0.333333 29 0.283251 1340660 4210208 1340660 4231104 1358431 1958530 7000194 1958530 1969964 3230114 1969964
r-638 14 0.274725 43 0.320044 1 296797 1 281111 1 2 296798 2 1 213461 1
r-919 46 0.305314 11 0.418182 1 1 1 1 1 1 1 1 1 1 1
r-206 25 0.31 43 0.286822 16255978 94330577 16255978 92669467 16210578 23034046 154363097 23034046 74130602 95038600 74130602
r-757 50 0.309388 29 0.285714 -1 1023114004 1023114004 -1 1036213433 -1 1639447118 1639447118 -1 1218218097 1218218097
r-170 12 0.348485 29 0.288177 1 11463 1 11201 1 2 11464 2 1 9155 1
r-454 47 0.279371 50 0.292245 -1 -1 -1 -1 -1 -1 -1 -1 -1 -1 -1
r-935 25 0.273333 20 0.3 656506 336379 336379 622190 330653 1045895 478645 478645 571415 336392 336392
r-969 30 0.262069 21 0.304762 2351156 495560 495560 2259990 544540 3614633 669414 669414 2137734 935859 935859
r-795 34 0.308378 13 0.294872 88137 1 1 82953 1 88138 2 2 49936 1 1
r-943 40 0.273077 11 0.290909 1 1 1 1 1 1 1 1 1 1 1
r-247 23 0.332016 19 0.321637 169301 77104 77104 171878 69449 275858 111289 111289 140346 84555 84555
r-661 12 0.333333 33 0.280303 1 31550 1 30749 1 2 31551 2 1 29421 1
r-748 48 0.289007 38 0.284495 -1 -1 -1 -1 -1 -1 -1 -1 -1 -1 -1
r-243 12 0.333333 26 0.292308 1 7082 1 6871 1 2 7083 2 1 7019 1
r-829 29 0.29803 50 0.324082 719670854 -1 719670854 -1 705537104 1154190228 -1 1154190228 818878397 2082469678 818878397
r-173 25 0.31 30 0.285057 9071797 14772882 9071797 15664976 8738806 14184077 24944534 14184077 4432697 10727734 4432697
r-523 41 0.329268 26 0.292308 383012182 206398207 206398207 414078934 201348936 681162278 330002284 330002284 202026320 79034573 79034573
r-554 27 0.287749 36 0.306349 43013281 61869568 43013281 67043512 41702480 68991544 108572971 68991544 40719111 80305428 40719111
r-93 33 0.304924 37 0.325826 309275521 333818553 309275521 368316905 274276301 551606618 608808810 551606618 433886355 264106202 433886355
r-873 19 0.298246 36 0.274603 190864 2855000 190864 2772358 187974 249131 4355632 249131 259497 973520 259497
r-76 25 0.286667 18 0.333333 351081 95856 95856 344600 101704 575445 129478 129478 284968 103111 103111
r-124 13 0.282051 14 0.285714 1224 698 1224 748 1166 1562 891 1562 313 836 313
r-755 50 0.300408 18 0.352941 9795016 686387 686387 9612356 726087 13830508 807262 807262 8150945 429024 429024
r-805 36 0.280952 39 0.306343 1534933604 1019267711 1534933604 1203407506 1412183505 -1 1859421329 -1 1855486302 1196462795 1855486302
r-41 30 0.291954 32 0.298387 51624498 67842300 51624498 75043927 46798935 89109826 119793205 89109826 50075200 59297752 50075200
r-97 35 0.302521 15 0.209524 89926 1 1 87365 1 89927 2 2 76699 1 1
r-680 24 0.268116 16 0.216667 91012 11892 11892 94112 11523 121529 13426 13426 65754 14432 14432
r-847 25 0.316667 31 0.292473 5315098 12204241 5315098 12481424 5160162 8639470 21684513 8639470 5330591 15431390 5330591
r-526 11 0.181818 27 0.264957 1 1 1 1 1 1 1 1 1 1 1
r-860 19 0.245614 24 0.322464 135273 201818 135273 239960 128862 188379 295812 188379 176696 237034 176696
r-346 24 0.268116 22 0.30303 2011348 791676 791676 1685902 923850 3252482 1203201 1203201 1653935 973294 973294
r-98 21 0.247619 41 0.303659 4571165 11481949 4571165 11673281 4530991 5941577 16942812 5941577 1192444 9641291 1192444
r-402 29 0.270936 17 0.286765 470027 35852 35852 448145 35312 671026 40356 40356 417723 40585 40585
r-982 23 0.418972 48 0.277482 12547055 88511628 12547055 84599975 12475263 18501192 155364960 18501192 23251127 76263748 23251127
r-445 12 0.393939 44 0.316068 1 153123 1 144386 1 2 153124 2 1 112198 1
r-608 49 0.307823 43 0.295681 -1 -1 -1 -1 -1 -1 -1 -1 -1 -1 -1
r-57 27 0.270655 44 0.285412 61864417 225111147 61864417 235697889 60297717 92187330 376338100 92187330 108248017 256171037 108248017
r-321 29 0.305419 10 0.311111 1 1 1 1 1 1 1 1 1 1 1
r-811 26 0.32 34 0.285205 21262086 53161087 21262086 53062019 20883459 33329153 93897594 33329153 24452080 49160991 24452080
r-783 17 0.308824 45 0.319192 146121 3470868 146121 3317648 145577 160301 4606649 160301 244178 2606816 244178
r-647 50 0.297959 28 0.31746 1293757740 509625399 509625399 1294667583 533182555 -1 813351585 813351585 1074698635 274566090 274566090
r-446 32 0.306452 21 0.390476 4392570 1085364 1085364 4140304 1238059 7643563 1531139 1531139 3508004 1638456 1638456
r-644 49 0.278061 14 0.252747 294501 1 1 266282 1 294502 2 2 275074 1 1
r-91 20 0.294737 38 0.294452 461338 4568348 461338 4517972 455732 572757 6869107 572757 533883 5288949 533883
r-591 50 0.296327 24 0.347826 220775772 30338989 30338989 218479485 32260530 363188907 43454526 43454526 141277549 25347463 25347463
r-491 32 0.302419 36 0.279365 372180169 584385388 372180169 594968474 358284621 620700400 1025322222 620700400 484172973 601985064 484172973
r-497 13 0.282051 27 0.239316 1 7040 1 6796 1 2 7041 2 1 6746 1
r-163 12 0.318182 32 0.318548 1 29512 1 29253 1 2 29513 2 1 22908 1
r-295 46 0.296618 35 0.304202 -1 -1 -1 -1 -1 -1 -1 -1 -1 -1 -1
r-137 25 0.313333 29 0.307882 7737917 14060905 7737917 14417084 7379683 12454555 24050897 12454555 8857496 12518755 8857496
r-349 42 0.264808 34 0.304813 -1 1664378684 1664378684 -1 1745353734 -1 2744405077 2744405077 -1 2060829721 2060829721
r-650 49 0.305272 33 0.284091 -1 -1 -1 -1 -1 -1 -1 -1 -1 -1 -1
r-600 37 0.327327 14 0.307692 100022 1 1 96370 1 103722 2 2 78632 1 1
r-68 35 0.321008 25 0.286667 33538391 20781212 20781212 37090640 19070142 57161134 31924766 31924766 35173837 20040175 20040175
r-212 23 0.284585 46 0.301449 15607690 131164945 15607690 131422375 15444145 21168113 213699000 21168113 11718173 90685819 11718173
r-828 39 0.290148 35 0.322689 2325436746 775823922 775823922 2309882694 792320104 -1 1389512335 1389512335 1376706513 898504856 898504856
r-734 35 0.282353 23 0.27668 20360218 4888562 4888562 19759430 5087866 33348514 7025908 7025908 17947442 7233236 7233236
r-87 42 0.29849 46 0.3343 -1 -1 -1 -1 -1 -1 -1 -1 -1 -1 -1
r-333 17 0.272059 42 0.297329 107109 1776202 107109 1748872 106321 117935 2355008 117935 182584 1883253 182584
r-973 21 0.304762 15 0.27619 12979 2149 2149 11616 2080 18106 2472 2472 11865 2751 2751
r-292 39 0.307692 38 0.294452 -1 -1 -1 -1 -1 -1 -1 -1 -1 -1 -1
r-264 44 0.307611 21 0.32381 26803414 3722363 3722363 26282732 3911543 42895613 5002198 5002198 19063724 5612518 5612518
r-52 20 0.321053 14 0.351648 32802 12793 12793 31289 12548 48829 15929 15929 28367 14596 14596
r-138 44 0.285412 37 0.279279 -1 -1 -1 -1 -1 -1 -1 -1 -1 -1 -1
r-963 30 0.278161 36 0.293651 74490935 117546395 74490935 127343260 72276417 123484263 206806334 123484263 120777467 131785528 120777467
r-968 35 0.312605 35 0.30084 339561908 613017811 339561908 504447756 313968939 619756627 1120536161 619756627 350054638 357947415 350054638
r-784 37 0.292793 16 0.291667 924840 17130 17130 881155 18012 1204278 19692 19692 559749 4478 4478
r-269 44 0.308668 37 0.288288 -1 -1 -1 -1 -1 -1 -1 -1 -1 -1 -1
r-520 22 0.30303 13 0.294872 13156 725 725 12573 710 16693 727 727 8950 896 896
r-568 45 0.274747 14 0.285714 214296 1 1 206066 1 214297 2 2 146429 1 1
r-211 12 0.30303 41 0.267073 1 79613 1 77013 1 1 79613 1 1 111664 1
r-209 31 0.290323 12 0.409091 38962 2042 2042 37382 2230 44833 2043 2043 11228 1 1
r-627 34 0.317291 19 0.280702 2382031 481728 481728 2433874 490151 3656529 619099 619099 2217481 512723 512723
r-208 49 0.297619 12 0.318182 1 1 1 1 1 1 1 1 1 1 1
r-360 22 0.264069 12 0.439394 4998 222 222 4562 263 6496 224 224 4037 281 281
r-443 39 0.307692 28 0.285714 232978255 102438417 102438417 245958337 100687701 415333111 168110106 168110106 231700768 118227884 118227884
r-188 28 0.293651 27 0.319088 23951456 17217432 17217432 24504812 16590658 40601258 28390680 28390680 23612049 19978822 19978822
r-132 26 0.289231 12 0.333333 11188 1 1 10043 1 11189 2 2 9705 1 1
r-974 20 0.315789 45 0.292929 1258836 10563108 1258836 10391781 1249020 1523231 15751524 1523231 2003666 10222906 2003666
r-220 21 0.309524 24 0.355072 350883 504697 350883 566579 330243 556422 810015 556422 307668 524575 307668
r-872 30 0.342529 21 0.3 3834765 1238894 1238894 4192451 1159759 6501803 1848155 1848155 2504147 1240792 1240792
r-604 32 0.316532 36 0.314286 289533511 383636776 289533511 414412462 274234638 515922954 701996681 515922954 303829646 390814313 303829646
r-677 19 0.292398 45 0.30303 362599 6408455 362599 6329445 359099 439781 9148648 439781 1144002 6262482 1144002
r-550 43 0.272425 44 0.268499 -1 -1 -1 -1 -1 -1 -1 -1 -1 -1 -1
r-238 34 0.2959 47 0.287697 -1 -1 -1 -1 -1 -1 -1 -1 -1 -1 -1
r-775 34 0.315508 46 0.307246 -1 -1 -1 -1 -1 -1 -1 -1 -1 -1 -1
r-938 45 0.282828 32 0.296371 -1 1829446755 1829446755 -1 1890722210 -1 -1 -1 -1 1752534600 1752534600
r-542 43 0.292359 40 0.276923 -1 -1 -1 -1 -1 -1 -1 -1 -1 -1 -1
r-570 17 0.279412 43 0.305648 58914 2431708 58914 2420190 58523 64257 3200524 64257 86334 2861544 86334
r-901 48 0.304078 40 0.296154 -1 -1 -1 -1 -1 -1 -1 -1 -1 -1 -1
r-149 27 0.293447 13 0.24359 13743 1 1 12861 1 13744 2 2 11531 1 1
r-5 31 0.294624 13 0.282051 25170 1 1 23337 1 25171 2 2 22669 1 1
r-455 24 0.311594 23 0.288538 1249140 512778 512778 907109 436382 1893832 796964 796964 517333 484981 484981
r-564 46 0.316908 20 0.273684 25396061 4892544 4892544 26503316 4909357 36040980 6013484 6013484 24473865 2550288 2550288
r-480 12 0.348485 34 0.299465 1 40922 1 39913 1 2 40923 2 1 34212 1
r-874 24 0.282609 10 0.266667 1 1 1 1 1 1 1 1 1 1 1
r-390 24 0.318841 12 0.363636 20047 1247 1247 18417 1223 25490 1249 1249 17338 3871 3871
r-559 30 0.312644 33 0.284091 65822974 119711947 65822974 122250119 64813567 107290429 211750105 107290429 65493275 84715074 65493275
r-442 48 0.312057 34 0.311943 -1 -1 -1 -1 -1 -1 -1 -1 -1 -1 -1
r-395 13 0.320513 11 0.254545 514 190 190 551 168 620 192 192 327 70 70
r-427 47 0.293247 34 0.299465 -1 -1 -1 -1 -1 -1 -1 -1 -1 -1 -1
r-237 19 0.280702 23 0.29249 79255 163197 79255 169043 75654 106732 253649 106732 80589 164661 80589
r-984 37 0.291291 32 0.310484 729359371 462031448 462031448 736980482 458273890 1310946357 780100659 780100659 775695857 416939715 416939715
r-862 27 0.347578 29 0.332512 16995152 22425137 16995152 23690868 16114450 29846600 40960239 29846600 18642993 19684444 18642993
r-485 40 0.303846 28 0.28836 352301761 157916954 157916954 373169278 155885054 620412710 251504320 251504320 414453436 225622791 225622791
r-839 22 0.251082 12 0.272727 3462 1 1 3119 1 3463 2 2 10180 1 1
r-518 16 0.241667 33 0.280303 10507 227547 10507 220439 10483 11679 276528 11679 9582 126673 9582
r-451 25 0.29 41 0.295122 23514225 69862932 23514225 70349914 23073647 29786711 112518188 29786711 7189298 32903030 7189298
r-290 46 0.307246 32 0.3125 -1 1409028061 1409028061 -1 1425567590 -1 -1 -1 -1 1439447860 1439447860
r-418 46 0.323671 26 0.261538 675115719 272997685 272997685 729017378 263805272 1163088203 421163801 421163801 719572910 318208207 318208207
r-705 13 0.320513 41 0.30122 1 80309 1 75130 1 2 80310 2 1 58503 1
r-307 35 0.329412 23 0.288538 16600732 6432206 6432206 17622093 6215551 28444773 9618865 9618865 15009775 8215386 8215386
r-463 11 0.272727 28 0.272487 1 3344 1 3109 1 1 3344 1 1 1 1
r-720 11 0.345455 45 0.288889 1 1 1 1 1 1 1 1 1 1 1
r-868 20 0.3 35 0.305882 1182778 6641913 1182778 6559421 1163233 1594211 10606450 1594211 1221893 5701738 1221893
r-800 19 0.321637 47 0.287697 1625665 27368295 1625665 26766264 1613869 1991572 39255446 1991572 1582868 22245284 1582868
r-962 35 0.287395 15 0.304762 192378 6577 6577 183448 6924 235096 6579 6579 145617 10059 10059
r-888 31 0.313978 33 0.289773 88772336 125093692 88772336 122309254 84219634 152516645 221890339 152516645 87240283 121304918 87240283
r-221 37 0.33033 21 0.27619 9177776 2333197 2333197 9567211 2217064 14703459 3215585 3215585 10849388 4246702 4246702
r-303 45 0.291919 40 0.308974 -1 -1 -1 -1 -1 -1 -1 -1 -1 -1 -1
r-317 10 0.288889 11 0.290909 98 200 98 231 98 100 226 100 48 208 48
r-432 13 0.307692 24 0.282609 657 21476 657 20991 657 659 26670 659 750 14057 750
r-519 25 0.34 23 0.3083 2157260 1464880 1464880 2149876 1249334 3431517 2289045 2289045 1704800 1569693 1569693
r-19 20 0.331579 46 0.285024 1021415 10884632 1021415 10646642 1009418 1267777 15683406 1267777 1942288 10189920 1942288
r-609 47 0.297872 14 0.274725 278005 1 1 273587 1 278006 2 2 242920 1 1
r-226 45 0.273737 44 0.288584 -1 -1 -1 -1 -1 -1 -1 -1 -1 -1 -1
r-804 37 0.279279 42 0.286876 -1 -1 -1 -1 -1 -1 -1 -1 -1 -1 -1
r-501 39 0.296896 33 0.339015 1156482246 623330054 623330054 1138204786 656801345 2190149837 1101619458 1101619458 1122033902 815404656 815404656
r-895 44 0.306554 13 0.269231 1 1 1 1 1 1 1 1 1 1 1
r-632 42 0.308943 44 0.282241 -1 -1 -1 -1 -1 -1 -1 -1 -1 -1 -1
r-492 17 0.316176 11 0.309091 1410 1 1 1267 1 1411 2 2 992 1 1
r-648 23 0.284585 50 0.300408 32190622 156658844 32190622 158118852 31772463 43672508 244684036 43672508 39686984 164127196 39686984
r-49 21 0.3 14 0.296703 19343 2674 2674 18680 2940 27255 3071 3071 18354 4635 4635
r-121 45 0.317172 20 0.278947 29063973 3949136 3949136 28840422 4025751 43439740 4846582 4846582 26949792 3940162 3940162
r-572 10 0.311111 47 0.301573 1 1 1 1 1 1 1 1 1 1 1
r-20 13 0.230769 36 0.322222 1 1 1 1 1 1 1 1 1 18031 1
r-155 37 0.316817 39 0.290148 2025773485 -1 2025773485 2912978936 1917943256 -1 -1 -1 2438693340 -1 2438693340
r-979 18 0.294118 26 0.326154 71230 238039 71230 236750 67697 92531 374429 92531 70050 209757 70050
r-944 45 0.291919 24 0.311594 128628559 21283535 21283535 127984059 22764201 214084309 30001646 30001646 88421247 38140037 38140037
r-466 11 0.290909 41 0.29878 1 1 1 1 1 1 1 1 1 1 1
r-199 10 0.311111 36 0.309524 1 1 1 1 1 1 1 1 1 1 1
r-562 12 0.333333 16 0.266667 80 1807 80 1676 80 82 2256 82 110 1136 110
r-224 39 0.310391 39 0.292848 -1 -1 -1 -1 -1 -1 -1 -1 -1 -1 -1
r-274 29 0.317734 32 0.328629 49158500 53040199 49158500 60336720 45052213 85184079 93978392 85184079 42562980 48092433 42562980
r-759 26 0.295385 39 0.28475 25411369 87449176 25411369 88291372 24889785 37816233 147991960 37816233 35556551 84631615 35556551
r-693 19 0.263158 42 0.29036 1565096 7689230 1565096 7613406 1555776 1851734 10621952 1851734 680195 6219070 680195
r-940 37 0.337838 48 0.29344 -1 -1 -1 -1 -1 -1 -1 -1 -1 -1 -1
r-477 49 0.301871 30 0.335632 1905794552 1106975577 1106975577 1850472008 1169651482 -1 1834345897 1834345897 -1 1222779297 1222779297
r-499 43 0.3134 45 0.289899 -1 -1 -1 -1 -1 -1 -1 -1 -1 -1 -1
r-635 19 0.222222 45 0.306061 2648093 21040136 2648093 20906872 2623845 3050594 29129226 3050594 4480306 16797845 4480306
r-44 46 0.304348 39 0.318489 -1 -1 -1 -1 -1 -1 -1 -1 -1 -1 -1
r-496 49 0.289966 43 0.276855 -1 -1 -1 -1 -1 -1 -1 -1 -1 -1 -1
r-504 22 0.25974 31 0.307527 6070166 11748000 6070166 12956763 5939074 8976608 19138152 8976608 5645241 10562856 5645241
r-884 30 0.298851 16 0.375 236584 41838 41838 223066 42128 333272 48175 48175 220061 37608 37608
r-711 38 0.28165 14 0.32967 170415 9590 9590 165397 10377 201657 9592 9592 172895 6904 6904
r-794 35 0.307563 44 0.291755 -1 -1 -1 -1 -1 -1 -1 -1 -1 -1 -1
r-867 17 0.301471 17 0.25 19535 19298 19535 17500 17560 26181 26925 26181 24951 20443 24951
r-960 38 0.29872 20 0.273684 9729727 1162959 1162959 9517556 1149876 14686378 1495994 1495994 4668708 643659 643659
r-301 33 0.310606 49 0.321429 -1 -1 -1 -1 -1 -1 -1 -1 -1 -1 -1
r-69 44 0.298097 23 0.335968 72846769 13484650 13484650 71610830 14211462 121135864 19018931 19018931 64212940 13108305 13108305
r-731 17 0.323529 39 0.291498 32880 1056854 32880 1044964 32679 37907 1470827 37907 41484 614086 41484
r-369 37 0.274775 46 0.299517 -1 -1 -1 -1 -1 -1 -1 -1 -1 -1 -1
r-100 19 0.263158 43 0.284607 514072 8500767 514072 8275496 506722 611286 11808373 611286 560805 7108995 560805
r-278 15 0.314286 19 0.327485 5048 17304 5048 18799 4945 6387 25283 6387 6992 16633 6992
r-160 38 0.288762 20 0.326316 3481256 1280832 1280832 3391408 1338890 5448052 1666254 1666254 3834288 364491 364491
r-7 14 0.230769 10 0.311111 225 44 44 197 44 226 45 45 266 1 1
r-8 44 0.286469 38 0.300142 -1 -1 -1 -1 -1 -1 -1 -1 -1 -1 -1
r-617 20 0.305263 50 0.278367 2602274 40473977 2602274 39305905 2589705 3114124 59522654 3114124 5533451 38745431 5533451
r-298 25 0.253333 16 0.316667 112346 14082 14082 101800 15503 162289 16766 16766 102831 21216 21216
r-752 36 0.28254 39 0.280702 971011132 1091239729 971011132 1271130940 877300194 1679228578 1948488079 1679228578 1000177703 1243256289 1000177703
r-808 22 0.272727 23 0.245059 537969 412905 537969 365601 528373 757519 613599 757519 180064 389224 180064
r-792 45 0.30404 17 0.264706 4200977 183835 183835 4116035 186680 5445651 196382 196382 3896659 616210 616210
r-538 12 0.242424 46 0.288889 1 1 1 1 1 1 1 1 1 1 1
r-479 45 0.309091 18 0.313725 8446347 630696 630696 8200623 674600 11808348 743966 743966 7608613 922173 922173
r-674 29 0.288177 34 0.292335 64734949 103788728 64734949 111533299 61914097 105185611 179793392 105185611 76118488 104559192 76118488
r-415 10 0.377778 22 0.268398 1 3100 1 3039 1 2 3101 2 1 2549 1
r-222 40 0.297436 30 0.278161 476929418 218539945 218539945 531268913 209173107 852030643 356866146 356866146 426420187 224336116 224336116
r-659 45 0.29697 16 0.283333 1251676 36137 36137 1192034 38233 1484967 36139 36139 912363 11434 11434
r-858 44 0.313953 10 0.4 1 1 1 1 1 1 1 1 1 1 1
r-411 41 0.285366 40 0.317949 -1 -1 -1 -1 -1 -1 -1 -1 -1 -1 -1
r-690 32 0.320565 45 0.281818 889414761 2348004196 889414761 2322436962 884033638 1485653888 -1 1485653888 1210809107 2123676212 1210809107
r-373 40 0.284615 35 0.327731 1681829730 925897359 925897359 1611253137 970686178 -1 1648486719 1648486719 1558908692 1423909678 1423909678
r-92 30 0.331034 27 0.316239 19083164 20118258 20118258 23317376 18195836 32742122 33551940 33551940 10484481 8447368 8447368
r-270 45 0.284848 30 0.275862 2099087195 925568255 925568255 2244281636 928269100 -1 1467277550 1467277550 2136032336 1266994474 1266994474
r-482 45 0.310101 45 0.288889 -1 -1 -1 -1 -1 -1 -1 -1 -1 -1 -1
r-618 19 0.292398 17 0.404412 34782 11846 11846 23981 13232 55368 15900 15900 25267 19057 19057
r-233 10 0.2 19 0.304094 1 4519 1 4480 1 1 4520 1 1 3377 1
r-169 46 0.312077 17 0.279412 7014775 455616 455616 6939265 466503 9277888 502251 502251 5509034 588764 588764
r-896 11 0.236364 11 0.4 243 334 243 386 230 302 436 302 159 128 159
r-404 48 0.307624 40 0.316667 -1 -1 -1 -1 -1 -1 -1 -1 -1 -1 -1
r-28 30 0.331034 13 0.346154 94448 4385 4385 92244 4516 116503 4386 4386 68207 9138 9138
r-697 33 0.291667 20 0.363158 4193511 867088 867088 3812173 964784 7045064 1245984 1245984 3742234 990758 990758
r-557 48 0.295213 12 0.257576 1 1 1 1 1 1 1 1 1 1 1
r-127 11 0.254545 47 0.285846 1 1 1 1 1 1 1 1 1 1 1
r-461 11 0.309091 49 0.296769 1 1 1 1 1 1 1 1 1 1 1
r-116 42 0.292683 18 0.267974 9050675 717631 717631 9086357 771045 12545551 849641 849641 6612586 860731 860731
r-719 30 0.310345 27 0.339031 34365341 23145012 23145012 33838958 22837121 59841206 38127523 38127523 31939148 20539200 20539200
r-113 12 0.348485 42 0.293844 1 6500 1 6228 1 1 6500 1 1 1 1
r-763 38 0.324324 31 0.27957 500944941 477312329 477312329 602828021 413301463 887136362 820593927 820593927 494195814 416366539 416366539
r-715 21 0.347619 20 0.268421 112711 237082 237082 231085 188115 164143 361022 361022 169869 198561 198561
r-760 27 0.336182 34 0.285205 31927006 56511004 31927006 54844900 31201851 51424679 99603782 51424679 28732555 45602695 28732555
r-751 30 0.287356 45 0.29697 331976541 614692312 331976541 639608496 322795591 539015075 1122173731 539015075 406919229 972044383 406919229
r-743 23 0.316206 48 0.31117 65625646 287444781 65625646 284738315 64939307 92431637 471012748 92431637 82415473 253671239 82415473
r-207 41 0.284146 42 0.29036 -1 -1 -1 -1 -1 -1 -1 -1 -1 -1 -1
r-470 30 0.326437 10 0.333333 1 1 1 1 1 1 1 1 1 1 1
r-467 21 0.342857 12 0.166667 9161 1 1 9836 1 11437 2 2 4411 1 1
r-736 43 0.310078 22 0.285714 75790786 12867320 12867320 76080821 13004475 122426468 18012114 18012114 26894777 7456234 7456234
r-252 41 0.273171 24 0.26087 86069573 16915956 16915956 88620057 17373410 133702009 22684016 22684016 77486575 30095858 30095858
r-13 15 0.247619 42 0.30662 1 239644 1 227003 1 2 239645 2 1 151337 1
r-320 48 0.299645 21 0.32381 51924186 5744399 5744399 50420706 6155473 79301554 7495037 7495037 42499354 4602905 4602905
r-988 12 0.30303 33 0.299242 1 34904 1 33036 1 2 34905 2 1 25499 1
r-162 21 0.32381 15 0.295238 38910 15808 15808 38277 15158 57836 19286 19286 40219 7453 7453
r-651 47 0.302498 15 0.295238 1747167 123279 123279 1722672 141189 1957577 123280 123280 1335735 26113 26113
r-502 32 0.324597 28 0.322751 50935122 35396492 35396492 52814123 32097514 90221281 59841344 59841344 47950911 46461534 46461534
r-614 25 0.313333 36 0.295238 22302818 61361024 22302818 61668103 21787978 34673880 106986627 34673880 38059658 55984829 38059658
r-754 18 0.339869 24 0.318841 96792 311582 96792 303705 93547 130400 503387 130400 97199 227713 97199
r-667 32 0.314516 32 0.292339 120089769 95570399 120089769 105615451 106989332 210022936 169724742 210022936 108719275 104213091 108719275
r-739 30 0.344828 21 0.261905 7491588 4685589 4685589 8825245 4390976 12051835 7014338 7014338 7420231 3953244 3953244
r-936 35 0.329412 16 0.325 689690 63618 63618 680372 65854 948989 70434 70434 493213 51388 51388
r-657 35 0.290756 39 0.291498 1438242452 1355637465 1438242452 1582898407 1274623544 2467029945 2406297391 2467029945 834080653 649592892 834080653
r-655 21 0.309524 19 0.269006 179886 202100 202100 253520 176826 270669 296059 296059 177245 233025 233025
r-244 27 0.358974 27 0.299145 6833311 9074341 6833311 8421543 6849841 11149740 15564786 11149740 6239722 8855418 6239722
r-511 41 0.309756 16 0.225 1013957 55561 55561 995012 59236 1201091 55563 55563 914503 34405 34405
r-401 16 0.341667 28 0.272487 3226 66256 3226 64232 3142 3525 96616 3525 4901 44517 4901
r-287 13 0.269231 24 0.297101 1 14715 1 14189 1 2 17145 2 1 3506 1
r-95 48 0.317376 28 0.31746 1925397137 575717646 575717646 1991122249 591533749 -1 934827657 934827657 1745641392 762715757 762715757
r-832 37 0.292793 16 0.283333 1379028 126375 126375 1365319 132004 1806891 143564 143564 857357 67797 67797
r-776 32 0.314516 35 0.304202 230636094 332725391 230636094 344093935 220942507 397183738 594387428 397183738 271307245 297196079 271307245
r-996 47 0.287697 14 0.230769 1 1 1 1 1 1 1 1 1 1 1
r-537 14 0.307692 29 0.275862 2171 56683 2171 56342 2171 2173 70536 2173 1888 41756 1888
r-329 44 0.32241 11 0.272727 1 1 1 1 1 1 1 1 1 1 1
r-793 49 0.312075 35 0.297479 -1 -1 -1 -1 -1 -1 -1 -1 -1 -1 -1
r-773 32 0.304435 10 0.222222 1 1 1 1 1 1 1 1 1 1 1
r-664 19 0.245614 27 0.316239 461798 1065522 461798 1183424 448227 626187 1613273 626187 375710 820042 375710
r-112 21 0.3 27 0.299145 1259086 2649825 1259086 2756142 1224375 1810282 4217831 1810282 1558342 2414570 1558342
r-276 20 0.247368 25 0.33 177655 205583 177655 239647 167356 266533 318246 266533 96307 437595 96307
r-82 19 0.315789 38 0.317212 547098 4387991 547098 4382238 541470 702833 6858214 702833 388617 4264442 388617
r-403 12 0.348485 41 0.279268 1 114579 1 109529 1 2 114579 2 1 71306 1
r-96 27 0.279202 42 0.317073 137308554 314774187 137308554 342433867 133839422 219231524 559547498 219231524 190645561 338124614 190645561
r-825 36 0.303175 31 0.288172 447878832 348264981 348264981 487577170 329908246 788846430 594078157 594078157 442560045 325517454 325517454
r-932 11 0.236364 43 0.289037 1 1 1 1 1 1 1 1 1 1 1
r-933 50 0.284898 16 0.266667 1431674 1 1 1386949 1 1616275 2 2 236786 1 1
r-230 33 0.287879 40 0.274359 1023984560 1628150946 1023984560 1718969231 985544235 1660131241 2831373597 1660131241 814038481 1621840553 814038481
r-494 22 0.311688 38 0.30441 2640880 13226500 2640880 13260570 2606658 3743883 21993315 3743883 3647462 12501613 3647462
r-189 49 0.309524 47 0.305273 -1 -1 -1 -1 -1 -1 -1 -1 -1 -1 -1
r-642 46 0.305314 49 0.290816 -1 -1 -1 -1 -1 -1 -1 -1 -1 -1 -1
r-242 29 0.310345 37 0.309309 118534352 355612301 118534352 369834388 114456117 200454823 649564109 200454823 110231913 191435025 110231913
r-809 41 0.30122 36 0.296825 -1 -1 -1 -1 -1 -1 -1 -1 -1 -1 -1
r-481 26 0.252308 36 0.260317 8488096 29266745 8488096 29936315 8341861 12374349 47941137 12374349 8637191 29218221 8637191
r-869 23 0.351779 37 0.291291 4934459 16874512 4934459 16230262 4889776 7295796 29619947 7295796 3273174 9421013 3273174
r-465 41 0.314634 18 0.287582 6549045 590202 590202 6551472 611415 9593326 704852 704852 4768499 768539 768539
r-416 32 0.298387 50 0.301224 -1 -1 -1 -1 -1 -1 -1 -1 -1 -1 -1
r-180 43 0.305648 19 0.298246 19334008 2599302 2599302 19118208 2750437 29573590 3385264 3385264 13612998 3036581 3036581
r-438 28 0.314815 35 0.289076 34062112 75368831 34062112 77738889 33592779 55302098 134490223 55302098 35633813 62275588 35633813
r-312 40 0.289744 39 0.318489 -1 -1 -1 -1 -1 -1 -1 -1 -1 -1 -1
r-129 17 0.235294 20 0.310526 20922 32382 20922 40748 19493 27181 46622 27181 23727 28366 23727
r-639 24 0.333333 14 0.230769 50858 8788 8788 48797 8429 67042 10010 10010 69422 10993 10993
r-39 25 0.25 36 0.279365 18851496 50382205 18851496 53014366 18340626 27999375 83084504 27999375 25077264 42995754 25077264
r-125 13 0.371795 27 0.364672 2854 61754 2854 60941 2854 2856 80687 2856 3498 43178 3498
r-101 20 0.326316 20 0.294737 49647 118248 49647 97717 46935 74705 181959 74705 47555 34198 47555
r-821 13 0.320513 10 0.333333 910 199 199 866 186 1139 201 201 757 201 201
r-413 44 0.310782 30 0.266667 1398885802 780742568 780742568 1549580416 744697230 2499937473 1273734029 1273734029 1490712507 756760349 756760349
r-380 27 0.301994 27 0.293447 10088877 13161476 10088877 14146540 9054418 15890038 21149872 15890038 10948766 11077143 10948766
r-507 44 0.324524 13 0.294872 66416 1 1 65100 1 66416 1 1 1889 1 1
r-514 31 0.298925 20 0.305263 5430668 1562911 1562911 5272601 1604152 8584774 2168032 2168032 4975550 1375098 1375098
r-835 32 0.330645 16 0.216667 311938 7453 7453 314394 7140 414228 7455 7455 109590 7597 7597
r-174 42 0.293844 26 0.283077 281144605 98466306 98466306 287202686 98069518 478778663 147564447 147564447 258698393 102492341 102492341
r-258 16 0.316667 17 0.389706 12577 17794 12577 23597 10971 18776 25472 18776 7395 6841 7395
r-756 27 0.31339 24 0.336957 2429937 2378192 2378192 2471253 2295436 4095464 3714795 3714795 2317498 2093571 2093571
r-712 33 0.293561 38 0.301565 1017096564 1441043820 1017096564 1565103705 966123496 1765543200 2567338094 1765543200 1092520263 1541691360 1092520263
r-529 10 0.244444 16 0.35 1 693 1 696 1 2 694 2 1 753 1
r-956 39 0.291498 27 0.304843 139601255 58719981 58719981 141151254 60419933 238665332 89488871 89488871 136116074 47966448 47966448
r-797 11 0.309091 16 0.316667 302 4658 302 4972 302 304 6146 304 102 1979 102
r-255 33 0.293561 20 0.273684 2937409 279380 279380 2878909 288368 4699584 369071 369071 3032733 398790 398790
r-886 14 0.351648 30 0.291954 16656 187650 16656 179640 16504 18429 249892 18429 21197 165597 21197
r-25 43 0.322259 48 0.281028 -1 -1 -1 -1 -1 -1 -1 -1 -1 -1 -1
r-934 40 0.312821 50 0.306122 -1 -1 -1 -1 -1 -1 -1 -1 -1 -1 -1
