instance n1 density1 n2 density2 mcsplit mcsplit+f mcsplit+bigf mcsplit+randombigf
r-701 36 0.488889 36 0.488889 418655449 482686555 363167133 360699949
r-332 32 0.497984 32 0.497984 18812826 11611778 13012838 12609200
r-623 42 0.284553 42 0.284553 -1 -1 -1 -1
r-36 22 0.519481 22 0.519481 242628 156449 203872 198651
r-684 38 0.14936 38 0.14936 -1 -1 -1 -1
r-932 34 0.165775 34 0.165775 -1 -1 -1 -1
r-162 40 0.480769 40 0.480769 420632311 276441487 303149424 294461254
r-781 20 0.521053 20 0.521053 90139 75699 80011 78001
r-451 37 0.198198 37 0.198198 677590759 1340300462 637801691 646738884
r-308 22 0.17316 22 0.17316 38596 141271 36426 37393
r-512 29 0.246305 29 0.246305 7504017 6831023 6329043 6150079
r-484 19 0.19883 19 0.19883 164165625 5538884801 164165241 164165241
r-695 19 0.526316 19 0.526316 38580 44947 34505 33981
r-755 18 0.294118 18 0.294118 74079 53646 63572 61981
r-790 24 0.521739 24 0.521739 692836 445653 587297 570250
r-389 45 0.490909 45 0.490909 1016458505 2128659406 967617787 982300184
r-227 28 0.253968 28 0.253968 5839057 2380822 4514942 4110492
r-57 29 0.133005 29 0.133005 -1 -1 -1 -1
r-208 25 0.28 25 0.28 702732 4495962336 696482 696482
r-827 20 0.189474 20 0.189474 -1 -1 4473729457 3137149117
r-115 16 0.4 16 0.4 27148 9789 9256 8135
r-247 20 0.336842 20 0.336842 3155927 1164539 504488 438802
r-785 30 0.186207 30 0.186207 -1 -1 -1 -1
r-355 23 0.498024 23 0.498024 278572 216152 189068 182988
r-453 35 0.329412 35 0.329412 409360741 295991027 325174313 316646379
r-490 31 0.516129 31 0.516129 30846498 22535001 26797514 26142401
r-437 27 0.461538 27 0.461538 4248610 5047558 3443557 3433295
r-630 35 0.494118 35 0.494118 237552833 286303632 208258453 207134005
r-793 32 0.483871 32 0.483871 77008655 62789183 65783294 64050137
r-494 21 0.428571 21 0.428571 132493 50467 61808 58292
r-488 15 0.47619 15 0.47619 5516 2998 3882 3793
r-616 44 0.0454545 44 0.0454545 -1 -1 -1 -1
r-518 40 0.0974359 40 0.0974359 -1 -1 -1 -1
r-492 30 0.404598 30 0.404598 18671261 26476400 18101607 18417159
r-63 25 0.453333 25 0.453333 2356597 2595036 2107755 2090638
r-40 44 0.40592 44 0.40592 231753669 937962648 255989117 264069058
r-682 27 0.14245 27 0.14245 -1 -1 -1 -1
r-205 26 0.270769 26 0.270769 -1 -1 4558292487 3234376332
r-140 25 0.153333 25 0.153333 -1 -1 -1 -1
r-525 39 0.364372 39 0.364372 2967091975 2456994512 2490366382 2429958169
r-136 25 0.28 25 0.28 669151 501846 536456 522242
r-995 34 0.45098 34 0.45098 30426321 14880964 19097755 18513407
r-920 43 0.172757 43 0.172757 -1 -1 -1 -1
r-217 34 0.499109 34 0.499109 88678828 63658843 70972404 68880755
r-934 18 0.366013 18 0.366013 12350 13346 9124 8952
r-890 21 0.495238 21 0.495238 172204 111551 134964 129669
r-73 37 0.513514 37 0.513514 174613484 236367435 175722220 179271485
r-444 33 0.458333 33 0.458333 96440621 114299634 85470476 86080789
r-929 36 0.107937 36 0.107937 -1 -1 -1 -1
r-783 38 0.443812 38 0.443812 164963221 69092172 85085531 81411461
r-55 42 0.493612 42 0.493612 506061806 994742751 459531120 468524930
r-254 27 0.501425 27 0.501425 2604227 4628017 2848708 2960248
r-327 31 0.503226 31 0.503226 26288160 40683856 23376233 23202405
r-121 21 0.52381 21 0.52381 332664 220541 287188 279389
r-264 24 0.431159 24 0.431159 2058161 1814578 1829179 1780695
r-259 34 0.499109 34 0.499109 116982017 128887246 99272972 97760852
r-740 29 0.512315 29 0.512315 12067008 9598385 10614767 10373483
r-659 25 0.38 25 0.38 2510816 1740999 2103338 2025411
r-530 34 0.508021 34 0.508021 107501056 117948136 95978293 96262377
r-710 45 0.268687 45 0.268687 -1 -1 -1 -1
r-75 21 0.380952 21 0.380952 231155 181337 191824 184233
r-774 24 0.463768 24 0.463768 319445 150845 217822 212671
r-274 32 0.387097 32 0.387097 145951651 102932217 119340807 116922219
r-377 38 0.500711 38 0.500711 1053258194 1302592294 956037501 953709687
r-228 16 0.325 16 0.325 8325 11669 6986 7030
r-237 31 0.27957 31 0.27957 37023061 65643035 33761649 34164122
r-24 36 0.512698 36 0.512698 168705991 238056378 177462769 184888717
r-129 38 0.102418 38 0.102418 -1 -1 -1 -1
r-16 35 0.494118 35 0.494118 310623647 239832568 265210592 259335853
r-250 42 0.284553 42 0.284553 -1 -1 -1 -1
r-261 34 0.470588 34 0.470588 20581236 41871630 19105913 19211916
r-415 20 0.521053 20 0.521053 119040 112204 114341 115845
r-423 17 0.485294 17 0.485294 21346 20907 17260 16804
r-130 20 0.521053 20 0.521053 86526 108188 84525 89397
r-363 38 0.102418 38 0.102418 30010069 287292723 28706382 30964984
r-996 38 0.507824 38 0.507824 151107527 210592701 167215660 171798073
r-351 17 0.514706 17 0.514706 29308 12976 26973 26579
r-598 24 0.228261 24 0.228261 -1 -1 -1 -1
r-661 40 0.384615 40 0.384615 -1 2476560051 2788874918 2728407228
r-770 15 0.419048 15 0.419048 2119 2527 1707 1667
r-735 40 0.142308 40 0.142308 -1 -1 -1 -1
r-694 23 0.166008 23 0.166008 203089 118182 146601 133740
r-116 17 0.220588 17 0.220588 54705 690722994 54522 54522
r-956 42 0.344948 42 0.344948 -1 -1 -1 -1
r-640 33 0.219697 33 0.219697 27730007 82205895 26958996 27845850
r-923 33 0.306818 33 0.306818 246619235 -1 246492245 246490845
r-450 43 0.27907 43 0.27907 -1 -1 -1 -1
r-69 26 0.507692 26 0.507692 1634044 1071380 1368633 1315509
r-915 30 0.370115 30 0.370115 56613939 45541451 48966965 48070926
r-678 37 0.198198 37 0.198198 199456386 223085531 174267716 174389710
r-42 27 0.433048 27 0.433048 269334 392664 209896 208601
r-601 43 0.33887 43 0.33887 -1 -1 -1 -1
r-284 20 0.442105 20 0.442105 153574 168689 125553 120729
r-203 22 0.415584 22 0.415584 213922 259876 171853 173499
r-557 31 0.503226 31 0.503226 36073234 45818861 33669650 33849280
r-257 41 0.180488 41 0.180488 -1 3368031133 -1 -1
r-599 39 0.45614 39 0.45614 1132267926 1435476626 1008670474 1016534685
r-288 34 0.299465 34 0.299465 100560629 139756673 94285318 95199927
r-430 34 0.513369 34 0.513369 79157965 91975866 75969523 77186975
r-958 16 0.458333 16 0.458333 3453 4194 2559 2565
r-698 17 0.308824 17 0.308824 6257805 2170471 1086494 817674
r-869 21 0.514286 21 0.514286 150972 105988 134625 131917
r-265 42 0.396051 42 0.396051 -1 -1 -1 -1
r-198 40 0.466667 40 0.466667 2128317033 1597897828 1831672273 1785547420
r-597 19 0.19883 19 0.19883 4829 5473 3517 3333
r-182 35 0.329412 35 0.329412 161060146 126510493 151804802 153778770
r-797 22 0.367965 22 0.367965 347982 530471 293680 292485
r-548 27 0.262108 27 0.262108 18501278 -1 18485511 18485511
r-399 36 0.246032 36 0.246032 907625453 679805809 731157007 708072106
r-94 22 0.506494 22 0.506494 489121 423407 419730 410185
r-605 23 0.237154 23 0.237154 166143 446950 151830 153028
r-914 26 0.212308 26 0.212308 227432 725248 203552 208190
r-733 37 0.405405 37 0.405405 931311767 1135769835 860908874 863951872
r-831 26 0.470769 26 0.470769 1849686 744163 1259331 1224225
r-402 20 0.336842 20 0.336842 86868 63907 67452 65202
r-5 27 0.358974 27 0.358974 4645989 1327770 911375 786975
r-805 18 0.294118 18 0.294118 23308565 7350982 1844654 1142824
r-901 23 0.521739 23 0.521739 417660 721910 411317 439464
r-295 37 0.483483 37 0.483483 694800108 860480756 615822395 617167129
r-434 36 0.474603 36 0.474603 554793579 434135875 467717457 455883126
r-746 39 0.510121 39 0.510121 408563816 680464719 422940160 433241723
r-285 28 0.47619 28 0.47619 4883026 3112843 3414449 3264526
r-78 38 0.14936 38 0.14936 -1 -1 -1 -1
r-949 20 0.521053 20 0.521053 61163 44112 53528 52169
r-279 37 0.198198 37 0.198198 -1 -1 -1 -1
r-855 24 0.391304 24 0.391304 1293786 1085256 1083871 1049178
r-688 26 0.270769 26 0.270769 387569 797667 343661 346832
r-269 27 0.501425 27 0.501425 3088861 3853322 2637753 2639414
r-17 42 0.511034 42 0.511034 2031705141 1418867542 1724955804 1687106078
r-35 44 0.494715 44 0.494715 -1 -1 -1 -1
r-948 16 0.233333 16 0.233333 2109 1629 2030 1989
r-741 25 0.153333 25 0.153333 74974 142551 72093 77064
r-289 38 0.398293 38 0.398293 872984117 1215957949 827527757 838868335
r-311 40 0.480769 40 0.480769 84239968 198162307 81717663 83778690
r-510 32 0.417339 32 0.417339 113725125 84261124 96760302 94365507
r-566 41 0.47561 41 0.47561 414770086 226294042 288044764 280476301
r-777 24 0.15942 24 0.15942 -1 -1 -1 -1
r-845 38 0.341394 38 0.341394 661261213 1091409028 612484464 619295380
r-420 35 0.329412 35 0.329412 -1 -1 2880328960 2047450705
r-517 20 0.394737 20 0.394737 20245 37010 13435 13233
r-370 37 0.405405 37 0.405405 28336858 97126486 27156962 27729527
r-296 20 0.478947 20 0.478947 94959 74646 73983 69798
r-128 33 0.306818 33 0.306818 5196516 -1 5064402 5069802
r-27 43 0.449612 43 0.449612 -1 -1 -1 -1
r-604 32 0.120968 32 0.120968 -1 -1 -1 -1
r-299 21 0.180952 21 0.180952 27327 14525 19991 17969
r-811 34 0.40107 34 0.40107 278860171 196673322 240583262 234175812
r-244 41 0.095122 41 0.095122 241514738 940064204 188618537 225314024
r-867 24 0.507246 24 0.507246 332977 494048 340138 350174
r-252 45 0.438384 45 0.438384 167933536 408652114 180149308 184842245
r-302 15 0.514286 15 0.514286 2632 3827 2804 3023
r-715 22 0.367965 22 0.367965 666217 102398 122868 103741
r-799 36 0.322222 36 0.322222 -1 -1 4410287098 3163850982
r-660 34 0.370766 34 0.370766 214670075 179250183 174624566 171284950
r-210 36 0.157143 36 0.157143 -1 -1 -1 -1
r-30 41 0.42439 41 0.42439 -1 -1 -1 -1
r-712 45 0.20202 45 0.20202 -1 -1 -1 -1
r-993 22 0.311688 22 0.311688 311286 419870 257251 256134
r-861 40 0.184615 40 0.184615 -1 -1 -1 -1
r-762 20 0.189474 20 0.189474 21056663 -1 21056272 21056272
r-738 18 0.111111 18 0.111111 25490 -1 25388 25388
r-429 23 0.498024 23 0.498024 494166 327391 405825 392116
r-267 45 0.4 45 0.4 3251130445 849250439 531956310 479905845
r-251 27 0.14245 27 0.14245 -1 -1 -1 -1
r-814 24 0.344203 24 0.344203 150642 9996477 126275 125954
r-877 38 0.371266 38 0.371266 1165671486 800897852 933604437 909381143
r-132 22 0.519481 22 0.519481 159492 110158 140381 137154
r-959 16 0.5 16 0.5 9914 5919 8480 8297
r-6 18 0.20915 18 0.20915 4732 4297563433 4490 4490
r-461 33 0.458333 33 0.458333 20205984 10491093 12788060 12284259
r-622 34 0.213904 34 0.213904 104940853 264627432 98883028 100220692
r-229 23 0.300395 23 0.300395 173718 168580 119841 117024
r-717 32 0.465726 32 0.465726 47430511 38424461 40755089 39942620
r-476 23 0.442688 23 0.442688 445659 167023 168253 155046
r-644 42 0.214866 42 0.214866 -1 -1 -1 -1
r-879 26 0.323077 26 0.323077 1065750 1112518 850634 820819
r-92 37 0.348348 37 0.348348 10730538 2486468019 9228185 9380509
r-52 16 0.4 16 0.4 30867 3116 7957 6463
r-410 31 0.180645 31 0.180645 15756177 13588139 12324512 11864001
r-38 27 0.512821 27 0.512821 4311362 4422779 3705719 3636257
r-368 26 0.409231 26 0.409231 1893593 460301 548632 517739
r-499 17 0.382353 17 0.382353 23422 33674 19826 20302
r-727 41 0.512195 41 0.512195 955642721 1139641176 941392333 953981449
r-842 30 0.48046 30 0.48046 4040696 7913939 3402395 3478727
r-271 31 0.124731 31 0.124731 -1 -1 -1 -1
r-658 20 0.336842 20 0.336842 9730 1861298 7810 7800
r-416 16 0.233333 16 0.233333 37302426 32705231 6585246 4861343
r-263 28 0.198413 28 0.198413 -1 -1 -1 -1
r-743 41 0.139024 41 0.139024 -1 -1 -1 -1
r-395 41 0.504878 41 0.504878 894952072 1255400017 946362694 970399838
r-569 40 0.492308 40 0.492308 1226116774 1468076051 1051335489 1047177085
r-262 16 0.4 16 0.4 3322 8859 2215 2202
r-538 29 0.502463 29 0.502463 5208268 4312573 4021000 3864526
r-862 37 0.378378 37 0.378378 761546228 544544126 618547781 603581806
r-836 31 0.511828 31 0.511828 15423418 24764304 16421063 16794778
r-53 45 0.509091 45 0.509091 -1 -1 -1 -1
r-606 39 0.364372 39 0.364372 1306470542 1219411765 1080916303 1055194214
r-856 29 0.487685 29 0.487685 9942425 10408197 8336104 8209877
r-243 30 0.508046 30 0.508046 7067365 9606746 6737662 6952641
r-173 40 0.384615 40 0.384615 2206462253 -1 2072138411 2097427766
r-364 18 0.294118 18 0.294118 6421 6396335 6051 6051
r-718 41 0.504878 41 0.504878 1679982434 2170997319 1550443000 1556201790
r-767 29 0.37931 29 0.37931 563993 5274958 448204 449409
r-634 22 0.17316 22 0.17316 461910 94543 259593 223334
r-463 34 0.40107 34 0.40107 118714892 37980608 18990236 17303616
r-169 28 0.452381 28 0.452381 5943126 7487954 5129660 5156791
r-759 35 0.420168 35 0.420168 59491997 20783960 20844758 19664385
r-449 40 0.328205 40 0.328205 44929558 -1 46024814 46904507
r-68 16 0.325 16 0.325 3935 2705383 3696 3696
r-194 33 0.492424 33 0.492424 16973682 33156563 14842888 15114943
r-906 39 0.472335 39 0.472335 224871892 112097713 150725270 145105708
r-900 22 0.52381 22 0.52381 275616 412414 256356 271777
r-806 35 0.420168 35 0.420168 260881532 198100146 221325004 215619822
r-748 38 0.512091 38 0.512091 719274827 963789799 650273127 648487252
r-440 22 0.506494 22 0.506494 192784 229434 172320 180407
r-742 23 0.300395 23 0.300395 506806815 315905688 39824548 29566983
r-268 37 0.348348 37 0.348348 -1 3411656667 1735088668 1157911192
r-905 37 0.348348 37 0.348348 -1 -1 1613932247 1145562864
r-137 22 0.415584 22 0.415584 94565 198079 77133 77122
r-753 41 0.460976 41 0.460976 -1 -1 -1 -1
r-505 21 0.495238 21 0.495238 110454 109860 82627 79809
r-620 17 0.382353 17 0.382353 29250 20751 24161 23316
r-157 21 0.52381 21 0.52381 242041 172664 212492 207717
r-321 34 0.508021 34 0.508021 64013948 58750328 55942433 54191736
r-275 16 0.5 16 0.5 6335 7598 4445 4381
r-216 33 0.219697 33 0.219697 -1 -1 -1 -1
r-232 45 0.327273 45 0.327273 -1 -1 -1 -1
r-201 29 0.192118 29 0.192118 677540 1706916 584057 596746
r-662 17 0.382353 17 0.382353 4927 11814 3651 3655
r-171 25 0.22 25 0.22 1250688 1201692 957519 913537
r-693 30 0.514943 30 0.514943 10440559 13757223 9535574 9710597
r-864 15 0.419048 15 0.419048 5599 33432 4264 4277
r-719 33 0.492424 33 0.492424 126036639 86921736 109149395 106534049
r-202 43 0.365449 43 0.365449 -1 -1 -1 -1
r-542 34 0.258467 34 0.258467 162762646 180516435 120064486 117437946
r-873 38 0.500711 38 0.500711 620033383 477116095 553460694 545340082
r-600 36 0.512698 36 0.512698 298362017 359111670 271817312 273350788
r-857 17 0.382353 17 0.382353 4282 132846 3460 3447
r-619 38 0.234708 38 0.234708 933892888 899231476 638565420 618543557
r-563 24 0.463768 24 0.463768 686579 475984 586513 559069
r-256 28 0.515873 28 0.515873 2785190 1883340 2374949 2325839
r-333 26 0.0769231 26 0.0769231 -1 -1 -1 -1
r-624 32 0.514113 32 0.514113 46069320 35655716 40995849 39933313
r-314 31 0.451613 31 0.451613 12525195 7983631 8170498 7866952
r-976 42 0.483159 42 0.483159 907536437 568010782 635311004 615857448
r-586 28 0.42328 28 0.42328 1158132 2921152 929907 937258
r-396 22 0.519481 22 0.519481 257671 462306 260524 268757
r-270 26 0.470769 26 0.470769 2555688 1958755 2118690 2072131
r-758 35 0.329412 35 0.329412 198521919 353572649 191718119 195543626
r-665 27 0.518519 27 0.518519 2277046 3147758 2055689 2093739
r-340 21 0.428571 21 0.428571 69912 130940 55992 56266
r-347 33 0.170455 33 0.170455 -1 -1 -1 -1
r-691 41 0.256098 41 0.256098 -1 -1 -1 -1
r-954 22 0.506494 22 0.506494 525940 251630 475142 466138
r-704 29 0.339901 29 0.339901 21473474 20473162 18534511 18145452
r-593 17 0.529412 17 0.529412 14546 19677 14797 15372
r-397 40 0.480769 40 0.480769 179036182 291717974 157684931 157992201
r-820 38 0.0526316 38 0.0526316 -1 -1 -1 -1
r-973 29 0.246305 29 0.246305 -1 -1 -1 -1
r-83 26 0.52 26 0.52 1698790 2273952 1658379 1676539
r-844 45 0.20202 45 0.20202 -1 -1 -1 -1
r-156 41 0.512195 41 0.512195 690163139 946039698 646434486 650726741
r-910 36 0.285714 36 0.285714 -1 -1 -1 -1
r-989 34 0.40107 34 0.40107 8661243 990412606 8510684 8891363
r-322 24 0.391304 24 0.391304 71119 962531 48177 47943
r-585 34 0.299465 34 0.299465 210780163 383562159 202145105 204924213
r-459 32 0.175403 32 0.175403 -1 -1 -1 -1
r-65 19 0.51462 19 0.51462 40840 26570 35973 33702
r-242 28 0.388889 28 0.388889 10415789 1305678 1687851 1404736
r-532 39 0.45614 39 0.45614 227054573 142798667 142277006 138156617
r-794 19 0.45614 19 0.45614 28177 32188 19876 19761
r-379 29 0.246305 29 0.246305 21866696 16850572 17140514 16414060
r-902 25 0.52 25 0.52 1523611 1667617 1425313 1450273
r-918 24 0.507246 24 0.507246 1858798 1015351 1513719 1466020
r-579 42 0.507549 42 0.507549 1657252803 2176809133 1501414941 1505468134
r-850 37 0.0540541 37 0.0540541 -1 -1 -1 -1
r-674 19 0.51462 19 0.51462 47933 53056 47910 51707
r-174 29 0.339901 29 0.339901 628496 536128203 344678 345797
r-654 17 0.220588 17 0.220588 3604 6736 3123 3061
r-89 28 0.47619 28 0.47619 1193043 2364224 955796 946433
r-442 21 0.514286 21 0.514286 245753 189233 209933 202942
r-583 35 0.443697 35 0.443697 306264488 375895371 267391349 265725904
r-552 45 0.438384 45 0.438384 394915975 897599894 422518319 430494817
r-82 44 0.241015 44 0.241015 -1 -1 -1 -1
r-821 29 0.295567 29 0.295567 11669749 19344370 10805060 10939907
r-353 27 0.433048 27 0.433048 651086 1412942 458268 461694
r-475 29 0.413793 29 0.413793 44107843 29601443 37978324 37105942
r-968 20 0.189474 20 0.189474 14996 12284 12320 12068
r-609 42 0.371661 42 0.371661 -1 -1 -1 -1
r-838 18 0.470588 18 0.470588 9536 5639 7889 7982
r-29 41 0.139024 41 0.139024 440744538 1783555142 393484166 403687725
r-823 17 0.308824 17 0.308824 1635498 558712 297376 231690
r-391 35 0.363025 35 0.363025 431846482 89400039 30336771 25415296
r-692 20 0.505263 20 0.505263 113157 75555 102083 100015
r-912 41 0.443902 41 0.443902 361917793 179412230 230993563 221664851
r-739 35 0.443697 35 0.443697 302075665 397873553 275591833 278286454
r-107 29 0.46798 29 0.46798 21553224 14360267 18494674 17903022
r-51 17 0.441176 17 0.441176 29121 15599 24640 23547
r-565 45 0.0868687 45 0.0868687 2892155848 -1 2721504292 3004221086
r-549 26 0.212308 26 0.212308 -1 -1 -1 -1
r-376 34 0.213904 34 0.213904 -1 -1 -1 -1
r-48 45 0.480808 45 0.480808 2000183262 1046359554 1406189037 1369455370
r-426 32 0.508065 32 0.508065 36536103 47123714 34204974 34750738
r-817 35 0.252101 35 0.252101 147973178 289589089 136096117 136766462
r-233 44 0.426004 44 0.426004 -1 -1 -1 -1
r-241 30 0.0666667 30 0.0666667 -1 -1 -1 -1
r-209 44 0.485201 44 0.485201 1000392788 1786019998 889679719 900299024
r-667 18 0.366013 18 0.366013 16882 25707 13132 12853
r-148 38 0.422475 38 0.422475 781784443 780352550 662344810 648747695
r-895 24 0.15942 24 0.15942 -1 -1 -1 -1
r-893 30 0.514943 30 0.514943 11849521 8188446 10050636 9841074
r-224 41 0.42439 41 0.42439 -1 -1 -1 -1
r-14 30 0.370115 30 0.370115 28754290 12614152 23525803 22618077
r-60 39 0.48583 39 0.48583 957987704 1169212834 822302159 817204417
r-763 30 0.23908 30 0.23908 -1 -1 -1 -1
r-671 25 0.38 25 0.38 2795012 1692280 2345665 2262570
r-534 38 0.308677 38 0.308677 585358576 993143805 543698669 552577169
r-947 20 0.189474 20 0.189474 -1 15655645417 1119509833 768316158
r-98 35 0.208403 35 0.208403 299050736 190782152 233977965 222701653
r-629 24 0.228261 24 0.228261 11018210 -1 11015419 11015419
r-639 27 0.358974 27 0.358974 297508 35576651 239134 239369
r-460 34 0.499109 34 0.499109 74321267 45276971 53230157 52020693
r-384 21 0.428571 21 0.428571 56739 75887 44199 44110
r-690 34 0.499109 34 0.499109 99320761 127923177 84182180 83813206
r-709 22 0.52381 22 0.52381 290267 385951 251136 257802
r-170 34 0.370766 34 0.370766 1103644819 193510617 89528646 71251721
r-438 16 0.533333 16 0.533333 6500 7249 5988 5492
r-154 25 0.153333 25 0.153333 242533 123974 182101 175087
r-631 30 0.508046 30 0.508046 26526133 19995467 23470897 23042813
r-473 29 0.37931 29 0.37931 20045393 14570017 16539427 15848411
r-392 41 0.402439 41 0.402439 2077778129 2185996949 1735281412 1692909535
r-13 16 0.125 16 0.125 2276965506 9973134189 2276965431 2276965431
r-655 20 0.268421 20 0.268421 137467 34455773 136579 136579
r-938 42 0.437863 42 0.437863 -1 -1 -1 -1
r-612 28 0.304233 28 0.304233 3631141983 1971844626 176732234 133298637
r-54 34 0.508021 34 0.508021 60816419 39140628 51191918 49642203
r-458 43 0.389812 43 0.389812 107944685 487622956 111531202 113942550
r-114 19 0.19883 19 0.19883 3566 4504 2471 2616
r-766 39 0.48583 39 0.48583 141850909 290602018 127652984 129392793
r-724 16 0.525 16 0.525 8371 17771 6873 6803
r-187 40 0.384615 40 0.384615 -1 -1 -1 -1
r-764 42 0.371661 42 0.371661 -1 -1 -1 -1
r-937 15 0.533333 15 0.533333 6682 3606 5684 5668
r-462 23 0.513834 23 0.513834 723871 356234 629873 611965
r-172 34 0.45098 34 0.45098 16797489 9650136 11680003 11337725
r-46 18 0.503268 18 0.503268 72352 42663 64571 60745
r-955 28 0.515873 28 0.515873 6333135 7987326 5699910 5701802
r-950 21 0.32381 21 0.32381 101735 246492 98077 100670
r-725 17 0.220588 17 0.220588 172978433 254507966 25850641 22080875
r-618 27 0.358974 27 0.358974 4797033 4131963 3990843 3895684
r-851 16 0.5 16 0.5 4634 3198 3989 3895
r-997 41 0.497561 41 0.497561 -1 -1 -1 -1
r-96 28 0.507937 28 0.507937 2009959 3294744 2000943 2062664
r-495 42 0.0929152 42 0.0929152 38391104 221706382 33577804 34250089
r-635 21 0.466667 21 0.466667 233266 173476 195833 188312
r-319 22 0.311688 22 0.311688 91522 177034 77738 79485
r-808 35 0.363025 35 0.363025 1369753189 426217611 63287222 52157675
r-801 20 0.336842 20 0.336842 84475 66250 70123 68230
r-614 27 0.31339 27 0.31339 3312890 2842818 2618272 2529356
r-985 16 0.533333 16 0.533333 10527 9898 9531 9144
r-589 22 0.519481 22 0.519481 503884 573943 465917 473142
r-117 42 0.511034 42 0.511034 1929830258 2281668979 1817736218 1842681340
r-151 21 0.466667 21 0.466667 205790 247127 154032 148029
r-99 18 0.424837 18 0.424837 66277 14418 29130 28056
r-966 17 0.308824 17 0.308824 18489 6236 13944 13576
r-145 18 0.424837 18 0.424837 20451 43867 15924 15688
r-643 23 0.166008 23 0.166008 -1 -1 -1 -1
r-146 39 0.496626 39 0.496626 484826353 164340944 345682136 342079676
r-276 40 0.296154 40 0.296154 -1 -1 -1 -1
r-324 45 0.377778 45 0.377778 -1 -1 -1 -1
r-590 42 0.437863 42 0.437863 302415513 719496805 318605790 326059026
r-933 44 0.332981 44 0.332981 88707182 -1 101689012 103794589
r-300 18 0.111111 18 0.111111 -1 -1 -1 -1
r-962 29 0.295567 29 0.295567 1881339 8728513112 1809710 1809878
r-413 42 0.501742 42 0.501742 -1 -1 -1 -1
r-772 35 0.510924 35 0.510924 244045863 193207134 217580752 214332141
r-126 29 0.487685 29 0.487685 22502176 16668900 19298397 18731115
r-778 45 0.438384 45 0.438384 -1 -1 -1 -1
r-141 33 0.458333 33 0.458333 3828692 7548024 3173691 3177341
r-4 30 0.287356 30 0.287356 16555718 12691017 13059154 12614041
r-830 29 0.339901 29 0.339901 8592494 15788520 7566661 7766953
r-863 19 0.51462 19 0.51462 69806 94987 63094 64659
r-102 32 0.352823 32 0.352823 52862482 70469577 48902975 49146921
r-403 17 0.441176 17 0.441176 5433 7668 3864 3786
r-341 40 0.466667 40 0.466667 106300978 259799851 102306991 103846890
r-647 45 0.454545 45 0.454545 675719858 1272351846 643955432 653023046
r-943 37 0.348348 37 0.348348 7351528 4116133270 6138697 6242340
r-572 31 0.27957 31 0.27957 28015332 40982837 25217160 25176740
r-656 16 0.233333 16 0.233333 3017 4304 2623 2566
r-841 17 0.514706 17 0.514706 17685 18915 15574 15050
r-886 27 0.39886 27 0.39886 20894197 3772820 2704594 2400345
r-749 17 0.514706 17 0.514706 32960 23235 28708 27924
r-521 18 0.503268 18 0.503268 43860 30074 38054 36642
r-67 15 0.47619 15 0.47619 5910 2188 4601 4533
r-502 37 0.45045 37 0.45045 113950330 50014672 65000622 61877591
r-317 31 0.511828 31 0.511828 25267309 23354490 22302335 21904226
r-680 18 0.20915 18 0.20915 2715749924 2150606903 216215576 129677243
r-143 15 0.247619 15 0.247619 2251 25794 1693 1673
r-775 25 0.5 25 0.5 500343 365805 365154 353357
r-354 16 0.4 16 0.4 7129 8334 5144 5149
r-978 38 0.308677 38 0.308677 -1 -1 -1 -1
r-197 43 0.365449 43 0.365449 -1 -1 2777293993 2020497123
r-723 30 0.45977 30 0.45977 17544694 19834480 14594162 14452558
r-940 30 0.434483 30 0.434483 2726305 5336317 2565964 2593002
r-745 41 0.378049 41 0.378049 -1 -1 -1 -1
r-809 35 0.393277 35 0.393277 240457682 375984340 230775168 233108014
r-331 43 0.511628 43 0.511628 2547864117 1658753704 2225155712 2172874834
r-536 30 0.404598 30 0.404598 8851940 2509200 1970782 1840873
r-822 44 0.332981 44 0.332981 -1 -1 -1 -1
r-987 39 0.415655 39 0.415655 2608456181 1947037655 2166044646 2122994791
r-71 43 0.449612 43 0.449612 -1 -1 -1 -1
r-166 32 0.225806 32 0.225806 14003217 10832252 10697931 10512930
r-491 36 0.488889 36 0.488889 68994778 45913703 50933170 49778711
r-390 23 0.403162 23 0.403162 273410 50426 92566 84771
r-163 23 0.498024 23 0.498024 484169 157503 317724 311185
r-176 33 0.477273 33 0.477273 105830055 75936920 85801094 83063213
r-386 34 0.258467 34 0.258467 151299754 -1 151018912 151018359
r-834 39 0.145749 39 0.145749 693145632 1995893455 645740520 657589399
r-729 15 0.419048 15 0.419048 5642 8755 4167 3939
r-515 27 0.358974 27 0.358974 193632 33172766 150034 149401
r-507 28 0.253968 28 0.253968 1490613 1264447 1046721 1020414
r-447 42 0.511034 42 0.511034 1283722341 1567286969 1250079430 1268866271
r-211 34 0.508021 34 0.508021 57843541 87673035 58415362 60287306
r-359 39 0.496626 39 0.496626 1084684016 711946954 876783068 858293310
r-90 37 0.153153 37 0.153153 130846323 662412596 123773245 128212988
r-470 39 0.48583 39 0.48583 244747248 158564093 165085360 160436170
r-633 34 0.40107 34 0.40107 5043509 18277063 4638719 4684262
r-125 39 0.512821 39 0.512821 501345729 638344718 479278324 484065898
r-587 33 0.511364 33 0.511364 27788226 36531445 25374603 25674215
r-731 19 0.19883 19 0.19883 250944374 -1 250943981 250943981
r-249 33 0.409091 33 0.409091 106025464 81763299 87105649 84898816
r-20 26 0.470769 26 0.470769 683639 1748662 558788 558718
r-474 32 0.387097 32 0.387097 44763694 16003838 6869597 6297604
r-523 44 0.511628 44 0.511628 -1 -1 -1 -1
r-405 42 0.315912 42 0.315912 -1 -1 -1 5626303603
r-617 16 0.4 16 0.4 7008 5626 6123 5842
r-84 32 0.225806 32 0.225806 -1 -1 -1 -1
r-179 24 0.463768 24 0.463768 1934636 1463301 1609637 1562682
r-310 17 0.382353 17 0.382353 23786 32566 19820 19201
r-813 45 0.353535 45 0.353535 168924032 -1 191788815 198825140
r-153 29 0.246305 29 0.246305 17280666 -1 17253510 17253507
r-306 38 0.490754 38 0.490754 777627406 594856846 643841084 625275619
r-11 21 0.466667 21 0.466667 68835 67719 46342 45650
r-456 21 0.514286 21 0.514286 140834 154699 125978 129513
r-424 44 0.241015 44 0.241015 -1 -1 -1 -1
r-930 26 0.52 26 0.52 1486098 2131105 1307720 1372386
r-454 26 0.270769 26 0.270769 1036549 1550629 898962 904860
r-891 32 0.443548 32 0.443548 4692393 7192044 4053143 4085658
r-771 36 0.246032 36 0.246032 281118713 646739405 265181263 274494161
r-158 44 0.511628 44 0.511628 -1 -1 -1 -1
r-104 36 0.474603 36 0.474603 91252464 58867001 63961805 62460189
r-248 33 0.344697 33 0.344697 1310180342 233348629 94490506 75946259
r-501 30 0.48046 30 0.48046 15503202 14089986 13156214 12800498
r-49 29 0.44335 29 0.44335 6804255 3217714 3689114 3449425
r-773 44 0.426004 44 0.426004 349633591 764680478 389512465 400312760
r-551 29 0.487685 29 0.487685 5733720 2624537 3945071 3833351
r-707 44 0.494715 44 0.494715 1529466202 856740894 1083666863 1059318656
r-223 30 0.128736 30 0.128736 6687624 2466961 4662193 4070743
r-846 25 0.08 25 0.08 -1 -1 -1 -1
r-350 37 0.405405 37 0.405405 955898187 713629104 809222906 786119684
r-588 29 0.192118 29 0.192118 -1 -1 -1 -1
r-752 32 0.417339 32 0.417339 64400506 86367055 55898885 56014454
r-124 43 0.245847 43 0.245847 -1 -1 -1 -1
r-220 15 0.47619 15 0.47619 4612 3085 3038 2679
r-234 24 0.228261 24 0.228261 5177253 -1 5173362 5173362
r-323 17 0.441176 17 0.441176 27661 4092 9677 8750
r-632 36 0.157143 36 0.157143 177964027 82853712 123526853 116206801
r-33 17 0.117647 17 0.117647 -1 -1 5156341342 2064423529
r-297 30 0.404598 30 0.404598 1642771 3989740 1274131 1274753
r-815 40 0.512821 40 0.512821 1054080449 781101622 933992419 916932761
r-12 39 0.364372 39 0.364372 3882260158 1139824358 234139086 199925040
r-374 33 0.219697 33 0.219697 30325475 82716830 27943731 28081324
r-260 41 0.443902 41 0.443902 351481018 179569931 214028681 204849535
r-786 26 0.470769 26 0.470769 2388874 1239887 1634419 1576930
r-591 31 0.451613 31 0.451613 4648619 7209497 3942442 3974398
r-226 24 0.431159 24 0.431159 246313 456095 190282 188946
r-161 17 0.117647 17 0.117647 13597 -1 13501 13501
r-409 32 0.0625 32 0.0625 -1 -1 -1 -1
r-66 30 0.404598 30 0.404598 11623787 20918106 10443981 10485438
r-657 27 0.48433 27 0.48433 611326 955724 522263 531415
r-539 15 0.47619 15 0.47619 11425 7770 10005 9650
r-681 17 0.529412 17 0.529412 13257 9473 10876 10213
r-664 19 0.51462 19 0.51462 127844 122284 112922 110703
r-133 26 0.470769 26 0.470769 3679191 5049261 3260023 3262160
r-9 24 0.518116 24 0.518116 883438 1174117 789978 785046
r-592 45 0.509091 45 0.509091 -1 -1 -1 -1
r-95 44 0.169133 44 0.169133 -1 -1 -1 -1
r-699 20 0.394737 20 0.394737 157256 295927 144180 151228
r-358 16 0.458333 16 0.458333 4344 4577 3739 3616
r-238 18 0.366013 18 0.366013 2676 62952 2099 2096
r-106 31 0.0645161 31 0.0645161 -1 -1 -1 -1
r-388 35 0.514286 35 0.514286 184343853 138775564 163889956 160905046
r-239 44 0.169133 44 0.169133 -1 -1 -1 -1
r-744 19 0.350877 19 0.350877 112733 65361 87078 83202
r-240 42 0.315912 42 0.315912 -1 -1 -1 -1
r-366 33 0.409091 33 0.409091 116150782 117387811 99531023 97238805
r-584 30 0.287356 30 0.287356 9645715 17895933 8964365 9044535
r-527 36 0.385714 36 0.385714 512162397 701898997 471009435 472507381
r-235 23 0.474308 23 0.474308 121633 165868 80326 79441
r-428 17 0.220588 17 0.220588 150889 689547845 150616 150616
r-871 35 0.161345 35 0.161345 -1 -1 -1 -1
r-558 22 0.311688 22 0.311688 237804 376603 217685 217199
r-445 27 0.39886 27 0.39886 4673307 6982133 4116283 4136941
r-854 23 0.355731 23 0.355731 185285 334053 146295 148508
r-802 33 0.117424 33 0.117424 -1 -1 -1 -1
r-361 41 0.512195 41 0.512195 1021138007 1333445316 987320098 1002239235
r-477 19 0.491228 19 0.491228 60321 64448 50860 50472
r-122 32 0.465726 32 0.465726 9851895 5059210 6928197 6728408
r-481 19 0.409357 19 0.409357 49627 47293 39015 38766
r-782 25 0.333333 25 0.333333 70100 46564436 59584 59901
r-722 43 0.33887 43 0.33887 -1 -1 -1 -1
r-303 23 0.513834 23 0.513834 1435411 723394 1193097 1157618
r-367 18 0.20915 18 0.20915 5919 3039 4740 4206
r-670 44 0.443975 44 0.443975 477435762 898454893 520772618 532023252
r-372 42 0.507549 42 0.507549 -1 -1 -1 -1
r-909 29 0.46798 29 0.46798 18019722 19771688 14739043 14592845
r-878 18 0.522876 18 0.522876 20569 27179 21668 23357
r-258 20 0.336842 20 0.336842 94376 41877 65672 63278
r-840 31 0.451613 31 0.451613 4467544 8020472 3781981 3810696
r-944 41 0.460976 41 0.460976 -1 -1 -1 -1
r-119 44 0.511628 44 0.511628 -1 -1 -1 -1
r-880 20 0.521053 20 0.521053 121231 86564 107276 103055
r-626 27 0.358974 27 0.358974 5693148 4430375 4653619 4483510
r-787 36 0.457143 36 0.457143 42393208 25974281 28086956 27299150
r-47 26 0.492308 26 0.492308 2094459 2271931 1698916 1678812
r-898 28 0.494709 28 0.494709 8803267 10448859 7465372 7462840
r-86 40 0.184615 40 0.184615 2326857635 -1 2165334390 2221362734
r-716 44 0.443975 44 0.443975 466932498 1055031151 502679249 514133215
r-418 44 0.494715 44 0.494715 957883245 1625588557 815331829 830112111
r-422 20 0.478947 20 0.478947 191168 134211 165253 161813
r-737 17 0.485294 17 0.485294 12765 11001 10007 9993
r-826 33 0.503788 33 0.503788 78086202 56715038 67745653 66382916
r-184 40 0.492308 40 0.492308 2026999873 1606919919 1726799354 1687417716
r-645 36 0.322222 36 0.322222 4898746 -1 4801245 4825096
r-582 31 0.124731 31 0.124731 -1 -1 -1 -1
r-547 26 0.52 26 0.52 1670999 2405256 1588658 1653562
r-907 39 0.472335 39 0.472335 1266769262 1453313551 1123967854 1126925118
r-899 26 0.369231 26 0.369231 2826386 3318715 2562368 2578120
r-452 18 0.424837 18 0.424837 53000 68146 45053 43980
r-602 32 0.516129 32 0.516129 37015022 45113799 35142889 35166574
r-872 37 0.348348 37 0.348348 1405864428 1012296633 1144477856 1114291576
r-305 40 0.224359 40 0.224359 -1 2235141354 3419691506 3265198794
r-183 24 0.431159 24 0.431159 786216 224904 335438 315795
r-383 22 0.519481 22 0.519481 370414 320654 333993 324756
r-230 26 0.492308 26 0.492308 3526566 2607611 2790220 2713971
r-433 35 0.208403 35 0.208403 -1 -1 -1 -1
r-625 20 0.478947 20 0.478947 141061 86054 116562 112272
r-381 37 0.315315 37 0.315315 592776951 1192537976 564772944 574288388
r-436 39 0.504723 39 0.504723 938692134 1203622304 857548047 858353660
r-387 22 0.415584 22 0.415584 98709 198788 80036 80286
r-427 21 0.466667 21 0.466667 412791 327866 361244 352772
r-337 35 0.480672 35 0.480672 36328536 67489496 32442447 33338871
r-648 43 0.465116 43 0.465116 851709225 550715985 561502588 538675234
r-567 27 0.14245 27 0.14245 3008609344 -1 3008607589 3008607589
r-175 18 0.503268 18 0.503268 58326 35316 50653 47876
r-213 33 0.378788 33 0.378788 115327593 197113103 109080645 109725821
r-524 32 0.465726 32 0.465726 57734288 78682766 53010835 53103247
r-522 25 0.453333 25 0.453333 412266 556723 317767 319037
r-849 28 0.349206 28 0.349206 19840963 5872350 2683919 2179185
r-972 20 0.526316 20 0.526316 140101 200191 134072 141450
r-482 21 0.514286 21 0.514286 215490 142489 177190 173566
r-193 22 0.506494 22 0.506494 163305 202763 158366 160406
r-555 41 0.219512 41 0.219512 -1 -1 -1 -1
r-50 34 0.508021 34 0.508021 37634266 57634597 35611972 36262391
r-266 40 0.296154 40 0.296154 -1 -1 -1 -1
r-506 22 0.415584 22 0.415584 91948 110575 61748 60828
r-487 30 0.23908 30 0.23908 -1 -1 -1 -1
r-328 24 0.518116 24 0.518116 952252 675557 818158 794453
r-10 30 0.186207 30 0.186207 3173499 7569191 2957923 3001005
r-994 21 0.466667 21 0.466667 293308 364965 228600 224031
r-676 26 0.409231 26 0.409231 3026392 882325 992808 932688
r-498 45 0.29899 45 0.29899 362632810 -1 356795922 357177405
r-516 28 0.253968 28 0.253968 6660860 6004534 5595214 5466052
r-301 21 0.514286 21 0.514286 182971 231609 157870 158892
r-45 44 0.241015 44 0.241015 -1 -1 -1 -1
r-443 18 0.424837 18 0.424837 7564 13374 5360 5375
r-287 22 0.246753 22 0.246753 23184448 4263624503 23182151 23182151
r-595 42 0.250871 42 0.250871 -1 -1 -1 -1
r-621 26 0.470769 26 0.470769 4736031 5671073 3916941 3869906
r-528 35 0.443697 35 0.443697 230435292 338211432 206912136 208262504
r-472 29 0.44335 29 0.44335 24662620 32585468 22168858 22202977
r-580 18 0.522876 18 0.522876 55091 70499 50875 53615
r-113 16 0.325 16 0.325 7836 291993 7450 7450
r-546 18 0.529412 18 0.529412 69642 56524 58301 56692
r-928 41 0.378049 41 0.378049 1871620481 -1 1790957480 1813484804
r-641 27 0.501425 27 0.501425 3979082 2935953 3286368 3161371
r-519 15 0.514286 15 0.514286 6189 11039 5876 6162
r-651 30 0.48046 30 0.48046 1651080 3689257 1550175 1588671
r-112 45 0.505051 45 0.505051 -1 -1 -1 -1
r-25 39 0.415655 39 0.415655 466682211 157648997 143786488 134801636
r-916 41 0.402439 41 0.402439 63990997 189364201 63602402 65236175
r-362 45 0.511111 45 0.511111 -1 -1 -1 -1
r-927 36 0.436508 36 0.436508 14597705 32513811 13531912 13705015
r-653 44 0.510571 44 0.510571 -1 -1 -1 -1
r-687 34 0.499109 34 0.499109 122823010 149139937 104606264 103913267
r-77 17 0.382353 17 0.382353 21272 13905 17807 17025
r-8 42 0.135889 42 0.135889 -1 1971231790 -1 -1
r-843 26 0.323077 26 0.323077 2511576 1888965 2047472 1953595
r-747 28 0.137566 28 0.137566 -1 -1 -1 -1
r-56 16 0.4 16 0.4 9744 8929 7728 7615
r-992 33 0.378788 33 0.378788 2151719 185098516 2175044 2241328
r-677 19 0.280702 19 0.280702 747813 52445315 747239 747239
r-832 33 0.515152 33 0.515152 80605846 110679529 80953061 83751682
r-206 42 0.512195 42 0.512195 2615210590 1796867853 2317308178 2282031891
r-685 28 0.515873 28 0.515873 5310509 7441008 5176741 5340405
r-120 37 0.279279 37 0.279279 -1 -1 -1 -1
r-545 43 0.504983 43 0.504983 -1 -1 -1 -1
r-986 34 0.336898 34 0.336898 4876729 -1 4410590 4458326
r-371 23 0.498024 23 0.498024 571087 418307 393867 379493
r-924 42 0.315912 42 0.315912 -1 -1 -1 -1
r-425 33 0.503788 33 0.503788 65783722 75342299 59337883 59282972
r-225 20 0.189474 20 0.189474 34608709 -1 34608231 34608231
r-961 34 0.165775 34 0.165775 111884028 104228726 83016380 77806593
r-888 25 0.38 25 0.38 28323669 7361907 2905033 2319229
r-696 38 0.341394 38 0.341394 4965140 -1 4567737 4614317
r-212 25 0.153333 25 0.153333 -1 -1 -1 -1
r-103 23 0.237154 23 0.237154 227120 492125 211388 213558
r-751 15 0.514286 15 0.514286 7206 5208 6582 6372
r-44 45 0.0868687 45 0.0868687 -1 -1 -1 -1
r-568 38 0.477952 38 0.477952 1373680683 1708106282 1235538414 1240267859
r-58 43 0.310078 43 0.310078 -1 -1 -1 -1
r-911 33 0.378788 33 0.378788 89415988 68677793 72243495 70243364
r-3 40 0.142308 40 0.142308 -1 -1 -1 -1
r-207 28 0.494709 28 0.494709 11301826 9296964 9788698 9540166
r-562 24 0.0833333 24 0.0833333 -1 -1 -1 -1
r-848 43 0.172757 43 0.172757 -1 -1 -1 -1
r-796 21 0.514286 21 0.514286 115383 51997 87727 84701
r-596 18 0.503268 18 0.503268 22933 23585 20587 20595
r-479 36 0.107937 36 0.107937 -1 -1 -1 -1
r-7 16 0.5 16 0.5 6250 9128 5255 5198
r-414 20 0.336842 20 0.336842 113047 186336 106379 107693
r-526 45 0.4 45 0.4 3154575050 1262097682 396090112 359194076
r-533 44 0.332981 44 0.332981 -1 -1 -1 -1
r-135 32 0.508065 32 0.508065 62322646 53776773 54970774 53805840
r-642 28 0.452381 28 0.452381 4982572 4799482 3982392 3918910
r-336 42 0.344948 42 0.344948 36907293 -1 35318731 35917948
r-1000 44 0.30444 44 0.30444 -1 -1 -1 -1
r-277 34 0.499109 34 0.499109 34896940 56603463 29075514 29221693
r-304 33 0.477273 33 0.477273 7204409 17393983 6858516 6994065
r-714 19 0.350877 19 0.350877 142236 100976 125714 123130
r-550 27 0.512821 27 0.512821 3003231 3984068 3074255 3191309
r-105 16 0.525 16 0.525 6269 4809 5643 5726
r-408 31 0.503226 31 0.503226 19530537 15120017 16998984 16559708
r-325 29 0.37931 29 0.37931 10286682 14767756 9847894 10008516
r-343 45 0.511111 45 0.511111 -1 -1 -1 -1
r-720 32 0.465726 32 0.465726 6752252 3459919 4558885 4391577
r-236 40 0.501282 40 0.501282 1555910004 1239212840 1383426783 1364537340
r-345 21 0.32381 21 0.32381 14893493 11263396 1986688 1623316
r-37 19 0.526316 19 0.526316 19144 21937 17701 17563
r-196 25 0.333333 25 0.333333 2070281 3826991 1939444 1963849
r-167 32 0.497984 32 0.497984 18150126 14006398 14072132 13600985
r-467 27 0.501425 27 0.501425 2329945 3375405 1851102 1785913
r-412 23 0.442688 23 0.442688 634500 773437 545925 544191
r-697 44 0.459831 44 0.459831 -1 -1 -1 -1
r-779 29 0.512315 29 0.512315 8143502 6009949 7237086 7092336
r-34 34 0.513369 34 0.513369 48111462 59156210 45509030 47428400
r-824 38 0.422475 38 0.422475 1321903502 1042062856 1120376298 1096839044
r-839 44 0.502114 44 0.502114 2292301735 1810598697 1906891597 1852940266
r-903 45 0.353535 45 0.353535 -1 -1 1531035877 1336013588
r-199 31 0.232258 31 0.232258 -1 -1 -1 -1
r-963 30 0.287356 30 0.287356 7963471 17097105 7029785 7079368
r-282 34 0.486631 34 0.486631 33152113 24257081 24219574 23654825
r-373 40 0.328205 40 0.328205 -1 -1 4702899030 3591021606
r-215 36 0.157143 36 0.157143 -1 -1 -1 -1
r-231 35 0.363025 35 0.363025 4753213 179836021 4113238 4109522
r-309 28 0.452381 28 0.452381 4592726 1886811 2826661 2703447
r-837 30 0.186207 30 0.186207 -1 -1 -1 -1
r-627 38 0.490754 38 0.490754 722661762 828331278 626200335 623634417
r-795 41 0.256098 41 0.256098 1525405782 -1 1408939174 1447829289
r-610 16 0.4 16 0.4 8377 9544 6634 6747
r-421 45 0.127273 45 0.127273 -1 2038417549 2975389466 2665577372
r-730 27 0.433048 27 0.433048 1412261 696004 676245 642008
r-87 41 0.47561 41 0.47561 -1 -1 -1 -1
r-278 24 0.344203 24 0.344203 978564 1599651 928554 935735
r-607 31 0.425806 31 0.425806 13515584 3814700 4528905 4249697
r-253 20 0.394737 20 0.394737 80319 21218 32781 31663
r-971 18 0.522876 18 0.522876 38560 24369 32210 31805
r-646 40 0.357692 40 0.357692 40875433 2590102485 41457024 42467782
r-908 26 0.147692 26 0.147692 74404 196853 62965 62098
r-983 36 0.457143 36 0.457143 247883425 322381575 208813838 207849071
r-789 38 0.193457 38 0.193457 -1 -1 -1 -1
r-679 32 0.417339 32 0.417339 5785431 12305141 5409015 5500285
r-200 26 0.516923 26 0.516923 1701562 882675 1474856 1444861
r-833 22 0.246753 22 0.246753 264526 156907 248505 236580
r-127 40 0.466667 40 0.466667 -1 -1 2452048073 2395738708
r-721 18 0.424837 18 0.424837 16443 14241 14225 13872
r-152 27 0.31339 27 0.31339 1339979 2236000 1177568 1215003
r-913 15 0.533333 15 0.533333 5082 4815 4462 4419
r-504 27 0.512821 27 0.512821 12255104 7882698 10744684 10564285
r-919 18 0.470588 18 0.470588 44704 14552 30483 29156
r-818 41 0.290244 41 0.290244 -1 -1 -1 -1
r-365 44 0.426004 44 0.426004 163247636 324843848 188160401 192950116
r-991 21 0.32381 21 0.32381 252306 81234 188954 176104
r-26 15 0.533333 15 0.533333 2197 1836 1978 1937
r-19 22 0.311688 22 0.311688 12864019 6605708 2493467 2230780
r-892 33 0.435606 33 0.435606 29007328 10650784 16445776 15195531
r-666 26 0.470769 26 0.470769 780032 1244235 618887 613222
r-726 32 0.497984 32 0.497984 54806412 54643481 45221053 43670042
r-394 27 0.518519 27 0.518519 4273157 6012373 4099278 4224055
r-1 36 0.285714 36 0.285714 -1 -1 -1 -1
r-613 24 0.463768 24 0.463768 176194 275740 137332 137089
r-471 41 0.095122 41 0.095122 -1 -1 -1 -1
r-401 19 0.19883 19 0.19883 6099 2741 4490 4276
r-64 43 0.389812 43 0.389812 95005903 949916691 104711623 108205431
r-118 28 0.198413 28 0.198413 986199 2216903 912635 930875
r-882 15 0.514286 15 0.514286 3224 2060 2806 2504
r-155 39 0.099865 39 0.099865 54790017 218981623 52442384 56417092
r-541 18 0.424837 18 0.424837 4424 2584 3553 3422
r-803 40 0.45 40 0.45 147877660 267960947 140103970 142082433
r-816 24 0.431159 24 0.431159 679374 265704 281413 264438
r-329 17 0.117647 17 0.117647 774001919 -1 774001871 774001871
r-139 34 0.499109 34 0.499109 132088293 151424536 113483350 112781550
r-967 21 0.466667 21 0.466667 46457 21257 33207 31207
r-788 40 0.45 40 0.45 373475214 200022215 248380514 239787992
r-706 31 0.0645161 31 0.0645161 -1 -1 -1 -1
r-942 16 0.458333 16 0.458333 8783 2160 6090 5178
r-711 34 0.515152 34 0.515152 81258825 59892081 71697093 70540922
r-734 29 0.133005 29 0.133005 -1 -1 -1 -1
r-945 26 0.270769 26 0.270769 2974255 2643227 2474581 2403776
r-446 33 0.344697 33 0.344697 397898782 101255797 25584742 20771443
r-876 34 0.0588235 34 0.0588235 -1 -1 -1 -1
r-398 32 0.387097 32 0.387097 63150433 61270967 52602643 51287998
r-750 30 0.128736 30 0.128736 305690 643810 280499 282017
r-39 30 0.508046 30 0.508046 13250184 13929541 11310793 11286790
r-561 25 0.22 25 0.22 262109 424247 231118 230600
r-97 25 0.453333 25 0.453333 3243037 3760103 2830070 2799800
r-330 17 0.308824 17 0.308824 9275 6424 7769 7545
r-663 30 0.23908 30 0.23908 -1 -1 -1 -1
r-868 39 0.472335 39 0.472335 168998049 96435103 114345493 111041753
r-349 38 0.500711 38 0.500711 1552263202 1775883579 1391993096 1380761536
r-246 39 0.415655 39 0.415655 337551667 127943368 113145705 107425439
r-650 30 0.287356 30 0.287356 15739659 9495874 12794108 12107451
r-999 29 0.37931 29 0.37931 10655036 14093856 9466749 9520076
r-852 22 0.484848 22 0.484848 299832 317502 238442 230863
r-756 17 0.220588 17 0.220588 244352995 255709062 26324516 20886614
r-540 35 0.504202 35 0.504202 170080544 210892220 154023942 154182709
r-79 29 0.339901 29 0.339901 20085149 18602708 17305358 16988608
r-926 30 0.404598 30 0.404598 10408246 3165038 2981550 2792314
r-554 34 0.470588 34 0.470588 196043552 159786519 168986825 164878011
r-754 35 0.110924 35 0.110924 -1 -1 -1 -1
r-713 26 0.212308 26 0.212308 15338536 -1 15331609 15331609
r-859 23 0.498024 23 0.498024 391740 396087 310975 307742
r-298 24 0.0833333 24 0.0833333 35547094 -1 35546887 35546887
r-975 31 0.503226 31 0.503226 17981046 13504585 15197352 14882971
r-178 29 0.502463 29 0.502463 15679458 11193548 14169168 13945732
r-485 23 0.403162 23 0.403162 83085 310177 55609 56248
r-138 18 0.503268 18 0.503268 55661 76513 47987 47604
r-807 26 0.516923 26 0.516923 3466400 3820193 3092402 3118827
r-576 29 0.295567 29 0.295567 -1 6401230694 738070562 571773036
r-273 23 0.300395 23 0.300395 621590 844790 567377 563250
r-496 22 0.519481 22 0.519481 167829 234111 147948 151853
r-531 15 0.247619 15 0.247619 1452 1344 1288 1276
r-15 45 0.480808 45 0.480808 2704088543 1516466359 1894682759 1835745075
r-204 37 0.348348 37 0.348348 7737438 1384809882 7156757 7269915
r-22 43 0.431894 43 0.431894 243218136 490975138 267712699 274235340
r-111 16 0.233333 16 0.233333 909 376 720 589
r-335 21 0.466667 21 0.466667 53323 62092 37012 36358
r-581 30 0.517241 30 0.517241 17277283 19750687 15500135 15525263
r-594 34 0.515152 34 0.515152 104007773 129799029 99074794 102428373
r-280 26 0.369231 26 0.369231 4072445 343896 531548 449416
r-875 26 0.0769231 26 0.0769231 -1 -1 -1 -1
r-59 31 0.395699 31 0.395699 30379795 11308573 4858580 4461025
r-894 27 0.501425 27 0.501425 2535998 3754481 2547107 2637986
r-177 18 0.470588 18 0.470588 32897 15157 22040 21585
r-255 43 0.27907 43 0.27907 -1 -1 -1 -1
r-480 34 0.40107 34 0.40107 368442876 138123969 297046985 289197650
r-74 31 0.232258 31 0.232258 50726809 36046674 37287189 35722102
r-214 29 0.295567 29 0.295567 22088560 17898791 17980605 17555142
r-537 25 0.48 25 0.48 808294 367520 592585 575635
r-559 19 0.526316 19 0.526316 36743 26112 32037 30525
r-356 45 0.20202 45 0.20202 -1 -1 -1 -1
r-984 30 0.48046 30 0.48046 32630116 35232318 27024431 26711391
r-970 15 0.342857 15 0.342857 1323 2859 1113 1044
r-689 43 0.504983 43 0.504983 2105802413 1539264261 1789558527 1750523812
r-219 23 0.355731 23 0.355731 700998 389450 592605 581373
r-439 32 0.352823 32 0.352823 65263899 92934711 61944224 62466493
r-637 38 0.507824 38 0.507824 528236916 257951056 468010848 461521108
r-23 45 0.236364 45 0.236364 -1 -1 -1 -1
r-847 19 0.280702 19 0.280702 3124220444 2414537364 307876386 222651853
r-980 29 0.517241 29 0.517241 6387328 5862357 5630666 5521182
r-441 41 0.35122 41 0.35122 -1 5912130105 1133799588 893319870
r-293 43 0.478405 43 0.478405 -1 -1 -1 -1
r-192 22 0.454545 22 0.454545 144735 84736 92728 88302
r-21 32 0.272177 32 0.272177 155830959 119748148 130901482 127085565
r-292 43 0.511628 43 0.511628 2170583165 -1 -1 -1
r-483 29 0.295567 29 0.295567 21920318 16415272 17337011 16698117
r-638 29 0.46798 29 0.46798 23554744 18348484 20004433 19448847
r-81 28 0.349206 28 0.349206 6140312 11637322 5864430 5983256
r-570 37 0.198198 37 0.198198 -1 -1 -1 -1
r-352 19 0.105263 19 0.105263 -1 -1 -1 -1
r-652 38 0.462304 38 0.462304 944156581 759601567 797938168 781152968
r-218 44 0.206131 44 0.206131 -1 -1 -1 -1
r-791 42 0.455285 42 0.455285 -1 -1 -1 -1
r-348 36 0.512698 36 0.512698 406056752 340925915 359288252 353926253
r-294 32 0.314516 32 0.314516 19806881 48636357 19784885 20217440
r-649 35 0.494118 35 0.494118 45193743 90443208 40727626 41421367
r-147 33 0.117424 33 0.117424 3549322 2565219 2814350 2606653
r-965 18 0.20915 18 0.20915 659746914 441987113 41066215 20040164
r-478 39 0.437247 39 0.437247 153099080 54786773 86800368 84144895
r-431 35 0.504202 35 0.504202 112077578 147983793 99514448 99031320
r-636 27 0.358974 27 0.358974 31187381 8934228 3318995 2839098
r-457 20 0.505263 20 0.505263 228667 178101 205979 203383
r-245 35 0.420168 35 0.420168 57115232 20766636 21535917 20432315
r-291 30 0.48046 30 0.48046 10742022 5808600 7838951 7542933
r-165 19 0.491228 19 0.491228 39224 79778 33992 33608
r-307 31 0.180645 31 0.180645 -1 -1 -1 -1
r-497 26 0.270769 26 0.270769 -1 -1 1175046216 800973577
r-529 15 0.533333 15 0.533333 6646 4667 5669 5600
r-160 16 0.233333 16 0.233333 10578 5144 8678 6893
r-131 30 0.287356 30 0.287356 -1 -1 10511526803 6010525670
r-109 36 0.457143 36 0.457143 34520104 36391999 33117140 33435795
r-705 18 0.503268 18 0.503268 69714 47947 58128 56507
r-556 20 0.336842 20 0.336842 14528 6813604 12636 12636
r-736 22 0.519481 22 0.519481 278492 367193 250181 249776
r-936 31 0.511828 31 0.511828 13786825 21660912 13901430 14354352
r-957 27 0.14245 27 0.14245 419440 1072839 413370 453794
r-628 33 0.435606 33 0.435606 148949556 135144471 129671091 126655528
r-798 19 0.45614 19 0.45614 56270 50250 47840 46077
r-760 17 0.220588 17 0.220588 6221 3597 5551 5463
r-326 32 0.225806 32 0.225806 -1 -1 -1 -1
r-574 41 0.256098 41 0.256098 -1 -1 -1 -1
r-866 45 0.127273 45 0.127273 -1 -1 -1 -1
r-784 25 0.453333 25 0.453333 3772405 2750166 3157315 3084289
r-404 27 0.518519 27 0.518519 7930146 5710197 6984528 6845164
r-553 25 0.453333 25 0.453333 4295425 3145975 3715744 3604791
r-543 32 0.272177 32 0.272177 60757800 42543003 45933056 44713282
r-486 31 0.36129 31 0.36129 960355 33111248 806225 814698
r-281 24 0.507246 24 0.507246 1287067 976177 1107503 1088336
r-134 15 0.533333 15 0.533333 7485 5698 6561 6364
r-946 29 0.487685 29 0.487685 6085651 8975548 5334185 5389235
r-382 45 0.490909 45 0.490909 1825541421 1313647535 1341310052 1307455080
r-800 29 0.339901 29 0.339901 972543 202535535 832079 837200
r-828 33 0.344697 33 0.344697 2893635 1121123279 2465342 2476557
r-858 17 0.485294 17 0.485294 9570 11935 6766 6646
r-80 17 0.514706 17 0.514706 23122 31102 23847 25160
r-468 39 0.145749 39 0.145749 5061823414 2218060543 3245791042 2836186369
r-874 28 0.507937 28 0.507937 12334062 16328905 11276066 11343084
r-535 23 0.474308 23 0.474308 747043 860077 594454 586660
r-979 21 0.495238 21 0.495238 211199 117038 145956 138814
r-417 26 0.409231 26 0.409231 1731022 2370176 1454356 1438283
r-804 18 0.470588 18 0.470588 44704 37538 32274 32133
r-159 19 0.51462 19 0.51462 19463 32938 17815 19435
r-191 24 0.507246 24 0.507246 1559909 1117921 1393354 1378740
r-2 39 0.415655 39 0.415655 170868185 52946485 57076786 54479928
r-168 35 0.363025 35 0.363025 533014337 641513552 504881077 508053881
r-853 23 0.237154 23 0.237154 201989 310088 186418 192303
r-514 36 0.355556 36 0.355556 459150305 303224030 364695925 350898807
r-190 29 0.295567 29 0.295567 7540528 -1 7490561 7490409
r-509 18 0.503268 18 0.503268 34052 38403 29164 28944
r-338 41 0.35122 41 0.35122 -1 -1 -1 -1
r-360 43 0.498339 43 0.498339 637427220 1235675478 580067434 595408897
r-981 22 0.506494 22 0.506494 258929 528889 263126 283279
r-110 42 0.214866 42 0.214866 2824130660 1545716226 1870992270 1770370920
r-761 20 0.521053 20 0.521053 145001 179801 134089 132349
r-564 43 0.389812 43 0.389812 -1 -1 -1 -1
r-100 16 0.525 16 0.525 5956 8195 5467 5470
r-974 21 0.32381 21 0.32381 268689 205326 212601 202842
r-673 15 0.533333 15 0.533333 5725 6394 5329 5308
r-708 25 0.08 25 0.08 -1 -1 -1 -1
r-70 29 0.37931 29 0.37931 21517355 16885001 18022362 17624565
r-286 20 0.394737 20 0.394737 62979 40562 49655 47671
r-925 38 0.308677 38 0.308677 1670551725 1153347078 1307975480 1270339179
r-819 22 0.367965 22 0.367965 1321311 511741 258311 227432
r-164 29 0.37931 29 0.37931 552562 19964632 453965 460481
r-668 17 0.441176 17 0.441176 10517 17787 8434 8555
r-149 29 0.37931 29 0.37931 851260 76673397 722334 726579
r-860 39 0.364372 39 0.364372 26005898 1716788120 29012324 30109515
r-889 18 0.522876 18 0.522876 27326 18863 24405 23625
r-508 33 0.492424 33 0.492424 37747098 26297589 25733380 24812590
r-76 44 0.502114 44 0.502114 -1 -1 -1 -1
r-41 45 0.490909 45 0.490909 2705743143 1789381113 1871929713 1837000484
r-181 31 0.425806 31 0.425806 4892462 12010352 4840811 4986250
r-672 25 0.42 25 0.42 2019872 1412630 1604897 1542953
r-964 45 0.509091 45 0.509091 -1 -1 -1 -1
r-560 38 0.422475 38 0.422475 50975034 113980784 51966687 53294460
r-378 44 0.502114 44 0.502114 1696601849 2582187263 1719306625 1741259621
r-185 19 0.45614 19 0.45614 42495 51415 34719 34493
r-703 21 0.495238 21 0.495238 126060 86658 108528 105847
r-825 31 0.124731 31 0.124731 3158286 2437187 2661445 2456846
r-780 18 0.111111 18 0.111111 -1 -1 -1 -1
r-700 40 0.511538 40 0.511538 496404814 739123104 502738473 511422378
r-904 39 0.504723 39 0.504723 697511549 565848202 586928397 571354194
r-513 31 0.516129 31 0.516129 13347717 23284172 11802259 11803765
r-941 35 0.494118 35 0.494118 258675534 309122383 225399263 224141055
r-142 35 0.393277 35 0.393277 277010163 213711439 223802244 215991324
r-432 19 0.526316 19 0.526316 75489 52788 67668 62912
r-865 38 0.490754 38 0.490754 65433350 170640389 54443566 54736754
r-728 23 0.237154 23 0.237154 311816 706765 293345 297606
r-575 20 0.505263 20 0.505263 104309 146412 93151 91754
r-493 18 0.424837 18 0.424837 9140 10185 5973 5933
r-407 25 0.52 25 0.52 2069380 1211833 1713965 1658331
r-464 15 0.533333 15 0.533333 3972 7356 3900 4076
r-931 38 0.14936 38 0.14936 -1 -1 -1 -1
r-977 26 0.443077 26 0.443077 447032 794518 350004 345644
r-435 45 0.511111 45 0.511111 -1 -1 -1 -1
r-884 25 0.22 25 0.22 295902 579065 276026 279431
r-810 21 0.495238 21 0.495238 137167 192986 108089 107086
r-469 39 0.48583 39 0.48583 1171820335 1430970907 1016080330 1012280916
r-318 34 0.213904 34 0.213904 172073796 65875442 130606722 126595014
r-375 33 0.0606061 33 0.0606061 -1 -1 -1 -1
r-61 42 0.501742 42 0.501742 -1 -1 -1 -1
r-32 25 0.38 25 0.38 1501673 2078086 1305392 1307244
r-144 31 0.395699 31 0.395699 8029922 1777948 1941461 1824242
r-189 38 0.0526316 38 0.0526316 -1 -1 -1 -1
r-272 32 0.225806 32 0.225806 17482320 43432019 15924705 16197271
r-455 18 0.503268 18 0.503268 38675 48525 36215 37692
r-951 34 0.499109 34 0.499109 85860296 107438044 69105713 68459970
r-960 24 0.15942 24 0.15942 152682 181195 135081 140370
r-935 17 0.308824 17 0.308824 465594 176382 115496 98543
r-186 19 0.105263 19 0.105263 -1 -1 -1 -1
r-346 37 0.378378 37 0.378378 305842075 571590850 291133105 295039533
r-316 43 0.498339 43 0.498339 -1 -1 -1 -1
r-520 36 0.512698 36 0.512698 223212598 152207938 191759868 187275201
r-953 43 0.48948 43 0.48948 1492840057 952411233 1089427353 1057980329
r-887 29 0.46798 29 0.46798 3910166 1759128 2748252 2712173
r-93 19 0.280702 19 0.280702 17821 27974 15102 15331
r-675 33 0.511364 33 0.511364 95241009 50618963 84061286 82792884
r-870 18 0.294118 18 0.294118 21573 33515 19270 18960
r-578 23 0.237154 23 0.237154 -1 -1 12622387098 8316284581
r-320 39 0.45614 39 0.45614 109858665 58496686 71689105 68762217
r-419 45 0.4 45 0.4 147611531 717167282 159245554 163621687
r-608 45 0.29899 45 0.29899 824346105 -1 830804941 831721886
r-465 34 0.0588235 34 0.0588235 -1 -1 -1 -1
r-406 27 0.358974 27 0.358974 539429 10110970 479323 479514
r-998 39 0.145749 39 0.145749 -1 -1 -1 -1
r-897 32 0.465726 32 0.465726 12555115 21262126 11848507 11955782
r-544 23 0.403162 23 0.403162 178261 1205922 152910 153606
r-188 28 0.349206 28 0.349206 10943919 14527812 9776551 9833322
r-315 35 0.363025 35 0.363025 195783629 141451296 156871587 151752333
r-669 15 0.514286 15 0.514286 2250 1718 2141 2156
r-969 31 0.27957 31 0.27957 -1 -1 8674954400 5669215231
r-180 36 0.157143 36 0.157143 540778080 344253307 414814523 394188448
r-62 32 0.483871 32 0.483871 25157975 15659416 17508599 17015477
r-829 25 0.52 25 0.52 1816913 1233911 1604400 1583415
r-702 20 0.521053 20 0.521053 128649 103524 115581 113388
r-603 39 0.267206 39 0.267206 2205842556 1679312784 1749330947 1700599089
r-571 37 0.153153 37 0.153153 -1 -1 -1 -1
r-982 29 0.133005 29 0.133005 2298362 518010 1571224 1474517
r-339 35 0.510924 35 0.510924 186806299 223622981 169850184 172502735
r-283 30 0.496552 30 0.496552 7387842 11744385 6448462 6548984
r-573 37 0.483483 37 0.483483 106343229 65500054 75502247 73309178
r-792 24 0.0833333 24 0.0833333 -1 -1 -1 -1
r-939 40 0.466667 40 0.466667 224102779 132814841 153319731 147234988
r-768 17 0.382353 17 0.382353 2300 10516 1843 1843
r-503 35 0.110924 35 0.110924 -1 -1 -1 -1
r-150 35 0.252101 35 0.252101 511608872 343082767 393139831 381846796
r-922 17 0.485294 17 0.485294 10297 16401 7826 7930
r-917 32 0.272177 32 0.272177 262416141 -1 262288762 262289009
r-43 28 0.507937 28 0.507937 7332911 5528396 6409950 6209908
r-344 36 0.474603 36 0.474603 80754639 43984959 58354395 56736957
r-400 19 0.350877 19 0.350877 103217 61574 93252 90435
r-885 28 0.452381 28 0.452381 11501065 8705371 9986975 9742653
r-88 23 0.513834 23 0.513834 520995 279952 476093 465977
r-411 21 0.257143 21 0.257143 153637 154150 128267 126232
r-769 30 0.370115 30 0.370115 39993417 27726204 32429611 31592588
r-988 22 0.519481 22 0.519481 557716 395274 478580 465318
r-732 18 0.424837 18 0.424837 28171 29689 21544 20889
r-222 35 0.510924 35 0.510924 143740823 188163890 128848703 131091385
r-896 39 0.504723 39 0.504723 804076434 697040484 720204717 709683492
r-511 16 0.458333 16 0.458333 8074 4810 5913 5525
r-776 38 0.102418 38 0.102418 122521775 13955978 70180622 65186058
r-611 22 0.246753 22 0.246753 15162557705 11392698187 3831384027 3494308062
r-72 32 0.508065 32 0.508065 40918052 29601777 35401101 34736396
r-31 17 0.485294 17 0.485294 9590 7386 6818 6841
r-85 24 0.228261 24 0.228261 -1 -1 7691546477 5045416226
r-312 29 0.512315 29 0.512315 14461172 10062289 12693336 12389894
r-489 31 0.0645161 31 0.0645161 -1 -1 -1 -1
r-369 39 0.267206 39 0.267206 -1 -1 -1 -1
r-385 19 0.491228 19 0.491228 27895 15346 19510 18609
r-921 18 0.522876 18 0.522876 49705 32281 43559 42543
r-686 42 0.507549 42 0.507549 -1 -1 -1 -1
r-342 34 0.427807 34 0.427807 4644654 11225650 4480224 4542284
r-380 29 0.133005 29 0.133005 -1 -1 -1 -1
r-466 20 0.505263 20 0.505263 22910 14826 19597 19378
r-757 15 0.419048 15 0.419048 2007 2241 1463 1451
r-990 41 0.139024 41 0.139024 -1 -1 -1 -1
r-765 44 0.273784 44 0.273784 290812685 -1 288994697 289002707
r-18 23 0.442688 23 0.442688 764617 597656 654232 640276
r-812 24 0.391304 24 0.391304 7530289 2645387 1024244 819854
r-101 31 0.395699 31 0.395699 18424523 4540312 4453199 4234052
r-881 32 0.175403 32 0.175403 4715929 5020153 3930270 3721429
r-500 43 0.310078 43 0.310078 401309859 -1 392973150 393604902
r-290 18 0.366013 18 0.366013 149687 56081 28528 22683
r-393 17 0.382353 17 0.382353 29208 18824 24147 22625
r-313 24 0.344203 24 0.344203 297164666 110062609 18698289 13340319
r-357 41 0.460976 41 0.460976 -1 -1 -1 -1
r-615 45 0.327273 45 0.327273 -1 -1 -1 -1
r-683 44 0.5074 44 0.5074 -1 -1 -1 -1
r-883 34 0.370766 34 0.370766 566377462 83567898 34749343 27856551
r-835 40 0.408974 40 0.408974 1933182409 1304714083 1589907573 1539577452
r-123 25 0.513333 25 0.513333 986778 1530191 965666 1004938
r-334 36 0.507937 36 0.507937 127451681 78880327 110363089 108188078
r-195 42 0.0929152 42 0.0929152 -1 -1 -1 -1
r-448 28 0.349206 28 0.349206 8005069 6682688 5973761 5807380
r-952 21 0.52381 21 0.52381 208088 125881 181609 174312
r-91 36 0.488889 36 0.488889 468535792 585159486 408756720 405996327
r-221 23 0.0869565 23 0.0869565 -1 -1 -1 -1
r-28 34 0.336898 34 0.336898 8728121 1611628455 7953746 7968845
r-577 19 0.19883 19 0.19883 47359 10377594546 46876 46876
r-108 22 0.246753 22 0.246753 7023161246 5534744561 360272067 230112650
