instance n1 density1 n2 density2 mcsplit mcsplit+f mcsplit+bigf
r-235 23 0.0592885 23 0.0592885 175281 43270322 318015
r-601 15 0.0190476 15 0.0190476 113 108 114
r-963 38 0.253201 38 0.253201 -1 -1 -1
r-153 25 0.57 25 0.57 2782770 3118254 2499636
r-394 32 0.191532 32 0.191532 43171061 44028934 32731897
r-716 31 0.346237 31 0.346237 46666690 51408576 39934058
r-126 38 0.709815 38 0.709815 751133654 753915435 693880821
r-163 38 0.960171 38 0.960171 442017 8765814 439549
r-412 31 0.903226 31 0.903226 1543704 2901609 1307039
r-491 25 0.66 25 0.66 1767110 2562453 1410096
r-77 15 0.333333 15 0.333333 4410 5603 2860
r-318 24 0.663043 24 0.663043 524448 719807 393691
r-714 33 0.916667 33 0.916667 8346640 10748058 7628452
r-812 21 0.971429 21 0.971429 183 1281 184
r-56 15 0.590476 15 0.590476 6058 6773 5564
r-244 31 0.724731 31 0.724731 27017368 39127691 24091330
r-204 29 0.12069 29 0.12069 819412 1650939 882814
r-877 23 0.533597 23 0.533597 1697991 857939 1571633
r-811 38 0.675676 38 0.675676 680713859 925086804 609517515
r-898 35 0.909244 35 0.909244 4651507 11567775 3536553
r-416 20 0.105263 20 0.105263 1324 1005 944
r-712 30 0.855172 30 0.855172 5536914 6655562 4752039
r-730 26 0.418462 26 0.418462 2268437 2029940 2006183
r-193 19 0.865497 19 0.865497 4710 15730 6053
r-187 19 0.0409357 19 0.0409357 603683345 102587315 565213395
r-171 30 0.308046 30 0.308046 21260571 13252178 20311391
r-830 15 0.780952 15 0.780952 2273 6155 2182
r-697 39 0.681511 39 0.681511 -1 -1 -1
r-571 30 0.577011 30 0.577011 29012207 33248498 25786770
r-570 21 0.0285714 21 0.0285714 169 160 172
r-174 29 0.472906 29 0.472906 12758214 14243820 11475336
r-48 31 0.387097 31 0.387097 38734431 47263995 36215937
r-597 19 0.140351 19 0.140351 4206 6186 4012
r-816 30 0.666667 30 0.666667 12502912 12999071 11566334
r-405 28 0.21164 28 0.21164 5307206 3215164 4708143
r-317 29 0.438424 29 0.438424 12348873 17597917 11049769
r-606 16 0.483333 16 0.483333 19023 15660 17595
r-146 29 0.667488 29 0.667488 19695544 19625890 17742916
r-472 27 0.982906 27 0.982906 275 275 277
r-289 28 0.0925926 28 0.0925926 777497 727112 516923
r-608 34 0.185383 34 0.185383 66603033 104261548 64807037
r-657 28 0.814815 28 0.814815 5047773 7955053 4851658
r-796 36 0.184127 36 0.184127 335249696 294728683 308810707
r-685 30 0.475862 30 0.475862 25661536 34957335 23631058
r-841 21 0.147619 21 0.147619 5059 6937 5288
r-619 36 0.0238095 36 0.0238095 10288 -1 2799
r-721 35 0.757983 35 0.757983 126311481 207618315 113299177
r-849 25 0.786667 25 0.786667 356810 651963 317375
r-242 28 0.753968 28 0.753968 2616982 3838887 1986510
r-33 25 0.143333 25 0.143333 422609 496887 360864
r-324 18 0.0588235 18 0.0588235 681 126 679
r-539 38 0.702703 38 0.702703 -1 -1 600427305
r-585 29 0.221675 29 0.221675 5386623 7525545 4883741
r-888 34 0.112299 34 0.112299 7741428 7042303 5986893
r-421 22 0.320346 22 0.320346 625249 645472 527317
r-383 25 0.323333 25 0.323333 1207408 2256282 987510
r-683 30 0.42069 30 0.42069 12243070 14439234 10817149
r-837 15 0.0666667 15 0.0666667 79 67 79
r-50 38 0.224751 38 0.224751 586816545 256664586 548134205
r-371 36 0.977778 36 0.977778 -1 -1 -1
r-552 34 0.953654 34 0.953654 2017448 274666919 714771
r-143 18 0.0718954 18 0.0718954 537 1562 511
r-298 34 0.233512 34 0.233512 75997219 97689406 70950701
r-713 31 0.260215 31 0.260215 30871536 33871230 25244415
r-224 29 0.773399 29 0.773399 7573744 9760584 6439462
r-154 25 0.576667 25 0.576667 1669417 2453120 1539733
r-784 28 0.492063 28 0.492063 6228368 7361671 5602318
r-701 17 0.992647 17 0.992647 155 155 155
r-885 24 0.177536 24 0.177536 274272 282345 266741
r-840 19 0.561404 19 0.561404 44446 92769 40286
r-551 27 0.911681 27 0.911681 83681 37306 80406
r-14 25 0.0266667 25 0.0266667 201 198 203
r-476 27 0.606838 27 0.606838 4815300 5458291 4268864
r-729 16 0.05 16 0.05 604 240 605
r-268 39 0.395412 39 0.395412 -1 -1 -1
r-18 30 0.632184 30 0.632184 20666389 22939124 17080012
r-320 26 0.886154 26 0.886154 165091 186849 152884
r-864 18 0.346405 18 0.346405 30559 29442 23830
r-638 25 0.553333 25 0.553333 2059555 2082288 1876125
r-422 16 0.0416667 16 0.0416667 99 99 99
r-251 32 0.383065 32 0.383065 77615678 85131137 71915540
r-338 33 0.172348 33 0.172348 13954491 43105756 13485246
r-417 32 0.4375 32 0.4375 63124766 69825429 56746700
r-17 38 0.654339 38 0.654339 -1 -1 442182804
r-272 37 0.978979 37 0.978979 41565 6254 38560
r-84 18 0.130719 18 0.130719 9223 6996 2769
r-213 21 0.566667 21 0.566667 138749 223466 119612
r-774 27 0.868946 27 0.868946 366966 639558 368421
r-580 37 0.127628 37 0.127628 220733194 373015233 200134467
r-567 21 0.542857 21 0.542857 260530 241610 228898
r-642 21 0 21 0 252 252 252
r-330 34 0.308378 34 0.308378 131596428 208405393 120303149
r-584 35 0.986555 35 0.986555 457 457 457
r-308 39 0.446694 39 0.446694 -1 -1 -1
r-773 35 0.226891 35 0.226891 142444334 288712895 121938084
r-978 34 0.925134 34 0.925134 3322959 11852422 3105184
r-537 23 0.118577 23 0.118577 39992 36660 36769
r-307 40 0.80641 40 0.80641 -1 -1 -1
r-879 15 0.704762 15 0.704762 2511 4042 2079
r-581 25 0.876667 25 0.876667 40334 72808 38031
r-40 28 0.830688 28 0.830688 1476276 2889271 1450931
r-781 15 0.133333 15 0.133333 2149 1259 1928
r-220 19 0.280702 19 0.280702 60710 38617 59571
r-132 26 0.975385 26 0.975385 233 221 237
r-980 38 0.0981508 38 0.0981508 20718809 61908286 16179268
r-444 20 0.347368 20 0.347368 105663 145149 92382
r-699 31 0.619355 31 0.619355 16283862 40050221 13803938
r-503 17 0.654412 17 0.654412 4676 3961 2748
r-568 31 0.425806 31 0.425806 30967033 43834116 27771441
r-485 22 0.199134 22 0.199134 75103 139158 76058
r-294 27 0.552707 27 0.552707 4786141 5029985 4245696
r-180 40 0.279487 40 0.279487 -1 -1 -1
r-4 39 0.668016 39 0.668016 -1 -1 -1
r-575 30 0.567816 30 0.567816 20089392 13668514 18085056
r-659 38 0.810811 38 0.810811 -1 -1 1213268991
r-31 20 0.821053 20 0.821053 18294 27010 15872
r-246 34 0.188948 34 0.188948 78074884 94738999 69580603
r-797 20 0.910526 20 0.910526 20421 19448 17478
r-465 35 0.163025 35 0.163025 124364774 80650646 117709781
r-353 37 0.698198 37 0.698198 587729064 1024002734 531132505
r-989 27 0.17094 27 0.17094 1160404 732734 1038522
r-236 18 0.163399 18 0.163399 1706 1820 1524
r-388 35 0.65042 35 0.65042 241941552 229056673 199153922
r-408 17 0.875 17 0.875 2636 2477 2781
r-438 26 0.369231 26 0.369231 4182145 4771946 3913754
r-572 22 0.571429 22 0.571429 203711 365909 179541
r-621 17 0.0294118 17 0.0294118 1706 113 1711
r-499 22 0.238095 22 0.238095 180598 110999 166962
r-280 39 0.282051 39 0.282051 -1 -1 -1
r-858 16 0.616667 16 0.616667 11851 11850 9775
r-290 37 0.0015015 37 0.0015015 705 705 705
r-498 33 0.560606 33 0.560606 97855780 77559281 88495376
r-975 29 0.285714 29 0.285714 3035486 8074818 2523872
r-509 29 0.630542 29 0.630542 16048492 12747453 14652198
r-382 16 0.2 16 0.2 10021 5790 8971
r-556 28 0.380952 28 0.380952 5794242 5725093 4951156
r-960 19 0.532164 19 0.532164 24232 70769 21337
r-994 22 0.619048 22 0.619048 255345 219650 216439
r-287 27 0.282051 27 0.282051 4200010 5023738 3888723
r-252 26 0.4 26 0.4 2341345 4612621 2072908
r-374 40 0.888462 40 0.888462 89871996 413299749 78986856
r-891 36 0.9 36 0.9 17377464 33040566 16246557
r-346 33 0.994318 33 0.994318 505 583 506
r-974 33 0.412879 33 0.412879 118201464 122793996 106325021
r-997 22 0.831169 22 0.831169 40845 51434 38219
r-723 34 0.955437 34 0.955437 93776 52576589 7304238
r-691 31 0.709677 31 0.709677 14004857 17635728 10500478
r-45 22 0.766234 22 0.766234 152792 156934 137291
r-303 38 0.766714 38 0.766714 -1 -1 383024174
r-970 16 0.183333 16 0.183333 1756 1124 1516
r-160 38 0.715505 38 0.715505 -1 -1 -1
r-471 37 0.978979 37 0.978979 -1 -1 -1
r-247 34 0.843137 34 0.843137 38731316 74986025 36996765
r-397 38 0.123755 38 0.123755 194850690 625343650 176521841
r-20 38 0.682788 38 0.682788 -1 -1 1100947489
r-425 21 0.204762 21 0.204762 66838 72010 56215
r-117 18 0.464052 18 0.464052 28481 23422 23250
r-201 16 0.141667 16 0.141667 2898 3089 2858
r-945 35 0.890756 35 0.890756 61437901 156464006 47680797
r-387 24 0.833333 24 0.833333 178846 301238 153490
r-770 27 0.77208 27 0.77208 2705529 3430829 2368565
r-350 39 0.684211 39 0.684211 -1 -1 -1
r-798 40 0.989744 40 0.989744 66514 -1 10907
r-583 31 0.883871 31 0.883871 4697611 1941683 4268880
r-802 37 0.678679 37 0.678679 648414168 553667129 613298797
r-315 17 0.0147059 17 0.0147059 142 142 142
r-727 40 0.4 40 0.4 -1 -1 -1
r-848 28 0.671958 28 0.671958 8168330 7986335 6788173
r-188 34 0.522282 34 0.522282 146729410 81401542 136632322
r-447 15 0.714286 15 0.714286 3195 1705 2314
r-39 31 0.931183 31 0.931183 86355 130576 82303
r-538 20 0.284211 20 0.284211 80843 87471 65285
r-423 29 0.741379 29 0.741379 10039534 12658247 9504519
r-629 18 0.169935 18 0.169935 11404 5959 8663
r-112 17 0.610294 17 0.610294 9490 15322 8203
r-178 25 0.793333 25 0.793333 693475 692636 555851
r-32 18 0.0326797 18 0.0326797 39456639 566 39456640
r-542 24 0.728261 24 0.728261 413298 449795 368448
r-351 35 0.0487395 35 0.0487395 1479190112 219363064 222173114
r-342 39 0.916329 39 0.916329 37268423 78804720 28135417
r-52 21 0.761905 21 0.761905 41138 39611 34245
r-415 19 0.988304 19 0.988304 177 177 177
r-670 31 0.152688 31 0.152688 2300247 9506318 2046054
r-226 17 0.536765 17 0.536765 17958 36115 15812
r-234 20 0.268421 20 0.268421 47972 30105 39217
r-367 34 0.638146 34 0.638146 168090029 177452671 149528591
r-218 33 0.0397727 33 0.0397727 3906160 -1 3814061
r-325 15 1 15 1 135 135 135
r-710 21 0.3 21 0.3 137365 93048 117925
r-514 35 0.216807 35 0.216807 100359267 55109501 81263139
r-75 31 0.212903 31 0.212903 17963937 59874752 15302052
r-708 18 0.633987 18 0.633987 39710 39111 32585
r-630 38 0.877667 38 0.877667 169821385 231684665 141219735
r-264 16 0.625 16 0.625 9373 13536 8247
r-598 32 0.332661 32 0.332661 66661061 45627329 60391692
r-452 39 0.0458839 39 0.0458839 1588186 16529487 654553
r-474 32 0.294355 32 0.294355 66188829 62866111 57108936
r-115 24 0.673913 24 0.673913 790204 1166335 640104
r-595 38 0.29303 38 0.29303 -1 -1 -1
r-129 24 0.300725 24 0.300725 802106 1095599 620232
r-199 23 0.687747 23 0.687747 404480 310019 353001
r-520 40 0.203846 40 0.203846 -1 -1 -1
r-779 24 0.771739 24 0.771739 642168 771126 545791
r-241 24 0.503623 24 0.503623 1110235 1066962 1023831
r-896 23 0.853755 23 0.853755 37953 71672 32902
r-468 38 0.0256046 38 0.0256046 114130830 -1 -1
r-743 20 0.205263 20 0.205263 38001 31782 33861
r-376 40 0.385897 40 0.385897 -1 -1 -1
r-15 23 0.837945 23 0.837945 26029 32109 17256
r-309 18 0.980392 18 0.980392 145 193 146
r-332 23 0.833992 23 0.833992 73480 117833 55720
r-646 26 0.227692 26 0.227692 824607 1553994 717789
r-321 16 0.991667 16 0.991667 138 138 138
r-142 33 0.543561 33 0.543561 73269484 83865347 66803940
r-118 36 0.4 36 0.4 313252239 262037723 283307960
r-769 31 0.993548 31 0.993548 445 445 445
r-181 37 0.00900901 37 0.00900901 -1 -1 -1
r-821 25 0.323333 25 0.323333 3145205 2771122 2968268
r-842 21 0.72381 21 0.72381 87073 144475 80973
r-941 39 0.222672 39 0.222672 -1 -1 619987728
r-711 28 0.0529101 28 0.0529101 518341 456046 406443
r-893 15 0.828571 15 0.828571 242 382 203
r-950 23 0.486166 23 0.486166 441206 514442 388544
r-240 31 0.944086 31 0.944086 3671224 125105 1790320
r-354 15 0.257143 15 0.257143 2213 3393 2061
r-844 27 0.592593 27 0.592593 7106575 5814588 6599695
r-517 36 0.204762 36 0.204762 271648845 423830920 206618272
r-640 31 0.972043 31 0.972043 1219 3955 1213
r-545 22 0.0692641 22 0.0692641 66239141 10492921 48933780
r-623 18 0.372549 18 0.372549 87322 39363 80148
r-185 17 0.882353 17 0.882353 1983 1387 1930
r-59 31 0.365591 31 0.365591 26722310 41315120 23467216
r-41 40 0.347436 40 0.347436 -1 -1 -1
r-390 35 0.00336134 35 0.00336134 603 598 604
r-76 30 0 30 0 495 495 495
r-903 30 0.809195 30 0.809195 9124006 12942744 7992704
r-53 21 0.342857 21 0.342857 207193 200775 179193
r-216 34 0.948307 34 0.948307 643138 692496063 741341
r-231 18 0.993464 18 0.993464 173 173 173
r-356 40 0.79359 40 0.79359 -1 -1 -1
r-938 25 0.263333 25 0.263333 1628259 1580311 1500275
r-406 17 0.588235 17 0.588235 15928 20143 13214
r-443 25 0.403333 25 0.403333 2719218 1682358 2516359
r-192 25 0.356667 25 0.356667 2241742 2309635 2043828
r-616 24 0.210145 24 0.210145 467466 257320 421862
r-625 35 0.490756 35 0.490756 226577744 191866135 207147365
r-944 30 0.618391 30 0.618391 28827967 27310324 25608688
r-856 37 0.876877 37 0.876877 91718552 84958496 82825401
r-586 39 0.45614 39 0.45614 -1 -1 -1
r-757 35 0.946218 35 0.946218 2571401 8196869 1629190
r-326 16 0.816667 16 0.816667 1260 1626 864
r-823 33 0.996212 33 0.996212 536 531 537
r-973 20 0.926316 20 0.926316 807 65598 786
r-902 37 0.0690691 37 0.0690691 1935073 3273368 1724518
r-101 25 0.806667 25 0.806667 489735 775789 427960
r-959 37 0.0525526 37 0.0525526 -1 -1 -1
r-67 38 0.829303 38 0.829303 1208587729 1341500277 1053685544
r-133 31 0.593548 31 0.593548 34340445 41442551 30727777
r-674 39 0.489879 39 0.489879 -1 -1 -1
r-831 27 0.509972 27 0.509972 4070638 6062285 3654538
r-835 32 0.395161 32 0.395161 65927448 72996057 57224674
r-270 39 0.483131 39 0.483131 -1 -1 -1
r-782 40 0.924359 40 0.924359 29904281 89971439 25466677
r-573 15 0.447619 15 0.447619 6550 3962 5779
r-393 20 0.668421 20 0.668421 50474 58528 42045
r-74 31 0.748387 31 0.748387 33501718 16478722 28730471
r-661 36 0.85873 36 0.85873 91649420 73443704 79941500
r-323 18 0.555556 18 0.555556 20852 16512 17826
r-505 37 0.286787 37 0.286787 438033628 417153703 412081554
r-72 16 0.2 16 0.2 2248 2110 2193
r-995 33 0.342803 33 0.342803 69196706 94604192 60003106
r-109 30 0.485057 30 0.485057 19446701 11956757 17276036
r-663 16 0.0833333 16 0.0833333 187 497 191
r-834 33 0.969697 33 0.969697 -1 -1 -1
r-91 21 0.933333 21 0.933333 6717 74228 349515
r-785 34 0.379679 34 0.379679 117367340 135556773 102894758
r-98 16 0.791667 16 0.791667 4659 8776 3186
r-82 40 0.961538 40 0.961538 90140 14772950500 240903
r-496 27 0.319088 27 0.319088 3773701 4122226 3173033
r-502 38 0.778094 38 0.778094 1059984202 922001787 955635209
r-22 21 0.609524 21 0.609524 142817 116378 130060
r-836 40 0.188462 40 0.188462 -1 -1 -1
r-979 36 0.0412698 36 0.0412698 -1 -1 -1
r-85 40 0.0948718 40 0.0948718 262621743 733175155 246755892
r-992 27 0.102564 27 0.102564 79006 168271 83337
r-675 33 0.700758 33 0.700758 76135926 71486005 66282319
r-71 23 0.893281 23 0.893281 12737 26464 9654
r-981 19 0.596491 19 0.596491 44299 63187 40366
r-458 31 0.494624 31 0.494624 41632461 50860928 37790848
r-319 27 0.039886 27 0.039886 606010 -1 11474381502
r-900 35 0.37479 35 0.37479 223103917 247112611 198345110
r-30 33 0.676136 33 0.676136 78374460 76471120 62581265
r-772 30 0.986207 30 0.986207 344 350 346
r-12 35 0.0285714 35 0.0285714 -1 -1 -1
r-874 24 0.286232 24 0.286232 782205 1197325 705023
r-673 21 0.652381 21 0.652381 115005 145478 88843
r-925 35 0.142857 35 0.142857 157609003 295255320 141218350
r-771 27 0.310541 27 0.310541 4864045 2822813 4418655
r-998 16 0.55 16 0.55 7057 6998 6464
r-399 38 0.217639 38 0.217639 1003101673 875046298 834855588
r-263 34 0.87344 34 0.87344 11499400 23376381 10317716
r-731 29 0.283251 29 0.283251 7722933 12225049 6153879
r-36 21 0.77619 21 0.77619 112191 87539 82932
r-400 16 0.866667 16 0.866667 426 626 396
r-179 30 0.0942529 30 0.0942529 290514 929250 223185
r-826 28 0.441799 28 0.441799 8979576 8669202 8202945
r-210 19 0.292398 19 0.292398 50413 38490 41615
r-413 34 0.367201 34 0.367201 134022912 127760335 121602584
r-654 18 0.849673 18 0.849673 2385 3459 2278
r-136 19 0.643275 19 0.643275 71379 67074 60870
r-982 19 0.502924 19 0.502924 151240 78115 138674
r-948 40 0.833333 40 0.833333 -1 -1 -1
r-99 29 0.0738916 29 0.0738916 420271 1321803 288264
r-560 18 0.72549 18 0.72549 23340 28740 20162
r-127 21 0.509524 21 0.509524 181215 250031 152279
r-482 31 0.825806 31 0.825806 7030248 17592204 6790845
r-375 33 0.943182 33 0.943182 6483120 224046584 8378984
r-402 17 0.345588 17 0.345588 19381 27170 15883
r-420 37 0.935435 37 0.935435 13659088 10373896 9246801
r-741 20 0.268421 20 0.268421 7047 42461 4481
r-644 34 0.529412 34 0.529412 173256038 161971373 160970027
r-295 31 0.249462 31 0.249462 16432465 16120989 14381152
r-554 21 0.414286 21 0.414286 237143 162590 198749
r-949 20 0.589474 20 0.589474 190470 229023 164273
r-801 40 0.211538 40 0.211538 -1 -1 -1
r-726 29 0.945813 29 0.945813 39669521 332847 42826627
r-13 27 0 27 0 405 405 405
r-734 15 0.92381 15 0.92381 13834 378793 42230
r-456 29 0.305419 29 0.305419 9037359 9145056 7562320
r-693 37 0.725225 37 0.725225 -1 -1 -1
r-794 18 0.156863 18 0.156863 1013 2479 1116
r-228 24 0.0942029 24 0.0942029 5626 2152 4433
r-930 23 0.442688 23 0.442688 585188 372718 512686
r-377 37 0.265766 37 0.265766 602396787 1289030228 466128788
r-336 32 0.375 32 0.375 75234020 71382647 66081158
r-459 40 0.739744 40 0.739744 -1 -1 -1
r-829 15 0.52381 15 0.52381 9011 10011 8180
r-328 32 0.469758 32 0.469758 55822939 71961499 51635620
r-590 39 0.345479 39 0.345479 -1 -1 -1
r-679 27 0.492877 27 0.492877 2869006 2487963 2540324
r-265 35 0.0857143 35 0.0857143 9842169 6225536 7967270
r-555 24 0.199275 24 0.199275 438557 920925 411572
r-561 29 0.381773 29 0.381773 14114624 16611006 12461722
r-627 28 0.907407 28 0.907407 179523 333522 163150
r-63 33 0.291667 33 0.291667 46302388 73246983 41746877
r-762 34 0.736185 34 0.736185 105043925 101004685 83989010
r-605 16 0.2 16 0.2 2140 2297 1799
r-166 19 0.736842 19 0.736842 29488 29186 25278
r-736 39 0.712551 39 0.712551 -1 -1 -1
r-722 40 0.382051 40 0.382051 -1 -1 -1
r-190 24 0.402174 24 0.402174 632699 1253573 548726
r-358 22 0.675325 22 0.675325 317882 431003 264777
r-411 18 0.888889 18 0.888889 3172 3424 2956
r-991 15 0.047619 15 0.047619 6247365 782 6247367
r-889 31 0.980645 31 0.980645 425 1013 426
r-895 17 0.735294 17 0.735294 10246 12659 8677
r-958 31 0.249462 31 0.249462 14567421 15782873 12389784
r-392 36 0.379365 36 0.379365 300081335 251725988 255672999
r-169 38 0.00142248 38 0.00142248 743 743 743
r-97 38 0.0128023 38 0.0128023 573 634 578
r-543 34 0.755793 34 0.755793 146094435 92535213 127211541
r-704 22 0.272727 22 0.272727 128088 272007 99070
r-536 19 0.450292 19 0.450292 89047 108850 79040
r-211 19 0.701754 19 0.701754 39459 36192 36473
r-94 29 0.985222 29 0.985222 9245417 -1 -1
r-972 28 0.714286 28 0.714286 12401396 9112993 10981314
r-83 28 0.037037 28 0.037037 2581104 -1 -1
r-259 31 0.584946 31 0.584946 58885348 42231329 53038529
r-519 24 0.0507246 24 0.0507246 3999 22085 4591
r-208 34 0.110517 34 0.110517 13923642 22446990 12009311
r-466 39 0.696356 39 0.696356 -1 -1 -1
r-577 17 0.117647 17 0.117647 1913 21931 1791
r-740 15 0.0190476 15 0.0190476 113 108 114
r-248 36 0.312698 36 0.312698 307105860 334539275 265517019
r-814 35 0.258824 35 0.258824 145090105 187617080 114784927
r-310 27 0.854701 27 0.854701 960840 1835455 913459
r-620 16 0.333333 16 0.333333 13575 13728 12836
r-26 18 0.947712 18 0.947712 15791 196 15797
r-403 18 0.647059 18 0.647059 26286 22745 22970
r-655 39 0.556005 39 0.556005 -1 -1 -1
r-724 35 0.37479 35 0.37479 253802164 250732100 222907673
r-557 28 0.677249 28 0.677249 10526032 9235045 9608750
r-284 38 0.210526 38 0.210526 842368400 -1 734872961
r-65 20 0.347368 20 0.347368 95111 105451 68850
r-510 20 0.805263 20 0.805263 23425 46587 18318
r-288 38 0.322902 38 0.322902 -1 -1 644955667
r-176 30 0.457471 30 0.457471 20871762 29202544 18933715
r-589 21 0.933333 21 0.933333 4216740 151707 3615041
r-954 35 0.684034 35 0.684034 288505012 264956206 244569323
r-138 28 0.994709 28 0.994709 384 384 384
r-451 18 0.130719 18 0.130719 939 2412 1078
r-361 34 0.101604 34 0.101604 4189144 4618720 2745367
r-593 39 0.703104 39 0.703104 -1 -1 -1
r-933 35 0.583193 35 0.583193 169246021 119968228 149160588
r-576 27 0.940171 27 0.940171 784932 28749804 7297231
r-389 19 0.853801 19 0.853801 23050 16384 22005
r-123 29 0.29064 29 0.29064 9166872 10415445 8197605
r-527 36 0.885714 36 0.885714 37947615 43678269 34894179
r-611 37 0.015015 37 0.015015 28148315 -1 -1
r-650 35 0.220168 35 0.220168 77321735 118114933 59942385
r-868 40 0.234615 40 0.234615 -1 -1 -1
r-363 32 0.834677 32 0.834677 15847265 10880484 13286236
r-694 38 0.699858 38 0.699858 639582629 -1 593735778
r-278 17 0.691176 17 0.691176 12341 15615 10145
r-352 27 0.339031 27 0.339031 5673922 8497460 4793200
r-62 22 0.519481 22 0.519481 185717 223269 167042
r-894 32 0.985887 32 0.985887 393 454 396
r-441 30 0.68046 30 0.68046 15074222 13483358 11749268
r-439 33 0.482955 33 0.482955 96431001 80460008 89253422
r-609 36 0.45873 36 0.45873 205423428 206075855 186265249
r-245 17 0.404412 17 0.404412 7863 13786 6324
r-131 16 0.7 16 0.7 7611 9517 6949
r-709 30 0.572414 30 0.572414 31386870 29553593 28433121
r-335 19 0.736842 19 0.736842 44110 50485 34032
r-314 27 0.330484 27 0.330484 3468024 2618839 2804865
r-2 38 0.301565 38 0.301565 -1 -1 -1
r-682 24 0.0181159 24 0.0181159 253 526 254
r-301 40 0.270513 40 0.270513 -1 -1 -1
r-599 27 0.0968661 27 0.0968661 341612 1191259 342095
r-993 40 0.262821 40 0.262821 -1 -1 -1
r-530 24 0.536232 24 0.536232 1360527 1836452 1256124
r-391 16 0.283333 16 0.283333 1990 4032 1565
r-872 38 0.748222 38 0.748222 -1 -1 -1
r-776 15 0.504762 15 0.504762 5767 6026 5219
r-767 33 0.0965909 33 0.0965909 1886593 1780621 1429774
r-507 19 0.71345 19 0.71345 32152 39988 27833
r-66 17 0.507353 17 0.507353 18098 24839 16934
r-579 20 0.163158 20 0.163158 7975 4785 7712
r-678 18 0.0980392 18 0.0980392 68370 48295 68545
r-603 36 0.253968 36 0.253968 187760471 545572239 155573435
r-227 23 0.786561 23 0.786561 314386 310807 291176
r-293 39 0.268556 39 0.268556 -1 -1 -1
r-692 31 0.27957 31 0.27957 29221347 25313296 26722428
r-828 30 0.0965517 30 0.0965517 867902 1870211 799646
r-148 39 0.850202 39 0.850202 713876605 835849726 610126159
r-916 18 0.0915033 18 0.0915033 188102 94756 188130
r-765 25 0.463333 25 0.463333 1847702 1626852 1688391
r-478 20 0.00526316 20 0.00526316 212 212 212
r-157 34 0.465241 34 0.465241 126390384 103414910 116404094
r-518 27 0.91453 27 0.91453 5890392 30966217 18846441
r-648 33 0.293561 33 0.293561 103832176 39905996 84575142
r-810 15 0.361905 15 0.361905 5156 5775 4069
r-135 28 0.5 28 0.5 5999271 8652497 5495721
r-107 37 0.876877 37 0.876877 80062667 94629588 71164323
r-725 23 0.367589 23 0.367589 799365 675673 736563
r-206 20 0.236842 20 0.236842 12363 37533 6932
r-426 20 0.968421 20 0.968421 5464712421 2822 5464712431
r-362 33 0.121212 33 0.121212 14999206 11746593 12285264
r-276 29 0.773399 29 0.773399 6099182 5037885 5392506
r-172 33 0.596591 33 0.596591 96836087 119229401 86048081
r-437 32 0.699597 32 0.699597 27336954 42797518 21609793
r-735 23 0.944664 23 0.944664 4868 554764 37508
r-481 28 0.21164 28 0.21164 3283708 3609799 2834971
r-279 25 0.0233333 25 0.0233333 7779 245 7783
r-931 33 0.0208333 33 0.0208333 2377441 -1 6496
r-919 37 0.432432 37 0.432432 475335124 423067595 431812767
r-257 29 0.0369458 29 0.0369458 325891 -1 13046894
r-689 32 0.65121 32 0.65121 45046345 46947103 37744871
r-766 33 0.270833 33 0.270833 98622460 70526883 81426629
r-1000 28 0.21164 28 0.21164 3544565 3074769 3267898
r-113 26 0.215385 26 0.215385 991203 1182095 855354
r-587 34 0.823529 34 0.823529 48022301 100597428 43456219
r-366 20 0.921053 20 0.921053 111730 127392 110255
r-121 26 0.0276923 26 0.0276923 208 208 210
r-515 24 0.601449 24 0.601449 1130463 1174159 1013253
r-344 26 0.541538 26 0.541538 2993351 2235579 2746446
r-486 28 0.915344 28 0.915344 471648 175433 381472
r-751 16 0.05 16 0.05 289 363 289
r-429 33 0.0094697 33 0.0094697 -1 9698 -1
r-732 16 0.2 16 0.2 7221 4277 5540
r-738 33 0.848485 33 0.848485 26055817 26399062 22909239
r-884 22 0.82684 22 0.82684 9971 9958 7830
r-800 19 0.333333 19 0.333333 51193 59022 39483
r-854 36 0.11746 36 0.11746 43618871 25735735 37857718
r-370 38 0.524893 38 0.524893 -1 -1 -1
r-753 39 0.161943 39 0.161943 414320046 976888790 306032474
r-843 37 0.6997 37 0.6997 629486547 627584394 543699007
r-64 25 0.01 25 0.01 286 286 286
r-316 21 0.528571 21 0.528571 297182 192012 261453
r-168 18 0.0915033 18 0.0915033 12680 10144 15153
r-7 31 0.849462 31 0.849462 6868088 16616701 7152185
r-341 29 0.204433 29 0.204433 2481215 3962501 1611653
r-875 34 0.775401 34 0.775401 90360330 150156540 88070777
r-529 24 0.0108696 24 0.0108696 264 264 264
r-304 18 0.928105 18 0.928105 244144 1503957 793405
r-432 40 0.0615385 40 0.0615385 65327046 67710906 40774822
r-553 37 0.687688 37 0.687688 328108959 436671331 271473213
r-702 30 0.229885 30 0.229885 7426997 12805123 6571737
r-940 15 0.342857 15 0.342857 3437 3870 2857
r-34 15 0.457143 15 0.457143 2355 2970 2252
r-418 18 0.771242 18 0.771242 10544 18383 9659
r-653 28 0.156085 28 0.156085 2204591 8462247 1954389
r-19 25 0.743333 25 0.743333 740985 598164 669620
r-591 32 0.816532 32 0.816532 20114009 27159800 16858040
r-845 17 0.654412 17 0.654412 12574 14995 11064
r-643 18 0.333333 18 0.333333 27119 27998 21619
r-822 21 0.92381 21 0.92381 340375 41423 143394
r-656 22 0.818182 22 0.818182 114389 123397 121196
r-574 22 0.597403 22 0.597403 274265 342969 239553
r-883 20 0.863158 20 0.863158 2879 5528 2710
r-522 15 0.533333 15 0.533333 6877 7412 6134
r-569 24 0.887681 24 0.887681 32208 37437 35927
r-269 34 0.0427807 34 0.0427807 929687799 8351942109 514460609
r-339 24 0.666667 24 0.666667 664461 916630 556207
r-398 19 0.298246 19 0.298246 31030 32526 27675
r-786 39 0.0161943 39 0.0161943 189690375 -1 -1
r-866 29 0.642857 29 0.642857 11539269 11756113 10021835
r-368 33 0.140152 33 0.140152 40479224 62032134 31382558
r-414 26 0.904615 26 0.904615 30400 52314 28607
r-969 40 0.473077 40 0.473077 -1 -1 -1
r-100 22 0.480519 22 0.480519 252680 190214 223575
r-331 25 0.173333 25 0.173333 273745 410840 249079
r-162 16 0.8 16 0.8 5431 5288 6908
r-870 40 0.344872 40 0.344872 -1 -1 -1
r-407 19 0.0467836 19 0.0467836 256 1753804 192
r-266 27 0.179487 27 0.179487 1359279 1035764 1229686
r-404 27 0.649573 27 0.649573 4425849 5393595 3600689
r-618 28 0.992063 28 0.992063 362 362 362
r-222 26 0.230769 26 0.230769 937883 1544052 733785
r-470 16 0.391667 16 0.391667 506 9649 417
r-607 25 0.786667 25 0.786667 435105 981813 405962
r-775 27 0.165242 27 0.165242 482563 571069 390758
r-46 22 0.411255 22 0.411255 281663 400464 252422
r-549 40 0.510256 40 0.510256 -1 -1 -1
r-372 34 0.754011 34 0.754011 112749305 204418727 96411989
r-790 30 0.701149 30 0.701149 25505363 24537196 23353241
r-966 20 0.326316 20 0.326316 35503 55097 27387
r-686 19 0.368421 19 0.368421 57414 52119 49223
r-401 25 0.603333 25 0.603333 2023953 2339340 1807997
r-130 24 0.648551 24 0.648551 1271122 1148730 1009170
r-9 35 0.396639 35 0.396639 162424283 208486036 140643412
r-149 29 0.79064 29 0.79064 2971413 7989218 2583974
r-385 30 0.783908 30 0.783908 4520222 8170659 3386430
r-463 39 0.734143 39 0.734143 -1 -1 -1
r-484 16 0.675 16 0.675 7161 5842 5637
r-217 26 0.0646154 26 0.0646154 498162 7353687 1618733
r-373 22 0.922078 22 0.922078 2195825 34135 2090246
r-817 23 0.213439 23 0.213439 115809 101100 68132
r-892 15 0.67619 15 0.67619 5257 5792 4493
r-504 28 0.941799 28 0.941799 12856 480186 12251
r-44 33 0.477273 33 0.477273 96241483 93825034 89000102
r-742 23 0.142292 23 0.142292 44471 47029 28698
r-540 20 0.868421 20 0.868421 19270 21243 10619
r-676 29 0.815271 29 0.815271 2407499 4617470 2247094
r-461 26 0.387692 26 0.387692 3078313 2483380 2782758
r-488 33 0.00189394 33 0.00189394 563 563 563
r-852 24 0.173913 24 0.173913 155838 372592 154825
r-956 25 0.973333 25 0.973333 4244 3246 2458
r-942 20 0.0736842 20 0.0736842 21620 54848 30700
r-108 21 0.990476 21 0.990476 216 216 216
r-932 23 0.758893 23 0.758893 289403 385096 239630
r-952 16 0.466667 16 0.466667 16876 13653 14408
r-928 15 0.295238 15 0.295238 4709 2991 3927
r-617 20 0.8 20 0.8 31065 48075 29664
r-212 26 0.0615385 26 0.0615385 28071221 36275 27522721
r-232 18 0.385621 18 0.385621 24243 20102 21589
r-70 21 0.490476 21 0.490476 104603 71341 98789
r-21 38 0.926031 38 0.926031 10039861 7555570 9067166
r-256 16 0.966667 16 0.966667 344 103 347
r-355 21 0.790476 21 0.790476 54759 80414 53604
r-559 37 0.551051 37 0.551051 635977970 793230544 589173926
r-61 21 0.561905 21 0.561905 258713 189879 236751
r-379 31 0.608602 31 0.608602 39152942 38034906 34847173
r-809 31 0.589247 31 0.589247 38368613 57011828 34292198
r-313 38 0.549075 38 0.549075 -1 -1 -1
r-666 15 0.228571 15 0.228571 3090 3646 2622
r-207 23 0.41502 23 0.41502 749235 497290 628957
r-249 18 0.0784314 18 0.0784314 2096242 132317 1902834
r-645 26 0.6 26 0.6 2328360 2837020 1995290
r-602 24 0.0181159 24 0.0181159 2255 228 2259
r-449 15 0.885714 15 0.885714 614 463 602
r-483 26 0.489231 26 0.489231 3430607 2248897 3181237
r-563 35 0.968067 35 0.968067 1629359 -1 -1
r-677 33 0.125 33 0.125 10076797 7333460 8650478
r-312 34 0.777184 34 0.777184 22909537 37106875 16440698
r-54 22 0.575758 22 0.575758 447710 466234 388569
r-999 37 0.692192 37 0.692192 613505312 802430832 523265555
r-223 15 0.428571 15 0.428571 2755 4143 2395
r-93 34 0.320856 34 0.320856 161466630 204312227 136311835
r-758 33 0.647727 33 0.647727 69200894 77082198 58787233
r-105 33 0.195076 33 0.195076 43971394 51324251 36915833
r-23 23 0.335968 23 0.335968 516344 440097 466726
r-759 21 0.214286 21 0.214286 52994 48466 45665
r-5 30 0.0988506 30 0.0988506 2648982 2451496 2456437
r-918 28 0.484127 28 0.484127 5095372 7857986 4419845
r-434 22 0.982684 22 0.982684 205 205 205
r-357 19 1 19 1 209 209 209
r-467 21 0.238095 21 0.238095 91396 86062 74876
r-720 35 0.211765 35 0.211765 241817624 226306516 212401863
r-988 18 0.228758 18 0.228758 8500 16190 7233
r-588 15 0.428571 15 0.428571 6814 9122 6526
r-442 15 0.4 15 0.4 12698 13058 10580
r-566 35 0.62521 35 0.62521 226891479 226322227 203079684
r-658 18 0.640523 18 0.640523 32966 40779 28429
r-68 18 0.960784 18 0.960784 7612 378783418 86805447
r-747 34 0.483066 34 0.483066 128472618 111956888 115954860
r-116 32 0.0302419 32 0.0302419 1437 949 -1
r-349 25 0.476667 25 0.476667 1113285 3192683 1018010
r-3 20 0.926316 20 0.926316 10631 1104903 9736
r-662 39 0.623482 39 0.623482 -1 -1 -1
r-706 20 0.705263 20 0.705263 70584 65287 62742
r-380 31 0.683871 31 0.683871 34856314 24215001 32374680
r-667 24 0.34058 24 0.34058 755470 755680 640295
r-333 33 0.522727 33 0.522727 89501251 133508989 83915838
r-541 35 0.85042 35 0.85042 97546316 117388624 94175817
r-934 19 0.666667 19 0.666667 31762 47636 25615
r-161 35 0.620168 35 0.620168 221633403 253247323 195626077
r-24 26 0.353846 26 0.353846 3404470 3993038 3043786
r-547 26 0.209231 26 0.209231 756019 913175 553278
r-639 27 0.230769 27 0.230769 2732067 3066882 2459036
r-96 20 0.915789 20 0.915789 9542 580828 36215
r-282 29 0.495074 29 0.495074 12133796 17620008 10920214
r-855 28 0.0873016 28 0.0873016 72239 39625 65114
r-936 33 0.268939 33 0.268939 83577117 79396166 67747416
r-497 36 0.17619 36 0.17619 172819411 134533231 158307622
r-111 38 0.863442 38 0.863442 768717908 373587438 547786855
r-104 37 0.57958 37 0.57958 488362652 545388797 449956109
r-492 38 0.190612 38 0.190612 311883252 235283443 272675746
r-700 23 0.774704 23 0.774704 261335 373806 274120
r-612 38 0.475107 38 0.475107 -1 -1 532130856
r-360 22 0.614719 22 0.614719 386310 387379 340624
r-984 22 0.471861 22 0.471861 236503 270847 217757
r-495 36 0.0047619 36 0.0047619 15497 -1 -1
r-150 39 0.59919 39 0.59919 -1 -1 -1
r-578 28 0.388889 28 0.388889 6936059 16351324 6148488
r-635 27 0.233618 27 0.233618 1866427 1855079 1623483
r-548 32 0.655242 32 0.655242 76771046 68900998 71262516
r-764 36 0.863492 36 0.863492 73573650 66562940 64818743
r-6 22 0.264069 22 0.264069 222395 335910 184635
r-177 18 0.24183 18 0.24183 14344 19065 13075
r-908 36 0.780952 36 0.780952 247173345 252112040 214422222
r-322 35 0.0554622 35 0.0554622 15472740 4952130 12709732
r-155 28 0.444444 28 0.444444 10944604 11512358 10195318
r-89 25 0.403333 25 0.403333 2267476 3501512 1961593
r-698 20 0.315789 20 0.315789 86631 57397 68908
r-818 23 0.72332 23 0.72332 240826 467059 200730
r-882 21 1 21 1 252 252 252
r-613 31 0.464516 31 0.464516 27006295 22364446 23796802
r-746 37 0.111111 37 0.111111 40546589 38159614 32681447
r-803 22 0.337662 22 0.337662 201640 138852 158900
r-614 40 0.973077 40 0.973077 3152579 -1 148472
r-57 34 0.474153 34 0.474153 121821078 142796443 113574458
r-140 27 0.159544 27 0.159544 584692 929056 400274
r-237 26 0.172308 26 0.172308 382101 643977 340911
r-985 27 0.538462 27 0.538462 6978122 4850250 6155785
r-238 35 0.919328 35 0.919328 9384394 18637791 7430673
r-813 15 0.895238 15 0.895238 11165 3808 4309
r-337 22 0.857143 22 0.857143 9251 27755 7053
r-525 20 0.515789 20 0.515789 59791 65004 50555
r-60 33 0.541667 33 0.541667 78898286 90200386 71703198
r-58 24 0.731884 24 0.731884 759689 928779 690050
r-664 38 0.854908 38 0.854908 326856475 1438446218 278058853
r-733 33 0.617424 33 0.617424 89096669 59293330 77800013
r-277 19 0.368421 19 0.368421 76101 72846 65530
r-340 15 0.542857 15 0.542857 1571 1483 1674
r-880 29 0.463054 29 0.463054 18630601 19759296 16919720
r-671 38 0.492176 38 0.492176 -1 -1 -1
r-69 15 0.133333 15 0.133333 397 362 314
r-718 23 0.758893 23 0.758893 247147 460132 259185
r-521 37 0.62012 37 0.62012 549545360 459730134 475778530
r-285 17 0.00735294 17 0.00735294 155 155 155
r-81 25 0.96 25 0.96 1262606430 131750 1262606409
r-114 17 0.647059 17 0.647059 12521 13420 11013
r-715 36 0.309524 36 0.309524 273597862 418533664 229885260
r-200 23 0.640316 23 0.640316 266514 331402 208269
r-343 36 0.807937 36 0.807937 299014663 265224394 273294477
r-649 39 0.506073 39 0.506073 -1 -1 -1
r-987 32 0.546371 32 0.546371 70148691 57882773 65096760
r-170 26 0.612308 26 0.612308 3460283 3646100 2959436
r-707 23 0.972332 23 0.972332 -1 1044 -1
r-395 37 0.312312 37 0.312312 560034889 416016871 493553847
r-647 39 0.740891 39 0.740891 -1 -1 -1
r-191 35 0.302521 35 0.302521 190903002 246592504 170989558
r-815 15 0.904762 15 0.904762 176670 39718 132543
r-453 25 0.51 25 0.51 1524083 3087752 1235596
r-311 16 0.183333 16 0.183333 3137 1431 2434
r-939 38 0.588905 38 0.588905 -1 -1 -1
r-745 34 0.493761 34 0.493761 111580854 157543799 101560413
r-748 38 0.869132 38 0.869132 498485880 913296416 431363346
r-523 25 0.593333 25 0.593333 1580821 1977299 1383417
r-38 18 0.0130719 18 0.0130719 161 156 162
r-755 26 0.990769 26 0.990769 311 311 311
r-631 17 0.838235 17 0.838235 3532 3764 3149
r-604 20 0.573684 20 0.573684 155312 169310 140057
r-827 26 0.538462 26 0.538462 1272254 1992175 1153674
r-513 20 0.757895 20 0.757895 31771 32429 23921
r-306 37 0.704204 37 0.704204 344858056 414533069 300514500
r-431 28 0.195767 28 0.195767 3761808 4733965 3131697
r-628 19 0.134503 19 0.134503 21564 9791 18984
r-219 33 0.373106 33 0.373106 86028330 84471361 72448035
r-475 15 0.866667 15 0.866667 238 286 238
r-878 29 0.778325 29 0.778325 6925468 3381122 6217738
r-626 29 0 29 0 464 464 464
r-887 18 0.908497 18 0.908497 66048 16685 54629
r-690 31 0.778495 31 0.778495 7945824 17747490 6814832
r-859 33 0.829545 33 0.829545 27566347 56349275 26902343
r-164 16 0.866667 16 0.866667 5403 7350 4659
r-79 31 0.0537634 31 0.0537634 929176 7856213 638826
r-159 20 0.647368 20 0.647368 53854 93155 42243
r-907 23 0.525692 23 0.525692 448119 763467 421309
r-750 35 0.102521 35 0.102521 5668757 10131427 5274890
r-594 39 0.892038 39 0.892038 136464153 319376145 109601097
r-512 20 0.931579 20 0.931579 21051 3675411 715234
r-672 40 0.435897 40 0.435897 -1 -1 -1
r-196 33 0.268939 33 0.268939 44693743 64108616 42000316
r-754 30 0.806897 30 0.806897 6300702 15556527 5364453
r-253 29 0.0935961 29 0.0935961 214753 840809 183760
r-763 32 0.467742 32 0.467742 58607390 54600222 53725538
r-173 31 0.055914 31 0.055914 6487 28758 5841
r-120 40 0.553846 40 0.553846 -1 -1 -1
r-202 26 0.972308 26 0.972308 1030 1022 1030
r-147 17 0.25 17 0.25 4822 5437 4564
r-480 20 0.915789 20 0.915789 75009 181733 74486
r-424 31 0.836559 31 0.836559 7553105 7120362 7637963
r-962 19 0.298246 19 0.298246 36670 36652 31513
r-151 29 0.0541872 29 0.0541872 1267872 1322116 711134
r-905 28 0.0952381 28 0.0952381 151278 224740 141212
r-435 39 0.407557 39 0.407557 -1 -1 -1
r-564 15 0.552381 15 0.552381 4333 4776 3985
r-636 27 0.487179 27 0.487179 6790792 4278336 6097540
r-209 40 0.605128 40 0.605128 -1 -1 -1
r-365 23 0.505929 23 0.505929 561028 674211 514072
r-103 16 0.475 16 0.475 12043 13474 11389
r-965 23 0.355731 23 0.355731 729821 1081171 634312
r-460 31 0.922581 31 0.922581 384407 204118 295266
r-440 28 0.822751 28 0.822751 6132954 4078581 5030286
r-862 27 0.854701 27 0.854701 238682 312624 198343
r-535 37 0.0135135 37 0.0135135 480 472 485
r-986 17 0.382353 17 0.382353 10304 27383 9452
r-871 38 0.541963 38 0.541963 -1 -1 -1
r-703 21 0.17619 21 0.17619 23045 35724 20124
r-427 24 0.0615942 24 0.0615942 30434 2626100 24706
r-267 25 0.38 25 0.38 727413 863089 595700
r-500 30 0.466667 30 0.466667 20800260 25732450 19221033
r-624 19 0.450292 19 0.450292 58506 33182 50894
r-760 38 0.119488 38 0.119488 100580178 283446323 119368327
r-198 32 0.439516 32 0.439516 52590704 21953932 46859359
r-260 36 0.742857 36 0.742857 180846018 245947404 138128533
r-820 31 0.593548 31 0.593548 20200379 29784074 17849641
r-396 16 0.616667 16 0.616667 18716 29340 15883
r-27 16 0.575 16 0.575 6901 3509 5432
r-768 24 0.326087 24 0.326087 789207 873680 644706
r-334 31 0.778495 31 0.778495 31415821 53294074 29694884
r-665 18 0.738562 18 0.738562 8868 15616 7675
r-955 35 0.618487 35 0.618487 185973331 154292809 163724540
r-73 19 0.754386 19 0.754386 43586 30538 36799
r-364 20 0.315789 20 0.315789 50974 73515 35852
r-681 34 0.301248 34 0.301248 61595463 123556168 47393755
r-511 21 0.747619 21 0.747619 174338 118992 161166
r-490 37 0.728228 37 0.728228 631703953 584804277 585422151
r-791 19 0.807018 19 0.807018 20694 28345 17209
r-477 16 0.216667 16 0.216667 5712 4950 5000
r-947 17 0.0588235 17 0.0588235 441 6743 284
r-596 24 0.210145 24 0.210145 363505 529669 318221
r-10 31 0.593548 31 0.593548 39034232 47152446 34810718
r-565 33 0.299242 33 0.299242 101728874 90853784 94974711
r-839 28 0.875661 28 0.875661 1044998 354615 918884
r-805 21 0.952381 21 0.952381 1262611502 473481382 1262609878
r-410 30 0.257471 30 0.257471 14495428 18767207 10795454
r-615 40 0.478205 40 0.478205 -1 -1 -1
r-971 17 0.176471 17 0.176471 4411 6251 3261
r-684 17 0.992647 17 0.992647 155 155 155
r-937 20 0.0789474 20 0.0789474 3836 5728 3544
r-128 37 0.112613 37 0.112613 42786045 34037011 37586542
r-473 34 0.233512 34 0.233512 83081351 62784643 62142296
r-165 25 0.396667 25 0.396667 2150125 1326935 1920011
r-329 39 0.991903 39 0.991903 623 623 623
r-86 35 0.744538 35 0.744538 246835212 235308333 225313403
r-110 35 0.319328 35 0.319328 300187045 334047005 242433163
r-876 22 0.251082 22 0.251082 143776 139873 126690
r-152 39 0.526316 39 0.526316 -1 -1 -1
r-799 22 0.640693 22 0.640693 294097 254616 246401
r-717 28 0.84127 28 0.84127 1937220 1383230 1692590
r-205 26 0.618462 26 0.618462 3175212 3674828 2883045
r-860 22 0.121212 22 0.121212 130890 211493 84251
r-445 37 0.285285 37 0.285285 555246197 577591670 484706963
r-788 38 0.0369844 38 0.0369844 -1 -1 -1
r-592 22 0.688312 22 0.688312 216062 204458 160991
r-90 30 0.48046 30 0.48046 25645604 25305594 23229062
r-807 16 0.383333 16 0.383333 10935 9124 9399
r-861 16 0.475 16 0.475 3382 5376 3082
r-637 16 0.116667 16 0.116667 266 253 249
r-687 33 0 33 0 594 594 594
r-292 27 0.034188 27 0.034188 -1 391903 -1
r-262 30 0.372414 30 0.372414 19722151 29615925 16931139
r-806 15 0.685714 15 0.685714 6834 10913 6356
r-203 40 0.784615 40 0.784615 -1 -1 -1
r-225 28 0.592593 28 0.592593 10133245 11520259 9440881
r-752 27 0.552707 27 0.552707 4276500 4462915 3888700
r-943 31 0.787097 31 0.787097 12767537 13795117 9575204
r-789 21 0.87619 21 0.87619 4351 1589 4100
r-961 35 0.376471 35 0.376471 224118393 216467186 190468037
r-119 30 0.190805 30 0.190805 7540616 7073942 6949172
r-516 33 0.363636 33 0.363636 57460101 95480945 49796406
r-409 36 0.230159 36 0.230159 110850023 290293373 85847315
r-737 33 0.0549242 33 0.0549242 803962 2023054 649110
r-531 21 0.233333 21 0.233333 117558 124631 95752
r-274 24 0.818841 24 0.818841 91559 93525 78645
r-275 17 0.786765 17 0.786765 5995 4076 5641
r-261 20 0.473684 20 0.473684 60240 68010 52718
r-378 33 0.4375 33 0.4375 80179552 62019663 75254097
r-526 40 0.635897 40 0.635897 -1 -1 -1
r-229 37 0.951952 37 0.951952 6903058 -1 -1
r-600 39 0.377868 39 0.377868 -1 -1 -1
r-819 28 0.84127 28 0.84127 1002214 1851504 919069
r-524 36 0.0619048 36 0.0619048 10312198 96325520 10277988
r-909 35 0.354622 35 0.354622 187714922 216029130 164200825
r-825 28 0.275132 28 0.275132 4516389 5028705 3661475
r-922 23 0.150198 23 0.150198 214969 120092 190411
r-976 35 0.226891 35 0.226891 110814783 179669246 90224338
r-968 30 0.165517 30 0.165517 6299265 9177101 5256502
r-792 33 0.0492424 33 0.0492424 17612071 1296490 12097888
r-462 23 0.525692 23 0.525692 879617 702727 802684
r-756 26 0.304615 26 0.304615 1494990 2011046 1177951
r-35 39 0.240216 39 0.240216 -1 -1 -1
r-582 25 0.436667 25 0.436667 2204146 2060704 1975878
r-761 21 0.490476 21 0.490476 386966 326548 351849
r-780 23 0.225296 23 0.225296 300543 349023 315195
r-243 40 0.182051 40 0.182051 -1 -1 -1
r-749 24 0.605072 24 0.605072 576415 1479999 496826
r-195 17 0.830882 17 0.830882 1411 1728 964
r-912 38 0.675676 38 0.675676 489760471 970206359 454838497
r-946 33 0.0227273 33 0.0227273 -1 -1 -1
r-450 36 0.21746 36 0.21746 181091008 290119775 159289140
r-479 27 0.00569801 27 0.00569801 357 357 357
r-534 23 0.426877 23 0.426877 594216 479030 500696
r-832 32 0.927419 32 0.927419 791180 1253417 801815
r-914 19 0.859649 19 0.859649 9127 6510 10650
r-634 32 0.106855 32 0.106855 955686 1255441 901495
r-494 35 0.357983 35 0.357983 289039773 214798332 249056762
r-528 15 0.838095 15 0.838095 2780 4263 2641
r-833 39 0.321188 39 0.321188 -1 -1 -1
r-846 34 0.0909091 34 0.0909091 5923926 21054063 5557639
r-184 25 0.373333 25 0.373333 1642516 1333755 1236237
r-286 19 0.859649 19 0.859649 35755 21791 22319
r-271 28 0.925926 28 0.925926 6492788 10004717 5305354
r-641 19 0.888889 19 0.888889 6840 2272 5911
r-167 27 0.706553 27 0.706553 4373100 5806710 3945331
r-446 31 0.8 31 0.8 11259359 18018023 11349791
r-92 32 0.52621 32 0.52621 65853337 100620765 60230981
r-957 31 0.797849 31 0.797849 22175386 22367885 20328494
r-125 32 0.659274 32 0.659274 56707535 72317403 51089566
r-546 21 0.3 21 0.3 111318 134384 81693
r-137 34 0.848485 34 0.848485 58227682 40964216 44576367
r-927 35 0.571429 35 0.571429 174474151 259904480 163057772
r-610 26 0.92 26 0.92 54280 523910 52449
r-95 27 0.156695 27 0.156695 2207920 2218148 1970117
r-175 16 0.1 16 0.1 575 422 556
r-778 17 0.0808824 17 0.0808824 11562 57187 11538
r-158 38 0.852063 38 0.852063 345811823 720201500 288713525
r-688 27 0.726496 27 0.726496 7590154 5884085 6805264
r-215 21 0.552381 21 0.552381 266435 210533 232985
r-622 29 0.349754 29 0.349754 14318895 14946970 12509499
r-996 20 0.384211 20 0.384211 158187 168615 145544
r-911 24 0.786232 24 0.786232 777902 999614 594743
r-953 27 0.122507 27 0.122507 198924 503923 184586
r-558 15 0.428571 15 0.428571 3799 4799 3097
r-550 27 0.0626781 27 0.0626781 87013 75599 54879
r-990 28 0.984127 28 0.984127 330 1778 331
r-929 38 0.512091 38 0.512091 -1 -1 -1
r-258 22 0.316017 22 0.316017 291812 146620 261819
r-80 17 0.338235 17 0.338235 12783 15388 8154
r-194 17 0.279412 17 0.279412 22746 22746 18114
r-419 36 0.834921 36 0.834921 349843941 385750847 328877581
r-917 23 0.608696 23 0.608696 775764 967043 639748
r-660 31 0.703226 31 0.703226 36568919 45639402 32447369
r-8 26 0.332308 26 0.332308 3366529 4886313 2650476
r-935 40 0.182051 40 0.182051 -1 -1 -1
r-632 27 0.934473 27 0.934473 15054661 -1 -1
r-913 24 0.626812 24 0.626812 586768 710626 484349
r-433 21 0.233333 21 0.233333 45943 49779 40134
r-106 31 0.969892 31 0.969892 -1 20360 -1
r-1 30 0.783908 30 0.783908 9737711 9599729 8866168
r-300 32 0.201613 32 0.201613 14990465 50689066 12434983
r-28 25 0.533333 25 0.533333 2318764 2356140 2119303
r-795 22 0.69697 22 0.69697 455080 546880 405375
r-847 19 0.830409 19 0.830409 5951 5627 5179
r-977 27 0.538462 27 0.538462 6322746 5847077 5806316
r-532 22 0.748918 22 0.748918 308597 198064 256871
r-926 20 0.621053 20 0.621053 137329 104432 111521
r-233 20 0.7 20 0.7 98829 113736 79684
r-348 40 0.398718 40 0.398718 -1 -1 -1
r-873 30 0.673563 30 0.673563 14288997 35219808 12712985
r-850 18 0.183007 18 0.183007 23569 17692 22160
r-183 19 0.549708 19 0.549708 42717 94624 40311
r-230 34 0.144385 34 0.144385 20819341 22908295 18267254
r-633 26 0.409231 26 0.409231 2672694 5256430 2383648
r-386 15 0.171429 15 0.171429 1434 1399 1438
r-87 38 0.0199147 38 0.0199147 6753 623619 6807
r-141 15 0.657143 15 0.657143 6104 5097 4811
r-134 33 0.229167 33 0.229167 63689483 50860311 57404506
r-189 18 0.431373 18 0.431373 42348 34425 34996
r-430 26 0.646154 26 0.646154 1952732 2326959 1570997
r-906 25 0.42 25 0.42 1206217 1190882 1044494
r-489 36 0.58254 36 0.58254 240434148 219349830 213077264
r-37 23 0.328063 23 0.328063 290960 337606 232928
r-273 38 0.325747 38 0.325747 -1 640076209 -1
r-865 25 0.186667 25 0.186667 930361 679174 769507
r-728 27 0.863248 27 0.863248 664402 591291 585177
r-145 23 0.466403 23 0.466403 387213 421757 352585
r-669 35 0.615126 35 0.615126 216723544 263188949 192430005
r-901 34 0.135472 34 0.135472 9262976 16975881 7269238
r-296 35 0.996639 35 0.996639 601 601 601
r-448 21 0.895238 21 0.895238 11787 18167 11135
r-964 28 0.57672 28 0.57672 11683356 10726568 10424584
r-915 22 0.220779 22 0.220779 244316 189687 200687
r-493 15 0.533333 15 0.533333 8585 5923 7484
r-221 32 0.580645 32 0.580645 59215511 66049514 52268387
r-359 21 0.333333 21 0.333333 121495 180731 96493
r-29 26 0.787692 26 0.787692 1166965 1033811 1124573
r-705 33 0.950758 33 0.950758 9749844 3280730 7452051
r-857 15 0.0857143 15 0.0857143 76 91 76
r-457 22 0.805195 22 0.805195 36203 25499 27427
r-897 30 0.583908 30 0.583908 33902064 17662696 31155400
r-327 30 0.767816 30 0.767816 8351029 12802607 7581055
r-652 37 0.626126 37 0.626126 717095128 677572887 639218564
r-369 39 0.615385 39 0.615385 -1 -1 -1
r-197 34 0.99287 34 0.99287 513 513 513
r-967 30 0.604598 30 0.604598 17752977 23032015 15508927
r-239 25 0.48 25 0.48 1867993 2843562 1711063
r-255 39 0.551957 39 0.551957 -1 -1 -1
r-11 30 0.0229885 30 0.0229885 13519 593 13527
r-508 34 0.386809 34 0.386809 182591178 121932743 156008498
r-808 18 0.529412 18 0.529412 56566 32373 48809
r-25 37 0.0705706 37 0.0705706 22359104 36409039 23981495
r-469 34 0.174688 34 0.174688 50957457 93882041 45804872
r-787 37 0.95045 37 0.95045 142423152 3001739879 112897167
r-454 40 0.278205 40 0.278205 -1 -1 -1
r-853 36 0.879365 36 0.879365 79413844 133271475 77514226
r-869 29 0.975369 29 0.975369 260 265 260
r-904 27 0.980057 27 0.980057 342 261 346
r-863 19 0.438596 19 0.438596 49471 60661 43312
r-122 33 0.632576 33 0.632576 104657649 162270206 96327187
r-55 33 0.032197 33 0.032197 -1 161070 -1
r-47 16 0.791667 16 0.791667 4919 6418 3449
r-562 33 0.329545 33 0.329545 44033975 69801096 34580283
r-487 35 0.331092 35 0.331092 204546613 215981747 178260660
r-254 16 0.375 16 0.375 3061 4070 2669
r-783 33 0.657197 33 0.657197 79496894 103372126 70499319
r-214 40 0.215385 40 0.215385 -1 -1 -1
r-345 15 0.209524 15 0.209524 1170 2005 1065
r-428 21 0.947619 21 0.947619 575 55197 579
r-923 24 0.0978261 24 0.0978261 54335 36108 50152
r-890 29 0.657635 29 0.657635 12414760 12839147 11363726
r-719 17 0.507353 17 0.507353 16854 28534 15880
r-88 30 0.514943 30 0.514943 28972201 34657069 26539695
r-533 15 0.552381 15 0.552381 5493 9448 4886
r-43 29 0.916256 29 0.916256 885774 559604 749293
r-455 27 0.666667 27 0.666667 9803528 7177724 8689417
r-668 29 0.561576 29 0.561576 15738439 19985442 14081884
r-42 36 0.819048 36 0.819048 105616913 194010217 71541930
r-838 33 0.842803 33 0.842803 25455958 43588609 24878113
r-297 32 0.59879 32 0.59879 49669049 43620351 42121129
r-983 38 0.887624 38 0.887624 92055872 184371929 83545921
r-506 35 0.396639 35 0.396639 147285868 187482735 126337435
r-695 16 0.508333 16 0.508333 10877 6681 9134
r-651 33 0.0511364 33 0.0511364 3884 28427 3399
r-49 37 0.861862 37 0.861862 314448637 522406587 292423095
r-347 30 0.468966 30 0.468966 16854234 18700764 14827875
r-156 27 0.11396 27 0.11396 248891 268763 249021
r-793 37 0.484985 37 0.484985 360592754 337577808 339121878
r-186 26 0.0276923 26 0.0276923 226 284 229
r-381 35 0.0184874 35 0.0184874 432214202 -1 -1
r-384 15 0.714286 15 0.714286 982 2811 799
r-250 20 0.778947 20 0.778947 40022 50145 42077
r-78 19 0.421053 19 0.421053 36331 44627 32369
r-16 38 0.241821 38 0.241821 -1 -1 -1
r-777 24 0.699275 24 0.699275 964293 809579 944998
r-291 35 0.862185 35 0.862185 86383607 80601777 77675822
r-283 30 0.0712644 30 0.0712644 57548 108753 53246
r-464 22 0.125541 22 0.125541 34669 26332 37092
r-124 23 0.944664 23 0.944664 285 275 299
r-102 40 0.383333 40 0.383333 -1 -1 -1
r-899 37 0.642643 37 0.642643 299062493 527129557 253688163
r-851 16 0.558333 16 0.558333 6448 8156 5851
r-281 16 0.558333 16 0.558333 11991 12372 10185
r-739 28 0.425926 28 0.425926 10416614 10482330 8994412
r-144 16 0.466667 16 0.466667 13904 18149 12783
r-920 34 0.196078 34 0.196078 128171902 96366604 120993152
r-302 28 0.645503 28 0.645503 7444978 7766410 6755406
r-924 18 0.562092 18 0.562092 19069 13344 15312
r-881 15 0.247619 15 0.247619 2416 3450 1983
r-501 15 0.390476 15 0.390476 1590 10013 1304
r-436 38 0.83926 38 0.83926 615721078 1032704159 539232778
r-824 20 0.0315789 20 0.0315789 166 1214 167
r-696 40 0.784615 40 0.784615 -1 -1 -1
r-910 24 0.503623 24 0.503623 826910 573419 762214
r-867 20 0.505263 20 0.505263 84679 59684 80093
r-299 19 0.333333 19 0.333333 62179 99183 43631
r-804 18 0.699346 18 0.699346 51297 43745 50470
r-886 27 0.948718 27 0.948718 -1 5005018 -1
r-51 28 0.177249 28 0.177249 2277821 2050164 1456862
r-305 38 0.773826 38 0.773826 -1 -1 -1
r-921 31 0.941935 31 0.941935 988352 834037 1166398
r-951 25 0.77 25 0.77 715693 570047 632273
r-744 18 0.908497 18 0.908497 578 615 561
r-544 15 0.6 15 0.6 3664 7237 3307
r-680 26 0.0276923 26 0.0276923 2393 935 641
r-139 31 0.539785 31 0.539785 18868244 14103275 16385724
r-182 25 0.33 25 0.33 1746662 1016739 1649354
