instance n1 density1 n2 density2 mcsplit mcsplit-swapped mcsplit-smart-swapped mcsplit+f mcsplit+bigf mcsplit-b mcsplit-b-swapped mcsplit-b-smart-swapped mcsplit-nosort mcsplit-nosort-swapped mcsplit-nosort-smart-swapped
r-136 24 0.543478 24 0.173913 48140 61532 48140 253725 51805 72984 85673 72984 114342 67268 114342
r-529 24 0.0326087 24 0.608696 45006 1939 1939 152425 9879 32167 1120 1120 29898 3323 3323
r-421 24 0.463768 24 0.688406 181664 188666 181664 728739 167952 266533 270746 266533 990611 638336 990611
r-842 24 0.644928 24 0.576087 1843360 601183 601183 719654 1536336 3427387 984405 984405 1868236 1699806 1699806
r-789 24 0.543478 24 0.623188 922190 1738167 922190 1679030 876411 1633777 3330216 1633777 1640008 1118929 1640008
r-960 24 0.460145 24 0.0289855 866 1294301 866 1304041 1318 611 1454425 611 12572 684485 12572
r-224 24 0.880435 24 0.514493 171526 23396 23396 30485 106962 269884 33937 33937 98420 38257 38257
r-223 24 0.576087 24 0.0217391 1072 72925 1072 103994 924 1528 121302 1528 7913 89328 7913
r-365 24 0.76087 24 0.105072 3258 2412 3258 58497 2662 4292 3259 4292 8128 4431 8128
r-963 24 0.0507246 24 0.264493 4572551 58763 58763 371110 334461 5566001 72289 72289 5205629 79259 79259
r-69 24 0.0326087 24 0.615942 97907 1126 1126 985780 92968 163462 635 635 132683 2111 2111
r-355 24 0.507246 24 0.398551 493620 509002 493620 1186889 446898 804445 803998 804445 1361794 1119333 1361794
r-406 24 0.521739 24 0.945652 10744 164961 10744 169419 10357 5658 232919 5658 16826 157076 16826
r-794 24 0.554348 24 0.677536 305069 1198571 305069 1153736 272468 488457 2208204 488457 643694 1174903 643694
r-656 24 0.492754 24 0.134058 8816 131887 8816 119753 9890 12082 212291 12082 140100 151185 140100
r-644 24 0.746377 24 0.202899 2812 4442 2812 81318 2081 3303 6142 3303 51990 68125 51990
r-119 24 0.166667 24 0.583333 11478 4650 4650 134840 12089 16723 6431 6431 61154 29942 29942
r-533 24 0.380435 24 0.442029 1617692 822316 822316 928322 1362283 3113710 1464995 1464995 1438970 1419436 1419436
r-258 24 0.981884 24 0.73913 482251347 18959 18959 18767896 797321 468377125 9790 9790 382687470 2639518 2639518
r-381 24 0.228261 24 0.775362 7603 2468 7603 72768 7853 10962 3078 10962 40361 14735 40361
r-692 24 0.282609 24 0.757246 9348 14357 9348 181537 9652 14141 20430 14141 77936 45183 77936
r-859 24 0.905797 24 0.605072 202148 12500 12500 16010 131403 313116 16761 16761 289001 415610 415610
r-259 24 0.355072 24 0.275362 409436 1107595 409436 1156417 409294 679764 1916760 679764 761668 1203496 761668
r-520 24 0.688406 24 0.126812 2376 11632 2376 42279 1669 3084 16667 3084 11741 47821 11741
r-438 24 0.438406 24 0.199275 37054 507915 37054 437275 33536 39761 886676 39761 125042 141131 125042
r-166 24 0.65942 24 0.702899 617201 972327 617201 1091652 610665 943487 1658326 943487 1625728 1203315 1625728
r-6 24 0.210145 24 0.862319 2650 1123 2650 25519 2438 3719 1993 3719 16943 4054 16943
r-605 24 0.608696 24 0.221014 8951 26374 8951 170136 8029 2519 38406 2519 104292 137678 104292
r-809 24 0.460145 24 0.692029 39071 226536 39071 531237 36669 50536 330972 50536 880310 593774 880310
r-607 24 0.155797 24 0.800725 935 2505 2505 38009 1507 2142 4789 4789 14178 18167 18167
r-401 24 0.391304 24 0.655797 89401 60092 89401 765482 87356 131360 86887 131360 325023 212721 325023
r-566 24 0.307971 24 0.351449 1393576 806374 806374 958347 1206136 2373333 1265871 1265871 1606571 691348 691348
r-818 24 0.735507 24 0.963768 13460 11977822 13460 11264896 9676 8008 12210962 8008 109652 9348710 109652
r-705 24 0.514493 24 0.434783 529539 690695 529539 904959 467373 850979 1164629 850979 1224728 820215 1224728
r-187 24 0.442029 24 0.57971 148481 343653 148481 806930 138637 218424 554656 218424 1215385 737393 1215385
r-63 24 0.623188 24 0.431159 383064 246553 246553 1219935 389714 588029 355938 355938 592189 1018754 1018754
r-124 24 0.467391 24 0.735507 91080 78186 91080 356633 95239 129981 112538 129981 132925 123221 132925
r-858 24 0.952899 24 0.166667 1097 810 810 7162 578 2625 1283 1283 1594 1521 1521
r-479 24 0.822464 24 0.206522 2444 1692 1692 46195 2361 3971 556 556 15825 4275 4275
r-868 24 0.235507 24 0.286232 662055 227473 227473 274615 604133 1040868 335995 335995 939850 290017 290017
r-949 24 0.119565 24 0.405797 262700 28119 28119 38060 184221 433490 35629 35629 153015 54713 54713
r-800 24 0.057971 24 0.384058 495676 3466 3466 11322 106423 638291 4463 4463 763624 29787 29787
r-435 24 0.278986 24 0.445652 1250838 259541 259541 414005 1005313 2371497 394706 394706 838622 1362056 1362056
r-123 24 0.728261 24 0.565217 1365328 322918 322918 413468 1142420 2447414 524248 524248 694675 524209 524209
r-458 24 0.554348 24 0.561594 1044813 1477020 1044813 1672291 958426 1878754 2753328 1878754 927755 1697550 927755
r-844 24 0.166667 24 0.365942 783164 160913 160913 205593 646636 1310268 224531 224531 637433 209453 209453
r-704 24 0.836957 24 0.586957 606319 182708 182708 243481 535352 1097209 298044 298044 183201 198578 198578
r-339 24 0.568841 24 0.59058 985777 991523 985777 1069689 891721 1686182 1851170 1686182 936605 767095 936605
r-578 24 0.275362 24 0.0724638 17233 481187 17233 474628 15603 21337 619655 21337 2268904 3177237 2268904
r-10 24 0.485507 24 0.746377 153325 125379 153325 813569 144586 242676 163918 242676 388214 279168 388214
r-311 24 0.844203 24 0.996377 3257702 -1 3257702 -1 3257512 133668 -1 133668 -1 -1 -1
r-241 24 0.98913 24 0.347826 40028 1039 1039 201683 24620 52625 1615 1615 40528 1075 1075
r-496 24 0.344203 24 0.710145 60061 30271 60061 438019 62076 90226 34830 90226 222622 298919 222622
r-296 24 0.108696 24 0.485507 231020 9534 9534 15856 183098 385474 3781 3781 108582 89337 89337
r-806 24 0.981884 24 0.057971 386 45 45 2857 181 982 525 525 389 97 97
r-169 24 0.26087 24 0.786232 2910 2753 2910 88454 3785 4294 3832 4294 43865 9568 43865
r-565 24 0.358696 24 0.449275 1746715 726430 726430 919723 1350149 3351772 1283526 1283526 1604151 775730 775730
r-332 24 0.268116 24 0.34058 633061 204754 204754 239283 506154 1071344 242931 242931 827770 1315947 1315947
r-2 24 0.782609 24 0.293478 18569 8723 8723 143409 18129 6578 10064 10064 16267 44731 44731
r-590 24 0.257246 24 0.728261 9301 4484 4484 172171 10494 12698 5569 5569 43445 37429 37429
r-92 24 0.00724638 24 0.318841 2809222934 5798 5798 18701164 838072 3042907038 10268 10268 2150484910 8102482 8102482
r-974 24 0.75 24 0.492754 64406 74512 74512 1088630 76800 90525 102779 102779 336481 209213 209213
r-603 24 0.594203 24 0.51087 1286007 582760 582760 765418 1098821 2408026 945882 945882 1473176 845198 845198
r-170 24 0.315217 24 0.644928 80324 66594 66594 369277 88283 121028 94459 94459 104979 126532 126532
r-265 24 0.985507 24 0.677536 538123164 20723 20723 7654789 1312931 597238797 24901 24901 131009385 315249 315249
r-610 24 0.134058 24 0.15942 123585 19183 19183 25051 89119 152286 17727 17727 226934 188675 188675
r-997 24 0.257246 24 0.057971 33051 4210882 33051 3839933 36617 41869 5058026 41869 117283 5669848 117283
r-915 24 0.231884 24 0.688406 20701 10533 10533 196706 22528 30635 14172 14172 36289 158607 158607
r-736 24 0.942029 24 0.619565 1210691 5195 5195 16024 61948 1452343 2669 2669 1207846 20939 20939
r-202 24 0.362319 24 0.0978261 11578 224468 11578 239499 12335 13510 331243 13510 63525 532005 63525
r-495 24 0.702899 24 0.807971 160142 871009 160142 859541 180559 147764 1203247 147764 606633 876507 606633
r-243 24 0.0507246 24 0.235507 1223227 24634 24634 48013 312408 1370347 6212 6212 8955346 256249 256249
r-291 24 0.15942 24 0.608696 19596 17537 17537 177659 24106 28672 24341 24341 56334 45996 45996
r-921 24 0.655797 24 0.525362 1128757 490728 490728 646311 961091 2110419 804108 804108 847974 856682 856682
r-897 24 0.311594 24 0.25 194415 500376 194415 532526 185323 291328 788451 291328 707819 791681 707819
r-83 24 0.235507 24 0.177536 123078 492897 123078 508354 131947 157271 718856 157271 259325 490403 259325
r-697 24 0.800725 24 0.974638 4670 1573789840 4670 1259487192 4504 646 1499706991 646 19234121 1391743899 19234121
r-716 24 0.525362 24 0.942029 1998 480967 1998 467997 1658 1099 584801 1099 153165 754605 153165
r-750 24 0.413043 24 0.710145 137301 102032 137301 813270 130653 197648 126827 197648 447658 335068 447658
r-299 24 0.257246 24 0.884058 771 6465 771 24033 725 775 10154 775 6276 12709 6276
r-358 24 0.0471014 24 0.40942 719955 3893 3893 77879 40967 952211 5246 5246 649407 40632 40632
r-173 24 0.449275 24 0.286232 204279 1170250 204279 1080939 202914 304035 2128224 304035 543311 597491 543311
r-597 24 0.0507246 24 0.514493 174369 723 723 320606 33854 212797 893 893 81499 8993 8993
r-440 24 0.15942 24 0.416667 373445 51898 51898 66604 336916 665945 81539 81539 358650 76050 76050
r-599 24 0.528986 24 0.518116 1252371 923495 923495 1042622 1105444 2308811 1640584 1640584 1944877 1885632 1885632
r-388 24 0.358696 24 0.634058 108611 47558 47558 492310 106420 164914 69075 69075 379714 463542 463542
r-546 24 0.655797 24 0.0471014 966 21254 966 40559 736 1006 29783 1006 10984 30032 10984
r-80 24 0.449275 24 0.905797 1860 26357 1860 99636 1490 2436 38159 2436 36338 42218 36338
r-335 24 0.336957 24 0.40942 1868910 389179 389179 539490 1517826 3346796 628002 628002 1100923 1195129 1195129
r-941 24 0.706522 24 0.333333 30425 33872 33872 172642 31403 40850 47449 47449 137375 89605 89605
r-803 24 0.15942 24 0.195652 305950 110677 110677 143802 201766 414972 148173 148173 854690 1179087 1179087
r-186 24 0.728261 24 0.699275 620210 564602 564602 658684 501468 996284 850508 850508 772783 1104340 1104340
r-568 24 0.0869565 24 0.644928 12822 551 551 31249 8187 14624 400 400 6444 2491 2491
r-933 24 0.597826 24 0.65942 526529 1040173 526529 1060087 482486 922118 1911655 922118 1967709 1610627 1967709
r-545 24 0.163043 24 0.23913 177873 22777 22777 33071 127823 214641 25116 25116 596072 83287 83287
r-101 24 0.503623 24 0.923913 3687 75847 3687 80146 2987 4180 117308 4180 37394 43881 37394
r-981 24 0.641304 24 0.333333 64617 49973 64617 323410 64210 80571 76188 80571 375000 273230 375000
r-552 24 0.246377 24 0.202899 141776 878382 141776 907229 212175 202009 1294287 202009 1135382 521413 1135382
r-633 24 0.452899 24 0.847826 11479 22140 11479 50142 11380 5249 29042 5249 95970 26705 95970
r-585 24 0.637681 24 0.597826 1115257 588705 588705 767844 908273 1968659 946865 946865 901629 799031 799031
r-212 24 0.583333 24 0.608696 1142920 1383411 1142920 1424823 991608 2035514 2513491 2035514 1728024 1855026 1728024
r-978 24 0.257246 24 0.485507 759499 140713 140713 236275 572134 1402562 200683 200683 352917 626386 626386
r-715 24 0.539855 24 0.228261 35885 66399 35885 488433 33742 51070 95309 51070 212269 123699 212269
r-164 24 0.507246 24 0.315217 90684 168724 90684 970970 81571 123265 240309 123265 491447 456599 491447
r-730 24 0.811594 24 0.894928 101046 235893 101046 215647 105414 119080 303329 119080 211775 547756 211775
r-980 24 0.0869565 24 0.184783 2918897 20208 20208 129397 1405031 3481262 23185 23185 2973571 147347 147347
r-746 24 0.402174 24 0.684783 59607 57647 59607 637954 56315 82805 78794 82805 99448 268839 99448
r-537 24 0.130435 24 0.59058 20828 13627 13627 172278 25169 28956 18058 18058 103309 35132 35132
r-49 24 0.90942 24 0.336957 16273 1514 1514 92127 15257 20356 1938 1938 16041 17129 17129
r-609 24 0.873188 24 1 7247043 -1 7247043 -1 7247043 7174069 -1 7174069 -1 -1 -1
r-898 24 0.644928 24 0.51087 629719 191918 191918 294751 539705 1136175 296802 296802 728499 822687 822687
r-463 24 0.952899 24 0.586957 427150 6915 6915 12485 65236 561458 5831 5831 219009 16078 16078
r-559 24 0.681159 24 0.891304 151060 683512 151060 688151 171237 216227 1056877 216227 458942 600200 458942
r-437 24 0.333333 24 0.576087 130213 163905 163905 954501 136129 195883 249161 249161 346129 564379 564379
r-531 24 0.210145 24 0.471014 461537 94713 94713 199228 380728 820194 143349 143349 137299 191151 191151
r-793 24 0.815217 24 0.952899 94879 23154631 94879 18140539 15604 99359 25052452 99359 1880258 41524100 1880258
r-55 24 0.210145 24 0.884058 8019 3803 8019 59174 6737 4621 3468 4621 7832 7180 7832
r-932 24 0.663043 24 0.811594 15600 499724 15600 492802 13717 13227 780970 13227 337076 676282 337076
r-582 24 0.471014 24 0.996377 956 556372 956 770750 924 1400 716256 1400 406642 689611 406642
r-359 24 0.996377 24 0.576087 158804377 3540 3540 131644 36389679 170596742 4691 4691 33342002 2875161 2875161
r-570 24 0.134058 24 0.521739 55189 6998 6998 422544 49256 74998 8758 8758 80885 15947 15947
r-601 24 0.362319 24 0.0869565 37676 307354 37676 313477 33860 50245 418887 50245 142511 288053 142511
r-973 24 0.634058 24 0.231884 15181 17698 15181 390256 17974 20035 24933 20035 93738 38692 93738
r-453 24 0.278986 24 0.757246 9839 6647 9839 174982 11509 14133 8861 14133 21265 79619 21265
r-508 24 0.315217 24 0.438406 718881 432125 432125 525863 574979 1340321 751427 751427 621770 668497 668497
r-926 24 0.981884 24 0.0434783 196 51 51 2392 82 694 526 526 198 119 119
r-671 24 0.416667 24 0.0434783 17774 766411 17774 772282 17505 27503 1163649 27503 563777 895027 563777
r-371 24 0.702899 24 0.731884 491419 594917 491419 666706 426195 807772 969162 807772 546693 581319 546693
r-310 24 0.434783 24 0.98913 3872 252284 3872 723130 1491 4663 360714 4663 6648 488018 6648
r-192 24 0.644928 24 0.518116 1037282 382003 382003 513752 851083 2014541 633552 633552 994541 1295543 1295543
r-884 24 0.688406 24 0.438406 132848 83428 83428 784161 135263 201152 127040 127040 716592 181813 181813
r-454 24 0.583333 24 0.173913 10171 64218 10171 175508 11669 14753 87089 14753 119546 37994 119546
r-120 24 0.525362 24 0.652174 292446 1432753 292446 1407792 264230 464648 2817827 464648 1352908 868051 1352908
r-853 24 0.916667 24 0.833333 1017136 30177 30177 175923 483876 1072087 25070 25070 3423474 1662227 1662227
r-502 24 0.336957 24 0.514493 321657 57443 57443 1028780 337863 460880 81071 81071 466716 1035219 1035219
r-567 24 0.0217391 24 0.927536 682 130 130 4413 329 1575 627 627 671 505 505
r-116 24 0.789855 24 0.224638 2744 6730 6730 44394 2448 3279 9533 9533 15998 65781 65781
r-852 24 0.199275 24 0.108696 24520 156568 24520 162476 20473 18928 200762 18928 75905 173552 75905
r-313 24 0.318841 24 0.231884 610495 1497221 610495 1489222 650840 950562 2445480 950562 1038619 625402 1038619
r-91 24 0.612319 24 0.471014 591161 173995 173995 1163864 554378 976690 239048 239048 825208 885297 885297
r-478 24 0.173913 24 0.123188 39812 415545 39812 417581 50393 47248 503970 47248 540156 947181 540156
r-250 24 0.413043 24 0.945652 685 94889 685 39976 447 1055 130681 1055 5211 47005 5211
r-785 24 0.507246 24 0.561594 714015 901478 714015 924405 631061 1305312 1697045 1305312 1178414 1264267 1178414
r-807 24 0.26087 24 0.858696 2063 4256 2063 71996 2701 3123 5680 3123 22045 4499 22045
r-104 24 0.923913 24 0.887681 263653 105658 105658 287344 98801 168155 110293 110293 197954077 7542842 7542842
r-5 24 0.115942 24 0.92029 488 1102 488 11014 422 1079 1970 1079 1827 1348 1827
r-43 24 0.666667 24 0.456522 164288 279852 279852 773976 176105 235989 425451 425451 590327 638135 638135
r-60 24 0.894928 24 0.195652 1908 737 737 17427 1768 3174 469 469 2775 3630 3630
r-398 24 0.931159 24 0.246377 7845 2530 2530 24273 6699 11462 3636 3636 5618 10771 10771
r-303 24 0.637681 24 0.945652 10626 697044 10626 675093 10984 15096 899384 15096 20888 864971 20888
r-549 24 0.0652174 24 0.25 4777971 14629 14629 24936 749084 5890729 18425 18425 3514608 366677 366677
r-895 24 0.431159 24 0.952899 1173 78384 1173 62223 841 1637 92346 1637 3413 77427 3413
r-911 24 0.851449 24 0.17029 1760 2498 2498 28395 1788 2463 3597 3597 26757 2673 2673
r-804 24 0.0253623 24 0.394928 3420385 6080 6080 86512 31330 4501708 1339 1339 16862233 126728 126728
r-539 24 0.228261 24 0.0362319 40868 59403642 40868 53102116 41930 21892 66811188 21892 1632432 20797305 1632432
r-642 24 0.318841 24 0.221014 397170 914304 397170 910554 431276 616758 1525395 616758 870462 898493 870462
r-426 24 0.782609 24 0.876812 31727 527878 31727 511867 35394 5660 572806 5660 929198 759283 929198
r-617 24 0.978261 24 0.112319 1101 553 553 3500 462 2364 525 525 1099 628 628
r-757 24 0.101449 24 0.742754 4578 769 769 38487 3787 7454 1117 1117 6447 3370 3370
r-68 24 0.0869565 24 0.51087 63944 7450 7450 354936 68141 87506 2879 2879 154885 16064 16064
r-286 24 0.942029 24 0.985507 163139 -1 163139 -1 162037 191342 -1 191342 6585161933 -1 6585161933
r-106 24 0.456522 24 0.478261 1195635 779698 779698 869282 1072041 2225545 1295605 1295605 1536150 1463395 1463395
r-718 24 0.623188 24 0.166667 14523 16950 14523 132748 12874 4054 23863 4054 41539 31877 41539
r-654 24 0.351449 24 0.503623 221640 470728 470728 957489 222899 325839 706594 706594 1154668 650000 650000
r-540 24 0.916667 24 0.0797101 434 639 434 6904 316 934 1004 934 599 558 599
r-687 24 0.318841 24 0.90942 1871 9537 1871 27634 1509 2886 13424 2886 4468 21730 4468
r-745 24 0.0253623 24 0.398551 1017743 10422 10422 443123 24989 1222011 5844 5844 1392792 137670 137670
r-260 24 0.0905797 24 0.264493 1370541 4271 4271 7218 558191 1731278 5440 5440 4133978 79918 79918
r-971 24 0.836957 24 0.0543478 302 1231 302 8608 293 821 3177 821 1117 2418 1117
r-41 24 0.800725 24 0.865942 211403 686210 211403 691897 226208 264148 905157 264148 310592 686346 310592
r-343 24 0.507246 24 0.710145 402377 1470549 402377 1377634 397676 678398 2839255 678398 417300 761378 417300
r-928 24 0.913043 24 0.391304 8321 3096 3096 63450 6006 8896 4315 4315 17113 18443 18443
r-351 24 0.884058 24 0.532609 241902 4678 4678 6102 164376 406312 5869 5869 185645 63715 63715
r-946 24 0.228261 24 0.971014 124 8679 124 5194 107 571 13967 571 1289 9805 1289
r-761 24 0.0869565 24 0.576087 35157 4296 4296 129789 20745 42900 1678 1678 24961 11777 11777
r-636 24 0.119565 24 0.547101 31722 13691 13691 174429 28480 49122 19354 19354 111231 86564 86564
r-509 24 0.688406 24 0.641304 1011230 676803 676803 781949 824907 1795204 1132139 1132139 1391194 1112300 1112300
r-198 24 0.876812 24 0.51087 156819 8057 8057 11103 130813 305082 10999 10999 49020 17340 17340
r-346 24 0.293478 24 0.0144928 54094 388484899 54094 372496528 51236 16703 435565974 16703 4827824 197851050 4827824
r-373 24 0.503623 24 0.228261 52878 88900 52878 378912 47900 25516 117513 25516 168696 199183 168696
r-682 24 0.949275 24 0.373188 16566 961 961 76302 4860 25218 1631 1631 22786 3564 3564
r-555 24 0.452899 24 0.956522 2000 42792 2000 42214 1069 2000 53336 2000 32345 25450 32345
r-888 24 0.731884 24 0.481884 64460 107740 107740 899597 91850 88049 153077 153077 666006 471273 471273
r-413 24 0.257246 24 0.126812 83255 1555381 83255 1454351 122685 118902 2246727 118902 568403 1250866 568403
r-995 24 0.0615942 24 0.865942 1235 118 118 5842 1238 2697 584 584 1521 925 925
r-505 24 0.528986 24 0.833333 36521 301496 36521 247827 40068 12030 462386 12030 150020 63408 150020
r-672 24 0.471014 24 0.148551 35502 380616 35502 314589 46969 47681 677870 47681 173188 357327 173188
r-45 24 0.246377 24 0.438406 960819 119879 119879 172505 708964 1862161 144021 144021 321440 714751 714751
r-36 24 0.65942 24 0.576087 1661460 606500 606500 795345 1250344 2831669 992953 992953 1374023 1460091 1460091
r-543 24 0.130435 24 0.652174 16396 2396 2396 92149 18372 8151 2940 2940 26026 47919 47919
r-22 24 0.173913 24 0.311594 506537 35656 35656 43911 436400 774283 39612 39612 411753 157875 157875
r-816 24 0.456522 24 0.67029 281234 218846 281234 858863 271542 426432 333345 426432 692459 492040 692459
r-150 24 0.778986 24 0.380435 28720 29914 29914 270115 34225 41867 43244 43244 228565 85470 85470
r-854 24 0.532609 24 0.336957 308807 499732 308807 1419051 288623 481053 779095 481053 625234 1147074 625234
r-236 24 0.282609 24 0.862319 2897 5659 2897 78058 2774 4483 8733 4483 16405 10176 16405
r-175 24 0.695652 24 0.641304 1060544 465378 465378 583915 808888 1879972 768988 768988 1015508 1849110 1849110
r-680 24 0.0362319 24 0.547101 88072 3313 3313 521650 41389 128580 5418 5418 71682 18114 18114
r-954 24 0.873188 24 0.481884 69832 5433 5433 258906 73904 92451 6632 6632 60654 56514 56514
r-929 24 0.905797 24 0.532609 210378 6145 6145 7546 161769 361874 7615 7615 165363 156934 156934
r-217 24 0.5 24 0.394928 320222 880258 320222 856400 289968 501008 1621420 501008 1241035 1389389 1241035
r-881 24 0.706522 24 0.764493 324345 636587 324345 622654 327724 329708 707815 329708 158065 451258 158065
r-377 24 0.938406 24 0.721014 1571820 9561 9561 12196 313019 2094999 11735 11735 3366945 83051 83051
r-226 24 0.0181159 24 0.692029 20740 822 822 31154 7482 31745 1315 1315 21177 6003 6003
r-748 24 0.576087 24 0.213768 24992 80275 24992 305568 25124 36512 116253 36512 52772 114857 52772
r-670 24 0.148551 24 0.844203 880 1019 1019 25886 1246 890 1516 1516 10089 7353 7353
r-798 24 0.927536 24 0.59058 166899 21926 21926 57077 75029 244127 8393 8393 430400 63387 63387
r-752 24 0.98913 24 0.173913 1999 56 56 8876 879 4064 525 525 2669 871 871
r-580 24 0.771739 24 0.521739 472105 29425 29425 50655 354696 879675 39842 39842 138187 454468 454468
r-885 24 0.48913 24 0.981884 518 364637 518 427732 408 527 489824 527 35785 312981 35785
r-675 24 0.438406 24 0.434783 1032337 1868793 1032337 2012567 915108 1653442 3544281 1653442 1719981 1545092 1719981
r-620 24 0.894928 24 0.641304 563630 40092 40092 53002 356592 919625 38178 38178 329748 431790 431790
r-183 24 0.293478 24 0.76087 19686 10605 19686 136016 20650 27848 15114 27848 52530 124483 52530
r-154 24 0.355072 24 0.351449 1054234 1018036 1054234 1133897 878872 1885774 1820467 1885774 1346336 1334120 1346336
r-140 24 0.467391 24 0.65942 334560 425852 334560 700447 311321 520639 685325 520639 390151 296238 390151
r-501 24 0.518116 24 0.34058 245850 240718 245850 1038809 234187 391003 369833 391003 538156 668943 538156
r-410 24 0.347826 24 0.568841 258406 94039 94039 1435848 268063 401152 133881 133881 1073658 647498 647498
r-560 24 0.192029 24 0.84058 1125 2662 1125 30645 836 1611 2039 1611 5425 27039 5425
r-220 24 0.73913 24 0.811594 162609 760300 162609 820873 138909 162651 1175205 162651 193924 422551 193924
r-128 24 0.304348 24 0.76087 18652 5616 18652 249486 20606 31646 8174 31646 97934 149044 97934
r-78 24 0.695652 24 0.105072 12063 7414 12063 34067 10708 17481 13360 17481 14292 14878 14292
r-812 24 0.677536 24 0.967391 13502 6544948 13502 5627562 12437 21684 7755529 21684 29316 31620147 29316
r-639 24 0.615942 24 0.057971 259 25068 259 22716 253 451 31188 451 10963 40510 10963
r-964 24 0.865942 24 0.423913 31572 6767 6767 187210 25757 39376 9712 9712 76434 43437 43437
r-651 24 0.894928 24 0.815217 244775 25333 25333 42268 166491 283483 19570 19570 778803 468812 468812
r-756 24 0.688406 24 0.471014 191231 245507 245507 501577 198211 262654 371033 371033 728054 866583 866583
r-21 24 0.967391 24 0.692029 11448243 16507 16507 1458196 162529 14548699 26206 26206 8825885 82638 82638
r-367 24 0.355072 24 0.963768 293 40721 293 56402 158 682 43423 682 13368 41947 13368
r-700 24 0.485507 24 0.351449 560569 1417257 560569 1401494 512607 936353 2769787 936353 1023108 872662 1023108
r-591 24 0.619565 24 0.206522 39545 5538 39545 143077 34468 57391 6955 57391 51154 86316 51154
r-341 24 0.514493 24 0.326087 276708 332022 276708 810671 248006 433645 529347 433645 515650 444593 515650
r-30 24 0.123188 24 0.518116 43065 6426 6426 286752 38404 66975 8473 8473 69369 10682 10682
r-364 24 0.663043 24 0.778986 181302 596149 181302 580835 189579 206441 975625 206441 567051 328395 567051
r-160 24 0.956522 24 0.597826 4276590 12693 12693 91119 61254 5032217 13945 13945 5037910 5408 5408
r-612 24 0.40942 24 0.554348 486925 962387 962387 2444852 442282 720302 1642248 1642248 2149603 2395494 2395494
r-480 24 0.706522 24 0.398551 58160 62310 62310 538351 63401 82167 85862 85862 170611 229643 229643
r-623 24 0.793478 24 0.130435 1378 1992 1378 38519 1229 2067 3306 2067 2535 8370 2535
r-1 24 0.25 24 0.73913 16137 9418 9418 90723 19075 6837 5033 5033 71500 28935 28935
r-741 24 0.384058 24 0.967391 1011 16603 1011 19898 714 757 26920 757 2429 33996 2429
r-799 24 0.778986 24 0.862319 105495 272197 105495 265531 112249 113393 361595 113393 1990973 617000 1990973
r-774 24 0.137681 24 0.0978261 21618 81164 21618 87503 22218 27815 108078 27815 242280 2306832 242280
r-967 24 0.23913 24 0.213768 221474 274663 221474 302711 206404 331338 413944 331338 329503 295522 329503
r-65 24 0.0144928 24 0.344203 91887531 8137 8137 1742346 124976 98324171 5303 5303 22340167 152668 152668
r-420 24 0.677536 24 0.192029 10519 10002 10519 107402 10408 13575 15080 13575 34561 18409 34561
r-706 24 0.605072 24 0.768116 175755 1543193 175755 1375910 230634 271828 2700538 271828 916847 599561 916847
r-659 24 0.199275 24 0.793478 3267 3689 3689 32098 3053 4246 5484 5484 5119 7683 7683
r-791 24 0.630435 24 0.913043 11830 191260 11830 179809 11655 15281 299904 15281 58622 440035 58622
r-773 24 0.75 24 0.742754 854875 457132 457132 560438 738703 1261370 678079 678079 935404 743903 743903
r-735 24 0.75 24 0.0398551 230 3588 230 6368 166 475 8335 475 344 5655 344
r-655 24 0.253623 24 0.304348 1205596 819375 819375 1019490 1041340 2041855 1314209 1314209 1074579 593506 593506
r-167 24 0.786232 24 0.880435 205222 539784 205222 498584 213440 242556 727587 242556 266328 614586 266328
r-13 24 0.887681 24 0.836957 727497 172936 172936 285454 596317 895778 224939 224939 2005959 2897171 2897171
r-402 24 0.202899 24 0.873188 2963 1930 2963 13635 2375 3739 3053 3739 8492 12503 8492
r-562 24 0.336957 24 0.057971 28965 367812 28965 375690 27395 17104 475329 17104 83213 1894193 83213
r-594 24 0.673913 24 0.282609 24513 16760 24513 250819 23925 36655 27235 36655 184605 157792 184605
r-40 24 0.0978261 24 0.481884 58013 2925 2925 3488 43932 89992 1005 1005 46963 91105 91105
r-587 24 0.442029 24 0.800725 27389 42613 27389 377001 25481 39059 60180 39059 123925 163339 123925
r-151 24 0.268116 24 0.586957 27465 35734 35734 335677 30075 38352 50015 50015 129070 198078 198078
r-132 24 0.528986 24 0.786232 62691 505506 62691 412786 66828 70278 875889 70278 348901 354856 348901
r-856 24 0.275362 24 0.26087 486372 257214 486372 304735 408447 745770 366686 745770 582395 398298 582395
r-387 24 0.057971 24 0.188406 35523449 210991 210991 13082040 2451861 33941236 17109 17109 70978145 4365619 4365619
r-499 24 0.253623 24 0.427536 1120659 290211 290211 359415 1012349 2088735 493551 493551 405961 464209 464209
r-165 24 0.539855 24 0.67029 308247 1055298 308247 989283 275369 467322 2012269 467322 989985 928697 989985
r-860 24 0.992754 24 0.242754 7994 95 95 57885 3845 14713 500 500 8714 2089 2089
r-382 24 0.601449 24 0.597826 1247729 1238692 1238692 1337666 1117006 2227409 2238910 2238910 1675670 1610626 1610626
r-396 24 0.833333 24 0.0543478 404 1245 404 15827 204 476 2765 476 6986 3404 6986
r-641 24 0.278986 24 0.844203 1608 6433 1608 58373 1573 1945 7176 1945 16655 6073 16655
r-168 24 0.731884 24 0.557971 789305 247124 247124 339226 559765 1387979 339150 339150 640232 1241062 1241062
r-912 24 0.644928 24 0.65942 363766 713958 363766 778510 315568 604627 1237761 604627 960045 892298 960045
r-15 24 0.318841 24 0.942029 217 10050 217 6886 135 614 15420 614 6123 15324 6123
r-203 24 0.304348 24 0.478261 1258178 357757 357757 504125 1046405 2432372 612148 612148 511908 671651 671651
r-831 24 0.318841 24 0.59058 107911 88787 88787 817307 128543 162161 130757 130757 630467 372113 372113
r-983 24 0.934783 24 0.289855 7837 1012 1012 48770 7448 12335 508 508 6314 4575 4575
r-994 24 0.108696 24 0.380435 355694 28933 28933 43439 75599 450317 34555 34555 263353 37192 37192
r-273 24 0.65942 24 0.684783 738796 1229812 738796 1360147 699123 1240819 2192279 1240819 1491634 1372409 1491634
r-230 24 0.583333 24 0.753623 104392 821099 104392 697371 116214 150725 1495228 150725 441415 390653 441415
r-446 24 0.130435 24 0.231884 1021605 61361 61361 107851 707186 1201100 32497 32497 1404529 387426 387426
r-955 24 0.905797 24 0.34058 12171 6455 6455 35294 10117 17664 10378 10378 12707 10909 10909
r-348 24 1 24 0.586957 374806363 17276 17276 902509 1246010 396942352 6210 6210 379814464 17633074 17633074
r-308 24 0.300725 24 0.0144928 4657 472536753 4657 462079425 4527 8248 518278888 8248 714078 194026779 714078
r-934 24 0.913043 24 0.445652 30642 12914 12914 168704 19886 41563 15756 15756 36469 57021 57021
r-688 24 0.155797 24 0.771739 10563 6916 6916 45804 10395 15349 10202 10202 11002 15369 15369
r-328 24 0.369565 24 0.23913 187448 911641 187448 876265 204979 298886 1639228 298886 414486 555415 414486
r-74 24 0.891304 24 0.373188 7014 10419 10419 50377 7533 9679 4602 4602 22262 11324 11324
r-766 24 0.257246 24 0.126812 44908 394677 44908 351802 74020 63589 572306 63589 87374 975863 87374
r-239 24 0.572464 24 0.387681 299081 227941 299081 933637 283166 475492 333980 475492 687764 748160 687764
r-765 24 0.347826 24 0.358696 881662 790392 790392 905843 713532 1570635 1376824 1376824 994116 1370777 1370777
r-849 24 0.394928 24 0.423913 1159690 444858 444858 516576 994059 2090207 760031 760031 1479499 1292707 1292707
r-649 24 0.311594 24 0.75 14819 16551 14819 302294 14884 20359 23170 20359 59761 34154 59761
r-142 24 0.463768 24 0.931159 2544 67529 2544 79027 2707 898 96015 898 11924 41193 11924
r-823 24 0.880435 24 0.376812 20603 3618 3618 97464 13860 28157 4825 4825 32491 38269 38269
r-517 24 0.797101 24 0.188406 4056 1695 4056 112250 4293 6145 2460 6145 19849 24953 19849
r-439 24 0.706522 24 0.0362319 173 5147 173 16848 162 554 10491 554 6076 11322 6076
r-452 24 0.847826 24 0.594203 583339 36499 36499 52755 480918 973290 51139 51139 280335 264250 264250
r-338 24 0.684783 24 0.902174 16400 288609 16400 268494 17766 18166 427178 18166 108897 708573 108897
r-474 24 0.880435 24 0.576087 294396 45215 45215 66309 237346 514385 60556 60556 177458 26173 26173
r-819 24 0.865942 24 0.166667 669 741 741 11872 442 1175 1123 1123 1897 5324 5324
r-26 24 0.880435 24 0.373188 18524 11699 11699 103883 17676 18989 4439 4439 34005 29670 29670
r-112 24 0.105072 24 0.202899 3096144 161900 161900 405036 1957793 3880653 181145 181145 3463490 546809 546809
r-174 24 0.826087 24 0.561594 232259 34567 34567 43344 205362 417003 45225 45225 143457 145241 145241
r-899 24 0.155797 24 0.181159 345226 126187 126187 162449 293972 414708 164933 164933 866423 210337 210337
r-691 24 0.0543478 24 0.387681 916644 2849 2849 3113 90210 1228895 3210 3210 789158 341526 341526
r-14 24 0.731884 24 0.717391 1005069 720520 720520 843069 891620 1605368 1130977 1130977 795338 578070 578070
r-397 24 0.967391 24 0.0108696 69 132 69 468 51 525 725 525 352 310 352
r-244 24 0.681159 24 0.992754 69609 862369320 69609 848090990 69257 89240 922770769 89240 7346796 496815284 7346796
r-684 24 0.76087 24 0.59058 948995 233880 233880 322857 830199 1732139 361759 361759 623152 976920 976920
r-534 24 0.731884 24 0.713768 845370 544851 544851 674185 660781 891798 726426 726426 1328413 998427 998427
r-996 24 0.942029 24 0.706522 3298313 9259 9259 79319 530444 4086688 11119 11119 5570744 1894313 1894313
r-117 24 0.485507 24 0.155797 13869 202942 13869 185185 12692 20820 366467 20820 129138 137595 129138
r-333 24 0.605072 24 0.307971 96710 144199 96710 661921 88705 137901 211262 137901 472728 166176 472728
r-294 24 0.652174 24 0.76087 269925 831779 269925 829919 223180 373474 1414672 373474 1242419 825272 1242419
r-476 24 0.873188 24 0.684783 830773 71215 71215 92935 619218 1187863 23473 23473 650985 646479 646479
r-694 24 0.184783 24 0.858696 1131 2296 1131 37409 935 607 3790 607 8590 23582 8590
r-353 24 0.347826 24 0.076087 8338 553150 8338 570165 5978 12616 725436 12616 95869 379669 95869
r-149 24 0.949275 24 0.246377 6972 473 473 12478 2854 8439 494 494 5598 2927 2927
r-278 24 0.692029 24 1 28554 -1 28554 -1 28554 6160 -1 6160 139236189 -1 139236189
r-815 24 0.0942029 24 0.931159 302 268 302 3517 248 790 736 790 1272 497 1272
r-429 24 0.655797 24 0.235507 13102 16716 13102 237253 14596 20226 21288 20226 118151 38950 118151
r-577 24 0.373188 24 0.467391 506991 436853 436853 563024 418283 847079 732476 732476 1234812 868994 868994
r-504 24 0.771739 24 0.775362 293211 417597 293211 525136 281090 440420 644093 440420 1278354 484176 1278354
r-87 24 0.173913 24 0.0144928 4816026 -1 4816026 -1 4776975 4838367 -1 4838367 456698478 -1 456698478
r-232 24 0.384058 24 0.40942 1386798 478453 478453 571230 1227835 2609556 833313 833313 1050424 497828 497828
r-510 24 0.963768 24 0.543478 425170 2226 2226 5547 15832 527886 1428 1428 838914 132119 132119
r-404 24 0.757246 24 0.996377 28337 -1 28337 -1 28227 6807 -1 6807 -1 -1 -1
r-903 24 0.26087 24 0.336957 723733 217201 217201 271468 623442 1231490 296407 296407 692047 819474 819474
r-797 24 0.427536 24 0.793478 13184 81688 13184 208029 11687 17770 120482 17770 13005 238247 13005
r-257 24 0.891304 24 0.463768 48984 4406 4406 159384 31125 64547 5852 5852 40966 22095 22095
r-486 24 0.615942 24 0.644928 682189 870733 682189 1004386 564164 1135573 1482985 1135573 2089606 979294 2089606
r-712 24 0.612319 24 0.858696 59901 738353 59901 696315 61524 74665 1277094 74665 125256 288227 125256
r-103 24 0.518116 24 0.550725 826751 446202 826751 456007 743672 1421587 700504 1421587 1283882 910811 1283882
r-99 24 0.873188 24 0.293478 12004 1754 1754 27410 6580 3711 1259 1259 16085 10355 10355
r-481 24 0.0688406 24 0.184783 321537 10399 10399 56744 132367 336974 973 973 3155352 81532 81532
r-138 24 0.32971 24 0.228261 436156 1184240 436156 1157936 501965 663669 1985123 663669 630977 1019334 630977
r-535 24 0.865942 24 0.974638 363383 -1 363383 -1 358808 346143 -1 346143 3977376 -1 3977376
r-441 24 0.942029 24 0.960145 2746 304911861 2746 304897868 2746 2218 207985190 2218 46032175 1213616631 46032175
r-676 24 0.963768 24 0.246377 4159 70 70 8848 994 6475 450 450 3583 443 443
r-927 24 0 24 0.844203 10191 49 49 22995 3653 13923 526 526 10202 1177 1177
r-385 24 0.518116 24 0.902174 4754 46506 4754 47174 3010 1919 68168 1919 26623 34402 26623
r-892 24 0.188406 24 0.815217 1928 1307 1928 30545 2282 1889 1933 1889 8135 5157 8135
r-989 24 0.384058 24 0.681159 35824 114653 35824 763605 40762 50589 161262 50589 440408 154044 440408
r-519 24 0.456522 24 0.474638 1157027 1236636 1236636 1358893 1064398 1875767 2196098 2196098 1007965 1379733 1379733
r-870 24 0.25 24 0.721014 2415 6610 6610 106991 4471 3586 6526 6526 27462 53918 53918
r-690 24 0.355072 24 0.275362 260786 830410 260786 812511 245618 410232 1421765 410232 903057 1052811 903057
r-320 24 0.550725 24 0.0652174 7148 139580 7148 121116 7331 3617 197883 3617 9971 107578 9971
r-255 24 0.514493 24 0.057971 434 144702 434 72874 252 400 196144 400 40462 57352 40462
r-293 24 0 24 0.65942 76927 646 646 269883 23991 118426 1170 1170 81531 28873 28873
r-272 24 0.326087 24 0.775362 10312 15994 10312 262170 11008 4805 20804 4805 80574 96179 80574
r-863 24 0.275362 24 0.514493 82682 118251 118251 498245 115534 107406 171483 171483 776379 456958 456958
r-493 24 0.717391 24 0.768116 570163 925355 570163 1024584 471077 869957 1435124 869957 1174884 1154051 1174884
r-950 24 0.23913 24 0.855072 534 2248 534 17101 539 894 3407 894 9949 4765 9949
r-947 24 0.496377 24 0.728261 148492 309333 148492 1413506 147294 228968 463074 228968 668099 395946 668099
r-775 24 0.626812 24 0.695652 688159 1527781 688159 1623100 705405 1170194 2824905 1170194 1163833 798376 1163833
r-547 24 0.971014 24 0.594203 2416666 5819 5819 24499 58425 2659609 1956 1956 2453596 45264 45264
r-879 24 0.713768 24 0.594203 1655712 317220 317220 397758 1198337 3039881 528347 528347 1307050 691731 691731
r-492 24 0.0217391 24 0.876812 954 33 33 5051 367 2002 501 501 1538 514 514
r-917 24 0.757246 24 0.826087 158016 497192 158016 505978 175567 228832 706977 228832 422049 578345 422049
r-208 24 0 24 0.576087 2531402 13918 13918 11032285 532287 2959750 14924 14924 2530029 373390 373390
r-249 24 0.137681 24 0.0724638 64339 851456 64339 805690 69564 55626 795326 55626 4580108 14962247 4580108
r-646 24 0.442029 24 0.666667 182532 116885 182532 640670 183801 280849 163624 280849 304268 379124 304268
r-368 24 0.0108696 24 0.427536 16307505 3817 3817 22214 66737 20239830 5198 5198 13361919 887815 887815
r-521 24 0.684783 24 0.836957 16395 329118 16395 303449 17301 20614 479088 20614 159949 330650 159949
r-340 24 0.333333 24 1 13873 193607 13873 197386 13873 1077 275750 1077 54863 193607 54863
r-589 24 0.724638 24 0.115942 168 2862 168 22367 155 451 4130 451 15620 4621 15620
r-942 24 0.0108696 24 0.865942 2035 27 27 4808 978 3968 525 525 1100 313 313
r-442 24 0.605072 24 0.73913 271554 1238428 271554 1191945 204490 420829 2169116 420829 304882 545407 304882
r-372 24 0.0652174 24 0.623188 25720 3352 3352 205039 18621 31765 5216 5216 47505 6263 6263
r-658 24 0.873188 24 0.942029 152939 69059007 152939 65068751 192206 157229 65585406 157229 10606418 133518438 10606418
r-171 24 0.652174 24 0.634058 1434756 1307686 1307686 1519586 1311977 2573174 2242789 2242789 1923863 1690534 1690534
r-904 24 0.641304 24 0.916667 7848 534109 7848 523121 11598 9557 744115 9557 37780 412910 37780
r-235 24 0.0289855 24 0.210145 359576549 181595 181595 218017869 4636903 398070881 221296 221296 332701793 3060849 3060849
r-129 24 0.503623 24 0.347826 208597 824636 208597 993976 184750 291469 1290316 291469 1382071 1054354 1382071
r-466 24 0.112319 24 0.923913 288 178 288 7936 159 641 605 641 630 2367 630
r-663 24 0.728261 24 0.0833333 1077 3846 1077 18454 630 1544 7304 1544 2822 6622 2822
r-394 24 0.32971 24 0.0398551 327 3825409 327 3692199 244 325 5126066 325 126933 3797791 126933
r-62 24 0.811594 24 0.32971 11516 9473 9473 137794 11609 15444 3679 3679 40324 48626 48626
r-986 24 0.373188 24 0.735507 54808 23294 54808 288158 53493 80724 31869 80724 203975 265555 203975
r-972 24 0.713768 24 0.141304 1815 5313 1815 126377 2104 2360 4206 2360 28819 33709 28819
r-473 24 0.916667 24 0.48913 54327 4545 4545 448268 44056 70233 1878 1878 52615 5718 5718
r-922 24 0.550725 24 0.981884 3005 3875049 3005 3866928 2832 4271 4644842 4271 7408 3474404 7408
r-135 24 0.144928 24 0.572464 15130 11330 11330 186872 17012 23507 15115 15115 51748 75462 75462
r-528 24 0.557971 24 0.713768 241238 1188719 241238 1071595 236192 398855 2200996 398855 712835 568650 712835
r-975 24 0.884058 24 0.449275 30729 14243 14243 149963 24081 41838 14302 14302 33608 26079 26079
r-930 24 0.971014 24 0.923913 -1 87953 87953 -1 -1 -1 82579 82579 -1 48885978 48885978
r-836 24 0.0471014 24 0.554348 55234 1799 1799 481497 36327 78383 2819 2819 64238 75204 75204
r-890 24 0.630435 24 0.717391 248880 856873 248880 860535 216521 395081 1481448 395081 382602 754736 382602
r-24 24 0.905797 24 0.858696 153373 27439 27439 43853 111822 183752 25782 25782 312774 25172 25172
r-306 24 0.123188 24 0.431159 137425 18329 18329 25438 112890 226309 21033 21033 152671 41843 41843
r-714 24 0.663043 24 0.445652 349018 404489 404489 1250561 346801 565998 645281 645281 969749 870320 870320
r-945 24 0.706522 24 0.467391 108252 34425 34425 483654 128472 163637 42439 42439 217987 44539 44539
r-957 24 0.130435 24 0.326087 528082 20731 20731 27770 352338 717482 7227 7227 98527 33522 33522
r-857 24 0.474638 24 0.771739 36055 84874 36055 454911 32180 50083 117640 50083 98089 417911 98089
r-211 24 0.826087 24 0.0543478 215 1811 215 5228 215 687 2563 687 4165 1792 4165
r-813 24 0.945652 24 0.565217 136229 3823 3823 4476 40242 198011 4879 4879 151249 25259 25259
r-556 24 0.822464 24 0.786232 597336 292955 292955 435658 505052 816893 401167 401167 661312 1220617 1220617
r-717 24 0.0833333 24 0.681159 5053 763 763 24387 5267 8601 669 669 4591 6705 6705
r-579 24 0.449275 24 0.0434783 815 228193 815 213221 606 1079 308899 1079 18424 874727 18424
r-725 24 0.873188 24 0.677536 212249 25441 25441 29693 147583 302653 7177 7177 219624 14842 14842
r-925 24 0.757246 24 0.887681 38014 487315 38014 456815 41297 50713 652649 50713 275023 580031 275023
r-719 24 0.257246 24 0.724638 30471 11400 11400 184053 27047 47641 17433 17433 59068 113640 113640
r-19 24 0.967391 24 0.905797 -1 29153 29153 -1 2825214550 -1 29089 29089 -1 1422668946 1422668946
r-360 24 0.228261 24 0.474638 1088774 51891 51891 96967 819997 2101900 69054 69054 144216 136025 136025
r-686 24 0.876812 24 0.467391 31222 18970 18970 132448 23836 42362 27466 27466 47768 71248 71248
r-195 24 0.731884 24 0.663043 609991 306047 306047 379655 437811 1046634 463136 463136 586885 975652 975652
r-968 24 0.652174 24 0.974638 5459 12760992 5459 12434117 5183 1455 14588495 1455 293538 13519674 293538
r-315 24 0.315217 24 0.293478 371922 521054 371922 567586 298648 557224 863258 557224 425124 651754 425124
r-134 24 0.644928 24 0.927536 8170 785209 8170 735065 6990 8962 976444 8962 64217 1415766 64217
r-536 24 0.0978261 24 1 25 2358 25 2667 25 526 3890 526 1177 2364 1177
r-269 24 0.778986 24 0.92029 23897 1894710 23897 1754354 21366 26408 2252474 26408 3004091 4524723 3004091
r-96 24 0.945652 24 0.634058 1406997 97 97 61 137912 1788736 326 326 1140314 225796 225796
r-805 24 0.344203 24 0.268116 369602 754891 369602 788317 413108 588453 1237596 588453 461404 949003 461404
r-992 24 0.32971 24 0.442029 1532726 182847 182847 283670 1181041 2879078 265968 265968 1370784 592713 592713
r-428 24 0.623188 24 0.818841 40093 408414 40093 367076 36937 55700 668470 55700 142454 309461 142454
r-708 24 0.108696 24 0.0362319 41317 2235244360 41317 1464021005 40755 46905 1900050618 46905 80020618 -1 80020618
r-50 24 0.0253623 24 0.92029 294 90 90 4685 154 1163 501 501 451 117 117
r-625 24 0.0978261 24 0.677536 5267 1565 1565 51124 5392 10700 1990 1990 16435 23623 23623
r-188 24 0.902174 24 0.688406 389930 12344 12344 18675 188025 520644 2825 2825 1413025 20093 20093
r-56 24 0.902174 24 0.550725 116108 7831 7831 9658 72495 181272 8564 8564 191985 109618 109618
r-634 24 0.213768 24 0.268116 295388 189016 189016 253323 219661 431916 216494 216494 303272 393262 393262
r-768 24 0.942029 24 0.15942 1731 241 241 6037 925 2611 713 713 1528 158 158
r-33 24 0.568841 24 0.666667 643764 1234451 643764 1187815 631898 887102 2147210 887102 1216648 1663956 1216648
r-75 24 0.597826 24 0.51087 745860 458420 458420 571601 649446 1375484 773545 773545 859379 1024803 1024803
r-984 24 0.536232 24 0.307971 47190 196333 47190 639946 40100 56170 295780 56170 88490 398233 88490
r-743 24 0.550725 24 0.344203 192666 353919 192666 912078 177260 263588 550556 263588 546507 838282 546507
r-322 24 0.586957 24 0.460145 799378 281084 281084 1530257 751797 1271525 438873 438873 811830 1481334 1481334
r-177 24 0.601449 24 0.00362319 2158 148402 2158 250204 2126 3347 220882 3347 23539 154607 23539
r-191 24 0.0144928 24 0.503623 1883770 1037 1037 9985213 464779 2359361 1562 1562 2039998 176055 176055
r-677 24 0.862319 24 0.0217391 195 947 195 2365 195 695 2061 695 222 1296 222
r-326 24 0.286232 24 0.818841 9299 3484 9299 70384 7736 12289 4958 12289 87517 5827 87517
r-427 24 0.905797 24 0.166667 995 330 330 14283 937 1824 1026 1026 1236 1520 1520
r-469 24 0.380435 24 0.224638 159409 1105189 159409 969907 224534 244009 1931920 244009 712867 442055 712867
r-657 24 0.677536 24 0.974638 17949 25503140 17949 24213937 16502 23481 28821019 23481 7018688 17841434 7018688
r-498 24 0.710145 24 0.398551 30022 151905 151905 455503 52441 39898 238279 238279 350774 321605 321605
r-409 24 0.554348 24 0.971014 2218 1984087 2218 2006021 1956 2940 2236219 2940 11377 2883365 11377
r-246 24 0.0217391 24 0.26087 147104689 22580 22580 54504629 278515 118972895 8350 8350 28498617 166624 166624
r-245 24 0.981884 24 0.528986 904361 2714 2714 86592 36923 1188047 3995 3995 595761 100630 100630
r-271 24 0.231884 24 0.358696 1400946 541749 541749 800019 1136723 2352013 907584 907584 744086 457832 457832
r-219 24 0.684783 24 0.15942 6173 5425 6173 89369 4856 8032 5251 8032 30860 15950 30860
r-277 24 0.40942 24 0.0144928 5694 18189030 5694 17128759 5372 9584 21399885 9584 81791 18564699 81791
r-900 24 0.452899 24 0.362319 367732 1530329 367732 1469582 322223 522930 2972104 522930 1383996 1124232 1383996
r-137 24 0.307971 24 0.811594 5118 16134 5118 162534 6627 5195 26836 5195 25707 26292 25707
r-141 24 0.891304 24 0.210145 2130 1179 1179 30894 2082 2839 1640 1640 4463 7425 7425
r-759 24 0.474638 24 0.217391 128267 1129198 128267 949200 150155 191497 2135308 191497 548366 659477 548366
r-363 24 0.815217 24 0.474638 23322 42316 42316 395540 32545 32669 68993 68993 208900 82938 82938
r-431 24 0.101449 24 0.880435 919 436 436 10590 1048 1643 899 899 1983 2175 2175
r-184 24 0.655797 24 0.547101 2014135 791709 791709 1023178 1513896 3926123 1402212 1402212 1215960 1596784 1596784
r-596 24 0.949275 24 0.586957 195944 9248 9248 44518 52077 288460 14813 14813 163724 125228 125228
r-118 24 0.847826 24 0.108696 386 1390 386 17693 494 902 1996 902 4412 2233 4412
r-872 24 0.217391 24 0.355072 913006 102102 102102 131743 734839 1443107 124371 124371 314831 244561 244561
r-37 24 0.978261 24 0.688406 383479754 101113 101113 11878480 1447089 426627732 107132 107132 380252948 20046542 20046542
r-516 24 0.449275 24 0.789855 19567 28057 19567 258913 17406 4846 39302 4846 112162 177065 112162
r-699 24 0.597826 24 0.0833333 2359 14114 2359 62764 1825 863 24158 863 13193 23303 13193
r-695 24 0.166667 24 0.547101 24572 25010 25010 256766 30633 39061 36193 36193 107263 250386 250386
r-314 24 0.673913 24 0.855072 29816 303814 29816 298961 36885 39872 463632 39872 58399 412528 58399
r-329 24 0.927536 24 0.0181159 139 280 139 4580 100 637 778 637 176 1638 176
r-874 24 0.934783 24 0.894928 1381932 3847 3847 46531 775793 1397907 4270 4270 9859525 1914313 1914313
r-661 24 0.456522 24 0.724638 177190 80238 177190 645439 180900 286857 113826 286857 291599 181668 291599
r-576 24 0.0978261 24 0.938406 266 431 266 9320 207 755 1317 755 2456 1122 2456
r-425 24 0.34058 24 0.525362 287914 154829 154829 878326 284984 442825 223816 223816 649653 597748 597748
r-64 24 0.916667 24 0.0652174 678 857 678 7417 513 1274 801 1274 3494 627 3494
r-999 24 0.981884 24 0.73913 2318285586 29326 29326 20146605 525304 2516164834 40140 40140 2430548042 8341485 8341485
r-193 24 0.913043 24 0.405797 17473 4238 4238 85545 15096 24220 1911 1911 15063 7283 7283
r-16 24 0.521739 24 0.797101 110711 673870 110711 587095 126739 175137 1241169 175137 142511 181240 142511
r-902 24 0.550725 24 0.967391 3046 933422 3046 879954 2826 4149 1220134 4149 61599 1047277 61599
r-737 24 0.184783 24 0.836957 628 3704 628 33321 965 1171 5469 1171 7300 9983 7300
r-237 24 0.655797 24 0.00724638 216 27702 216 33466 136 475 45875 475 30543 37984 30543
r-456 24 0.217391 24 0.648551 26817 13203 13203 185283 29154 37187 9951 9951 67352 45693 45693
r-113 24 0.898551 24 0.474638 27299 10722 10722 241392 22933 38327 5417 5417 87556 144090 144090
r-490 24 0.0869565 24 0.0543478 1520 7634492 1520 7595673 1628 1180 488637 1180 5652113 2682775 5652113
r-350 24 0.586957 24 0.286232 39362 88340 39362 628695 35696 49423 122013 49423 357779 464428 357779
r-615 24 0.735507 24 0.224638 4525 8290 4525 142788 4576 6492 11819 6492 71920 81147 71920
r-948 24 0.677536 24 0.967391 21934 8405446 21934 8016996 20664 8801 7864080 8801 32780 9912182 32780
r-643 24 0.460145 24 0.807971 87437 37747 87437 213383 96555 51511 51131 51511 122945 62432 122945
r-114 24 0.344203 24 0.474638 1493275 187438 187438 226367 1105538 2885035 280248 280248 878448 855839 855839
r-913 24 0.376812 24 0.615942 130294 91625 91625 917739 126430 195047 131920 131920 439981 893871 893871
r-379 24 0.394928 24 0.355072 512353 1149580 512353 1224492 450813 810275 2090244 810275 1038017 1512779 1038017
r-777 24 0.231884 24 0.00362319 264011112 -1 264011112 -1 264008984 156954 -1 156954 63701749 -1 63701749
r-344 24 0.75 24 0.297101 19728 13890 13890 187009 21097 29633 11643 11643 63976 45290 45290
r-161 24 0.405797 24 0.192029 23183 492046 23183 482672 19236 4976 886798 4976 251592 193784 251592
r-287 24 0.717391 24 0.235507 13331 8696 13331 135891 13743 17553 12175 17553 62943 8425 62943
r-674 24 0.355072 24 0.253623 256153 1321117 256153 1278759 309272 420027 2368209 420027 471298 837543 471298
r-530 24 0.130435 24 0.231884 581023 307272 307272 502128 531501 733452 95673 95673 1158158 558625 558625
r-604 24 0.51087 24 0.155797 29098 45075 29098 340503 37722 46217 68967 46217 223172 88035 223172
r-901 24 0.155797 24 0.0615942 184253 6874433 184253 6502542 160973 94641 4824420 94641 2292895 65283362 2292895
r-337 24 0.217391 24 0.492754 409376 56169 56169 92273 311406 762662 75325 75325 188449 240334 240334
r-491 24 0.905797 24 0.51087 152904 8139 8139 11334 84292 250898 11295 11295 147646 87536 87536
r-464 24 0.507246 24 0.836957 28831 285556 28831 244826 23886 41651 563024 41651 38358 101808 38358
r-507 24 0.818841 24 0.528986 341067 50785 50785 78123 265386 590698 24751 24751 187929 68763 68763
r-110 24 0.721014 24 0.771739 212503 303860 212503 314566 244903 305680 482216 305680 462754 544883 462754
r-489 24 0.532609 24 0.431159 216879 728594 216879 860504 207310 335199 1234005 335199 1166986 696915 1166986
r-460 24 0.942029 24 0.539855 201579 2318 2318 9456 25420 289983 1571 1571 933516 32130 32130
r-130 24 0.981884 24 0.873188 -1 67661 67661 -1 -1 -1 42475 42475 -1 5968641436 5968641436
r-951 24 0.815217 24 0.728261 439396 166321 166321 213233 303859 599408 219716 219716 556156 286688 286688
r-122 24 0.333333 24 0.677536 52176 78496 52176 393002 51085 77798 113144 77798 59781 118832 59781
r-724 24 0.518116 24 0.398551 672368 500573 672368 1232142 632269 1159209 846824 1159209 1107156 1428475 1107156
r-297 24 0.297101 24 0.869565 723 4719 723 53601 419 1075 7157 1075 20553 12718 20553
r-828 24 0.59058 24 0.235507 11458 48452 11458 406389 10855 13677 65952 13677 132643 56333 132643
r-542 24 0.398551 24 0.543478 481839 820324 820324 1242609 468428 780515 1328742 1328742 1345816 1926291 1926291
r-931 24 0.59058 24 0.405797 188076 554145 188076 891402 178139 281987 885989 281987 657516 783191 657516
r-470 24 0.663043 24 0.938406 5973 1670071 5973 1562166 6860 6754 2196605 6754 32709 1685438 32709
r-190 24 0.438406 24 0.137681 6393 323349 6393 293164 8792 7892 525535 7892 122338 233140 122338
r-27 24 0.873188 24 0.605072 175267 37893 37893 45625 113525 261225 39655 39655 163164 147379 147379
r-71 24 0.463768 24 0.210145 57420 590823 57420 555934 59564 89457 1130295 89457 210754 171790 210754
r-98 24 0.855072 24 0.938406 5742 11457911 5742 7676751 6201 6978 12148020 6978 4177779 129622081 4177779
r-378 24 0.0289855 24 0.496377 409044 1413 1413 2161 37448 554159 740 740 324814 11153 11153
r-399 24 0.318841 24 0.771739 8860 19669 8860 184644 8442 12268 28305 12268 61909 36738 61909
r-924 24 0.0181159 24 0.528986 184573 953 953 1668781 62020 243155 476 476 234710 7480 7480
r-331 24 0.275362 24 0.543478 139267 84151 84151 1142451 154840 209321 123436 123436 209467 305739 305739
r-376 24 0.387681 24 0.782609 69245 32331 69245 212086 62017 106642 42069 106642 99797 62683 99797
r-70 24 0.471014 24 0.742754 47210 88941 47210 636759 41218 46704 127728 46704 410344 214256 410344
r-755 24 0.17029 24 0.945652 838 1789 838 22234 937 785 2667 785 3001 2502 3001
r-824 24 0.326087 24 0.199275 205981 627023 205981 573710 279698 311836 1025120 311836 366059 654507 366059
r-380 24 0.67029 24 0.605072 907379 603751 603751 724704 656238 1673199 1067073 1067073 1519413 1015715 1015715
r-403 24 0.721014 24 0.597826 1270075 495638 495638 645126 811367 2317784 814705 814705 718312 773069 773069
r-295 24 0.369565 24 0.764493 20413 24086 20413 208657 25543 9332 35567 9332 120389 51158 120389
r-252 24 0.297101 24 0.594203 86080 59215 59215 403235 86037 124189 78174 78174 412366 299462 299462
r-808 24 0.952899 24 0.786232 173356596 31547 31547 1562792 5230660 177252016 41163 41163 548936764 841110 841110
r-993 24 0.702899 24 0.0253623 784 16098 784 9863 503 1255 20147 1255 2748 8237 2748
r-290 24 0.634058 24 0.467391 267151 447723 447723 867296 253807 416239 699324 699324 618709 683430 683430
r-914 24 0.0144928 24 0.423913 2111286 11809 11809 2532255 20590 1988490 2376 2376 1329759 19831 19831
r-616 24 0.391304 24 0.173913 75813 856371 75813 714773 97236 80948 1339051 80948 483648 791674 483648
r-179 24 0.927536 24 0.460145 55127 3695 3695 398376 35641 78403 5684 5684 64229 127679 127679
r-811 24 0.702899 24 0.862319 14197 280438 14197 254031 17912 2402 378876 2402 18310 363916 18310
r-645 24 0.25 24 0.518116 165656 112946 112946 1115301 193037 248598 158536 158536 219327 281476 281476
r-723 24 0.48913 24 0.23913 66694 363662 66694 311487 59475 92760 675910 92760 129768 207472 129768
r-334 24 0.115942 24 0.286232 204952 7190 7190 11595 155418 301182 8262 8262 1033975 691812 691812
r-693 24 0.373188 24 0.496377 1328031 630736 630736 803251 1090218 2503918 1054366 1054366 1161732 761540 761540
r-302 24 0.811594 24 0.311594 5201 15812 15812 100351 4871 7021 23881 23881 90022 57067 57067
r-32 24 0.496377 24 0.257246 167142 1190527 167142 1156094 159880 267402 2239771 267402 279452 1045801 279452
r-689 24 0.0978261 24 0.742754 3767 1284 1284 13671 3243 7137 1668 1668 14390 12072 12072
r-817 24 0.5 24 0.934783 2023 155165 2023 93199 2198 883 201819 883 18877 82116 18877
r-20 24 0.855072 24 0.326087 10207 2991 2991 203020 11252 14324 4048 4048 55586 13753 13753
r-393 24 0.365942 24 0.115942 33462 217452 33462 215350 34534 45289 339505 45289 142433 229238 142433
r-267 24 0.445652 24 0.594203 288947 217010 288947 1006217 264184 448023 337445 448023 757103 613790 757103
r-525 24 0.0362319 24 0.65942 14024 1269 1269 51370 5603 18873 2194 2194 12033 12265 12265
r-487 24 0.48913 24 0.608696 390861 427796 390861 774644 347397 613395 705978 613395 569910 858356 569910
r-970 24 0.452899 24 0.474638 1392212 1002213 1002213 1207763 1247048 2570825 1781576 1781576 1371932 1092055 1092055
r-288 24 0.65942 24 0.507246 1293023 238856 238856 401423 983058 2560063 372506 372506 722148 711362 711362
r-666 24 0.59058 24 0.188406 13108 26832 13108 174715 11420 17346 37086 17346 112867 110755 112867
r-79 24 0.82971 24 0.902174 23482 90132 23482 76894 42682 10634 73569 10634 15071 48559 15071
r-909 24 0.547101 24 0.836957 81730 518391 81730 431716 94219 118326 936364 118326 131073 190544 131073
r-345 24 0.213768 24 0.105072 16315 449984 16315 438342 21704 17458 557745 17458 407408 9862819 407408
r-744 24 0.768116 24 0.865942 58600 851882 58600 768087 110252 76520 1166730 76520 1262345 1035333 1262345
r-256 24 0.282609 24 0.471014 885108 157192 157192 255425 728506 1718287 244723 244723 529293 504941 504941
r-518 24 0.746377 24 0.25 7704 4566 7704 100589 7998 10312 5526 10312 66233 64465 66233
r-436 24 0.478261 24 0.641304 485607 736131 485607 1036600 461345 762041 1166845 762041 838175 1054296 838175
r-965 24 0.188406 24 0.210145 334999 237029 237029 304972 301252 469350 317680 317680 698742 722875 722875
r-497 24 0.59058 24 0.586957 809056 1154224 1154224 1246132 710749 1372887 2207044 2207044 1362533 1338729 1338729
r-457 24 0.681159 24 0.891304 41246 670893 41246 662994 40323 55549 977581 55549 195616 676801 195616
r-619 24 0.423913 24 0.543478 359120 396595 396595 1176316 356988 557287 633791 633791 1864265 647111 647111
r-894 24 0.278986 24 0.594203 49745 119520 119520 340555 58580 78208 181502 181502 84572 293898 293898
r-472 24 0.536232 24 0.253623 98571 94393 98571 759399 92387 146549 144243 146549 307382 144749 307382
r-261 24 0.543478 24 0.605072 699782 833158 699782 810697 674397 1255750 1427903 1255750 1280186 696763 1280186
r-107 24 0.32971 24 0.612319 97732 50646 50646 556137 104441 149029 73468 73468 395469 392272 392272
r-222 24 0.902174 24 0.764493 765422 80719 80719 178965 549725 1119336 115869 115869 2924133 444058 444058
r-125 24 0.0181159 24 0.297101 110601780 36739 36739 2487128 1045683 102184006 38850 38850 90738437 9890162 9890162
r-696 24 0.0978261 24 0.0362319 2957456 9093909795 2957456 3984306650 4224760 2797610 3944458760 2797610 991449 -1 991449
r-769 24 0.206522 24 0.365942 1183972 185518 185518 235561 1030767 2038837 285668 285668 417847 167992 167992
r-108 24 0.434783 24 0.0326087 11457 899153 11457 903700 10205 17980 1195518 17980 11099 449246 11099
r-747 24 0.619565 24 0.92029 20648 145154 20648 164290 16744 25067 204392 25067 57339 105493 57339
r-575 24 0.057971 24 0.782609 1381 563 563 10369 1257 2519 1096 1096 3243 4316 4316
r-298 24 0.0289855 24 0.663043 33491 338 338 172853 20872 54738 450 450 36349 1774 1774
r-52 24 0.202899 24 0.539855 52406 64207 64207 331544 60103 64921 99632 99632 90255 158866 158866
r-801 24 0.557971 24 0.434783 742599 419091 742599 1097803 684028 1292705 680864 1292705 1014332 1484835 1014332
r-742 24 0.916667 24 0.623188 268515 15920 15920 20015 75956 353262 14177 14177 291332 61469 61469
r-153 24 0.76087 24 0.449275 29596 66097 66097 480839 60346 39754 92103 92103 95445 337739 337739
r-159 24 0.949275 24 0.550725 73032 990 990 1001 10193 99592 350 350 347530 2128 2128
r-414 24 0.0507246 24 0.547101 44287 1223 1223 223688 32302 72981 602 602 73957 18322 18322
r-662 24 0.971014 24 0.289855 16796 335 335 77476 7413 24946 670 670 21720 1966 1966
r-417 24 0.326087 24 0.57971 97212 75676 75676 797855 110818 123156 107949 107949 491681 464652 464652
r-89 24 0.0905797 24 0.48913 155610 5838 5838 6450 47453 221310 536 536 150737 22054 22054
r-573 24 0.365942 24 0.905797 3485 6658 3485 46076 2708 4397 11359 4397 17187 20315 17187
r-551 24 0.177536 24 0.355072 852696 80947 80947 144135 580374 1361408 112923 112923 607679 377022 377022
r-197 24 0.735507 24 0.271739 21072 37987 37987 275063 24520 30136 52973 52973 118209 28552 28552
r-462 24 0.807971 24 0.913043 253502 2007386 253502 1866107 300015 283827 2227124 283827 279835 2680393 279835
r-292 24 0.898551 24 0.48913 77279 3701 3701 214727 59696 110047 3210 3210 89875 49370 49370
r-829 24 0.112319 24 0.431159 257266 4574 4574 7357 152577 398285 5185 5185 233740 79583 79583
r-275 24 0.282609 24 0.630435 35451 32864 32864 285581 49605 45346 44166 44166 321175 54305 54305
r-982 24 0.0905797 24 0.641304 28214 4318 4318 104300 21727 11125 3444 3444 15877 5336 5336
r-362 24 0.518116 24 0.224638 31824 54880 31824 578597 30980 42735 75517 42735 284236 218435 284236
r-325 24 0.195652 24 0.373188 689240 158589 158589 244432 382652 1211146 247476 247476 638047 307793 307793
r-827 24 0.688406 24 0.0615942 709 5515 709 24057 379 1043 11668 1043 10505 6279 10505
r-846 24 0.65942 24 0.181159 16848 9172 16848 165302 14401 24788 12319 24788 85855 51244 85855
r-389 24 0.905797 24 0.905797 46425 23190 46425 18033 55345 4336 1011 4336 37220 47044 37220
r-318 24 0.152174 24 0.228261 1001548 133749 133749 231491 670220 1439446 187582 187582 977490 709395 709395
r-660 24 0.264493 24 0.652174 18745 33168 33168 280716 21401 24138 36720 36720 285501 252171 252171
r-710 24 0.144928 24 0.90942 311 1137 311 8018 225 686 2109 686 507 1814 507
r-268 24 0.434783 24 0.0797101 11294 197699 11294 204571 10945 15711 298674 15711 41080 130538 41080
r-787 24 0.242754 24 0.202899 214290 655017 214290 698253 224005 311968 983215 311968 254965 685200 254965
r-205 24 0.434783 24 0.32971 865108 2072090 865108 1919541 797594 1536627 4046063 1536627 1267548 1202723 1267548
r-82 24 0.34058 24 0.00724638 30672 89161866 30672 88664930 30239 35180 96728496 35180 1509850 32805875 1509850
r-46 24 0.65942 24 0.692029 422898 459906 422898 503154 354666 697106 802660 697106 784934 1171417 784934
r-962 24 0.960145 24 0.119565 1281 83 83 4510 707 2237 500 500 1746 1243 1243
r-841 24 0.916667 24 0.927536 7562 32037 7562 31598 6874 7979 32790 7979 66955 75083 66955
r-845 24 0.253623 24 0.724638 7651 5211 5211 150743 8101 10270 7546 7546 41411 47997 47997
r-411 24 0.228261 24 0.576087 37533 55574 55574 647150 65386 51743 81041 81041 212314 198689 198689
r-834 24 0.445652 24 0.557971 368070 350245 368070 908011 334633 590364 541693 590364 1036497 799872 1036497
r-753 24 0.413043 24 0.380435 1483062 1877255 1483062 1951248 1376346 2739874 3591753 2739874 1068425 1628620 1068425
r-907 24 0.884058 24 0.351449 5207 7018 7018 64910 6793 8877 9088 9088 89960 22173 22173
r-111 24 0.793478 24 0.57971 423942 101476 101476 132659 351065 717823 110602 110602 328659 354527 354527
r-709 24 0.532609 24 0.971014 3377 583486 3377 592047 3234 5889 778102 5889 17226 598730 17226
r-959 24 0.438406 24 0.626812 278410 187337 278410 1408171 257941 424954 287854 424954 1013374 417308 1013374
r-722 24 0.0615942 24 0.231884 7618495 52668 52668 1324099 1088423 8763861 57728 57728 9650830 371377 371377
r-156 24 0.322464 24 0.394928 2048248 664277 664277 903921 1811213 3802538 1040451 1040451 1418975 1780852 1780852
r-194 24 0.391304 24 0.507246 492526 325827 325827 1174289 483918 818364 508781 508781 952098 879720 879720
r-763 24 0.804348 24 0.887681 45555 670503 45555 633010 52423 58194 844706 58194 544232 1847501 544232
r-781 24 0.898551 24 0.163043 1639 744 744 9081 1174 2701 1277 1277 1243 1245 1245
r-627 24 0.394928 24 0.887681 5651 18056 5651 54505 5402 7405 22315 7405 67927 66345 67927
r-702 24 0.862319 24 0.528986 198917 14220 14220 17796 135903 324720 19912 19912 148059 60230 60230
r-201 24 0.467391 24 0.351449 197025 1423510 197025 1301824 165384 299082 2827561 299082 1174041 1123989 1174041
r-233 24 0.637681 24 0.793478 52861 667753 52861 602796 65823 72811 1030452 72811 249562 658408 249562
r-196 24 0.876812 24 0.235507 2409 968 968 22383 2490 4569 1343 1343 2160 4620 4620
r-581 24 0.75 24 0 72 16427 72 16407 72 525 24036 525 27744 25018 27744
r-830 24 0.163043 24 0.387681 622726 132076 132076 185747 486744 985289 73395 73395 316782 123365 123365
r-157 24 0.0289855 24 0.0833333 -1 16082 16082 -1 773127904 -1 13584 13584 -1 10405339 10405339
r-468 24 0.601449 24 0.702899 386401 885078 386401 867771 336345 593542 1618856 593542 885333 730543 885333
r-72 24 0.362319 24 0.445652 815726 436140 436140 591228 734589 1442208 692354 692354 871233 991312 991312
r-713 24 0.0869565 24 0.605072 19268 3248 3248 128264 23505 34036 4017 4017 20672 18644 18644
r-172 24 0.536232 24 0.695652 221906 1221604 221906 1085593 225931 280909 2298149 280909 650380 485821 650380
r-866 24 0.514493 24 0.387681 584976 280560 584976 1020135 529202 997080 432513 997080 1106403 892727 1106403
r-795 24 0.144928 24 0.836957 770 2306 2306 18497 820 1519 3780 3780 2545 6610 6610
r-760 24 0.0434783 24 0.0833333 1766199536 118317 118317 21545225 787516042 1771816734 108215 108215 3117743069 78676513 78676513
r-608 24 0.894928 24 0.405797 22393 6004 6004 115512 18753 32799 8783 8783 37539 13143 13143
r-977 24 0.960145 24 0.0108696 57 240 57 1610 51 582 970 582 32 274 32
r-731 24 0.228261 24 0.503623 147060 90175 90175 753008 157951 223212 136855 136855 270111 93269 93269
r-450 24 0.905797 24 0.0833333 334 362 334 6694 259 834 1091 834 1440 4098 1440
r-988 24 0.75 24 0.597826 1156943 174907 174907 242928 997737 2020838 232727 232727 1287481 554997 554997
r-511 24 0.605072 24 0.0724638 5135 37147 5135 44092 5633 3655 53929 3655 9102 28357 9102
r-66 24 0.634058 24 0.90942 2201 296642 2201 307711 1222 661 400167 661 933756 412988 933756
r-802 24 0.0688406 24 0.789855 4088 1296 1296 18619 3125 6799 1843 1843 5167 2895 2895
r-375 24 0.692029 24 0.0398551 762 7047 762 10112 372 1194 10624 1194 1934 10600 1934
r-347 24 0.460145 24 0.855072 8019 78184 8019 97750 7035 1674 121214 1674 15711 84106 15711
r-685 24 0.5 24 0.40942 1071541 1572164 1071541 1585924 1003660 1935345 3024247 1935345 1421987 1137411 1421987
r-958 24 0.786232 24 0.0181159 143 5232 143 5402 89 572 8654 572 191 4032 191
r-602 24 0.844203 24 0.32971 10526 5475 5475 54819 12016 13335 1507 1507 40062 43558 43558
r-67 24 0.155797 24 0.514493 50205 19841 19841 461453 68989 72026 18070 18070 48858 51108 51108
r-563 24 0.0797101 24 0.967391 132 255 132 2296 81 629 701 629 99 484 99
r-822 24 0.695652 24 0.57971 661047 186847 186847 219511 475227 1187558 255911 255911 828395 498991 498991
r-370 24 0.0507246 24 0.539855 97328 1070 1070 583846 90801 127646 1846 1846 49427 42858 42858
r-488 24 0.713768 24 0.84058 56629 693222 56629 635714 81479 77533 1036567 77533 427936 300256 427936
r-316 24 0.333333 24 0.583333 137412 77637 77637 1063018 147693 207478 115422 115422 292618 137662 137662
r-740 24 0.521739 24 0.0398551 2155 223640 2155 461692 1746 3180 280589 3180 9871 305092 9871
r-679 24 0.228261 24 0.492754 818459 110325 110325 182566 672194 1518191 172987 172987 241723 164410 164410
r-788 24 0.0942029 24 0.166667 1052978 282523 282523 710880 742028 1222508 310828 310828 4898849 1285951 1285951
r-146 24 0.0181159 24 0.666667 88167 1253 1253 321928 22548 122209 475 475 86909 22044 22044
r-447 24 0.778986 24 0.40942 43022 29213 29213 330283 46695 58113 42188 42188 194950 132882 132882
r-44 24 0.623188 24 0.949275 10065 1759441 10065 1706796 10238 1259 2085354 1259 671914 1037207 671914
r-920 24 0.815217 24 0.666667 878110 58323 58323 79866 728962 1413790 81114 81114 709076 317357 317357
r-356 24 0.800725 24 0.148551 3722 1285 3722 20653 3298 4359 2009 4359 10352 6316 10352
r-998 24 0.630435 24 0.0688406 1759 24877 1759 37181 958 2422 31408 2422 4370 23868 4370
r-637 24 0.927536 24 0.757246 2686500 42470 42470 1356181 656342 3316915 37329 37329 1810909 52934 52934
r-1000 24 0.00724638 24 0.0217391 -1 34298 34298 -1 -1 -1 35944 35944 -1 27813 27813
r-943 24 0.188406 24 0.0905797 77051 1009529 77051 837143 104106 30526 1014390 30526 595883 4241904 595883
r-395 24 0.278986 24 0.942029 56 12588 56 9584 56 450 17246 450 652 9187 652
r-668 24 1 24 0.775362 -1 15687307 15687307 -1 -1 -1 6572566 6572566 -1 -1 -1
r-916 24 0.746377 24 0.952899 6754 7929275 6754 7072588 6334 7195 5800827 7195 362866 25345924 362866
r-526 24 0.963768 24 0.32971 15132 1150 1150 118595 7311 23488 1629 1629 13638 8944 8944
r-38 24 0.376812 24 0.51087 441608 551416 551416 1426814 449476 677134 904884 904884 1233345 1242099 1242099
r-445 24 0.5 24 0.351449 322386 1198681 322386 1131184 292493 167746 2164804 167746 752689 1046851 752689
r-665 24 0.786232 24 0.445652 17912 20731 20731 345611 28118 25431 28795 28795 57780 145673 145673
r-875 24 0.076087 24 0.612319 8295 4514 4514 65957 5225 13893 7223 7223 9523 5021 5021
r-254 24 0.188406 24 0.376812 675324 79147 79147 103706 583418 1189115 113659 113659 612147 904110 904110
r-88 24 0.539855 24 0.818841 46676 417704 46676 377083 47388 68381 744423 68381 97814 102681 97814
r-412 24 0.224638 24 0.836957 2009 4340 2009 100392 2607 1723 3868 1723 2357 15231 2357
r-532 24 0.978261 24 0.858696 -1 29330 29330 -1 193335161 -1 18899 18899 -1 14332768 14332768
r-936 24 0.699275 24 0.634058 1019231 402467 402467 506103 759757 1817389 677531 677531 1166503 1273563 1273563
r-764 24 0.945652 24 0.0326087 42 280 42 1667 51 526 778 526 32 467 32
r-247 24 0.492754 24 0.467391 698390 1391888 698390 1404010 629875 1157804 2610202 1157804 1840589 1394483 1840589
r-455 24 0.507246 24 0.710145 106967 792921 106967 729056 94915 143341 1517625 143341 173257 182141 173257
r-285 24 0.130435 24 0.692029 14202 2514 2514 163836 11327 14806 949 949 17746 22406 22406
r-434 24 0.362319 24 0.141304 28554 267398 28554 264820 29061 36889 415343 36889 199228 227650 199228
r-862 24 0.0181159 24 0.0144928 246 2255 246 2254 247 271 2280 271 -1 -1 -1
r-357 24 0.257246 24 0.0869565 15447 732309 15447 695117 9872 2273 912589 2273 513576 1000206 513576
r-485 24 0.163043 24 0.0217391 143006 -1 143006 -1 137572 22833 -1 22833 2499855 -1 2499855
r-430 24 0.655797 24 0.597826 1455171 436439 436439 563039 1194562 2725219 748510 748510 1094891 1204302 1204302
r-592 24 0.800725 24 0.902174 16473 999045 16473 896209 21419 22589 1139302 22589 224442 3710325 224442
r-640 24 0.0833333 24 0.728261 5149 2053 2053 62661 5334 8664 2677 2677 11589 4032 4032
r-253 24 0.413043 24 0.155797 22361 248254 22361 220100 33225 15346 405130 15346 113750 316737 113750
r-25 24 0.402174 24 0.65942 93418 162432 93418 740361 93264 133557 248201 133557 144247 336117 144247
r-835 24 0.641304 24 0.311594 28388 80664 28388 269679 28274 37655 120930 37655 63254 222497 63254
r-225 24 1 24 0.565217 86200920 28363 28363 8179904 12420949 96096099 34507 34507 84979134 1825193 1825193
r-264 24 0.543478 24 0.206522 45496 29231 45496 242492 48553 68323 19397 68323 107876 155539 107876
r-985 24 0.217391 24 0.648551 14907 2974 2974 228957 14263 18985 4051 4051 27098 140010 140010
r-595 24 0.0326087 24 0.876812 1163 33 33 8020 698 2532 525 525 1239 1841 1841
r-721 24 0.0507246 24 0.101449 456510508 2205244 2205244 90967394 98202482 435280210 2368128 2368128 740306101 48187114 48187114
r-786 24 0.713768 24 0.257246 6576 7574 6576 251143 8297 9664 9529 9664 14616 94732 14616
r-475 24 0.721014 24 0.677536 826568 388192 388192 471455 703255 1403529 613620 613620 746901 880040 880040
r-100 24 0.862319 24 0.202899 1808 1098 1098 24958 2206 3219 1717 1717 3252 5186 5186
r-494 24 0.333333 24 0.202899 192627 764155 192627 724577 216408 256729 1279076 256729 481437 435698 481437
r-477 24 0.753623 24 0.992754 4895 -1 4895 -1 4836 6717 -1 6717 16517674 -1 16517674
r-213 24 0.601449 24 0.442029 661873 346906 346906 1977929 619646 1038741 531968 531968 1589657 1193915 1193915
r-352 24 0.199275 24 0.764493 4899 2374 2374 73196 4909 6444 2749 2749 54439 27209 27209
r-276 24 0.913043 24 0.804348 1094484 5796 5796 6858 474497 1233311 5867 5867 4206395 96432 96432
r-248 24 0.561594 24 0.73913 230804 1017648 230804 939944 210334 385537 1911131 385537 321028 869754 321028
r-732 24 0.126812 24 0.394928 438942 38710 38710 46960 369031 767008 43815 43815 223648 185157 185157
r-976 24 0.902174 24 0.163043 651 501 501 8744 622 1630 587 587 1581 6843 6843
r-850 24 0.148551 24 0.202899 672445 314982 314982 409339 560209 944757 422929 422929 1361663 982408 982408
r-698 24 0.724638 24 0.391304 41686 30336 30336 407827 67473 54923 41389 41389 315560 197502 197502
r-31 24 0.26087 24 0.557971 67598 77575 77575 457410 70130 97780 109895 109895 156720 227337 227337
r-848 24 0.431159 24 0.978261 3597 170439 3597 134782 3145 5322 275801 5322 25131 106920 25131
r-940 24 1 24 0.0362319 487 25 25 1609 193 1013 551 551 489 25 25
r-304 24 0.224638 24 0.365942 991633 114143 114143 144055 857561 1675122 171124 171124 435180 675146 675146
r-598 24 0.503623 24 0.630435 187796 1457208 187796 1386505 171735 281460 2846957 281460 1308695 1087141 1308695
r-522 24 0.713768 24 0.688406 780442 592727 592727 695752 583040 1256653 952757 952757 2052389 991660 991660
r-569 24 0.115942 24 0.771739 1531 798 798 26107 1746 2905 647 647 2312 5759 5759
r-349 24 0.289855 24 0.40942 1261572 277018 277018 379408 1088897 2238048 409935 409935 1113723 715973 715973
r-416 24 0.311594 24 0.0978261 6399 116156 6399 128025 4656 1068 136409 1068 247500 516133 247500
r-726 24 0.0362319 24 0.851449 1084 78 78 5734 624 2406 551 551 944 1341 1341
r-729 24 0.423913 24 0.695652 263018 56822 263018 689352 253448 414259 80793 414259 395566 206256 395566
r-443 24 0.202899 24 0.123188 60154 349636 60154 351632 61434 74323 461740 74323 1773435 2431052 1773435
r-330 24 0.721014 24 0.960145 4774 130262508 4774 123674551 4283 1438 134514808 1438 1645678 150599673 1645678
r-204 24 0.23913 24 0.405797 1053825 122806 122806 174747 774055 1846049 181199 181199 530072 325235 325235
r-883 24 0.271739 24 0.434783 587607 136810 136810 212743 375052 1086268 205029 205029 487858 431950 431950
r-84 24 0.800725 24 0.40942 18437 5938 5938 175050 20572 25117 2976 2976 31039 52453 52453
r-323 24 0.634058 24 0.717391 761684 1345766 761684 1376143 811730 483298 2426232 483298 1758350 855545 1758350
r-524 24 0.851449 24 0.141304 1800 1408 1800 27247 1876 3803 2844 3803 3504 8868 3504
r-48 24 0.00362319 24 0.355072 5763496180 34572 34572 14875708 611162 6511094867 12265 12265 5763093626 222143 222143
r-81 24 0.246377 24 0.916667 546 1951 546 8255 497 450 3523 450 2809 3939 2809
r-703 24 0.213768 24 0.619565 45646 7560 7560 308909 63460 66282 10435 10435 104838 66661 66661
r-878 24 0.84058 24 0.17029 1571 2345 2345 32263 1472 2607 3630 3630 11124 5190 5190
r-896 24 0.315217 24 0.456522 1525208 385407 385407 498233 1112794 2984225 649851 649851 1199309 1045004 1045004
r-321 24 0.786232 24 0.684783 591231 106537 106537 136188 453509 939384 150577 150577 398783 336405 336405
r-383 24 0.485507 24 0.181159 6929 456823 6929 415030 5259 8797 845211 8797 62132 140165 62132
r-386 24 0.572464 24 0.188406 68257 27190 68257 220049 78528 108755 36071 108755 65552 61079 65552
r-796 24 0.916667 24 0.405797 28639 1916 1916 87930 17809 27761 1946 1946 30497 22058 22058
r-762 24 0.228261 24 0.612319 25090 28164 28164 257553 33732 17698 26012 26012 205293 101170 101170
r-906 24 0.594203 24 0.15942 7004 27768 7004 142109 5414 8060 38985 8060 32389 97448 32389
r-503 24 0.434783 24 0.246377 201858 895743 201858 844586 203509 314530 1724003 314530 488670 764503 488670
r-432 24 0.804348 24 0.181159 2624 3378 2624 44177 2734 1431 4987 1431 14681 2466 14681
r-127 24 0.695652 24 0.224638 16903 20565 16903 95130 15594 16969 31683 16969 87346 69907 87346
r-889 24 0.0471014 24 0.224638 18874803 8371 8371 257947 311505 6688659 1805 1805 7548500 39358 39358
r-652 24 0.594203 24 0.887681 25513 637964 25513 613387 37426 40347 1172697 40347 128552 276186 128552
r-979 24 0.623188 24 0.793478 150921 840679 150921 716785 175949 230761 1422409 230761 324180 524242 324180
r-484 24 0.699275 24 0.0326087 1194 5312 1194 15230 1057 661 9486 661 14275 6623 14275
r-12 24 0.652174 24 0.32971 58234 53958 58234 572875 56261 63875 68206 63875 502538 298336 502538
r-667 24 0.34058 24 0.666667 40679 83203 40679 528401 43887 57818 122091 57818 302487 343120 302487
r-433 24 0.163043 24 0.757246 2535 1959 1959 22465 3114 3804 2414 2414 14614 15652 15652
r-648 24 0.793478 24 0.949275 14987 17958036 14987 14405776 13002 3821 19860752 3821 1182490 27196473 1182490
r-843 24 0.82971 24 0.673913 1437169 119547 119547 176980 990930 2379420 180414 180414 1014882 689693 689693
r-147 24 0.474638 24 0.166667 16580 601092 16580 492501 17219 22354 1011691 22354 79226 223635 79226
r-405 24 0.681159 24 0.576087 1564070 208572 208572 310187 1096291 2934459 312332 312332 841412 784485 784485
r-7 24 0.826087 24 0.26087 6189 1684 1684 74487 5027 8746 2003 2003 44842 23631 23631
r-97 24 0.884058 24 0.48913 162593 3994 3994 582108 107110 109739 518 518 50892 24479 24479
r-937 24 0.445652 24 0.721014 226074 51635 226074 699131 217386 352592 67929 352592 358537 329419 358537
r-523 24 0.931159 24 0.210145 3879 467 467 42142 5065 4842 969 969 3694 3311 3311
r-500 24 0.445652 24 0.59058 330661 104173 330661 731324 306911 552200 144507 552200 1380327 963177 1380327
r-584 24 0.583333 24 0.626812 1323827 1801149 1323827 1789268 1198074 2359819 3356158 2359819 1672387 1637313 1672387
r-991 24 0.65942 24 0.952899 4746 1035653 4746 1043647 4158 2137 1291055 2137 41397 1035896 41397
r-678 24 0.764493 24 0.286232 26165 7946 7946 204737 25630 37964 10268 10268 69816 43686 43686
r-85 24 0 24 0.916667 741 25 25 2619 288 1471 550 550 741 1200 1200
r-891 24 0.615942 24 0.23913 46492 26320 46492 458680 44034 65446 38543 65446 133728 51280 133728
r-482 24 0.568841 24 0.65942 797214 1846455 797214 1778694 730205 1343926 3457275 1343926 1875529 1749090 1875529
r-374 24 0.275362 24 0.0181159 9715 589183658 9715 543220797 9087 13816 627574155 13816 7017214 515737027 7017214
r-944 24 0.92029 24 0.213768 1448 2921 2921 8212 1368 2281 1155 1155 1264 2427 2427
r-86 24 0.916667 24 0.485507 70702 3626 3626 231480 36398 76986 4564 4564 73557 19785 19785
r-647 24 0.126812 24 0.173913 181848 94813 94813 135211 155664 113086 20403 20403 266290 529331 529331
r-207 24 0.434783 24 0.076087 8305 434176 8305 379806 11144 11076 701955 11076 15737 464334 15737
r-583 24 0.547101 24 0.630435 509934 1116984 509934 1113703 445792 826322 2133091 826322 719752 1549457 719752
r-200 24 0.90942 24 0.199275 1281 684 684 11461 923 2170 1140 1140 2659 3901 3901
r-919 24 0.804348 24 0.278986 2547 7095 7095 135442 2983 3429 10211 10211 31728 42965 42965
r-215 24 0.76087 24 0.73913 216603 213040 213040 272901 173409 335531 330919 330919 1096501 522846 522846
r-772 24 0.318841 24 0.981884 819 19177 819 52260 501 1150 29035 1150 4187 18099 4187
r-158 24 0.485507 24 0.0507246 956 359953 956 369243 541 666 458908 666 23055 335562 23055
r-229 24 0.666667 24 0.974638 11601 14034000 11601 12984172 10711 9346 12489028 9346 506496 12667657 506496
r-342 24 0.264493 24 0.115942 38960 1075314 38960 1036215 38043 44337 1450255 44337 72282 1046692 72282
r-886 24 0.985507 24 0.51087 2163433 12037 12037 56597 53511 2549653 15602 15602 1760854 147015 147015
r-231 24 0.974638 24 0.228261 8912 51 51 39117 7694 13560 475 475 4089 707 707
r-305 24 0.148551 24 0.782609 4578 699 699 34218 4341 6302 1277 1277 8792 10888 10888
r-771 24 0.307971 24 0.076087 11269 697956 11269 615323 8419 3560 865514 3560 356229 1454746 356229
r-558 24 0.0398551 24 0.90942 537 154 154 4787 352 1183 501 501 3599 55 55
r-221 24 0.833333 24 0.844203 56194 51656 56194 58606 48903 71623 65956 71623 427473 1229292 427473
r-227 24 0.786232 24 0.40942 18215 23305 23305 311981 24703 14474 8278 8278 189149 83256 83256
r-176 24 0.0543478 24 0.307971 2001021 4679 4679 77847 82845 2173735 1630 1630 1625382 181587 181587
r-923 24 0.0108696 24 0.605072 48827 1671 1671 118092 11781 72881 720 720 52202 4222 4222
r-4 24 0.858696 24 0.931159 13689 600023 13689 510598 14253 15075 672595 15075 340365 2844506 340365
r-873 24 0.300725 24 0.449275 1441418 179008 179008 279515 1003669 2664353 250519 250519 794425 940749 940749
r-681 24 0.547101 24 0.0507246 2998 90812 2998 71264 2308 3359 132116 3359 30434 48156 30434
r-218 24 0.82971 24 0.757246 436751 112473 112473 147936 301175 572368 43672 43672 160108 158206 158206
r-711 24 0.815217 24 0.978261 146177 -1 146177 -1 100836 69824 -1 69824 8729259 -1 8729259
r-415 24 0.48913 24 0.974638 3767 2363653 3767 5153512 3181 2282 3388069 2282 53266 3288818 53266
r-622 24 0.90942 24 0.778986 2385167 46175 46175 62287 1155089 2907799 57869 57869 2753576 2522041 2522041
r-76 24 0.195652 24 0.913043 521 2348 521 16398 366 1002 4463 1002 3390 4709 3390
r-861 24 0.945652 24 0.163043 1096 1738 1738 7228 748 2052 577 577 2275 2168 2168
r-57 24 0.894928 24 0.474638 70531 1297 1297 321138 60898 89043 375 375 89069 35651 35651
r-541 24 0.246377 24 0.771739 9436 5809 9436 60280 8567 11842 2369 11842 12689 19216 12689
r-336 24 0.0652174 24 0.855072 1020 231 231 6295 701 1825 651 651 1762 2240 2240
r-905 24 0.568841 24 0.0905797 4295 37563 4295 204195 4390 6093 38899 6093 37567 66995 37567
r-506 24 0.173913 24 0.0434783 23633 110272809 23633 99810861 22206 911 110255082 911 6699780 46399038 6699780
r-571 24 0.996377 24 0.594203 361275031 183361 183361 1445231 83611 382179632 6467 6467 194503254 150275748 150275748
r-29 24 0.699275 24 0.246377 7516 19061 7516 212891 7147 2207 23090 2207 54844 44072 54844
r-180 24 0.485507 24 0.307971 271134 1335960 271134 1225819 263378 441664 2619059 441664 876057 686474 876057
r-767 24 0.996377 24 0.286232 39010 858 858 74878 11109 56880 1273 1273 41087 1340 1340
r-851 24 0.73913 24 0.67029 1241196 381821 381821 471891 851303 1948259 521556 521556 1464220 638419 638419
r-554 24 0.996377 24 0.394928 329813 950 950 908702 59261 421051 1364 1364 533244 72286 72286
r-527 24 0.333333 24 0.967391 410 13638 410 11588 242 744 20528 744 3022 11694 3022
r-209 24 0.195652 24 0.181159 174703 272843 174703 328101 122256 235585 376537 235585 766433 686902 766433
r-284 24 0.724638 24 0.858696 105543 537364 105543 534144 101290 34734 734997 34734 144939 490311 144939
r-309 24 0.17029 24 0.373188 375604 29679 29679 39927 324214 529830 8439 8439 248070 170790 170790
r-242 24 0.833333 24 0.634058 557213 113384 113384 161950 458641 871051 162080 162080 606134 303681 303681
r-512 24 0.568841 24 0.65942 637393 1830486 637393 1821920 571897 894056 3418729 894056 2122857 1390889 2122857
r-814 24 0.373188 24 0.731884 12606 118480 12606 437421 12500 15297 177678 15297 265214 189694 265214
r-935 24 0.717391 24 0.65942 1136253 444531 444531 579423 923575 1872840 688851 688851 1440973 541560 541560
r-126 24 0.0543478 24 0.115942 26196665 1704 1704 26723 2188189 26326450 1306 1306 587585036 7536214 7536214
r-734 24 0.15942 24 0.554348 44879 27122 27122 339375 40625 61616 38916 38916 78883 64586 64586
r-467 24 0.916667 24 0.0833333 560 313 560 6589 449 704 590 704 520 514 520
r-939 24 0.503623 24 0.619565 489315 1475316 489315 1422354 448770 823787 2934524 823787 1435650 1275323 1435650
r-790 24 0.503623 24 0.996377 3886 3985234 3886 4018672 3854 1344 5742787 1344 845064 3732188 845064
r-550 24 0.757246 24 0.731884 552917 606749 606749 825405 331497 759117 924251 924251 1659366 838479 838479
r-514 24 0.84058 24 0.800725 581635 168039 168039 210800 505582 764898 209343 209343 682281 2611739 2611739
r-390 24 0.293478 24 0.557971 53026 146464 146464 794036 69085 64840 226615 226615 370271 250806 250806
r-574 24 0.717391 24 0.898551 26442 407495 26442 380289 22700 33980 518244 33980 5867957 836575 5867957
r-214 24 0.0615942 24 0.746377 2673 153 153 7027 1765 5338 506 506 3920 1618 1618
r-770 24 0.224638 24 0.905797 2717 4553 2717 38928 2365 3719 3686 3719 11773 11021 11773
r-758 24 0.612319 24 0.253623 40458 40865 40458 560503 36864 48254 59535 48254 162357 345739 162357
r-908 24 0.275362 24 0.0326087 18959 49524511 18959 36940718 18987 25469 57695307 25469 5125258 90702376 5125258
r-185 24 0.224638 24 0.724638 4611 8404 8404 113583 5948 6775 11789 11789 46629 55059 55059
r-871 24 0.59058 24 0.231884 41736 10572 41736 362980 38905 58234 14359 58234 115842 178556 115842
r-392 24 0.601449 24 0.119565 11370 18110 11370 99279 11785 15670 14184 15670 12500 79521 12500
r-669 24 0.34058 24 0.938406 1642 29562 1642 25430 2026 829 44081 829 7071 29544 7071
r-95 24 0.398551 24 0.778986 32749 43825 32749 446462 29504 44457 71417 44457 145623 78882 145623
r-234 24 0.90942 24 0.463768 45371 10437 10437 249320 35043 41442 14217 14217 57422 38658 38658
r-181 24 0.199275 24 0.98913 30 2548 30 3685 52 500 6052 500 293 2570 293
r-18 24 0.42029 24 0.764493 50496 47643 50496 326538 47848 69078 62144 69078 82915 144651 82915
r-366 24 0.177536 24 0.257246 395040 66023 66023 95141 281741 576533 89913 89913 659818 197723 197723
r-825 24 0.673913 24 0.355072 55259 153256 153256 512983 60492 78158 226387 226387 594307 519472 519472
r-424 24 0.655797 24 0.0615942 3104 11230 3104 24116 2674 536 20257 536 1331 7551 1331
r-840 24 0.945652 24 0.836957 47596087 71416 71416 38771954 3309147 49935606 87332 87332 254002012 453695 453695
r-966 24 0.478261 24 0.721014 142049 167092 142049 933064 138024 190719 242980 190719 539303 822206 539303
r-182 24 0.855072 24 0.518116 54266 13673 13673 17553 44501 83438 12117 12117 83926 29871 29871
r-53 24 0.945652 24 0.289855 4936 989 989 45036 3346 8335 1386 1386 7392 7714 7714
r-9 24 0.98913 24 0.101449 569 33 33 3851 216 1398 525 525 643 936 936
r-139 24 0.84058 24 0.42029 21561 22259 22259 255273 29398 33517 31401 31401 51493 71913 71913
r-628 24 0.913043 24 0.768116 1537958 36715 36715 60160 919159 1947506 29443 29443 1905332 2568054 2568054
r-422 24 0.532609 24 0.0471014 1694 122399 1694 206146 1542 986 114843 986 15920 151148 15920
r-61 24 0.576087 24 0.789855 48662 774124 48662 724829 45540 73195 1370149 73195 278606 280499 278606
r-776 24 0.811594 24 0.836957 25897 61208 25897 70258 17141 23560 77499 23560 40992 63626 40992
r-282 24 0.362319 24 0.224638 14438 312688 14438 286280 11127 15917 534800 15917 442268 310832 442268
r-449 24 0.804348 24 0.554348 1137986 117795 117795 153388 920621 2164694 184964 184964 341280 199075 199075
r-461 24 0.300725 24 0.268116 250071 350118 250071 389853 201131 393192 563262 393192 933325 767436 933325
r-910 24 0.32971 24 0.463768 1421159 275934 275934 408160 1074790 2737810 436574 436574 610870 916925 916925
r-987 24 0.481884 24 0.608696 218084 347371 218084 939756 206804 334816 538113 334816 1179511 655517 1179511
r-317 24 0.815217 24 0.496377 107523 55580 55580 888306 98610 128921 83415 83415 603705 432087 432087
r-105 24 0.195652 24 0.677536 27294 9263 9263 167268 29419 24780 12788 12788 11124 75284 75284
r-513 24 0.706522 24 0.413043 94635 151447 151447 455872 117532 135125 225556 225556 270947 446808 446808
r-274 24 0.742754 24 0.373188 41186 49604 49604 426291 45572 65393 29698 29698 206384 150719 150719
r-779 24 0.630435 24 0.112319 1313 5734 1313 35625 1198 1207 11328 1207 6069 14903 6069
r-613 24 0.891304 24 0.0978261 628 511 628 8754 440 1219 703 1219 1960 10318 1960
r-621 24 0.572464 24 0.134058 17072 13813 17072 77724 20863 11807 12530 11807 11577 56000 11577
r-266 24 0.84058 24 1 -1 -1 -1 -1 -1 -1 -1 -1 -1 -1 -1
r-17 24 0.778986 24 0.681159 1193116 215806 215806 302708 886940 1972948 324704 324704 458025 226187 226187
r-548 24 0.851449 24 0.757246 682858 83005 83005 135375 387759 972682 111114 111114 970340 288775 288775
r-564 24 0.0507246 24 0.112319 12392657 32970 32970 5619965 242160 648307 8762 8762 3804814 10297 10297
r-451 24 0.0942029 24 0.873188 795 1312 1312 12504 568 1329 2240 2240 3752 1656 1656
r-611 24 0.315217 24 0.634058 62742 96490 96490 360913 63995 85912 135117 135117 94225 268398 268398
r-145 24 0.478261 24 0.800725 93343 63897 93343 401541 101869 139140 92146 139140 280170 97749 280170
r-143 24 0.644928 24 1 11885305 3493760927 11885305 3518004246 11885305 21762 3734181570 21762 13040155 3453693350 13040155
r-538 24 0.98913 24 0.32971 27983 370 370 125235 19995 49900 910 910 115199 2220 2220
r-864 24 0.608696 24 0.257246 19819 31317 19819 236905 18188 25300 37482 25300 119863 186390 119863
r-918 24 0.735507 24 0.293478 21096 7114 7114 200241 21149 27778 9021 9021 59731 41685 41685
r-8 24 0.25 24 0.702899 9086 5040 5040 116211 12255 11002 6910 6910 26909 68151 68151
r-391 24 0.73913 24 0.492754 118774 161308 161308 577101 132416 163515 264081 264081 264372 331068 331068
r-855 24 0.115942 24 0.358696 189109 9860 9860 12510 76484 264284 12938 12938 299819 61222 61222
r-847 24 0.644928 24 0.275362 20346 56842 20346 183036 18132 19558 85422 19558 252919 150017 252919
r-216 24 0.539855 24 0.804348 29699 374958 29699 292938 30240 41361 613192 41361 79432 315283 79432
r-701 24 0.525362 24 0 27762 4367541 27762 4378815 27762 30520 5451383 30520 28895 4398093 28895
r-618 24 0.387681 24 0.15942 58976 845265 58976 775090 67266 82339 1480176 82339 266613 260575 266613
r-887 24 0.644928 24 0.42029 248109 232008 232008 1207265 255605 400466 355256 355256 1011353 743627 743627
r-39 24 0.869565 24 0.398551 21663 14330 14330 160060 25044 32989 23462 23462 45253 42631 42631
r-720 24 0.358696 24 0.663043 51084 25726 51084 480116 51960 70425 35390 70425 458973 195859 458973
r-952 24 0.503623 24 0.460145 628102 788539 628102 768273 572147 1057940 1341698 1057940 1005164 1098044 1005164
r-408 24 0.0253623 24 0.572464 129044 1523 1523 715725 42122 177801 2286 2286 108116 15273 15273
r-189 24 0.826087 24 0.771739 692806 175179 175179 267488 406659 978298 240935 240935 1391867 673114 673114
r-751 24 0.351449 24 0.351449 573262 849231 573262 938756 487738 961124 1467345 961124 1135189 855322 1135189
r-586 24 0.927536 24 0.445652 35581 2512 2512 245716 25909 52260 3246 3246 47459 70662 70662
r-162 24 0.076087 24 0.452899 176065 7665 7665 12981 48989 252576 11975 11975 148323 27978 27978
r-51 24 0.561594 24 0.42029 404653 512365 404653 899968 378581 662935 843830 662935 788329 920839 788329
r-593 24 0.666667 24 0.286232 13874 27627 13874 357227 13315 19677 39026 19677 267448 261577 267448
r-312 24 0.315217 24 0.949275 3908 6878 3908 36968 4313 6562 12417 6562 5200 22242 5200
r-638 24 0.057971 24 0.634058 16636 1854 1854 41394 6288 25164 2549 2549 50075 7372 7372
r-102 24 0.931159 24 0.92029 3358347 5466582 5466582 4246142 33109376 3365859 5362509 5362509 630215175 1568666412 1568666412
r-11 24 0.112319 24 0.166667 458977 62109 62109 125207 363266 552835 76527 76527 1166464 257161 257161
r-707 24 0.713768 24 0.634058 989252 297425 297425 401764 705453 1728060 483832 483832 1008419 912523 912523
r-956 24 0.76087 24 0.25 9063 10016 10016 81759 9232 12733 13837 13837 26784 12731 12731
r-133 24 0.297101 24 0.536232 175574 159898 159898 858162 191277 235545 232637 232637 377556 410216 410216
r-561 24 0.398551 24 0.166667 27757 381557 27757 341524 26845 8323 600057 8323 144218 68788 144218
r-653 24 0.894928 24 0.876812 25184 34189 34189 42546 21695 29046 39638 39638 2108619 86364 86364
r-34 24 0.684783 24 0.507246 1226862 246053 246053 399266 877841 2381971 356740 356740 429201 574503 574503
r-782 24 0.485507 24 0.572464 592774 633179 592774 1263493 555649 1027779 917238 1027779 844960 997225 844960
r-588 24 0.630435 24 0.452899 327216 146722 146722 759921 319478 510013 222939 222939 648190 723350 723350
r-839 24 0.391304 24 0.942029 1468 26208 1468 21126 991 2171 47330 2171 6860 18918 6860
r-354 24 0.057971 24 0.75 5256 1285 1285 38727 2850 8143 665 665 8170 1987 1987
r-820 24 0.416667 24 0.90942 2748 51968 2748 52756 2085 3161 70668 3161 5694 28977 5694
r-419 24 0.949275 24 0.710145 2161699 7393 7393 9060 211403 2713661 4974 4974 2376504 369271 369271
r-600 24 0.873188 24 0.467391 52231 6704 6704 318320 55414 65343 7895 7895 78484 43817 43817
r-630 24 0.384058 24 0.681159 66849 55535 66849 579890 63364 94045 83138 94045 273073 168674 273073
r-238 24 0.289855 24 0.985507 278 7682 278 7965 154 475 14553 475 1069 9362 1069
r-444 24 0.358696 24 0.913043 2438 9411 2438 26014 1959 1743 14639 1743 7581 13860 7581
r-833 24 0.00724638 24 0.481884 6397167 1289 1289 8448 524368 7412249 1678 1678 4476573 29022 29022
r-749 24 0.608696 24 0.630435 249141 430348 249141 468638 211432 368859 749393 368859 869167 829681 869167
r-614 24 0.518116 24 0.898551 5718 70546 5718 67429 6059 8734 132023 8734 27626 114089 27626
r-152 24 0.876812 24 0.449275 37994 37125 37125 210743 45471 51763 30473 30473 81379 70135 70135
r-58 24 0.173913 24 0.282609 983511 92406 92406 124855 811277 1528665 130347 130347 953242 683718 683718
r-324 24 0.503623 24 0.0688406 1261 96083 1261 70002 980 600 130698 600 17631 49002 17631
r-283 24 0.0398551 24 0.771739 2804 325 325 6264 2004 6109 565 565 4155 2881 2881
r-28 24 0.76087 24 0.865942 231546 1120476 231546 1049169 307822 323765 1631245 323765 686552 2446136 686552
r-289 24 0.898551 24 0.474638 50441 2767 2767 366206 36391 63707 3025 3025 48111 14858 14858
r-47 24 0.865942 24 0.307971 9505 6789 6789 70610 7593 12015 8859 8859 20967 7361 7361
r-459 24 0.434783 24 0.615942 189804 292988 189804 1684636 170314 277664 433507 277664 1442893 850285 1442893
r-73 24 0.326087 24 0.380435 690977 1022633 1022633 1170699 544484 1199756 1724965 1724965 1119936 1234930 1234930
r-93 24 0.92029 24 0.235507 2102 206 206 15997 2128 4288 615 615 17134 7191 7191
r-35 24 0.224638 24 0.528986 58553 79941 79941 473945 90099 16671 34067 34067 227941 385226 385226
r-210 24 0.0181159 24 0.76087 6788 121 121 51520 2656 11948 572 572 4749 132 132
r-384 24 0.15942 24 0.902174 387 1370 387 15069 308 815 1875 815 9900 1838 9900
r-23 24 0.73913 24 0.673913 886537 376066 376066 462828 763628 1431009 560787 560787 705578 1038014 1038014
r-832 24 0.572464 24 0.0688406 6019 91142 6019 41986 6445 3327 116930 3327 6554 103175 6554
r-144 24 0.735507 24 0.822464 43061 370744 43061 370818 50359 54751 563203 54751 247732 446847 247732
r-792 24 0.318841 24 0.17029 112775 625453 112775 546621 125891 149218 1018677 149218 627073 461939 627073
r-206 24 0.963768 24 0.565217 281420 2798 2798 2991 48054 386286 1274 1274 496190 73403 73403
r-869 24 0.105072 24 0.286232 457812 29288 29288 42140 333477 683776 41418 41418 385604 43005 43005
r-163 24 0.405797 24 0.847826 7735 13026 7735 179074 6761 9654 15515 9654 99116 25501 99116
r-178 24 0.0326087 24 0.202899 652212173 9961 9961 263366551 2407170 114682742 1776 1776 410960541 6232787 6232787
r-199 24 0.583333 24 0.202899 30809 21153 30809 265378 32162 44567 30668 44567 116016 62084 116016
r-77 24 0.0144928 24 0.246377 -1 8357 8357 -1 16431149 -1 5104 5104 -1 3363589 3363589
r-280 24 0.257246 24 0.0543478 16466 19825333 16466 17645319 9140 12178 22015206 12178 821467 26598941 821467
r-418 24 0.923913 24 0.217391 1608 1358 1358 11619 1313 3467 579 579 2859 2384 2384
r-262 24 0.518116 24 0.442029 559906 361347 559906 1315133 511511 955353 568469 955353 1318710 1150659 1318710
r-865 24 0.572464 24 0.398551 190673 270862 190673 1030479 175716 267922 388177 267922 1456434 1179845 1456434
r-131 24 0.5 24 0.5 700631 967260 700631 1104933 636117 1236561 1647239 1236561 1126938 929963 1126938
r-867 24 0.137681 24 0.304348 1497711 49357 49357 70319 957006 2109282 66112 66112 1042708 1724191 1724191
r-606 24 0.141304 24 0.887681 509 1514 509 15799 392 983 2375 983 7739 10302 7739
r-635 24 0.438406 24 0.177536 138959 374702 138959 371314 156679 219648 650474 219648 181867 410482 181867
r-553 24 0.568841 24 0.67029 772975 1853291 772975 1834170 769105 1291169 3438965 1291169 776648 1390852 776648
r-59 24 0.974638 24 0.152174 1093 161 161 6019 629 2168 475 475 2073 2305 2305
r-838 24 0.507246 24 0.423913 476118 549942 476118 608072 437879 793008 894488 793008 1130649 1089621 1130649
r-270 24 0.5 24 0.713768 240604 462993 240604 737617 221165 381907 697745 381907 407909 551352 407909
r-624 24 0.876812 24 0.844203 239815 131117 131117 301183 158168 253273 138166 138166 1541410 1570054 1570054
r-938 24 0.195652 24 0.0905797 33082 454353 33082 455437 23949 29265 512792 29265 43389 4464553 43389
r-953 24 0.644928 24 0.0144928 236 45310 236 54707 165 450 64168 450 3763 14586 3763
r-148 24 0.724638 24 0.0108696 109 18363 109 18822 95 500 22061 500 24287 12632 24287
r-263 24 0.0253623 24 0.416667 1193642 8940 8940 112900 142330 1551367 12062 12062 791805 60754 60754
r-515 24 0.0869565 24 0.626812 18867 3915 3915 115864 18803 14941 1919 1919 13974 4980 4980
r-572 24 0.626812 24 0.235507 22987 32384 22987 293517 21450 29027 49338 29027 41224 150326 41224
r-471 24 0.695652 24 0.42029 67235 96669 96669 708932 75758 98014 149927 149927 219829 114785 114785
r-810 24 0.902174 24 0.119565 936 1285 1285 10064 657 1132 2036 2036 1324 4831 4831
r-557 24 0.42029 24 0.188406 147514 628645 147514 586714 142589 90732 1106425 90732 333170 372797 333170
r-969 24 0.221014 24 0.996377 74 7672 74 14107 71 501 13002 501 2167 7973 2167
r-121 24 0.373188 24 0.0471014 3806 565102 3806 550533 3116 1679 680395 1679 91638 435144 91638
r-739 24 0.601449 24 0.858696 49742 382507 49742 316769 58921 77382 640753 77382 61003 309652 61003
r-300 24 0.0434783 24 0.576087 21501 1126 1126 124958 11812 28730 801 801 10729 3444 3444
r-664 24 0.706522 24 0.847826 50217 885008 50217 799224 66313 68528 1189025 68528 252182 803636 252182
r-319 24 0.0688406 24 0.865942 796 249 249 5363 418 1558 752 752 1063 902 902
r-728 24 0.0724638 24 0.692029 9409 816 816 40228 9211 6922 494 494 9378 2142 2142
r-301 24 0.15942 24 0.471014 280141 8069 8069 44864 166923 492051 11076 11076 140263 47256 47256
r-783 24 0.126812 24 0.231884 754250 124275 124275 325732 472750 1066778 141997 141997 1908120 376425 376425
r-727 24 0.376812 24 0.431159 1380020 699650 699650 931887 1063978 2494104 1175239 1175239 1738845 1382156 1382156
r-3 24 0.793478 24 0.467391 48101 58730 58730 365167 57850 66106 92489 92489 338329 98979 98979
r-94 24 0.148551 24 0.40942 430748 29969 29969 48411 355909 738214 28941 28941 332953 248148 248148
r-251 24 0.057971 24 0.768116 2206 422 422 17545 1489 5413 475 475 7179 3596 3596
r-733 24 0.902174 24 0.539855 67109 7852 7852 10068 39030 108270 11069 11069 207097 21748 21748
r-629 24 0.735507 24 0.894928 5082 246925 5082 229903 4939 6362 333262 6362 134190 544382 134190
r-307 24 0.5 24 0.224638 68401 612167 68401 521704 71708 100901 1116963 100901 297719 235010 297719
r-821 24 0.586957 24 0.0507246 931 46147 931 40389 785 1413 56413 1413 2920 26384 2920
r-882 24 0.905797 24 0.369565 57801 890 890 177293 37854 82508 425 425 29939 8492 8492
r-448 24 0.663043 24 0.992754 13171 193783643 13171 195130433 12836 22524 217314990 22524 15983702 131929560 15983702
r-407 24 0.0507246 24 0.213768 11797639 14953 14953 539137 1572456 12906111 20026 20026 30124633 365393 365393
r-281 24 0.518116 24 0.0398551 4536 229245 4536 90698 4184 7095 303836 7095 21417 85151 21417
r-42 24 0.166667 24 0.728261 2253 2920 2920 49979 1954 3524 4257 4257 13590 3730 3730
r-877 24 0.235507 24 0.199275 245623 977584 245623 995919 289906 342575 1415464 342575 719609 1526065 719609
r-780 24 0.166667 24 0.246377 299481 74339 74339 111128 252120 440781 84934 84934 211945 519232 519232
r-544 24 0.206522 24 0.452899 350410 142840 142840 185590 315268 605737 227832 227832 237594 153379 153379
r-400 24 0.0978261 24 0.753623 8349 2933 2933 30821 5846 11408 2649 2649 6989 5143 5143
r-961 24 0.394928 24 0.898551 2268 26252 2268 78025 1820 2553 36115 2553 66571 9593 66571
r-483 24 0.449275 24 0.496377 1125137 767546 767546 891590 1025613 2019400 1328697 1328697 1526903 1617133 1617133
r-876 24 0.206522 24 0.525362 45068 91389 91389 356913 56836 61110 148887 148887 148255 257643 257643
r-115 24 0.0181159 24 0.242754 2134013722 48315 48315 7807853 2584197 2230444230 25299 25299 2594841173 4548512 4548512
r-327 24 0.923913 24 0.644928 290234 84274 84274 181717 157910 433817 120026 120026 386627 140239 140239
r-54 24 0.891304 24 0.644928 299662 8633 8633 10466 150227 405756 4178 4178 357604 49490 49490
r-632 24 0.612319 24 0.637681 533450 1497985 533450 1582460 469708 926560 2661957 926560 1776289 998367 1776289
r-880 24 0.0942029 24 0.753623 4206 822 822 18147 2983 5853 1474 1474 4822 10510 10510
r-240 24 0.456522 24 0.293478 285097 1139997 285097 1013203 314896 483277 2167714 483277 668068 751593 668068
r-465 24 0.666667 24 0.0797101 124 8418 124 14346 125 485 13503 485 5897 10390 5897
r-369 24 0.543478 24 0 1821 2989600 1821 3426580 1821 2203 4173428 2203 41612 4860841 41612
r-109 24 0.00362319 24 0.862319 1221 27 27 6395 515 2763 525 525 1182 1294 1294
r-784 24 0.902174 24 0.605072 496656 16882 16882 20438 356678 826519 24214 24214 320669 497501 497501
r-990 24 0.960145 24 0.967391 175 166 175 166 175 209 200 209 712482 160835104 712482
r-826 24 0.619565 24 0.282609 44091 60869 44091 328952 43236 62584 81739 62584 254159 162553 254159
r-754 24 0.347826 24 0.724638 42536 38130 42536 287659 40909 59001 50382 59001 35588 167219 35588
r-673 24 0.630435 24 0.148551 17833 8889 17833 149087 18114 25210 13137 25210 87991 54955 87991
r-837 24 0.945652 24 0.217391 1649 1578 1578 12619 1098 3260 1939 1939 1943 5058 5058
r-155 24 0.192029 24 0.619565 23531 14385 14385 381612 31780 33905 3324 3324 108274 67667 67667
r-90 24 0.518116 24 0.84058 17180 206719 17180 201626 18763 25629 337655 25629 28665 90863 28665
r-228 24 0.717391 24 0.692029 603816 776361 776361 900913 453421 973044 1169060 1169060 1544435 882595 882595
r-631 24 0.48913 24 0.137681 9284 132427 9284 136396 8227 11156 228552 11156 119874 64528 119874
r-778 24 0.583333 24 0.869565 8386 196353 8386 196899 8270 9545 316381 9545 54615 103810 54615
r-361 24 0.565217 24 0.818841 59677 431231 59677 351212 77692 86458 753994 86458 199625 244608 199625
r-626 24 0.307971 24 0.532609 223139 197395 197395 640944 259274 329864 320163 320163 419160 704903 704903
r-279 24 0.576087 24 0.768116 119764 703341 119764 616974 127507 161368 1299938 161368 392726 460806 392726
r-738 24 0.289855 24 0.307971 1212540 1296205 1296205 1556734 1006901 2055645 2104600 2104600 1635339 1841277 1841277
r-893 24 0.192029 24 0.778986 4540 2348 2348 70846 4615 7148 3433 3433 10268 19526 19526
r-683 24 0.952899 24 0.431159 51575 1362 1362 450907 34443 79384 1241 1241 96873 9400 9400
r-423 24 0.0797101 24 0.0217391 9856456 -1 9856456 -1 9742624 1477918 -1 1477918 219588592 -1 219588592
r-650 24 0.757246 24 0.978261 105861 450381863 105861 379458098 101731 88457 488607190 88457 2911041 428021515 2911041
