instance n1 density1 n2 density2 mcsplit mcsplit+f mcsplit+bigf mcsplit+randombigf
r-342 34 0.427807 34 0.427807 3517208 1968339 2988241 3059881
r-218 44 0.206131 44 0.206131 -1 -1 -1 -1
r-895 24 0.15942 24 0.15942 -1 -1 -1 -1
r-554 34 0.470588 34 0.470588 20630781 61103196 15139220 15086571
r-649 35 0.494118 35 0.494118 35949044 9999649 28057087 28102635
r-501 30 0.48046 30 0.48046 2541888 12474104 2306630 2345153
r-252 45 0.438384 45 0.438384 132257174 77631440 122631367 125655489
r-224 41 0.42439 41 0.42439 -1 -1 -1 -1
r-978 38 0.308677 38 0.308677 -1 -1 -1 -1
r-915 30 0.370115 30 0.370115 4501756 15940544 3930049 3922493
r-108 22 0.246753 22 0.246753 1143112 175888464 1565 1565
r-903 45 0.353535 45 0.353535 -1 -1 3601806 3502405
r-875 26 0.0769231 26 0.0769231 -1 -1 -1 -1
r-963 30 0.287356 30 0.287356 6188639 3837909 5924088 6022613
r-90 37 0.153153 37 0.153153 146325662 71644738 135213679 143266896
r-28 34 0.336898 34 0.336898 1557779 5820648 1210463 1218199
r-46 18 0.503268 18 0.503268 12392 40967 8171 8361
r-959 16 0.5 16 0.5 1658 5743 1226 1291
r-117 42 0.511034 42 0.511034 687094826 373646379 609062109 602022509
r-93 19 0.280702 19 0.280702 16454 18118 13201 13383
r-655 20 0.268421 20 0.268421 9395 85945 8760 8760
r-610 16 0.4 16 0.4 6754 4743 5689 5922
r-783 38 0.443812 38 0.443812 14450790 62427509 6653701 6512967
r-438 16 0.533333 16 0.533333 8895 8930 7606 7539
r-833 22 0.246753 22 0.246753 7496 18724 6659 6474
r-14 30 0.370115 30 0.370115 1336978 5206140 775705 761617
r-92 37 0.348348 37 0.348348 8859317 279508743 8208374 8316508
r-248 33 0.344697 33 0.344697 1621687 15921950 149522 148987
r-326 32 0.225806 32 0.225806 -1 -1 -1 -1
r-393 17 0.382353 17 0.382353 2568 14808 1833 1804
r-664 19 0.51462 19 0.51462 66805 39709 56807 54835
r-594 34 0.515152 34 0.515152 39291768 16814621 32509268 31672989
r-727 41 0.512195 41 0.512195 472372553 264461419 433512239 432127018
r-628 33 0.435606 33 0.435606 26495324 40029601 22912762 22781726
r-353 27 0.433048 27 0.433048 445505 108961 326420 325670
r-981 22 0.506494 22 0.506494 231915 173280 202700 204508
r-877 38 0.371266 38 0.371266 25712949 177028177 21116786 21038898
r-279 37 0.198198 37 0.198198 -1 -1 -1 -1
r-696 38 0.341394 38 0.341394 3657617 -1 3103610 3153472
r-620 17 0.382353 17 0.382353 4992 17365 4342 4280
r-862 37 0.378378 37 0.378378 96717615 190864334 83478769 82729762
r-997 41 0.497561 41 0.497561 -1 -1 -1 -1
r-829 25 0.52 25 0.52 166714 812831 159796 158102
r-329 17 0.117647 17 0.117647 20780689 -1 20780625 20780625
r-794 19 0.45614 19 0.45614 18534 5908 12249 12214
r-891 32 0.443548 32 0.443548 2597584 490924 2363410 2386770
r-44 45 0.0868687 45 0.0868687 -1 -1 -1 -1
r-183 24 0.431159 24 0.431159 44596 273442 19289 18822
r-712 45 0.20202 45 0.20202 -1 -1 -1 -1
r-697 44 0.459831 44 0.459831 -1 -1 -1 -1
r-546 18 0.529412 18 0.529412 26697 40807 24611 24812
r-872 37 0.348348 37 0.348348 70540511 245334888 54087836 53604328
r-831 26 0.470769 26 0.470769 340055 584448 267377 263652
r-542 34 0.258467 34 0.258467 32297511 50024078 21532816 21313613
r-863 19 0.51462 19 0.51462 55565 24921 47273 46020
r-214 29 0.295567 29 0.295567 3430621 6451093 2857454 2825876
r-264 24 0.431159 24 0.431159 579831 908064 522133 524469
r-405 42 0.315912 42 0.315912 -1 -1 1508451 1473441
r-419 45 0.4 45 0.4 67812225 81039800 67887901 69830478
r-180 36 0.157143 36 0.157143 40754429 106596818 16026864 15987543
r-166 32 0.225806 32 0.225806 12077649 10919396 3725024 3704611
r-96 28 0.507937 28 0.507937 1369295 523964 1195844 1222150
r-277 34 0.499109 34 0.499109 20105277 4241300 16550406 16725684
r-660 34 0.370766 34 0.370766 36947420 51845820 29615283 29196479
r-449 40 0.328205 40 0.328205 8566063 -1 9173118 9554132
r-647 45 0.454545 45 0.454545 333002934 64611398 290961530 293760814
r-938 42 0.437863 42 0.437863 -1 -1 -1 -1
r-371 23 0.498024 23 0.498024 164884 377183 97061 95893
r-82 44 0.241015 44 0.241015 -1 -1 -1 -1
r-618 27 0.358974 27 0.358974 635881 1403915 539500 536197
r-966 17 0.308824 17 0.308824 436 6214 396 398
r-695 19 0.526316 19 0.526316 30638 77288 31171 31410
r-776 38 0.102418 38 0.102418 10837080 89432274 6698444 5240327
r-824 38 0.422475 38 0.422475 104602524 297736868 87819471 87524836
r-562 24 0.0833333 24 0.0833333 -1 -1 -1 -1
r-700 40 0.511538 40 0.511538 422010772 89519989 371359233 370047767
r-418 44 0.494715 44 0.494715 802264314 280752410 680559661 683285135
r-498 45 0.29899 45 0.29899 27822038 -1 27302165 27413160
r-32 25 0.38 25 0.38 675121 521446 603497 603956
r-884 25 0.22 25 0.22 227974 153136 206345 211198
r-471 41 0.095122 41 0.095122 -1 -1 -1 -1
r-748 38 0.512091 38 0.512091 359992840 102928512 301485789 293146538
r-943 37 0.348348 37 0.348348 2107781 24913673 1739014 1781114
r-922 17 0.485294 17 0.485294 24233 15655 18566 18621
r-223 30 0.128736 30 0.128736 1494987 2627760 1173141 1084990
r-930 26 0.52 26 0.52 856200 441879 725942 715387
r-847 19 0.280702 19 0.280702 322187 2989798 2479 2479
r-333 26 0.0769231 26 0.0769231 -1 -1 -1 -1
r-182 35 0.329412 35 0.329412 52153695 42212493 48598646 49357074
r-365 44 0.426004 44 0.426004 81108768 35027494 79237383 80743208
r-947 20 0.189474 20 0.189474 275375 584202388 11345 11345
r-720 32 0.465726 32 0.465726 1336608 4603218 880960 878448
r-267 45 0.4 45 0.4 102841801 219432658 18367251 17710670
r-989 34 0.40107 34 0.40107 3814741 1535705793 3932878 4100814
r-172 34 0.45098 34 0.45098 1478323 6398805 1071026 1086565
r-184 40 0.492308 40 0.492308 211794477 635754438 165030491 164769265
r-708 25 0.08 25 0.08 -1 -1 -1 -1
r-447 42 0.511034 42 0.511034 545883926 151638925 475792830 473164605
r-153 29 0.246305 29 0.246305 49034685 -1 48545336 48545329
r-7 16 0.5 16 0.5 6443 3978 5246 5431
r-317 31 0.511828 31 0.511828 5817754 8863552 5187989 5185773
r-528 35 0.443697 35 0.443697 109298338 41637950 95973867 95521852
r-331 43 0.511628 43 0.511628 203081088 1176246979 183948252 181976467
r-237 31 0.27957 31 0.27957 14429692 5856307 12704952 12938406
r-437 27 0.461538 27 0.461538 2131144 1186012 1780857 1793065
r-140 25 0.153333 25 0.153333 -1 -1 -1 -1
r-491 36 0.488889 36 0.488889 8193471 33387669 4426911 4412149
r-676 26 0.409231 26 0.409231 452163 870037 99724 98327
r-733 37 0.405405 37 0.405405 268226730 211554273 245970462 246563402
r-468 39 0.145749 39 0.145749 1499023 171481612 1552021 1529799
r-991 21 0.32381 21 0.32381 13050 80728 11103 11046
r-296 20 0.478947 20 0.478947 28186 73319 17005 17003
r-370 37 0.405405 37 0.405405 9316931 9359999 8334737 8452679
r-644 42 0.214866 42 0.214866 -1 -1 -1 -1
r-826 33 0.503788 33 0.503788 19811988 37605396 18495793 18347903
r-211 34 0.508021 34 0.508021 28259069 14722843 23848436 23551796
r-47 26 0.492308 26 0.492308 1382471 2436270 1184217 1163508
r-110 42 0.214866 42 0.214866 98647271 746526309 50521522 49632511
r-782 25 0.333333 25 0.333333 37358 268680 30495 30659
r-420 35 0.329412 35 0.329412 -1 -1 466930 457700
r-885 28 0.452381 28 0.452381 1262619 4672744 1049835 1050218
r-348 36 0.512698 36 0.512698 39973377 85462279 38079822 38321692
r-24 36 0.512698 36 0.512698 65738435 23097611 52020721 50748810
r-900 22 0.52381 22 0.52381 227188 66488 179445 175244
r-289 38 0.398293 38 0.398293 226424470 58058785 210518608 215165671
r-412 23 0.442688 23 0.442688 265864 53647 224828 224225
r-879 26 0.323077 26 0.323077 520393 807872 408612 405329
r-500 43 0.310078 43 0.310078 15543730 -1 16181298 16441630
r-540 35 0.504202 35 0.504202 78513872 30234162 65829708 64559796
r-979 21 0.495238 21 0.495238 44011 145193 36018 35977
r-254 27 0.501425 27 0.501425 1162585 539489 1070151 1089401
r-20 26 0.470769 26 0.470769 1264918 291104 989744 978101
r-1000 44 0.30444 44 0.30444 -1 -1 -1 -1
r-79 29 0.339901 29 0.339901 1188539 7484993 1031273 1024754
r-440 22 0.506494 22 0.506494 144010 54237 121792 114994
r-188 28 0.349206 28 0.349206 4258862 3335919 3433073 3465685
r-867 24 0.507246 24 0.507246 355006 110599 310909 309920
r-681 17 0.529412 17 0.529412 4945 9771 4441 4449
r-396 22 0.519481 22 0.519481 312027 117828 244572 234248
r-906 39 0.472335 39 0.472335 18929112 77492396 7918838 7772442
r-113 16 0.325 16 0.325 1943 16616 1470 1470
r-759 35 0.420168 35 0.420168 4435541 11033395 1686055 1647646
r-29 41 0.139024 41 0.139024 330937869 79917761 337767094 348364239
r-773 44 0.426004 44 0.426004 168950295 52951120 163587853 166667019
r-951 34 0.499109 34 0.499109 56626990 14295832 46256149 45810467
r-497 26 0.270769 26 0.270769 -1 -1 6634 6610
r-547 26 0.52 26 0.52 1165025 319848 946503 928441
r-362 45 0.511111 45 0.511111 -1 -1 -1 -1
r-201 29 0.192118 29 0.192118 482861 187307 442450 454766
r-945 26 0.270769 26 0.270769 654084 1331383 401983 403237
r-819 22 0.367965 22 0.367965 65518 221637 9631 9867
r-1 36 0.285714 36 0.285714 -1 -1 -1 -1
r-549 26 0.212308 26 0.212308 -1 -1 -1 -1
r-817 35 0.252101 35 0.252101 65239045 55927988 59547146 60694265
r-77 17 0.382353 17 0.382353 23617 24406 20171 20138
r-619 38 0.234708 38 0.234708 165708086 299007433 120087316 117222603
r-765 44 0.273784 44 0.273784 11666579 -1 12262382 12291517
r-714 19 0.350877 19 0.350877 17356 49501 13874 13643
r-699 20 0.394737 20 0.394737 92823 19741 80313 87200
r-971 18 0.522876 18 0.522876 11232 23493 10859 11023
r-545 43 0.504983 43 0.504983 -1 -1 -1 -1
r-598 24 0.228261 24 0.228261 -1 -1 -1 -1
r-78 38 0.14936 38 0.14936 -1 -1 -1 -1
r-975 31 0.503226 31 0.503226 3382894 9787532 3273443 3251646
r-648 43 0.465116 43 0.465116 37044688 175967983 17396121 17146983
r-485 23 0.403162 23 0.403162 75193 56777 50731 50465
r-380 29 0.133005 29 0.133005 -1 -1 -1 -1
r-381 37 0.315315 37 0.315315 221286443 6595684 212775469 221575591
r-17 42 0.511034 42 0.511034 169805435 635691715 164761292 163987556
r-789 38 0.193457 38 0.193457 -1 -1 -1 -1
r-555 41 0.219512 41 0.219512 -1 -1 -1 -1
r-395 41 0.504878 41 0.504878 276879722 152256357 244267558 245632092
r-415 20 0.521053 20 0.521053 134370 23332 118344 117386
r-228 16 0.325 16 0.325 6287 3398 5263 5324
r-883 34 0.370766 34 0.370766 2296258 6795034 90662 89898
r-263 28 0.198413 28 0.198413 -1 -1 -1 -1
r-764 42 0.371661 42 0.371661 -1 -1 -1 -1
r-245 35 0.420168 35 0.420168 2917210 10993712 1571455 1507867
r-564 43 0.389812 43 0.389812 -1 -1 -1 -1
r-309 28 0.452381 28 0.452381 505491 2063752 278453 275079
r-611 22 0.246753 22 0.246753 1727299 434733941 8084 8102
r-12 39 0.364372 39 0.364372 14976595 295269359 1357251 1336039
r-344 36 0.474603 36 0.474603 10317789 23778499 6232605 6090122
r-927 36 0.436508 36 0.436508 10486487 5652157 8240087 8339254
r-410 31 0.180645 31 0.180645 2856610 10897249 1364369 1363179
r-737 17 0.485294 17 0.485294 9573 4359 7424 7439
r-557 31 0.503226 31 0.503226 15665144 3977750 13495762 13412416
r-874 28 0.507937 28 0.507937 5477689 1271432 4858390 4854626
r-290 18 0.366013 18 0.366013 147543 178863 3467 3465
r-98 35 0.208403 35 0.208403 928621 41615332 656128 652335
r-749 17 0.514706 17 0.514706 13214 20518 12419 12707
r-729 15 0.419048 15 0.419048 6344 1715 4721 4756
r-760 17 0.220588 17 0.220588 1346 3585 880 824
r-488 15 0.47619 15 0.47619 2340 5579 2047 2033
r-525 39 0.364372 39 0.364372 134264849 523044587 116746589 115963894
r-590 42 0.437863 42 0.437863 176955418 45436230 165356555 167768002
r-936 31 0.511828 31 0.511828 9265282 4321300 7380275 7307308
r-51 17 0.441176 17 0.441176 2068 10338 1130 1141
r-226 24 0.431159 24 0.431159 189014 128534 127311 126703
r-292 43 0.511628 43 0.511628 952627251 -1 -1 -1
r-255 43 0.27907 43 0.27907 -1 -1 -1 -1
r-71 43 0.449612 43 0.449612 -1 -1 -1 -1
r-496 22 0.519481 22 0.519481 174977 131497 137535 135328
r-758 35 0.329412 35 0.329412 43611447 2208616 42890841 43766831
r-221 23 0.0869565 23 0.0869565 -1 -1 -1 -1
r-635 21 0.466667 21 0.466667 52676 141486 44847 45121
r-984 30 0.48046 30 0.48046 13591435 5451841 11559935 11338650
r-127 40 0.466667 40 0.466667 -1 715677196 348294853 349333884
r-533 44 0.332981 44 0.332981 -1 -1 -1 -1
r-624 32 0.514113 32 0.514113 8362687 17132284 6161382 6067148
r-711 34 0.515152 34 0.515152 14610553 35125221 13680347 13656561
r-125 39 0.512821 39 0.512821 296369808 59194992 269626896 266229963
r-53 45 0.509091 45 0.509091 -1 -1 -1 -1
r-668 17 0.441176 17 0.441176 13452 2829 9792 9551
r-404 27 0.518519 27 0.518519 1686279 3352008 1579872 1582933
r-403 17 0.441176 17 0.441176 8017 2832 6836 6508
r-306 38 0.490754 38 0.490754 80758531 302781173 53732674 53540784
r-793 32 0.483871 32 0.483871 9976682 34370319 7713885 7679017
r-845 38 0.341394 38 0.341394 299365495 184364105 279614881 282324191
r-976 42 0.483159 42 0.483159 114914304 312033670 60329027 58742356
r-924 42 0.315912 42 0.315912 -1 -1 -1 -1
r-206 42 0.512195 42 0.512195 233744744 774763443 208291524 207098104
r-526 45 0.4 45 0.4 61724284 192197467 14035062 13585061
r-933 44 0.332981 44 0.332981 17523851 -1 18722952 19257362
r-625 20 0.478947 20 0.478947 30157 87531 23867 24060
r-779 29 0.512315 29 0.512315 1604119 6569751 1486754 1471644
r-478 39 0.437247 39 0.437247 12522824 43333123 6526863 6506317
r-35 44 0.494715 44 0.494715 -1 -1 -1 -1
r-4 30 0.287356 30 0.287356 3473391 6945531 2265201 2238293
r-260 41 0.443902 41 0.443902 24645901 91603012 15533865 15345585
r-503 35 0.110924 35 0.110924 -1 -1 -1 -1
r-816 24 0.431159 24 0.431159 49485 175696 31029 30720
r-397 40 0.480769 40 0.480769 88093750 32845461 72487526 72280355
r-88 23 0.513834 23 0.513834 119545 394990 135382 135352
r-747 28 0.137566 28 0.137566 -1 -1 -1 -1
r-373 40 0.328205 40 0.328205 -1 -1 907135 887394
r-287 22 0.246753 22 0.246753 9499371 739219586 9498974 9498974
r-441 41 0.35122 41 0.35122 -1 463970931 754820 731979
r-268 37 0.348348 37 0.348348 -1 705540920 622703 610924
r-580 18 0.522876 18 0.522876 26038 13710 21831 22094
r-376 34 0.213904 34 0.213904 -1 -1 -1 -1
r-710 45 0.268687 45 0.268687 -1 -1 -1 -1
r-889 18 0.522876 18 0.522876 18133 27808 17273 16960
r-857 17 0.382353 17 0.382353 5863 35225 4283 4337
r-704 29 0.339901 29 0.339901 3650577 9678618 3037481 3020110
r-74 31 0.232258 31 0.232258 3454531 8837273 2258252 2222194
r-460 34 0.499109 34 0.499109 11828070 41065435 8124466 8153715
r-310 17 0.382353 17 0.382353 14722 5161 11882 11835
r-8 42 0.135889 42 0.135889 -1 625519414 -1 -1
r-148 38 0.422475 38 0.422475 72298746 276388907 59238467 59098929
r-848 43 0.172757 43 0.172757 -1 -1 -1 -1
r-230 26 0.492308 26 0.492308 818613 2154297 644714 649523
r-123 25 0.513333 25 0.513333 717138 287636 614471 615259
r-656 16 0.233333 16 0.233333 2759 3995 2172 2375
r-63 25 0.453333 25 0.453333 1093866 437241 915186 913993
r-738 18 0.111111 18 0.111111 1498058 -1 1498007 1498007
r-713 26 0.212308 26 0.212308 3168327 -1 2424991 2424991
r-677 19 0.280702 19 0.280702 14539 3645714 13540 13540
r-312 29 0.512315 29 0.512315 1218488 5212515 1275685 1265142
r-37 19 0.526316 19 0.526316 26953 30684 24200 23982
r-539 15 0.47619 15 0.47619 3411 6670 2726 2718
r-30 41 0.42439 41 0.42439 -1 -1 -1 -1
r-603 39 0.267206 39 0.267206 38778286 788624850 31936717 31701628
r-21 32 0.272177 32 0.272177 13133725 43467763 8604268 8516303
r-523 44 0.511628 44 0.511628 -1 -1 -1 -1
r-999 29 0.37931 29 0.37931 3924803 3136372 3296116 3318976
r-909 29 0.46798 29 0.46798 5976541 2623881 5071398 5011397
r-913 15 0.533333 15 0.533333 3108 1114 2590 2581
r-910 36 0.285714 36 0.285714 -1 -1 -1 -1
r-896 39 0.504723 39 0.504723 141458876 317572668 128427294 128790358
r-705 18 0.503268 18 0.503268 31732 41361 19941 19118
r-334 36 0.507937 36 0.507937 27678977 93759040 21449937 21170876
r-217 34 0.499109 34 0.499109 11075304 39594753 7174782 7178414
r-150 35 0.252101 35 0.252101 37552896 87480949 24468493 24244708
r-360 43 0.498339 43 0.498339 343678261 175835944 300639215 303990726
r-623 42 0.284553 42 0.284553 -1 -1 -1 -1
r-701 36 0.488889 36 0.488889 155189415 72408203 132998031 131734997
r-343 45 0.511111 45 0.511111 -1 -1 -1 -1
r-992 33 0.378788 33 0.378788 2799391 3098236 2641416 2693862
r-276 40 0.296154 40 0.296154 -1 -1 -1 -1
r-58 43 0.310078 43 0.310078 -1 -1 -1 -1
r-602 32 0.516129 32 0.516129 14053712 7809873 11790793 11318806
r-42 27 0.433048 27 0.433048 242287 71639 156598 156572
r-519 15 0.514286 15 0.514286 6817 1989 6448 6801
r-665 27 0.518519 27 0.518519 1891195 781842 1513856 1469205
r-725 17 0.220588 17 0.220588 49 27473864 94 94
r-790 24 0.521739 24 0.521739 92203 386177 60905 60798
r-54 34 0.508021 34 0.508021 5499808 17772575 4579204 4449496
r-596 18 0.503268 18 0.503268 11653 5202 9348 9234
r-582 31 0.124731 31 0.124731 -1 -1 -1 -1
r-912 41 0.443902 41 0.443902 30463863 120363394 18000618 17662102
r-472 29 0.44335 29 0.44335 8550392 1987025 7582771 7587543
r-509 18 0.503268 18 0.503268 28356 16161 24559 24268
r-75 21 0.380952 21 0.380952 164652 133497 146294 146088
r-372 42 0.507549 42 0.507549 -1 -1 -1 -1
r-259 34 0.499109 34 0.499109 45889738 13849199 39200096 38824203
r-86 40 0.184615 40 0.184615 801280383 -1 816397775 838873847
r-445 27 0.39886 27 0.39886 2092192 445196 1843394 1862954
r-558 22 0.311688 22 0.311688 195095 116839 173743 176411
r-573 37 0.483483 37 0.483483 17791151 49734562 9853835 9922794
r-462 23 0.513834 23 0.513834 91293 313946 79106 78091
r-320 39 0.45614 39 0.45614 12884987 36388443 6557575 6431796
r-364 18 0.294118 18 0.294118 3673 3287 2980 2980
r-520 36 0.512698 36 0.512698 30338400 71822284 28078930 27768087
r-240 42 0.315912 42 0.315912 -1 -1 -1 -1
r-553 25 0.453333 25 0.453333 356171 1512556 293104 294543
r-683 44 0.5074 44 0.5074 -1 -1 -1 -1
r-187 40 0.384615 40 0.384615 -1 -1 -1 -1
r-823 17 0.308824 17 0.308824 18404 79911 737 737
r-369 39 0.267206 39 0.267206 -1 -1 -1 -1
r-273 23 0.300395 23 0.300395 299129 215841 251163 243024
r-777 24 0.15942 24 0.15942 -1 -1 -1 -1
r-452 18 0.424837 18 0.424837 36122 26104 29905 30138
r-998 39 0.145749 39 0.145749 -1 -1 -1 -1
r-799 36 0.322222 36 0.322222 -1 -1 6952943 6944593
r-506 22 0.415584 22 0.415584 58663 21561 40214 39686
r-167 32 0.497984 32 0.497984 3828305 7103213 2545493 2538896
r-229 23 0.300395 23 0.300395 111686 221060 97701 96005
r-935 17 0.308824 17 0.308824 1807 32498 601 575
r-165 19 0.491228 19 0.491228 69637 14123 50028 49411
r-377 38 0.500711 38 0.500711 395297013 102706752 346027821 340049530
r-361 41 0.512195 41 0.512195 459508969 284608811 386268917 380140186
r-735 40 0.142308 40 0.142308 -1 -1 -1 -1
r-544 23 0.403162 23 0.403162 112871 66595 80763 82988
r-293 43 0.478405 43 0.478405 -1 -1 -1 -1
r-389 45 0.490909 45 0.490909 821973350 330532628 684561099 685655676
r-679 32 0.417339 32 0.417339 2890112 540334 2707713 2749797
r-436 39 0.504723 39 0.504723 541451706 208726056 470807429 464211832
r-820 38 0.0526316 38 0.0526316 -1 -1 -1 -1
r-569 40 0.492308 40 0.492308 483772319 169898538 416418514 412728977
r-513 31 0.516129 31 0.516129 11346002 5014569 9930742 9879576
r-822 44 0.332981 44 0.332981 -1 -1 -1 -1
r-59 31 0.395699 31 0.395699 324287 1538586 122624 120463
r-352 19 0.105263 19 0.105263 -1 -1 -1 -1
r-156 41 0.512195 41 0.512195 326409154 84294199 311008089 311517857
r-942 16 0.458333 16 0.458333 10533 12133 2568 2563
r-68 16 0.325 16 0.325 3805 3226 3353 3353
r-15 45 0.480808 45 0.480808 212251078 992549754 116657285 114986625
r-663 30 0.23908 30 0.23908 -1 -1 -1 -1
r-3 40 0.142308 40 0.142308 -1 -1 -1 -1
r-556 20 0.336842 20 0.336842 322393 98913 276579 276486
r-288 34 0.299465 34 0.299465 33218419 23248494 32704963 33170483
r-835 40 0.408974 40 0.408974 131128588 516336701 104308125 103504477
r-99 18 0.424837 18 0.424837 43988 62112 17966 17703
r-530 34 0.508021 34 0.508021 36729618 9850101 28894491 28224277
r-102 32 0.352823 32 0.352823 17377508 17386409 15869451 16015151
r-561 25 0.22 25 0.22 121986 65457 99165 100399
r-244 41 0.095122 41 0.095122 492934576 580804712 602189940 645181190
r-426 32 0.508065 32 0.508065 11440962 6486670 9623781 9570768
r-262 16 0.4 16 0.4 5107 1790 3779 3842
r-571 37 0.153153 37 0.153153 -1 -1 -1 -1
r-130 20 0.521053 20 0.521053 50269 12775 43212 44661
r-251 27 0.14245 27 0.14245 -1 -1 -1 -1
r-728 23 0.237154 23 0.237154 139658 20038 136768 142155
r-220 15 0.47619 15 0.47619 1024 3789 640 634
r-651 30 0.48046 30 0.48046 2235676 739343 1791409 1825086
r-294 32 0.314516 32 0.314516 14184452 3766428 14218344 14700110
r-732 18 0.424837 18 0.424837 15373 9569 13626 13537
r-208 25 0.28 25 0.28 85140 477828973 81651 81659
r-752 32 0.417339 32 0.417339 19202637 3886321 16405763 16465566
r-868 39 0.472335 39 0.472335 45055434 116945244 30232950 29540520
r-480 34 0.40107 34 0.40107 8230092 89937684 6347890 6353311
r-85 24 0.228261 24 0.228261 -1 -1 11614 11588
r-988 22 0.519481 22 0.519481 48894 220280 39910 40611
r-67 15 0.47619 15 0.47619 1584 5924 994 985
r-474 32 0.387097 32 0.387097 257518 2429596 233805 231522
r-852 22 0.484848 22 0.484848 200407 153918 184213 183967
r-622 34 0.213904 34 0.213904 65152273 23250448 63296613 66200258
r-76 44 0.502114 44 0.502114 -1 -1 -1 -1
r-956 42 0.344948 42 0.344948 -1 -1 -1 -1
r-101 31 0.395699 31 0.395699 712095 2444388 309562 305988
r-806 35 0.420168 35 0.420168 19950326 126677416 15654874 15556660
r-487 30 0.23908 30 0.23908 -1 -1 -1 -1
r-940 30 0.434483 30 0.434483 2066092 1218665 1550257 1556973
r-800 29 0.339901 29 0.339901 664882 1233042 640487 642967
r-387 22 0.415584 22 0.415584 88704 17391 73496 73071
r-49 29 0.44335 29 0.44335 293613 1828678 179044 179138
r-918 24 0.507246 24 0.507246 388617 1296890 245589 240723
r-853 23 0.237154 23 0.237154 81733 12719 87743 89077
r-142 35 0.393277 35 0.393277 19633616 61190389 16969665 16904131
r-709 22 0.52381 22 0.52381 196982 48507 174680 173770
r-548 27 0.262108 27 0.262108 551482 -1 543830 543841
r-715 22 0.367965 22 0.367965 146801 283348 14401 14464
r-767 29 0.37931 29 0.37931 208700 587104 158924 159344
r-128 33 0.306818 33 0.306818 2749595 -1 2481977 2483719
r-552 45 0.438384 45 0.438384 249302752 43256039 250918364 256458306
r-841 17 0.514706 17 0.514706 15688 12428 14128 13742
r-893 30 0.514943 30 0.514943 1311905 4787638 1020116 1035386
r-341 40 0.466667 40 0.466667 104065756 38957306 89827847 90812830
r-672 25 0.42 25 0.42 379140 830474 203866 200217
r-401 19 0.19883 19 0.19883 2901 4436 789 823
r-923 33 0.306818 33 0.306818 1318383 -1 1153822 1154870
r-479 36 0.107937 36 0.107937 -1 -1 -1 -1
r-274 32 0.387097 32 0.387097 11978235 36649748 10182785 10092638
r-859 23 0.498024 23 0.498024 252040 129294 202182 200104
r-56 16 0.4 16 0.4 4957 4334 4433 4360
r-155 39 0.099865 39 0.099865 20880462 47773276 21048013 21859316
r-680 18 0.20915 18 0.20915 1043102 818147515 5409 5409
r-736 22 0.519481 22 0.519481 253891 183109 212091 207752
r-97 25 0.453333 25 0.453333 1294836 851322 1121015 1116823
r-414 20 0.336842 20 0.336842 65535 32734 63728 64368
r-639 27 0.358974 27 0.358974 134601 187783 110530 110741
r-808 35 0.363025 35 0.363025 10479181 11724027 526092 521004
r-581 30 0.517241 30 0.517241 7629801 2182177 6070579 5891458
r-856 29 0.487685 29 0.487685 6541468 4183064 5617294 5548280
r-694 23 0.166008 23 0.166008 7406 50803 1934 1916
r-275 16 0.5 16 0.5 7232 7498 6220 6080
r-634 22 0.17316 22 0.17316 28591 255550 5176 5330
r-731 19 0.19883 19 0.19883 21916055 -1 21915777 21915777
r-5 27 0.358974 27 0.358974 446272 2116027 27407 27308
r-470 39 0.48583 39 0.48583 34611965 93953970 20118867 19934035
r-772 35 0.510924 35 0.510924 26346384 65695728 23216727 23230138
r-926 30 0.404598 30 0.404598 170557 1326263 91346 91405
r-448 28 0.349206 28 0.349206 827019 2961497 690092 684242
r-61 42 0.501742 42 0.501742 -1 -1 -1 -1
r-658 20 0.336842 20 0.336842 8598 129288 6185 6182
r-55 42 0.493612 42 0.493612 358817144 132745997 293826263 291686755
r-173 40 0.384615 40 0.384615 595580015 -1 541578559 547048201
r-483 29 0.295567 29 0.295567 1120621 4481872 801706 799471
r-463 34 0.40107 34 0.40107 3132625 9984085 662569 640229
r-335 21 0.466667 21 0.466667 52049 16982 35344 34026
r-356 45 0.20202 45 0.20202 -1 -1 -1 -1
r-504 27 0.512821 27 0.512821 1804152 4911506 1635956 1643522
r-949 20 0.521053 20 0.521053 11843 29800 13469 12970
r-537 25 0.48 25 0.48 363094 912986 252538 245312
r-636 27 0.358974 27 0.358974 1797382 5258451 58107 57160
r-809 35 0.393277 35 0.393277 61101068 8566069 55276125 56802095
r-785 30 0.186207 30 0.186207 -1 -1 -1 -1
r-429 23 0.498024 23 0.498024 69843 266018 48887 50165
r-614 27 0.31339 27 0.31339 483499 1454666 410439 408566
r-734 29 0.133005 29 0.133005 -1 -1 -1 -1
r-443 18 0.424837 18 0.424837 11879 1966 8461 8236
r-902 25 0.52 25 0.52 630886 305697 507637 500655
r-313 24 0.344203 24 0.344203 242888 13617032 8456 8223
r-299 21 0.180952 21 0.180952 23038 20861 9696 9442
r-384 21 0.428571 21 0.428571 44000 7758 32775 32435
r-518 40 0.0974359 40 0.0974359 -1 -1 -1 -1
r-792 24 0.0833333 24 0.0833333 -1 -1 -1 -1
r-937 15 0.533333 15 0.533333 1363 4667 1290 1315
r-104 36 0.474603 36 0.474603 7860855 26397996 3795233 3792965
r-662 17 0.382353 17 0.382353 3206 707 2288 2250
r-965 18 0.20915 18 0.20915 591045 2331555 566 566
r-964 45 0.509091 45 0.509091 -1 -1 -1 -1
r-158 44 0.511628 44 0.511628 -1 -1 -1 -1
r-899 26 0.369231 26 0.369231 1812145 1483612 1634689 1654914
r-194 33 0.492424 33 0.492424 13576956 4153093 10474721 10766903
r-585 34 0.299465 34 0.299465 66062244 8122157 62930489 64063824
r-674 19 0.51462 19 0.51462 96966 19926 83827 82738
r-851 16 0.5 16 0.5 5549 3694 4699 4587
r-41 45 0.490909 45 0.490909 390524961 847138005 209275236 208380109
r-796 21 0.514286 21 0.514286 27061 79142 15234 14589
r-778 45 0.438384 45 0.438384 -1 -1 -1 -1
r-106 31 0.0645161 31 0.0645161 -1 -1 -1 -1
r-83 26 0.52 26 0.52 1016257 1055327 780510 755206
r-784 25 0.453333 25 0.453333 726393 1824211 547836 546963
r-911 33 0.378788 33 0.378788 6038725 17077176 4925069 4906363
r-19 22 0.311688 22 0.311688 100673 435102 3983 4158
r-281 24 0.507246 24 0.507246 311354 464042 252263 252158
r-87 41 0.47561 41 0.47561 -1 -1 -1 -1
r-493 18 0.424837 18 0.424837 10799 6660 8633 8719
r-159 19 0.51462 19 0.51462 24724 3616 21310 21163
r-538 29 0.502463 29 0.502463 1562017 3443366 1058626 1031023
r-454 26 0.270769 26 0.270769 966914 322790 825250 841978
r-171 25 0.22 25 0.22 84369 852174 39654 38870
r-222 35 0.510924 35 0.510924 57783651 20038847 49767132 49192763
r-871 35 0.161345 35 0.161345 -1 -1 -1 -1
r-612 28 0.304233 28 0.304233 11624256 87900749 35443 34130
r-524 32 0.465726 32 0.465726 27065660 19143867 23962604 23902408
r-846 25 0.08 25 0.08 -1 -1 -1 -1
r-253 20 0.394737 20 0.394737 6789 30897 4265 4281
r-379 29 0.246305 29 0.246305 2344247 3753304 1641871 1618854
r-316 43 0.498339 43 0.498339 -1 -1 -1 -1
r-73 37 0.513514 37 0.513514 74440053 19532939 66227049 67561673
r-451 37 0.198198 37 0.198198 281714218 195059508 279046374 286216317
r-638 29 0.46798 29 0.46798 3752533 8792030 2956662 2935680
r-81 28 0.349206 28 0.349206 3149166 1078083 3142057 3200629
r-430 34 0.513369 34 0.513369 29967445 22015795 26767151 26828824
r-94 22 0.506494 22 0.506494 173966 207266 151333 147815
r-873 38 0.500711 38 0.500711 152440385 189587391 134869277 134409355
r-347 33 0.170455 33 0.170455 -1 -1 -1 -1
r-22 43 0.431894 43 0.431894 92677658 15434409 86404976 88178903
r-400 19 0.350877 19 0.350877 3591 32096 3247 3209
r-827 20 0.189474 20 0.189474 -1 -1 239 239
r-16 35 0.494118 35 0.494118 44006769 128393820 35520187 35565247
r-285 28 0.47619 28 0.47619 771353 2508301 538619 527281
r-345 21 0.32381 21 0.32381 11954 124677 1086 1086
r-522 25 0.453333 25 0.453333 257227 66879 197580 192489
r-386 34 0.258467 34 0.258467 54394824 -1 41794660 41795013
r-295 37 0.483483 37 0.483483 255138442 97948390 223003774 222095497
r-48 45 0.480808 45 0.480808 257587551 771289565 133768142 133062813
r-678 37 0.198198 37 0.198198 50753544 45563476 43104049 44613306
r-246 39 0.415655 39 0.415655 6724437 35346365 2942036 2851436
r-993 22 0.311688 22 0.311688 196019 373864 167004 167573
r-531 15 0.247619 15 0.247619 902 1108 695 703
r-897 32 0.465726 32 0.465726 4835501 1547290 4552098 4634564
r-114 19 0.19883 19 0.19883 3263 3167 2824 2806
r-481 19 0.409357 19 0.409357 26637 29973 23605 23516
r-375 33 0.0606061 33 0.0606061 -1 -1 -1 -1
r-346 37 0.378378 37 0.378378 183071386 37726111 171780720 173677573
r-131 30 0.287356 30 0.287356 -1 -1 47106 45642
r-954 22 0.506494 22 0.506494 123035 234603 110580 112646
r-536 30 0.404598 30 0.404598 277133 1147125 66250 64906
r-586 28 0.42328 28 0.42328 690807 562424 595180 607654
r-957 27 0.14245 27 0.14245 151972 976391 145008 153332
r-103 23 0.237154 23 0.237154 132267 108752 126070 129058
r-583 35 0.443697 35 0.443697 120751163 98021733 107398028 107280626
r-568 38 0.477952 38 0.477952 459407655 228388343 403593826 400797164
r-38 27 0.512821 27 0.512821 2503657 722200 2090588 2039531
r-990 41 0.139024 41 0.139024 -1 -1 -1 -1
r-702 20 0.521053 20 0.521053 18968 83895 17584 17783
r-654 17 0.220588 17 0.220588 12535 3599 10956 11072
r-249 33 0.409091 33 0.409091 14584974 40918336 12903088 12883209
r-494 21 0.428571 21 0.428571 13361 56740 7074 7074
r-666 26 0.470769 26 0.470769 793973 190002 609429 601856
r-439 32 0.352823 32 0.352823 13879129 8163675 12256201 12302094
r-145 18 0.424837 18 0.424837 15963 5274 13121 12937
r-154 25 0.153333 25 0.153333 109458 101090 65815 65312
r-766 39 0.48583 39 0.48583 125117707 25981532 99687601 99367626
r-336 42 0.344948 42 0.344948 11109260 -1 9938932 10115164
r-595 42 0.250871 42 0.250871 -1 -1 -1 -1
r-227 28 0.253968 28 0.253968 117982 990352 102807 101452
r-305 40 0.224359 40 0.224359 -1 834534747 45518594 44979873
r-138 18 0.503268 18 0.503268 32726 6060 30160 29849
r-987 39 0.415655 39 0.415655 133702914 547861184 109902038 109633054
r-205 26 0.270769 26 0.270769 -1 -1 16794 16735
r-843 26 0.323077 26 0.323077 262293 602783 201884 197031
r-939 40 0.466667 40 0.466667 34432915 51847305 17627414 16783852
r-212 25 0.153333 25 0.153333 -1 -1 -1 -1
r-6 18 0.20915 18 0.20915 11162 158401 11003 11003
r-559 19 0.526316 19 0.526316 3858 16169 3898 3891
r-421 45 0.127273 45 0.127273 -1 2831760189 366399437 348279642
r-974 21 0.32381 21 0.32381 69864 124890 57953 56386
r-126 29 0.487685 29 0.487685 4353094 9003577 3165820 3144623
r-476 23 0.442688 23 0.442688 94173 141538 38404 34529
r-722 43 0.33887 43 0.33887 -1 -1 -1 -1
r-232 45 0.327273 45 0.327273 -1 -1 -1 -1
r-972 20 0.526316 20 0.526316 119988 24992 104688 102781
r-176 33 0.477273 33 0.477273 11602467 32869083 7218177 7260306
r-505 21 0.495238 21 0.495238 76920 47007 64717 64098
r-382 45 0.490909 45 0.490909 245977862 579709392 135348989 133974085
r-593 17 0.529412 17 0.529412 11648 10505 11093 11159
r-609 42 0.371661 42 0.371661 -1 -1 -1 -1
r-304 33 0.477273 33 0.477273 9646409 3099194 7141011 7075102
r-803 40 0.45 40 0.45 68223610 14397318 60731005 61636779
r-107 29 0.46798 29 0.46798 2170419 8218103 1435660 1422804
r-424 44 0.241015 44 0.241015 -1 -1 -1 -1
r-601 43 0.33887 43 0.33887 -1 -1 -1 -1
r-43 28 0.507937 28 0.507937 684595 2372077 440092 420880
r-898 28 0.494709 28 0.494709 5218220 2513258 4478988 4448801
r-599 39 0.45614 39 0.45614 367546207 69826696 319036333 319531489
r-901 23 0.521739 23 0.521739 307264 50594 269050 268595
r-407 25 0.52 25 0.52 526442 830164 491808 492917
r-351 17 0.514706 17 0.514706 13160 18542 12423 12199
r-941 35 0.494118 35 0.494118 116681901 49492854 99892564 99157640
r-961 34 0.165775 34 0.165775 17927756 14250907 12380797 12071347
r-690 34 0.499109 34 0.499109 59741574 21414603 52463721 52226192
r-124 43 0.245847 43 0.245847 -1 -1 -1 -1
r-973 29 0.246305 29 0.246305 -1 -1 -1 -1
r-516 28 0.253968 28 0.253968 1939328 2401738 1333693 1331481
r-327 31 0.503226 31 0.503226 25660956 14254498 22954188 22808677
r-278 24 0.344203 24 0.344203 444812 211255 390358 395379
r-739 35 0.443697 35 0.443697 97781789 27259368 85571736 86004499
r-515 27 0.358974 27 0.358974 250208 3390420 203793 204424
r-865 38 0.490754 38 0.490754 90391320 30710868 72111900 71507193
r-134 15 0.533333 15 0.533333 3865 5858 3433 3449
r-453 35 0.329412 35 0.329412 26418376 91900338 22410820 22230489
r-757 15 0.419048 15 0.419048 1766 623 1193 1189
r-408 31 0.503226 31 0.503226 2518630 10326801 2220815 2191499
r-948 16 0.233333 16 0.233333 1787 3460 2123 2202
r-775 25 0.5 25 0.5 88737 280365 43119 43404
r-592 45 0.509091 45 0.509091 -1 -1 -1 -1
r-641 27 0.501425 27 0.501425 610443 1322413 577815 568350
r-917 32 0.272177 32 0.272177 251970 -1 226552 226538
r-2 39 0.415655 39 0.415655 8151863 28274086 3722494 3589730
r-996 38 0.507824 38 0.507824 42097073 10435991 35667306 35423723
r-653 44 0.510571 44 0.510571 -1 -1 -1 -1
r-830 29 0.339901 29 0.339901 3879279 1765505 3359150 3529365
r-825 31 0.124731 31 0.124731 9272333 4592824 1052928 1063808
r-298 24 0.0833333 24 0.0833333 10616840 -1 10616771 10616771
r-64 43 0.389812 43 0.389812 62967289 59167635 66572874 68558708
r-724 16 0.525 16 0.525 18049 4415 15979 15509
r-633 34 0.40107 34 0.40107 4670966 3871105 4177079 4192859
r-355 23 0.498024 23 0.498024 93444 175552 55655 56458
r-174 29 0.339901 29 0.339901 11153532 17274017 11053822 11050570
r-11 21 0.466667 21 0.466667 38678 12128 24228 24077
r-788 40 0.45 40 0.45 49121742 155762016 27296265 26586052
r-925 38 0.308677 38 0.308677 95925730 295926990 74736205 74185333
r-170 34 0.370766 34 0.370766 3058261 33462288 432549 430116
r-572 31 0.27957 31 0.27957 7940917 9268345 7483112 7797524
r-297 30 0.404598 30 0.404598 1222677 162569 854985 850803
r-661 40 0.384615 40 0.384615 -1 633451451 93268662 92737850
r-692 20 0.505263 20 0.505263 17599 83048 16501 17032
r-398 32 0.387097 32 0.387097 18924007 38956716 16438137 16291913
r-565 45 0.0868687 45 0.0868687 606505313 -1 570008600 663622373
r-691 41 0.256098 41 0.256098 -1 -1 -1 -1
r-717 32 0.465726 32 0.465726 14786645 35675503 11997259 11937685
r-534 38 0.308677 38 0.308677 120184879 67118459 103675504 109119463
r-980 29 0.517241 29 0.517241 1531429 3318918 1530585 1552804
r-706 31 0.0645161 31 0.0645161 -1 -1 -1 -1
r-839 44 0.502114 44 0.502114 522143888 1551367461 481055591 475335780
r-828 33 0.344697 33 0.344697 1115618 18492558 902338 906241
r-66 30 0.404598 30 0.404598 8178249 3229605 7172920 7165307
r-716 44 0.443975 44 0.443975 193105174 54706707 199957036 205288670
r-532 39 0.45614 39 0.45614 12801473 52098183 6397266 6303469
r-742 23 0.300395 23 0.300395 45625 10524606 7936 7957
r-928 41 0.378049 41 0.378049 800465009 -1 745409142 752250500
r-791 42 0.455285 42 0.455285 -1 -1 -1 -1
r-645 36 0.322222 36 0.322222 3164697 -1 2929323 3030001
r-631 30 0.508046 30 0.508046 2265179 9225224 2209757 2241568
r-323 17 0.441176 17 0.441176 10766 27875 4083 4160
r-321 34 0.508021 34 0.508021 14248087 36812472 11798518 11873998
r-135 32 0.508065 32 0.508065 15523417 45945146 14356808 14402782
r-869 21 0.514286 21 0.514286 24660 91350 13554 13637
r-960 24 0.15942 24 0.15942 85597 54652 60480 60768
r-258 20 0.336842 20 0.336842 5359 27697 3359 3316
r-685 28 0.515873 28 0.515873 2279119 434991 1974689 1955338
r-431 35 0.504202 35 0.504202 57795703 30251430 49453857 48398972
r-357 41 0.460976 41 0.460976 -1 -1 -1 -1
r-508 33 0.492424 33 0.492424 4208061 12697825 2070733 2089741
r-243 30 0.508046 30 0.508046 3862980 1441035 3177355 3114810
r-952 21 0.52381 21 0.52381 55107 135652 38975 38392
r-746 39 0.510121 39 0.510121 227519994 47879946 190712390 186595813
r-406 27 0.358974 27 0.358974 163634 382245 134092 135542
r-604 32 0.120968 32 0.120968 -1 -1 -1 -1
r-719 33 0.492424 33 0.492424 34299660 57006153 24257399 24380753
r-394 27 0.518519 27 0.518519 2362144 544772 2146197 2158000
r-621 26 0.470769 26 0.470769 2562912 1063811 2181399 2146388
r-985 16 0.533333 16 0.533333 2436 10796 2483 2508
r-196 25 0.333333 25 0.333333 968636 346414 855196 864084
r-934 18 0.366013 18 0.366013 7274 2205 5245 5708
r-502 37 0.45045 37 0.45045 4675585 37439277 2589145 2540770
r-257 41 0.180488 41 0.180488 -1 972879517 -1 -1
r-838 18 0.470588 18 0.470588 8589 19206 8269 8361
r-955 28 0.515873 28 0.515873 3150720 1579014 2516477 2444208
r-630 35 0.494118 35 0.494118 95085805 34366643 81839554 81081387
r-541 18 0.424837 18 0.424837 6153 7553 2069 2074
r-750 30 0.128736 30 0.128736 438377 619864 424115 428736
r-250 42 0.284553 42 0.284553 -1 -1 -1 -1
r-920 43 0.172757 43 0.172757 -1 -1 -1 -1
r-761 20 0.521053 20 0.521053 101898 93806 89694 87425
r-146 39 0.496626 39 0.496626 177872557 413507805 113921478 115059558
r-112 45 0.505051 45 0.505051 -1 -1 -1 -1
r-40 44 0.40592 44 0.40592 91602412 21683092 92307484 94564951
r-958 16 0.458333 16 0.458333 4999 3209 3910 3895
r-308 22 0.17316 22 0.17316 28153 17687 26182 30893
r-270 26 0.470769 26 0.470769 535927 1188280 471973 476168
r-861 40 0.184615 40 0.184615 -1 -1 -1 -1
r-458 43 0.389812 43 0.389812 28483879 20801767 29337332 30076096
r-161 17 0.117647 17 0.117647 8463 -1 8431 8431
r-723 30 0.45977 30 0.45977 7031242 5568689 5727118 5694742
r-374 33 0.219697 33 0.219697 15087210 6662230 15205169 15531855
r-745 41 0.378049 41 0.378049 -1 -1 -1 -1
r-890 21 0.495238 21 0.495238 24076 105366 25110 24728
r-45 44 0.241015 44 0.241015 -1 -1 -1 -1
r-880 20 0.521053 20 0.521053 14201 61310 13135 13204
r-446 33 0.344697 33 0.344697 1129440 3329919 109866 108569
r-118 28 0.198413 28 0.198413 505179 232020 454571 478129
r-18 23 0.442688 23 0.442688 129668 388038 112126 112775
r-771 36 0.246032 36 0.246032 86062191 55392535 76749093 78755023
r-261 34 0.470588 34 0.470588 15183528 2813727 13063315 13175733
r-62 32 0.483871 32 0.483871 2369254 8701061 1365098 1374412
r-435 45 0.511111 45 0.511111 -1 -1 -1 -1
r-812 24 0.391304 24 0.391304 91912 1408610 22630 22375
r-908 26 0.147692 26 0.147692 147298 237032 136898 143055
r-314 31 0.451613 31 0.451613 646435 2757175 566226 551900
r-718 41 0.504878 41 0.504878 591117078 344176126 517706822 510325536
r-499 17 0.382353 17 0.382353 13666 1249 10711 10705
r-152 27 0.31339 27 0.31339 509007 98712 443373 443368
r-579 42 0.507549 42 0.507549 736342244 346191792 645752315 642001758
r-616 44 0.0454545 44 0.0454545 -1 -1 -1 -1
r-587 33 0.511364 33 0.511364 18368812 19009862 15246788 14908957
r-465 34 0.0588235 34 0.0588235 -1 -1 -1 -1
r-143 15 0.247619 15 0.247619 9977 4270 12124 13628
r-39 30 0.508046 30 0.508046 6484079 2452002 5230130 5107134
r-358 16 0.458333 16 0.458333 3393 1069 2867 2778
r-632 36 0.157143 36 0.157143 11977449 33135235 5681706 5529099
r-332 32 0.497984 32 0.497984 3831275 10056860 2266534 2256261
r-149 29 0.37931 29 0.37931 639915 687405 535240 535629
r-591 31 0.451613 31 0.451613 2154613 993539 1741974 1764632
r-388 35 0.514286 35 0.514286 19538836 40526679 18102727 18145668
r-50 34 0.508021 34 0.508021 22329365 8494421 20882937 20682382
r-151 21 0.466667 21 0.466667 125681 41585 103672 101974
r-473 29 0.37931 29 0.37931 890788 4492905 767328 768484
r-137 22 0.415584 22 0.415584 73894 108347 54236 54377
r-574 41 0.256098 41 0.256098 -1 -1 -1 -1
r-693 30 0.514943 30 0.514943 5880841 2698136 4887285 4864494
r-529 15 0.533333 15 0.533333 3316 5498 2771 2763
r-575 20 0.505263 20 0.505263 100242 63395 84318 80659
r-646 40 0.357692 40 0.357692 73616974 48638774 82996498 82793599
r-216 33 0.219697 33 0.219697 -1 -1 -1 -1
r-147 33 0.117424 33 0.117424 1895100 1610324 1845757 1853107
r-560 38 0.422475 38 0.422475 17016848 20585457 16259645 16452836
r-842 30 0.48046 30 0.48046 4288303 1122937 3482466 3478167
r-100 16 0.525 16 0.525 4422 2803 3854 3808
r-442 21 0.514286 21 0.514286 72303 126218 69079 69461
r-606 39 0.364372 39 0.364372 70256755 418281230 56868001 56439764
r-157 21 0.52381 21 0.52381 57402 291538 58044 58904
r-175 18 0.503268 18 0.503268 15921 41749 10009 10228
r-514 36 0.355556 36 0.355556 18039881 106968750 14458685 14325947
r-383 22 0.519481 22 0.519481 58632 199764 38490 38888
r-328 24 0.518116 24 0.518116 118671 438695 97237 96930
r-477 19 0.491228 19 0.491228 43690 31964 37761 37351
r-521 18 0.503268 18 0.503268 9491 13535 7509 7338
r-238 18 0.366013 18 0.366013 5841 30239 4601 4658
r-60 39 0.48583 39 0.48583 448786570 206893163 375781109 372541208
r-743 41 0.139024 41 0.139024 -1 -1 -1 -1
r-91 36 0.488889 36 0.488889 223672527 85493345 192956308 191294032
r-207 28 0.494709 28 0.494709 2601920 4044035 1977458 1959420
r-457 20 0.505263 20 0.505263 41423 98823 37679 37553
r-301 21 0.514286 21 0.514286 132238 41398 103096 100839
r-399 36 0.246032 36 0.246032 97265624 207361410 62178294 61904582
r-650 30 0.287356 30 0.287356 224116 2046423 171818 169933
r-122 32 0.465726 32 0.465726 2399807 4800171 1589146 1577431
r-626 27 0.358974 27 0.358974 754099 3739293 656911 657301
r-215 36 0.157143 36 0.157143 -1 -1 -1 -1
r-629 24 0.228261 24 0.228261 783112209 -1 712426052 712426052
r-866 45 0.127273 45 0.127273 -1 -1 -1 -1
r-864 15 0.419048 15 0.419048 3308 28818 2536 2587
r-637 38 0.507824 38 0.507824 68432704 192770177 56536223 56450772
r-339 35 0.510924 35 0.510924 70779556 26776896 61520003 60815555
r-836 31 0.511828 31 0.511828 8610384 3967364 7508564 7504361
r-354 16 0.4 16 0.4 2556 968 2073 2054
r-781 20 0.521053 20 0.521053 42430 81885 40945 41384
r-850 37 0.0540541 37 0.0540541 -1 -1 -1 -1
r-484 19 0.19883 19 0.19883 3800342 173728 3800160 3800160
r-834 39 0.145749 39 0.145749 145787751 133273127 165844009 170659237
r-141 33 0.458333 33 0.458333 2957127 2049970 2401498 2416236
r-770 15 0.419048 15 0.419048 1964 964 1061 1046
r-69 26 0.507692 26 0.507692 225113 546061 139515 134657
r-807 26 0.516923 26 0.516923 1363376 786568 1094041 1081338
r-887 29 0.46798 29 0.46798 720960 1818360 523672 528480
r-70 29 0.37931 29 0.37931 3037539 7220273 2759958 2740442
r-730 27 0.433048 27 0.433048 135457 417291 75299 75093
r-804 18 0.470588 18 0.470588 29455 15464 23848 22655
r-527 36 0.385714 36 0.385714 141184957 62481326 122626838 123018054
r-367 18 0.20915 18 0.20915 2508 3680 2279 2168
r-659 25 0.38 25 0.38 366682 1012808 308012 306065
r-239 44 0.169133 44 0.169133 -1 -1 -1 -1
r-588 29 0.192118 29 0.192118 -1 -1 -1 -1
r-810 21 0.495238 21 0.495238 140718 35101 101124 98187
r-311 40 0.480769 40 0.480769 86956413 29805125 76071241 77300715
r-967 21 0.466667 21 0.466667 15175 37742 9665 9914
r-385 19 0.491228 19 0.491228 21550 30250 13374 13553
r-507 28 0.253968 28 0.253968 720150 1259943 562855 554007
r-213 33 0.378788 33 0.378788 61614206 16430004 56083165 56411587
r-203 22 0.415584 22 0.415584 101053 43534 84213 83894
r-577 19 0.19883 19 0.19883 31000 303750 30841 30841
r-57 29 0.133005 29 0.133005 -1 -1 -1 -1
r-550 27 0.512821 27 0.512821 1243617 715888 1014877 1004580
r-486 31 0.36129 31 0.36129 359829 2349870 311079 313385
r-303 23 0.513834 23 0.513834 272000 1035564 247394 244008
r-202 43 0.365449 43 0.365449 -1 -1 -1 -1
r-815 40 0.512821 40 0.512821 244880582 541480880 199807709 198360679
r-242 28 0.388889 28 0.388889 113137 561077 99322 97411
r-994 21 0.466667 21 0.466667 211025 55181 173367 172521
r-469 39 0.48583 39 0.48583 532984018 161046691 474307728 471494864
r-551 29 0.487685 29 0.487685 1170711 2141384 681000 665281
r-120 37 0.279279 37 0.279279 -1 -1 -1 -1
r-904 39 0.504723 39 0.504723 140323443 196357146 105548880 103069002
r-186 19 0.105263 19 0.105263 -1 -1 -1 -1
r-886 27 0.39886 27 0.39886 4726979 11720135 68221 64900
r-643 23 0.166008 23 0.166008 -1 -1 -1 -1
r-613 24 0.463768 24 0.463768 188557 118773 141371 140566
r-682 27 0.14245 27 0.14245 -1 -1 -1 -1
r-671 25 0.38 25 0.38 386460 1112545 319205 318036
r-193 22 0.506494 22 0.506494 112585 34693 95399 93386
r-578 23 0.237154 23 0.237154 -1 -1 2646 2646
r-291 30 0.48046 30 0.48046 1094454 4400087 660056 645836
r-444 33 0.458333 33 0.458333 31653942 15612927 26665464 26411200
r-489 31 0.0645161 31 0.0645161 -1 -1 -1 -1
r-811 34 0.40107 34 0.40107 21733354 102012556 17984746 17958469
r-10 30 0.186207 30 0.186207 2705503 4664066 2518886 2685595
r-795 41 0.256098 41 0.256098 890301054 -1 835422588 860887843
r-860 39 0.364372 39 0.364372 7562232 416132135 7420374 7573238
r-780 18 0.111111 18 0.111111 -1 -1 -1 -1
r-543 32 0.272177 32 0.272177 4179049 27789869 2912442 2894930
r-319 22 0.311688 22 0.311688 56245 31625 48166 49127
r-461 33 0.458333 33 0.458333 3722299 7959434 2142413 2097954
r-492 30 0.404598 30 0.404598 6406744 4479012 5278175 5305757
r-340 21 0.428571 21 0.428571 55483 15605 35687 35221
r-432 19 0.526316 19 0.526316 18438 43561 19676 20167
r-944 41 0.460976 41 0.460976 -1 -1 -1 -1
r-192 22 0.454545 22 0.454545 47751 64125 31000 30522
r-849 28 0.349206 28 0.349206 280813 915264 18529 18420
r-65 19 0.51462 19 0.51462 11974 45444 12220 12145
r-337 35 0.480672 35 0.480672 27317047 6365555 20955815 20843346
r-256 28 0.515873 28 0.515873 264526 1214520 207905 204957
r-36 22 0.519481 22 0.519481 23960 120016 19377 19549
r-392 41 0.402439 41 0.402439 339550093 787382388 288043056 285271753
r-467 27 0.501425 27 0.501425 822058 1312756 341020 337038
r-34 34 0.513369 34 0.513369 19448889 6300065 15594140 15315457
r-982 29 0.133005 29 0.133005 1331148 1423985 536129 460255
r-977 26 0.443077 26 0.443077 397746 220752 310982 313581
r-931 38 0.14936 38 0.14936 -1 -1 -1 -1
r-905 37 0.348348 37 0.348348 -1 -1 1331065 1265789
r-768 17 0.382353 17 0.382353 3303 14761 2612 2624
r-350 37 0.405405 37 0.405405 62338035 201395394 52910115 52611146
r-198 40 0.466667 40 0.466667 194586035 580931094 151282351 150681054
r-72 32 0.508065 32 0.508065 5512439 15464898 5007059 5042935
r-968 20 0.189474 20 0.189474 9151 14050 5491 5542
r-425 33 0.503788 33 0.503788 32659420 22631123 27919820 27438124
r-247 20 0.336842 20 0.336842 34513 512041 4607 4707
r-318 34 0.213904 34 0.213904 3786428 32888365 2699775 2684679
r-805 18 0.294118 18 0.294118 61401 1070817 532 532
r-741 25 0.153333 25 0.153333 42545 4559 30966 32835
r-669 15 0.514286 15 0.514286 1776 2681 1514 1494
r-241 30 0.0666667 30 0.0666667 -1 -1 -1 -1
r-919 18 0.470588 18 0.470588 14414 40286 7855 7787
r-929 36 0.107937 36 0.107937 -1 -1 -1 -1
r-517 20 0.394737 20 0.394737 11426 7740 7226 7239
r-236 40 0.501282 40 0.501282 154586335 442049680 123334955 124044314
r-584 30 0.287356 30 0.287356 4694310 4184858 4368024 4465965
r-753 41 0.460976 41 0.460976 -1 -1 -1 -1
r-914 26 0.212308 26 0.212308 274958 435371 249284 255394
r-234 24 0.228261 24 0.228261 224607 -1 222742 222742
r-269 27 0.501425 27 0.501425 1922058 426582 1489653 1432903
r-774 24 0.463768 24 0.463768 62215 319571 40992 41303
r-821 29 0.295567 29 0.295567 4408000 2792055 4193476 4248436
r-282 34 0.486631 34 0.486631 5580596 15502762 3396944 3393746
r-512 29 0.246305 29 0.246305 2078425 4612113 1569947 1558728
r-726 32 0.497984 32 0.497984 18125787 46036579 14380230 14432970
r-422 20 0.478947 20 0.478947 46378 146635 42230 42515
r-160 16 0.233333 16 0.233333 5489 9631 3197 3009
r-368 26 0.409231 26 0.409231 97100 485139 55710 54739
r-179 24 0.463768 24 0.463768 365453 726257 304126 304019
r-416 16 0.233333 16 0.233333 19415 1364581 525 525
r-427 21 0.466667 21 0.466667 93253 162644 71522 70966
r-475 29 0.413793 29 0.413793 1823321 11462996 1368449 1370099
r-840 31 0.451613 31 0.451613 3815681 934021 3098325 3139582
r-698 17 0.308824 17 0.308824 40542 37156 1167 1179
r-286 20 0.394737 20 0.394737 14851 46198 11850 11764
r-878 18 0.522876 18 0.522876 13909 14220 11830 11958
r-363 38 0.102418 38 0.102418 14956868 3812497 13296016 14508153
r-84 32 0.225806 32 0.225806 -1 -1 -1 -1
r-402 20 0.336842 20 0.336842 16072 38500 13915 13853
r-986 34 0.336898 34 0.336898 1550665 -1 1386843 1399949
r-689 43 0.504983 43 0.504983 331879040 850967808 245493194 244409381
r-600 36 0.512698 36 0.512698 87592166 35673304 74015095 72512447
r-231 35 0.363025 35 0.363025 6136162 6055115 5335652 5346622
r-813 45 0.353535 45 0.353535 45847734 -1 46458286 48110366
r-762 20 0.189474 20 0.189474 44689 -1 44461 44461
r-322 24 0.391304 24 0.391304 59833 27398 46412 46639
r-330 17 0.308824 17 0.308824 6552 13664 5988 5933
r-490 31 0.516129 31 0.516129 3452452 9688915 3056924 3004209
r-854 23 0.355731 23 0.355731 112440 59691 83837 84612
r-9 24 0.518116 24 0.518116 570657 158893 481560 472803
r-589 22 0.519481 22 0.519481 232524 48858 194788 192390
r-482 21 0.514286 21 0.514286 42937 103989 42210 42187
r-576 29 0.295567 29 0.295567 -1 55145100 28775 29052
r-670 44 0.443975 44 0.443975 196239207 76774208 178960703 180974256
r-105 16 0.525 16 0.525 3045 3156 2620 2638
r-417 26 0.409231 26 0.409231 888802 333918 719702 726888
r-707 44 0.494715 44 0.494715 153153733 790306401 77507681 77910863
r-349 38 0.500711 38 0.500711 524875377 155515718 469448255 464425048
r-52 16 0.4 16 0.4 11432 15167 828 825
r-428 17 0.220588 17 0.220588 13485 273604 13343 13343
r-27 43 0.449612 43 0.449612 -1 -1 -1 -1
r-740 29 0.512315 29 0.512315 2285620 5464945 1843623 1810588
r-359 39 0.496626 39 0.496626 225978055 532609255 151987430 152127261
r-652 38 0.462304 38 0.462304 187702159 296500309 152742946 152345601
r-995 34 0.45098 34 0.45098 4120895 10593655 2391776 2356848
r-168 35 0.363025 35 0.363025 97744723 139771872 88787744 89319026
r-338 41 0.35122 41 0.35122 -1 -1 -1 -1
r-177 18 0.470588 18 0.470588 13207 17634 7180 7291
r-284 20 0.442105 20 0.442105 97622 69578 82643 81809
r-763 30 0.23908 30 0.23908 -1 -1 -1 -1
r-814 24 0.344203 24 0.344203 67567 44232 55268 55348
r-675 33 0.511364 33 0.511364 9216849 33012148 7065143 7090191
r-162 40 0.480769 40 0.480769 28951306 95274255 14402437 14058428
r-199 31 0.232258 31 0.232258 -1 -1 -1 -1
r-89 28 0.47619 28 0.47619 1649860 619414 1306924 1299108
r-235 23 0.474308 23 0.474308 119892 26553 70624 69041
r-686 42 0.507549 42 0.507549 -1 -1 -1 -1
r-433 35 0.208403 35 0.208403 -1 -1 -1 -1
r-80 17 0.514706 17 0.514706 21364 11478 17084 16451
r-755 18 0.294118 18 0.294118 4666 23311 3694 3632
r-510 32 0.417339 32 0.417339 6893846 25487362 5843602 5803238
r-324 45 0.377778 45 0.377778 -1 -1 -1 -1
r-423 17 0.485294 17 0.485294 11139 2218 10018 9836
r-617 16 0.4 16 0.4 3658 13614 3404 3368
r-946 29 0.487685 29 0.487685 2702457 927117 2107983 2074239
r-907 39 0.472335 39 0.472335 414862090 197169320 375485618 372586090
r-615 45 0.327273 45 0.327273 -1 -1 -1 -1
r-191 24 0.507246 24 0.507246 144319 781501 127076 128201
r-832 33 0.515152 33 0.515152 29465429 15951110 27578728 27924364
r-459 32 0.175403 32 0.175403 -1 -1 -1 -1
r-109 36 0.457143 36 0.457143 18454737 3238915 16401162 16531884
r-983 36 0.457143 36 0.457143 144236731 49483932 127196870 126812705
r-164 29 0.37931 29 0.37931 440005 354756 314550 320091
r-703 21 0.495238 21 0.495238 72147 93648 57134 57236
r-837 30 0.186207 30 0.186207 -1 -1 -1 -1
r-210 36 0.157143 36 0.157143 -1 -1 -1 -1
r-390 23 0.403162 23 0.403162 50191 72779 19783 19545
r-627 38 0.490754 38 0.490754 373908556 208486521 332008349 330736038
r-566 41 0.47561 41 0.47561 45911070 137113290 25705095 25527058
r-434 36 0.474603 36 0.474603 68410528 196167645 57336453 57582237
r-953 43 0.48948 43 0.48948 124302183 414868256 63481013 62839144
r-181 31 0.425806 31 0.425806 2922512 1084596 2348240 2398542
r-325 29 0.37931 29 0.37931 3900905 2306269 3460006 3479606
r-950 21 0.32381 21 0.32381 77500 4517 77998 79777
r-751 15 0.514286 15 0.514286 1662 5394 1436 1425
r-119 44 0.511628 44 0.511628 -1 -1 -1 -1
r-265 42 0.396051 42 0.396051 -1 -1 -1 -1
r-163 23 0.498024 23 0.498024 182680 369751 99207 100040
r-570 37 0.198198 37 0.198198 -1 -1 -1 -1
r-456 21 0.514286 21 0.514286 90151 49472 65509 64065
r-200 26 0.516923 26 0.516923 390319 803639 353884 350419
r-271 31 0.124731 31 0.124731 -1 -1 -1 -1
r-111 16 0.233333 16 0.233333 1171 1391 1047 1061
r-876 34 0.0588235 34 0.0588235 -1 -1 -1 -1
r-797 22 0.367965 22 0.367965 166533 34006 127784 130032
r-563 24 0.463768 24 0.463768 76859 311961 61063 60232
r-642 28 0.452381 28 0.452381 2799211 1747154 2566498 2570227
r-466 20 0.505263 20 0.505263 4671 21550 4810 4633
r-280 26 0.369231 26 0.369231 413972 1169149 13923 13614
r-450 43 0.27907 43 0.27907 -1 -1 -1 -1
r-139 34 0.499109 34 0.499109 57182868 33219573 49069124 48648316
r-962 29 0.295567 29 0.295567 1037516 62910510 509574 511717
r-366 33 0.409091 33 0.409091 19486721 53609946 17230555 17189399
r-894 27 0.501425 27 0.501425 1573706 691678 1361026 1351972
r-858 17 0.485294 17 0.485294 8903 1979 7979 7973
r-302 15 0.514286 15 0.514286 2680 3871 2297 2472
r-413 42 0.501742 42 0.501742 -1 -1 -1 -1
r-605 23 0.237154 23 0.237154 117079 64435 108246 110339
r-197 43 0.365449 43 0.365449 -1 -1 2276869 2085633
r-688 26 0.270769 26 0.270769 405357 497950 406974 410559
r-916 41 0.402439 41 0.402439 21414493 10663493 20662791 21148058
r-189 38 0.0526316 38 0.0526316 -1 -1 -1 -1
r-687 34 0.499109 34 0.499109 57388953 19658303 49077071 48445300
r-219 23 0.355731 23 0.355731 195598 460883 172519 171851
r-455 18 0.503268 18 0.503268 24934 16035 21972 22624
r-535 23 0.474308 23 0.474308 428389 192911 355298 354139
r-272 32 0.225806 32 0.225806 6263646 2674964 6001312 6266289
r-754 35 0.110924 35 0.110924 -1 -1 -1 -1
r-640 33 0.219697 33 0.219697 17404567 9390189 17996142 18446072
r-233 44 0.426004 44 0.426004 -1 -1 -1 -1
r-133 26 0.470769 26 0.470769 2156090 620062 1863187 1867348
r-136 25 0.28 25 0.28 125265 184848 93397 93019
r-684 38 0.14936 38 0.14936 -1 -1 -1 -1
r-13 16 0.125 16 0.125 121884445 938 121884400 121884400
r-209 44 0.485201 44 0.485201 577176669 309370296 470211371 472211273
r-300 18 0.111111 18 0.111111 -1 -1 -1 -1
r-307 31 0.180645 31 0.180645 -1 -1 -1 -1
r-190 29 0.295567 29 0.295567 3961220 -1 4001556 4002028
r-283 30 0.496552 30 0.496552 5272707 1297535 4062569 4044464
r-464 15 0.533333 15 0.533333 3903 1153 3645 3979
r-608 45 0.29899 45 0.29899 456697132 -1 456216771 456941907
r-844 45 0.20202 45 0.20202 -1 -1 -1 -1
r-178 29 0.502463 29 0.502463 2184923 6561843 1578356 1564566
r-144 31 0.395699 31 0.395699 455527 2062731 110620 109733
r-31 17 0.485294 17 0.485294 4739 2736 3477 3439
r-378 44 0.502114 44 0.502114 732590822 240102349 650871910 653386377
r-744 19 0.350877 19 0.350877 13762 44033 11717 11567
r-921 18 0.522876 18 0.522876 19448 31346 16469 16267
r-266 40 0.296154 40 0.296154 -1 -1 -1 -1
r-870 18 0.294118 18 0.294118 10000 2543 7040 7022
r-195 42 0.0929152 42 0.0929152 -1 -1 -1 -1
r-116 17 0.220588 17 0.220588 104860 1868824 104779 104779
r-756 17 0.220588 17 0.220588 49669 200574 464 464
r-409 32 0.0625 32 0.0625 -1 -1 -1 -1
r-185 19 0.45614 19 0.45614 30615 26346 25122 25172
r-932 34 0.165775 34 0.165775 -1 -1 -1 -1
r-855 24 0.391304 24 0.391304 518473 1048145 454125 450715
r-969 31 0.27957 31 0.27957 -1 -1 1382771 1383156
r-25 39 0.415655 39 0.415655 11102685 73725008 5678487 5576445
r-786 26 0.470769 26 0.470769 385900 1231315 238902 240452
r-607 31 0.425806 31 0.425806 1339340 3021392 648375 641938
r-881 32 0.175403 32 0.175403 5537354 7240807 5019746 4996730
r-769 30 0.370115 30 0.370115 2215178 8518416 1905720 1901166
r-495 42 0.0929152 42 0.0929152 115701831 130887105 103083413 115515976
r-801 20 0.336842 20 0.336842 23445 50470 21110 21241
r-26 15 0.533333 15 0.533333 571 3706 1019 980
r-115 16 0.4 16 0.4 1182 11316 313 294
r-657 27 0.48433 27 0.48433 673975 482405 518561 516952
r-721 18 0.424837 18 0.424837 8427 16966 7672 7691
r-315 35 0.363025 35 0.363025 18610338 44373226 16220317 16119517
r-33 17 0.117647 17 0.117647 -1 -1 66 66
r-597 19 0.19883 19 0.19883 9356 9348 7695 7669
r-970 15 0.342857 15 0.342857 1064 362 767 730
r-511 16 0.458333 16 0.458333 1411 5314 974 954
r-225 20 0.189474 20 0.189474 1430771 -1 1430493 1430493
r-798 19 0.45614 19 0.45614 28133 33485 23210 23081
r-391 35 0.363025 35 0.363025 15112632 74489650 498266 496152
r-129 38 0.102418 38 0.102418 -1 -1 -1 -1
r-204 37 0.348348 37 0.348348 2269458 9429747 1864508 1882256
r-882 15 0.514286 15 0.514286 2936 4449 2707 2742
r-411 21 0.257143 21 0.257143 96140 94477 83111 81788
r-23 45 0.236364 45 0.236364 -1 -1 -1 -1
r-892 33 0.435606 33 0.435606 1998400 10031892 1068311 1070167
r-818 41 0.290244 41 0.290244 -1 -1 -1 -1
r-802 33 0.117424 33 0.117424 -1 -1 -1 -1
r-888 25 0.38 25 0.38 1758892 3051387 23365 23040
r-667 18 0.366013 18 0.366013 19613 12223 16781 17701
r-673 15 0.533333 15 0.533333 4249 1691 3970 3874
r-121 21 0.52381 21 0.52381 38248 221838 27179 27347
r-787 36 0.457143 36 0.457143 2966191 24562558 2006862 1963416
r-132 22 0.519481 22 0.519481 85802 108517 83005 82090
r-169 28 0.452381 28 0.452381 2465939 714322 2098987 2076531
r-95 44 0.169133 44 0.169133 -1 -1 -1 -1
r-567 27 0.14245 27 0.14245 209150463 -1 209150111 209150111
