instance n1 density1 n2 density2 mcsplit mcsplit+f mcsplit+bigf
r-565 49 0.5 49 0.5 643074380 682123550 451735880
r-853 28 0.42328 28 0.42328 3815194 4041013 3160880
r-420 47 0.388529 47 0.388529 327744 251537 260288
r-825 35 0.393277 35 0.393277 6335 4876 5803
r-141 12 0.409091 12 0.409091 137 109 127
r-280 50 0.506939 50 0.506939 860996733 1186411378 641567938
r-912 14 0.263736 14 0.263736 173 103 119
r-297 34 0.486631 34 0.486631 19182747 16503104 14348638
r-757 17 0.308824 17 0.308824 12909 10562 11175
r-103 36 0.5 36 0.5 1390281 921508 1020266
r-75 23 0.300395 23 0.300395 1 1 1
r-939 23 0.166008 23 0.166008 16985 22129 14747
r-379 17 0.308824 17 0.308824 1 1 1
r-41 36 0.436508 36 0.436508 14190 13222 12930
r-370 48 0.223404 48 0.223404 69 99 69
r-335 37 0.153153 37 0.153153 1 1 1
r-991 22 0.415584 22 0.415584 233277 247473 187311
r-655 39 0.415655 39 0.415655 678606435 633374302 557442165
r-950 50 0.0783673 50 0.0783673 1 1 1
r-139 28 0.388889 28 0.388889 231 256 231
r-185 31 0.451613 31 0.451613 7636026 7208552 6074273
r-81 34 0.370766 34 0.370766 82327323 92604356 70308906
r-5 36 0.512698 36 0.512698 8233622 7363518 5826663
r-751 19 0.280702 19 0.280702 29728 20829 21972
r-713 21 0.514286 21 0.514286 4749 3910 4430
r-291 16 0.325 16 0.325 1 1 1
r-212 50 0.502857 50 0.502857 1158130430 1672966380 948941600
r-706 44 0.359408 44 0.359408 6838 5032 6072
r-602 47 0.288622 47 0.288622 -1 -1 -1
r-251 42 0.371661 42 0.371661 2269535276 2315246430 1897663347
r-209 19 0.491228 19 0.491228 214 183 214
r-351 21 0.0952381 21 0.0952381 1 1 1
r-724 17 0.485294 17 0.485294 162 146 152
r-372 18 0.424837 18 0.424837 18706 14314 15718
r-810 50 0.392653 50 0.392653 115102 80889 87932
r-897 45 0.0868687 45 0.0868687 1 1 1
r-264 50 0.183673 50 0.183673 -1 -1 -1
r-785 19 0.280702 19 0.280702 1 1 1
r-242 27 0.262108 27 0.262108 37 59 37
r-660 23 0.403162 23 0.403162 30 49 30
r-123 23 0.498024 23 0.498024 117924 86546 86594
r-946 19 0.280702 19 0.280702 6052 30977 5004
r-30 23 0.474308 23 0.474308 81916 48230 64002
r-850 34 0.258467 34 0.258467 62339108 87560075 50321675
r-722 33 0.515152 33 0.515152 1174878 923171 858518
r-821 32 0.120968 32 0.120968 1287939 759456 1063334
r-963 25 0.48 25 0.48 487931 387329 379450
r-384 14 0.362637 14 0.362637 1 1 1
r-511 12 0.409091 12 0.409091 1 1 1
r-361 45 0.511111 45 0.511111 96735148 164661330 77870316
r-455 38 0.462304 38 0.462304 675966 825151 527421
r-82 49 0.510204 49 0.510204 419540840 535194848 305690605
r-582 42 0.418118 42 0.418118 93822 68582 78554
r-311 44 0.332981 44 0.332981 -1 -1 -1
r-960 48 0.467199 48 0.467199 -1 -1 -1
r-436 37 0.279279 37 0.279279 246 312 246
r-951 38 0.422475 38 0.422475 34297 18294 23584
r-31 44 0.426004 44 0.426004 280880 204526 227241
r-330 50 0.326531 50 0.326531 -1 -1 -1
r-701 26 0.443077 26 0.443077 1237 731 976
r-797 47 0.0425532 47 0.0425532 1 1 1
r-551 21 0.52381 21 0.52381 28145 23508 25615
r-429 26 0.470769 26 0.470769 1103813 1029687 873000
r-747 39 0.510121 39 0.510121 31265091 41650110 25079081
r-727 26 0.212308 26 0.212308 1 1 1
r-110 18 0.366013 18 0.366013 29607 20497 22288
r-152 32 0.443548 32 0.443548 14632940 12523233 11187397
r-245 41 0.443902 41 0.443902 375056 164927 248502
r-831 27 0.205128 27 0.205128 476839 345331 387651
r-423 13 0.384615 13 0.384615 1 1 1
r-536 22 0.454545 22 0.454545 234674 161905 184516
r-21 38 0.234708 38 0.234708 265013351 267626263 219244586
r-94 33 0.492424 33 0.492424 543032 468128 402166
r-739 37 0.279279 37 0.279279 299 352 295
r-482 13 0.538462 13 0.538462 48 34 48
r-196 50 0.480816 50 0.480816 -1 1379282340 1263094704
r-869 40 0.261538 40 0.261538 412802451 722833327 332912091
r-889 28 0.47619 28 0.47619 15394 10564 10535
r-783 30 0.434483 30 0.434483 10488 4909 8010
r-388 37 0.504505 37 0.504505 21689107 16905144 16362240
r-749 32 0.352823 32 0.352823 291 312 282
r-91 27 0.262108 27 0.262108 1 1 1
r-513 11 0.545455 11 0.545455 40 27 40
r-817 34 0.499109 34 0.499109 6245359 5248172 4704120
r-194 46 0.463768 46 0.463768 906700308 752370833 680719471
r-477 31 0.27957 31 0.27957 10064075 13466382 8378564
r-927 44 0.359408 44 0.359408 -1 -1 -1
r-696 34 0.499109 34 0.499109 9597992 8459940 7317861
r-594 26 0.443077 26 0.443077 966 831 914
r-142 26 0.470769 26 0.470769 298426 345812 236666
r-315 21 0.380952 21 0.380952 28 45 28
r-953 31 0.451613 31 0.451613 3393 4028 3009
r-505 10 0.355556 10 0.355556 22 29 22
r-558 22 0.484848 22 0.484848 744 633 722
r-281 11 0.327273 11 0.327273 19 31 19
r-153 19 0.350877 19 0.350877 16462 18417 12298
r-255 21 0.495238 21 0.495238 113048 79838 88159
r-353 24 0.289855 24 0.289855 381097 569947 338659
r-920 23 0.474308 23 0.474308 228517 178201 175880
r-689 14 0.263736 14 0.263736 527 552 424
r-563 50 0.457959 50 0.457959 -1 -1 -1
r-717 24 0.391304 24 0.391304 404998 343535 336148
r-332 45 0.29899 45 0.29899 -1 -1 -1
r-137 17 0.514706 17 0.514706 1044 611 970
r-66 31 0.490323 31 0.490323 132902 92090 110966
r-296 33 0.265152 33 0.265152 1 1 1
r-89 40 0.501282 40 0.501282 89872144 78000626 66966288
r-52 25 0.153333 25 0.153333 1 1 1
r-348 20 0.505263 20 0.505263 48023 62721 44084
r-279 46 0.43285 46 0.43285 -1 -1 -1
r-6 40 0.466667 40 0.466667 213772179 200855940 172039703
r-161 19 0.409357 19 0.409357 65792 69823 54269
r-909 13 0.384615 13 0.384615 1065 697 959
r-559 24 0.15942 24 0.15942 1 1 1
r-83 11 0.327273 11 0.327273 1 1 1
r-503 29 0.133005 29 0.133005 1 1 1
r-637 48 0.507092 48 0.507092 1554305488 1738691610 1185073824
r-548 31 0.473118 31 0.473118 17175 14117 14477
r-374 44 0.130021 44 0.130021 444285663 814564164 412076612
r-410 17 0.529412 17 0.529412 2452 1479 2193
r-318 38 0.513514 38 0.513514 9670985 13723374 7504628
r-64 28 0.518519 28 0.518519 159400 111488 131267
r-856 36 0.412698 36 0.412698 37593 20336 29338
r-973 28 0.388889 28 0.388889 323 268 312
r-208 13 0.384615 13 0.384615 2162 2402 1775
r-710 11 0.509091 11 0.509091 47 27 47
r-878 23 0.498024 23 0.498024 79283 79510 63949
r-177 27 0.0740741 27 0.0740741 1 1 1
r-942 12 0.30303 12 0.30303 1 1 1
r-674 47 0.510638 47 0.510638 187892116 299483816 154892414
r-685 46 0.198068 46 0.198068 -1 -1 -1
r-19 24 0.463768 24 0.463768 557507 341689 439615
r-24 46 0.511111 46 0.511111 160982937 126806189 109248694
r-771 21 0.428571 21 0.428571 121430 81605 92603
r-846 47 0.408881 47 0.408881 2939988 1305593 2239704
r-285 20 0.268421 20 0.268421 1 1 1
r-631 11 0.181818 11 0.181818 1 1 1
r-824 50 0.470204 50 0.470204 -1 -1 -1
r-295 14 0.362637 14 0.362637 338 325 322
r-514 28 0.349206 28 0.349206 3152770 2787215 2439768
r-587 13 0.153846 13 0.153846 1 1 1
r-954 43 0.431894 43 0.431894 934826405 814331114 740841017
r-852 39 0.0512821 39 0.0512821 1 1 1
r-910 33 0.503788 33 0.503788 5600769 6483513 4772398
r-342 32 0.120968 32 0.120968 497960 1580079 513844
r-433 47 0.227567 47 0.227567 1 1 1
r-80 28 0.198413 28 0.198413 2220718 753912 1589619
r-365 24 0.289855 24 0.289855 562962 603416 476098
r-97 29 0.517241 29 0.517241 290494 311848 251351
r-772 31 0.503226 31 0.503226 143868 192254 122671
r-252 20 0.268421 20 0.268421 1 1 1
r-422 28 0.349206 28 0.349206 3938491 4996507 3513681
r-606 14 0.527473 14 0.527473 316 315 294
r-162 35 0.161345 35 0.161345 10551023 14724209 7136157
r-919 49 0.462585 49 0.462585 18834375 16528587 15620876
r-554 47 0.444033 47 0.444033 3561079 2935304 2425147
r-408 18 0.522876 18 0.522876 7307 1765 5610
r-512 35 0.393277 35 0.393277 4844 4006 4415
r-585 20 0.1 20 0.1 1 1 1
r-656 16 0.525 16 0.525 5212 3059 3359
r-848 48 0.478723 48 0.478723 -1 1459073204 1142695648
r-265 20 0.442105 20 0.442105 41693 37550 30379
r-386 18 0.111111 18 0.111111 1 1 1
r-282 21 0.380952 21 0.380952 140 174 140
r-236 49 0.079932 49 0.079932 -1 -1 648350528
r-165 23 0.498024 23 0.498024 62041 67176 50597
r-972 33 0.344697 33 0.344697 913 861 878
r-159 14 0.494505 14 0.494505 21 31 21
r-213 12 0.530303 12 0.530303 1 1 1
r-949 14 0.263736 14 0.263736 84 113 68
r-906 48 0.509752 48 0.509752 300712594 355015957 233513009
r-614 19 0.491228 19 0.491228 164 200 164
r-468 21 0.428571 21 0.428571 204 203 204
r-411 20 0.268421 20 0.268421 36349 25205 30807
r-610 45 0.511111 45 0.511111 98184301 131136406 73151697
r-746 47 0.227567 47 0.227567 320 433 318
r-524 40 0.507692 40 0.507692 27653556 41019619 22078528
r-632 29 0.133005 29 0.133005 1 1 1
r-367 25 0.5 25 0.5 17288 9022 14315
r-801 20 0.394737 20 0.394737 29103 25512 22703
r-290 15 0.419048 15 0.419048 1566 1424 1386
r-37 31 0.490323 31 0.490323 3667178 2951619 2553964
r-494 20 0.336842 20 0.336842 1 1 1
r-840 30 0.45977 30 0.45977 15932 10037 14318
r-458 24 0.344203 24 0.344203 1 1 1
r-68 26 0.507692 26 0.507692 73523 34374 61375
r-90 46 0.495652 46 0.495652 283966991 262960431 188238188
r-478 15 0.419048 15 0.419048 1 1 1
r-190 45 0.327273 45 0.327273 1668 1422 1519
r-709 24 0.507246 24 0.507246 92010 75162 76787
r-845 22 0.0909091 22 0.0909091 1 1 1
r-307 44 0.30444 44 0.30444 2227504435 -1 1886111632
r-402 15 0.533333 15 0.533333 972 717 921
r-666 25 0.52 25 0.52 149810 132040 124068
r-220 40 0.296154 40 0.296154 965255000 1171147186 743629489
r-498 30 0.496552 30 0.496552 5125539 3646044 3751018
r-457 49 0.416667 49 0.416667 749922 911802 615810
r-42 14 0.494505 14 0.494505 2086 1381 1995
r-648 13 0.512821 13 0.512821 847 486 779
r-17 22 0.52381 22 0.52381 27954 27462 25910
r-193 10 0.355556 10 0.355556 1 1 1
r-328 29 0.512315 29 0.512315 107794 122559 92673
r-855 44 0.359408 44 0.359408 51939 23199 41951
r-425 50 0.0783673 50 0.0783673 1 1 1
r-651 15 0.342857 15 0.342857 3352 1696 2546
r-125 31 0.0645161 31 0.0645161 1 1 1
r-907 25 0.22 25 0.22 300168 133011 196369
r-788 27 0.48433 27 0.48433 1979 2232 1897
r-792 33 0.265152 33 0.265152 8089204 12738317 6433316
r-997 21 0.32381 21 0.32381 1 1 1
r-104 46 0.321739 46 0.321739 -1 -1 -1
r-523 32 0.514113 32 0.514113 513662 714531 453410
r-181 49 0.484694 49 0.484694 30802038 42243579 23216005
r-881 31 0.473118 31 0.473118 7231377 7254823 5636762
r-646 46 0.263768 46 0.263768 -1 -1 -1
r-625 13 0.512821 13 0.512821 159 82 158
r-226 43 0.365449 43 0.365449 7254 4217 6549
r-438 32 0.497984 32 0.497984 334531 427563 275924
r-823 34 0.499109 34 0.499109 1305697 937166 854263
r-733 50 0.372245 50 0.372245 -1 -1 -1
r-9 13 0.384615 13 0.384615 101 99 97
r-569 17 0.117647 17 0.117647 1 1 1
r-818 35 0.393277 35 0.393277 5014 4146 4620
r-745 36 0.157143 36 0.157143 1 1 1
r-711 22 0.519481 22 0.519481 15013 25286 13155
r-338 19 0.51462 19 0.51462 20348 22019 17616
r-522 34 0.165775 34 0.165775 7173155 9243959 5490483
r-187 38 0.234708 38 0.234708 252295099 229746323 217629946
r-672 27 0.14245 27 0.14245 1 1 1
r-444 32 0.352823 32 0.352823 19540807 22821465 16060924
r-778 49 0.433673 49 0.433673 1894365 1226769 1379550
r-33 12 0.166667 12 0.166667 1 1 1
r-496 44 0.502114 44 0.502114 349467358 249100769 283966334
r-900 49 0.416667 49 0.416667 1301467 845799 1079044
r-502 39 0.099865 39 0.099865 124696914 42166445 95808024
r-240 43 0.41196 43 0.41196 99083 67746 80607
r-808 49 0.510204 49 0.510204 460997278 561488323 353401382
r-773 30 0.508046 30 0.508046 1468146 1673643 1244652
r-118 19 0.51462 19 0.51462 1201 1471 1179
r-769 22 0.484848 22 0.484848 2657 1947 2485
r-816 33 0.492424 33 0.492424 687564 487610 530742
r-841 48 0.254433 48 0.254433 75 110 75
r-586 36 0.512698 36 0.512698 6623874 10203496 5535500
r-34 19 0.51462 19 0.51462 5385 2217 4704
r-880 21 0.514286 21 0.514286 13157 15107 12386
r-214 29 0.44335 29 0.44335 3454406 3044387 2610194
r-654 13 0.512821 13 0.512821 870 622 827
r-661 33 0.170455 33 0.170455 8805425 10378468 7310849
r-680 36 0.322222 36 0.322222 164666114 162878718 129292411
r-443 34 0.0588235 34 0.0588235 1 1 1
r-623 43 0.27907 43 0.27907 371 394 370
r-334 40 0.328205 40 0.328205 682560997 915801431 561170972
r-990 47 0.194265 47 0.194265 -1 -1 -1
r-221 19 0.19883 19 0.19883 1 1 1
r-752 18 0.20915 18 0.20915 1 1 1
r-421 43 0.431894 43 0.431894 1085135761 1018917270 878497177
r-791 50 0.392653 50 0.392653 460481 350025 327392
r-371 44 0.473573 44 0.473573 296188253 309616272 221163267
r-459 37 0.348348 37 0.348348 1350 1225 1265
r-883 32 0.225806 32 0.225806 10757680 13807652 9059189
r-591 37 0.24024 37 0.24024 95742932 139029250 80002861
r-108 37 0.495495 37 0.495495 16042961 12456624 11603716
r-638 25 0.453333 25 0.453333 1059448 736611 807354
r-95 19 0.409357 19 0.409357 1 1 1
r-804 49 0.079932 49 0.079932 1 1 1
r-326 35 0.292437 35 0.292437 1 1 1
r-861 34 0.427807 34 0.427807 21643 20576 18555
r-428 36 0.512698 36 0.512698 9421435 16866397 7912156
r-499 26 0.270769 26 0.270769 367234 536843 295305
r-748 37 0.153153 37 0.153153 24999920 21482871 22501685
r-943 10 0.355556 10 0.355556 1 1 1
r-561 46 0.476329 46 0.476329 1180478450 1124804274 868962727
r-858 38 0.14936 38 0.14936 1 1 1
r-715 16 0.458333 16 0.458333 9234 4669 7957
r-474 21 0.380952 21 0.380952 28 45 28
r-172 50 0.470204 50 0.470204 48508067 30760891 28986943
r-269 14 0.43956 14 0.43956 2019 1657 1737
r-79 17 0.514706 17 0.514706 1873 1030 1783
r-820 14 0.263736 14 0.263736 667 662 584
r-813 16 0.325 16 0.325 1 1 1
r-100 39 0.504723 39 0.504723 18560862 17476460 13643471
r-580 31 0.425806 31 0.425806 4123 3106 3765
r-619 39 0.437247 39 0.437247 412001333 441874783 340458518
r-652 45 0.454545 45 0.454545 -1 1500061927 1499859656
r-626 26 0.516923 26 0.516923 113977 99068 94898
r-557 11 0.436364 11 0.436364 1 1 1
r-234 14 0.362637 14 0.362637 794 651 487
r-163 23 0.498024 23 0.498024 375 770 365
r-183 24 0.228261 24 0.228261 1 1 1
r-171 49 0.462585 49 0.462585 12796403 14923698 9475414
r-360 10 0.2 10 0.2 1 1 1
r-525 44 0.241015 44 0.241015 -1 -1 -1
r-665 39 0.510121 39 0.510121 6447255 7806762 5269018
r-224 23 0.474308 23 0.474308 850 964 793
r-795 37 0.513514 37 0.513514 7782750 7995567 6431760
r-362 28 0.253968 28 0.253968 332194 283232 297649
r-272 39 0.48583 39 0.48583 32543631 30613597 24452064
r-541 31 0.425806 31 0.425806 1305 1268 1211
r-904 17 0.529412 17 0.529412 993 1611 903
r-481 16 0.458333 16 0.458333 9283 11487 7708
r-364 32 0.175403 32 0.175403 1 1 1
r-28 17 0.485294 17 0.485294 155 163 154
r-789 29 0.295567 29 0.295567 4924275 4679789 3889374
r-164 18 0.522876 18 0.522876 5349 6560 4689
r-462 27 0.501425 27 0.501425 1112376 796493 867893
r-549 28 0.42328 28 0.42328 4875820 4469118 4036545
r-394 50 0.489796 50 0.489796 -1 -1 -1
r-566 22 0.519481 22 0.519481 12774 12423 10702
r-263 15 0.533333 15 0.533333 620 627 584
r-955 14 0.263736 14 0.263736 1 1 1
r-639 14 0.263736 14 0.263736 1 1 1
r-27 17 0.382353 17 0.382353 1 1 1
r-78 30 0.45977 30 0.45977 26967 10021 22565
r-121 16 0.4 16 0.4 4763 3735 4039
r-73 41 0.290244 41 0.290244 347 345 302
r-10 13 0.538462 13 0.538462 193 168 188
r-58 39 0.391363 39 0.391363 6889 5019 6161
r-74 10 0.355556 10 0.355556 34 62 34
r-741 22 0.519481 22 0.519481 53798 34297 45632
r-450 13 0.538462 13 0.538462 62 27 62
r-781 44 0.510571 44 0.510571 97052928 136528168 71526378
r-859 49 0.355442 49 0.355442 96204 61079 83527
r-730 23 0.237154 23 0.237154 1 1 1
r-344 27 0.461538 27 0.461538 5584 3682 4964
r-865 42 0.501742 42 0.501742 161334631 144289409 125678131
r-634 15 0.133333 15 0.133333 1 1 1
r-407 20 0.189474 20 0.189474 1 1 1
r-156 45 0.438384 45 0.438384 -1 2172865894 1461709214
r-649 23 0.474308 23 0.474308 1101 830 965
r-50 23 0.498024 23 0.498024 227446 177066 179183
r-838 30 0.45977 30 0.45977 8869265 6020182 6772368
r-628 19 0.409357 19 0.409357 17201 10856 13579
r-630 41 0.256098 41 0.256098 58 85 58
r-317 27 0.433048 27 0.433048 2202356 1978858 1859100
r-956 25 0.453333 25 0.453333 1009 1037 887
r-350 29 0.246305 29 0.246305 1827399 977633 1437196
r-694 24 0.463768 24 0.463768 533696 451091 391044
r-111 20 0.268421 20 0.268421 1 1 1
r-174 14 0.142857 14 0.142857 1 1 1
r-888 31 0.232258 31 0.232258 1 1 1
r-572 24 0.228261 24 0.228261 82561 59847 59075
r-555 44 0.332981 44 0.332981 859014211 1205708771 768978711
r-260 17 0.485294 17 0.485294 4175 3126 3812
r-768 25 0.28 25 0.28 172125 179223 128918
r-712 20 0.394737 20 0.394737 50216 47898 42083
r-29 15 0.47619 15 0.47619 1786 1271 1507
r-55 49 0.44898 49 0.44898 8709888 8284748 7475074
r-359 21 0.257143 21 0.257143 10998 8549 8516
r-863 24 0.15942 24 0.15942 49362 247654 46872
r-184 34 0.513369 34 0.513369 1424211 1246640 1158145
r-414 42 0.214866 42 0.214866 161873697 452293458 142675682
r-256 15 0.247619 15 0.247619 599 1315 549
r-406 38 0.273115 38 0.273115 251 326 251
r-537 27 0.14245 27 0.14245 122978 162810 107238
r-571 23 0.403162 23 0.403162 227 216 227
r-54 26 0.323077 26 0.323077 845600 839130 665329
r-200 34 0.513369 34 0.513369 11303025 11959172 9787449
r-612 37 0.315315 37 0.315315 304 337 304
r-987 32 0.508065 32 0.508065 442226 321755 356872
r-127 35 0.420168 35 0.420168 30678 19871 27391
r-573 25 0.28 25 0.28 1 1 1
r-952 48 0.467199 48 0.467199 -1 -1 -1
r-337 38 0.422475 38 0.422475 7664 4840 5830
r-57 47 0.0425532 47 0.0425532 1 1 1
r-583 44 0.485201 44 0.485201 470646748 299743570 315862409
r-310 32 0.417339 32 0.417339 5809 3952 5343
r-599 46 0.124638 46 0.124638 1 1 1
r-593 40 0.501282 40 0.501282 7235670 8827133 5215642
r-762 42 0.344948 42 0.344948 1569059607 2371623163 1302235799
r-600 14 0.538462 14 0.538462 165 111 171
r-44 14 0.538462 14 0.538462 217 190 217
r-627 18 0.503268 18 0.503268 19164 25087 16715
r-887 48 0.50266 48 0.50266 611880197 858148415 476099825
r-1000 38 0.371266 38 0.371266 7457 5493 6827
r-451 36 0.457143 36 0.457143 283706 164236 228303
r-879 41 0.47561 41 0.47561 220668777 186346592 164930098
r-286 40 0.501282 40 0.501282 1474654 1479074 1133467
r-306 41 0.42439 41 0.42439 65644 41650 54036
r-62 32 0.314516 32 0.314516 18455157 25806571 15882742
r-167 16 0.458333 16 0.458333 6087 3963 5186
r-688 19 0.19883 19 0.19883 1 1 1
r-401 35 0.514286 35 0.514286 9471881 7277915 7538327
r-546 26 0.507692 26 0.507692 105155 97909 78976
r-835 43 0.498339 43 0.498339 92768246 117939922 69741384
r-532 17 0.485294 17 0.485294 23161 13420 18822
r-395 14 0.263736 14 0.263736 1 1 1
r-976 23 0.513834 23 0.513834 12024 14215 10210
r-868 19 0.409357 19 0.409357 51928 39834 43029
r-96 22 0.367965 22 0.367965 39 47 39
r-693 37 0.279279 37 0.279279 51 77 51
r-12 25 0.42 25 0.42 559484 510970 490085
r-857 47 0.122109 47 0.122109 2862420892 3636033405 2405732761
r-136 12 0.530303 12 0.530303 164 124 164
r-798 43 0.389812 43 0.389812 -1 -1 2198507542
r-992 39 0.391363 39 0.391363 667045776 698780669 554761060
r-800 21 0.428571 21 0.428571 28 45 28
r-237 37 0.153153 37 0.153153 1 1 1
r-518 34 0.299465 34 0.299465 32809918 41464699 27128336
r-432 29 0.502463 29 0.502463 2904545 3124083 2517560
r-399 10 0.555556 10 0.555556 174 98 173
r-43 32 0.443548 32 0.443548 11709428 9942267 9191634
r-11 10 0.555556 10 0.555556 12 21 12
r-266 28 0.518519 28 0.518519 188408 142210 172538
r-539 23 0.442688 23 0.442688 201974 170372 156325
r-822 45 0.454545 45 0.454545 2609552 1442191 1677653
r-232 10 0.555556 10 0.555556 209 161 166
r-140 25 0.08 25 0.08 1 1 1
r-254 16 0.325 16 0.325 1 1 1
r-917 48 0.507092 48 0.507092 457469228 657684460 362965979
r-393 37 0.378378 37 0.378378 7316 6078 5637
r-412 50 0.326531 50 0.326531 9152 7893 8096
r-998 43 0.0908084 43 0.0908084 449788688 1296924485 412297078
r-767 48 0.336879 48 0.336879 11325 6281 10838
r-624 36 0.203175 36 0.203175 27988053 96022583 25345553
r-192 45 0.353535 45 0.353535 7117 6239 6483
r-928 31 0.27957 31 0.27957 38 65 38
r-903 50 0.428571 50 0.428571 4027852 2207879 3092224
r-327 49 0.25 49 0.25 396 459 394
r-891 12 0.530303 12 0.530303 26 33 26
r-981 13 0.384615 13 0.384615 597 321 530
r-971 19 0.526316 19 0.526316 4436 1693 3819
r-979 19 0.45614 19 0.45614 190 162 190
r-87 44 0.383721 44 0.383721 -1 -1 2206601525
r-965 30 0.186207 30 0.186207 312128 375551 223402
r-720 45 0.490909 45 0.490909 18056849 18201310 11692778
r-527 50 0.392653 50 0.392653 579000 333878 503269
r-966 24 0.463768 24 0.463768 514166 469163 397284
r-298 11 0.436364 11 0.436364 1 1 1
r-88 26 0.409231 26 0.409231 1625182 1458103 1293097
r-484 40 0.466667 40 0.466667 195214540 212371505 148308084
r-873 47 0.0425532 47 0.0425532 1 1 1
r-490 38 0.462304 38 0.462304 1068991 457427 768210
r-964 40 0.184615 40 0.184615 47 83 47
r-382 15 0.47619 15 0.47619 26 33 26
r-312 26 0.492308 26 0.492308 17542 11142 15702
r-884 47 0.366327 47 0.366327 -1 -1 -1
r-805 16 0.525 16 0.525 3187 1207 2957
r-809 24 0.228261 24 0.228261 1 1 1
r-207 24 0.521739 24 0.521739 77105 79967 62200
r-404 19 0.491228 19 0.491228 790 418 713
r-975 38 0.422475 38 0.422475 25391 21727 21021
r-452 28 0.507937 28 0.507937 58387 40226 46256
r-576 30 0.331034 30 0.331034 9930356 7470223 7550692
r-669 16 0.325 16 0.325 1 1 1
r-545 29 0.37931 29 0.37931 4049083 5640966 3286049
r-248 50 0.480816 50 0.480816 -1 -1 -1
r-509 11 0.509091 11 0.509091 875 643 865
r-729 38 0.0526316 38 0.0526316 1 1 1
r-253 11 0.327273 11 0.327273 1 1 1
r-508 35 0.252101 35 0.252101 79944140 84358811 65386815
r-695 25 0.28 25 0.28 1 1 1
r-882 18 0.424837 18 0.424837 24936 19938 20142
r-84 26 0.369231 26 0.369231 552622 456051 423367
r-53 40 0.142308 40 0.142308 1 1 1
r-305 18 0.294118 18 0.294118 6934 5120 5875
r-682 13 0.538462 13 0.538462 209 104 199
r-750 35 0.463866 35 0.463866 45460935 46175142 35900265
r-914 16 0.4 16 0.4 6083 6242 5081
r-716 10 0.2 10 0.2 1 1 1
r-893 28 0.137566 28 0.137566 2132900 2598803 1398838
r-531 13 0.153846 13 0.153846 1 1 1
r-636 36 0.107937 36 0.107937 1 1 1
r-173 47 0.388529 47 0.388529 110847 86794 97005
r-870 12 0.409091 12 0.409091 494 376 428
r-510 29 0.246305 29 0.246305 1 1 1
r-533 12 0.30303 12 0.30303 1 1 1
r-574 30 0.45977 30 0.45977 37636 23735 28423
r-461 47 0.388529 47 0.388529 576753 329417 455465
r-424 35 0.329412 35 0.329412 419 324 419
r-918 49 0.462585 49 0.462585 -1 -1 -1
r-700 29 0.295567 29 0.295567 4426685 4791941 3607177
r-553 13 0.512821 13 0.512821 624 389 592
r-615 40 0.05 40 0.05 1 1 1
r-653 47 0.259019 47 0.259019 398 433 396
r-784 25 0.22 25 0.22 141003 389078 118499
r-122 38 0.273115 38 0.273115 45 79 45
r-890 13 0.512821 13 0.512821 712 360 689
r-446 15 0.419048 15 0.419048 1 1 1
r-678 33 0.511364 33 0.511364 15780356 11237644 11979307
r-155 25 0.5 25 0.5 16454 11211 13839
r-230 10 0.533333 10 0.533333 1 1 1
r-409 44 0.510571 44 0.510571 84278780 99444559 69324408
r-899 18 0.20915 18 0.20915 1160 905 937
r-933 25 0.5 25 0.5 184476 111859 137581
r-609 33 0.170455 33 0.170455 1 1 1
r-535 46 0.371981 46 0.371981 -1 -1 -1
r-289 38 0.398293 38 0.398293 306260506 348487976 264178302
r-400 23 0.166008 23 0.166008 18289 53468 14456
r-292 11 0.181818 11 0.181818 1 1 1
r-231 32 0.314516 32 0.314516 38821239 48929196 33354363
r-67 25 0.333333 25 0.333333 215567 184375 170583
r-483 12 0.409091 12 0.409091 1428 1822 1221
r-844 20 0.442105 20 0.442105 235 190 234
r-650 17 0.441176 17 0.441176 19685 16925 14772
r-780 19 0.45614 19 0.45614 180 189 179
r-176 14 0.538462 14 0.538462 817 459 785
r-439 18 0.424837 18 0.424837 17912 12735 13110
r-577 24 0.521739 24 0.521739 46724 24349 37293
r-415 35 0.161345 35 0.161345 1 1 1
r-662 44 0.5074 44 0.5074 189806391 252218007 153061406
r-368 28 0.518519 28 0.518519 1048442 823349 753135
r-35 35 0.329412 35 0.329412 41641381 57958804 32864398
r-366 19 0.105263 19 0.105263 1 1 1
r-7 26 0.270769 26 0.270769 1 1 1
r-168 26 0.270769 26 0.270769 1 1 1
r-929 18 0.111111 18 0.111111 1 1 1
r-51 50 0.04 50 0.04 1 1 1
r-419 48 0.509752 48 0.509752 163254219 178109037 129223350
r-32 34 0.258467 34 0.258467 1 1 1
r-803 35 0.514286 35 0.514286 3985108 4049208 3255498
r-842 33 0.409091 33 0.409091 5731 5674 5061
r-642 45 0.165657 45 0.165657 52 93 52
r-417 26 0.52 26 0.52 235211 261599 196236
r-830 41 0.0487805 41 0.0487805 1 1 1
r-506 35 0.329412 35 0.329412 263 318 263
r-732 43 0.245847 43 0.245847 280 373 280
r-707 19 0.526316 19 0.526316 7631 6422 6928
r-396 30 0.287356 30 0.287356 37 63 37
r-480 24 0.431159 24 0.431159 560223 437156 441107
r-146 24 0.463768 24 0.463768 462551 403768 367153
r-515 30 0.287356 30 0.287356 236 283 232
r-228 47 0.288622 47 0.288622 -1 -1 -1
r-448 40 0.224359 40 0.224359 170904324 201752235 139941600
r-45 33 0.378788 33 0.378788 1378 1114 1235
r-595 30 0.517241 30 0.517241 134100 116863 106378
r-584 22 0.506494 22 0.506494 4443 3253 4245
r-347 11 0.436364 11 0.436364 140 81 133
r-426 42 0.470383 42 0.470383 2409819 1002889 1658191
r-916 34 0.165775 34 0.165775 1 1 1
r-560 16 0.5 16 0.5 23 35 23
r-128 11 0.436364 11 0.436364 1 1 1
r-849 20 0.336842 20 0.336842 1 1 1
r-112 33 0.170455 33 0.170455 8949207 17944649 7613626
r-329 49 0.397959 49 0.397959 478511 236093 366586
r-241 38 0.512091 38 0.512091 4666650 10965072 4240925
r-937 50 0.497143 50 0.497143 762549687 692349333 572215668
r-812 30 0.128736 30 0.128736 632504 665989 576699
r-617 47 0.408881 47 0.408881 286436 231360 239015
r-826 19 0.105263 19 0.105263 1 1 1
r-158 10 0.533333 10 0.533333 1 1 1
r-664 21 0.428571 21 0.428571 35 45 35
r-23 34 0.336898 34 0.336898 101645775 72802501 84671980
r-671 25 0.38 25 0.38 542194 681065 439681
r-579 33 0.503788 33 0.503788 965175 1206761 781786
r-677 29 0.512315 29 0.512315 1896235 1464027 1585496
r-620 23 0.442688 23 0.442688 76987 71401 60925
r-331 47 0.505088 47 0.505088 84188959 136662121 64813650
r-85 48 0.496454 48 0.496454 97108070 75974502 63799487
r-392 30 0.186207 30 0.186207 1 1 1
r-186 19 0.280702 19 0.280702 1 1 1
r-941 49 0.278912 49 0.278912 -1 -1 -1
r-802 15 0.47619 15 0.47619 2123 1333 1872
r-829 34 0.114082 34 0.114082 1 1 1
r-528 20 0.478947 20 0.478947 619 498 606
r-864 41 0.487805 41 0.487805 109546183 103594963 84422154
r-376 49 0.153061 49 0.153061 -1 -1 -1
r-3 32 0.352823 32 0.352823 19685623 21446727 16302693
r-875 11 0.509091 11 0.509091 1 1 1
r-302 49 0.306122 49 0.306122 -1 -1 -1
r-645 11 0.181818 11 0.181818 1 1 1
r-309 37 0.429429 37 0.429429 156426313 134375470 127110238
r-833 44 0.494715 44 0.494715 222450459 274344635 162849355
r-983 47 0.508788 47 0.508788 538255911 531964266 330703470
r-227 17 0.308824 17 0.308824 2993 1501 2440
r-601 26 0.212308 26 0.212308 1 1 1
r-567 37 0.468468 37 0.468468 69032092 50788880 53162733
r-441 17 0.117647 17 0.117647 1 1 1
r-621 33 0.492424 33 0.492424 267174 131365 185268
r-170 20 0.526316 20 0.526316 3648 2340 3436
r-974 49 0.117347 49 0.117347 -1 -1 -1
r-129 10 0.466667 10 0.466667 158 70 137
r-322 30 0.404598 30 0.404598 1439 912 1236
r-150 21 0.466667 21 0.466667 84376 64971 69843
r-223 35 0.420168 35 0.420168 27900 18390 24998
r-339 24 0.463768 24 0.463768 3590 3686 3416
r-300 39 0.188934 39 0.188934 1 1 1
r-834 41 0.443902 41 0.443902 379647406 356193469 300452835
r-774 39 0.437247 39 0.437247 234377398 208869530 188475872
r-886 47 0.492137 47 0.492137 941751389 779532995 680750515
r-986 45 0.377778 45 0.377778 87994 79152 76675
r-905 23 0.498024 23 0.498024 258431 174602 202886
r-913 18 0.470588 18 0.470588 159 168 159
r-495 32 0.508065 32 0.508065 1735562 2032618 1442656
r-49 46 0.347826 46 0.347826 9794 5661 8617
r-538 18 0.522876 18 0.522876 6541 4056 5787
r-692 29 0.487685 29 0.487685 2050083 1317129 1476274
r-938 13 0.282051 13 0.282051 1438 1084 1337
r-475 13 0.538462 13 0.538462 187 143 188
r-687 18 0.20915 18 0.20915 3204 2776 2866
r-874 45 0.49899 45 0.49899 232339098 190700169 163393425
r-217 47 0.408881 47 0.408881 -1 -1 -1
r-659 20 0.336842 20 0.336842 17732 16369 12415
r-790 29 0.192118 29 0.192118 1 1 1
r-319 14 0.263736 14 0.263736 1 1 1
r-199 33 0.117424 33 0.117424 1 1 1
r-604 29 0.512315 29 0.512315 79735 77812 68825
r-249 24 0.518116 24 0.518116 36636 20559 33177
r-287 11 0.509091 11 0.509091 1 1 1
r-346 20 0.189474 20 0.189474 1 1 1
r-225 34 0.336898 34 0.336898 41007982 50385687 35591513
r-755 10 0.533333 10 0.533333 19 21 19
r-777 33 0.265152 33 0.265152 1 1 1
r-40 26 0.212308 26 0.212308 1 1 1
r-205 33 0.477273 33 0.477273 52125 32553 41765
r-273 11 0.509091 11 0.509091 23 26 23
r-925 14 0.43956 14 0.43956 2404 1872 1977
r-934 43 0.245847 43 0.245847 1920374169 3179846095 1637728277
r-930 33 0.409091 33 0.409091 32885406 30710342 26462817
r-839 40 0.296154 40 0.296154 749 1275 694
r-871 48 0.382979 48 0.382979 96765 68964 83203
r-673 49 0.5 49 0.5 632057369 582690204 437085975
r-894 18 0.366013 18 0.366013 1 1 1
r-589 41 0.139024 41 0.139024 1 1 1
r-77 50 0.470204 50 0.470204 -1 -1 -1
r-734 42 0.250871 42 0.250871 49 87 49
r-36 15 0.514286 15 0.514286 1870 2231 1762
r-947 40 0.0974359 40 0.0974359 281149948 66575320 130818597
r-258 27 0.205128 27 0.205128 678457 425232 525656
r-466 28 0.349206 28 0.349206 38 59 38
r-191 28 0.47619 28 0.47619 2567778 2295260 1978700
r-799 20 0.336842 20 0.336842 18426 13346 14171
r-719 45 0.509091 45 0.509091 127571685 152107959 102404057
r-20 29 0.46798 29 0.46798 19165 9970 15268
r-442 21 0.180952 21 0.180952 1 1 1
r-316 13 0.282051 13 0.282051 259 269 239
r-131 15 0.514286 15 0.514286 2424 2552 2385
r-76 23 0.513834 23 0.513834 12287 16874 11045
r-982 31 0.180645 31 0.180645 803760 1147492 656097
r-363 12 0.30303 12 0.30303 1 1 1
r-529 34 0.508021 34 0.508021 12356874 15025995 10442740
r-26 42 0.250871 42 0.250871 286 398 286
r-175 22 0.17316 22 0.17316 1 1 1
r-472 32 0.443548 32 0.443548 12060929 10124326 9332052
r-345 27 0.205128 27 0.205128 391760 406129 326353
r-728 25 0.5 25 0.5 161307 125704 127252
r-487 20 0.521053 20 0.521053 16642 13052 15947
r-479 25 0.52 25 0.52 66135 59856 56482
r-114 11 0.436364 11 0.436364 158 137 157
r-663 32 0.465726 32 0.465726 21636475 16855186 15752829
r-373 43 0.365449 43 0.365449 31741 20957 24835
r-267 46 0.463768 46 0.463768 1409957126 1270826965 1118393217
r-807 50 0.480816 50 0.480816 100541834 78924057 60619294
r-398 18 0.424837 18 0.424837 17679 10644 13317
r-806 33 0.435606 33 0.435606 58935196 52492269 48061714
r-708 10 0.466667 10 0.466667 174 111 158
r-564 29 0.487685 29 0.487685 974355 793661 705743
r-233 13 0.153846 13 0.153846 1 1 1
r-622 38 0.341394 38 0.341394 275715000 271163827 221343206
r-15 10 0.2 10 0.2 1 1 1
r-61 22 0.367965 22 0.367965 29 47 29
r-743 23 0.403162 23 0.403162 317240 247559 247222
r-86 21 0.257143 21 0.257143 1 1 1
r-507 28 0.494709 28 0.494709 2385747 1944568 1842245
r-13 42 0.250871 42 0.250871 69 87 69
r-435 24 0.0833333 24 0.0833333 1 1 1
r-832 35 0.161345 35 0.161345 1 1 1
r-679 31 0.425806 31 0.425806 5310 4399 4433
r-465 36 0.514286 36 0.514286 11258320 7753937 7880445
r-195 32 0.225806 32 0.225806 1 1 1
r-756 26 0.212308 26 0.212308 142797 318481 128796
r-540 27 0.358974 27 0.358974 1169497 2057369 919005
r-22 25 0.153333 25 0.153333 1 1 1
r-958 18 0.366013 18 0.366013 1 1 1
r-356 30 0.514943 30 0.514943 490221 506449 384131
r-38 43 0.365449 43 0.365449 -1 -1 -1
r-753 44 0.5074 44 0.5074 85388173 94468155 65116065
r-581 34 0.508021 34 0.508021 9262745 7194221 6908695
r-120 37 0.315315 37 0.315315 90009974 100329354 71016143
r-994 19 0.491228 19 0.491228 15800 12366 11862
r-126 32 0.120968 32 0.120968 1 1 1
r-247 21 0.257143 21 0.257143 97545 90822 83978
r-892 37 0.315315 37 0.315315 1353 1131 1298
r-304 41 0.497561 41 0.497561 5695904 8087550 4703869
r-543 35 0.208403 35 0.208403 19852967 31250526 17746249
r-257 24 0.463768 24 0.463768 138851 122898 114217
r-866 16 0.4 16 0.4 1158 1050 935
r-530 16 0.458333 16 0.458333 23 35 23
r-447 43 0.33887 43 0.33887 -1 -1 -1
r-723 10 0.533333 10 0.533333 1 1 1
r-616 38 0.512091 38 0.512091 22422071 31726383 17695231
r-705 21 0.180952 21 0.180952 88097 54811 79343
r-876 28 0.518519 28 0.518519 197300 157900 148638
r-157 19 0.526316 19 0.526316 2151 2106 1937
r-521 48 0.382979 48 0.382979 180700 96825 142198
r-341 17 0.529412 17 0.529412 2269 1433 2141
r-160 29 0.295567 29 0.295567 1 1 1
r-776 28 0.0714286 28 0.0714286 1 1 1
r-977 12 0.530303 12 0.530303 154 124 153
r-718 24 0.15942 24 0.15942 65992 20205 59485
r-416 40 0.0974359 40 0.0974359 1 1 1
r-575 46 0.371981 46 0.371981 -1 -1 -1
r-107 38 0.308677 38 0.308677 281 363 281
r-758 24 0.521739 24 0.521739 60528 29279 44292
r-178 42 0.396051 42 0.396051 1441816646 1609279124 1220180709
r-775 26 0.212308 26 0.212308 565844 334771 451795
r-761 27 0.39886 27 0.39886 193 237 193
r-497 17 0.308824 17 0.308824 1 1 1
r-542 40 0.05 40 0.05 1 1 1
r-684 35 0.0571429 35 0.0571429 1 1 1
r-189 36 0.412698 36 0.412698 102605111 95298091 82060554
r-967 17 0.382353 17 0.382353 1 1 1
r-740 12 0.409091 12 0.409091 1 1 1
r-238 19 0.409357 19 0.409357 56861 66197 49126
r-714 37 0.279279 37 0.279279 174138985 199022806 139287686
r-969 25 0.333333 25 0.333333 679305 618900 547485
r-611 44 0.332981 44 0.332981 6708 5024 5331
r-63 43 0.27907 43 0.27907 693 362 649
r-501 49 0.219388 49 0.219388 67 111 67
r-759 42 0.501742 42 0.501742 95472104 98639693 79169930
r-229 29 0.517241 29 0.517241 754495 669782 654201
r-117 35 0.110924 35 0.110924 1 1 1
r-526 21 0.180952 21 0.180952 32208 10893 11946
r-383 11 0.181818 11 0.181818 1 1 1
r-460 49 0.44898 49 0.44898 12820871 7635195 8898951
r-145 31 0.232258 31 0.232258 1 1 1
r-299 33 0.344697 33 0.344697 265 297 262
r-668 40 0.45 40 0.45 1547751 1236275 1148763
r-911 38 0.507824 38 0.507824 17586539 19971484 14903080
r-985 41 0.47561 41 0.47561 125192407 103453710 93833790
r-902 34 0.213904 34 0.213904 27299240 26010113 22782590
r-215 23 0.166008 23 0.166008 1 1 1
r-357 17 0.308824 17 0.308824 7270 9157 5220
r-349 28 0.507937 28 0.507937 1953923 1460612 1552197
r-860 26 0.443077 26 0.443077 2352611 2184060 1807464
r-314 10 0.533333 10 0.533333 115 54 115
r-970 33 0.265152 33 0.265152 1 1 1
r-211 29 0.517241 29 0.517241 666380 449283 546095
r-517 20 0.526316 20 0.526316 8750 5494 7479
r-434 14 0.527473 14 0.527473 333 268 326
r-169 17 0.529412 17 0.529412 3303 2525 2929
r-493 36 0.412698 36 0.412698 75862905 67203269 60245299
r-389 18 0.503268 18 0.503268 8778 5976 7782
r-544 26 0.516923 26 0.516923 123443 68603 87795
r-202 20 0.394737 20 0.394737 1 1 1
r-926 24 0.48913 24 0.48913 256276 149964 179327
r-683 18 0.522876 18 0.522876 1891 1157 1669
r-922 10 0.533333 10 0.533333 31 28 31
r-862 14 0.527473 14 0.527473 2484 2215 2111
r-896 23 0.521739 23 0.521739 22729 23370 20304
r-39 29 0.512315 29 0.512315 472238 812117 405726
r-658 36 0.488889 36 0.488889 336234 292813 239748
r-766 17 0.308824 17 0.308824 1 1 1
r-102 24 0.507246 24 0.507246 25353 15338 21614
r-779 21 0.466667 21 0.466667 90568 68309 68690
r-738 21 0.428571 21 0.428571 51 55 51
r-246 27 0.39886 27 0.39886 275 249 241
r-203 33 0.117424 33 0.117424 2416761 13192846 2038490
r-336 31 0.516129 31 0.516129 1272341 1118861 1031140
r-151 46 0.0850242 46 0.0850242 -1 -1 -1
r-473 25 0.28 25 0.28 554718 713394 462008
r-590 40 0.511538 40 0.511538 15328858 14904988 11806703
r-124 48 0.421986 48 0.421986 -1 -1 -1
r-48 28 0.198413 28 0.198413 1 1 1
r-320 16 0.233333 16 0.233333 5925 2966 5425
r-1 39 0.415655 39 0.415655 45717 25545 38126
r-147 24 0.507246 24 0.507246 22272 15473 18221
r-764 24 0.344203 24 0.344203 38 51 38
r-427 13 0.538462 13 0.538462 735 728 725
r-742 41 0.095122 41 0.095122 1317203163 -1 2543823332
r-381 16 0.525 16 0.525 3103 2359 2724
r-516 32 0.483871 32 0.483871 61317 46195 46422
r-819 40 0.480769 40 0.480769 3008988 1899194 2316940
r-204 31 0.490323 31 0.490323 48303 29555 34050
r-703 12 0.30303 12 0.30303 171 101 162
r-988 39 0.510121 39 0.510121 28713303 33769046 24057952
r-931 49 0.306122 49 0.306122 -1 -1 -1
r-283 13 0.282051 13 0.282051 1 1 1
r-188 13 0.538462 13 0.538462 194 176 188
r-323 39 0.472335 39 0.472335 119626258 101659691 89569788
r-46 30 0.404598 30 0.404598 1094 806 1063
r-470 13 0.282051 13 0.282051 797 1227 731
r-618 39 0.334683 39 0.334683 1034 1108 990
r-25 33 0.503788 33 0.503788 5661233 5221024 4384265
r-667 16 0.525 16 0.525 2285 2153 2192
r-278 21 0.466667 21 0.466667 145 165 145
r-198 42 0.507549 42 0.507549 62072656 46199434 41604511
r-166 22 0.367965 22 0.367965 32 49 32
r-547 29 0.246305 29 0.246305 1 1 1
r-109 48 0.421986 48 0.421986 -1 -1 -1
r-216 30 0.370115 30 0.370115 12649444 13112244 10736403
r-588 47 0.194265 47 0.194265 63 97 63
r-923 14 0.43956 14 0.43956 24 33 24
r-782 48 0.283688 48 0.283688 -1 -1 -1
r-901 42 0.250871 42 0.250871 750617834 1112695715 639218439
r-760 24 0.463768 24 0.463768 186830 125812 142256
r-603 10 0.355556 10 0.355556 56 35 56
r-355 41 0.509756 41 0.509756 14767055 20540028 12118104
r-936 19 0.409357 19 0.409357 59206 56356 46918
r-640 48 0.0416667 48 0.0416667 1 1 1
r-989 10 0.533333 10 0.533333 151 101 151
r-115 41 0.42439 41 0.42439 397685 306132 341328
r-635 20 0.505263 20 0.505263 307 160 304
r-454 39 0.437247 39 0.437247 212024882 225132617 166862819
r-132 18 0.111111 18 0.111111 1 1 1
r-872 36 0.474603 36 0.474603 235940 161884 189223
r-403 30 0.331034 30 0.331034 7497226 6845488 5523353
r-500 19 0.350877 19 0.350877 45362 54774 38645
r-99 23 0.166008 23 0.166008 4914 2031 3741
r-793 21 0.32381 21 0.32381 1 1 1
r-629 16 0.458333 16 0.458333 7927 5834 6258
r-940 24 0.507246 24 0.507246 31157 21168 27079
r-98 30 0.128736 30 0.128736 30935129 11482742 25084787
r-377 29 0.133005 29 0.133005 124477 23461 86204
r-440 37 0.429429 37 0.429429 97134 56687 73678
r-385 44 0.473573 44 0.473573 4702732 4134374 2602305
r-276 26 0.470769 26 0.470769 3531 1881 3213
r-375 21 0.514286 21 0.514286 2950 2111 2779
r-647 47 0.388529 47 0.388529 99777 68830 88134
r-138 38 0.398293 38 0.398293 308291898 303835454 251008452
r-149 12 0.166667 12 0.166667 1 1 1
r-686 47 0.492137 47 0.492137 509685090 400951073 373373284
r-294 40 0.357692 40 0.357692 8463 4987 7436
r-235 47 0.499537 47 0.499537 149547086 207202224 100998006
r-836 46 0.476329 46 0.476329 12496239 9856788 9238222
r-670 38 0.193457 38 0.193457 44034444 42053514 35755135
r-968 34 0.45098 34 0.45098 48624696 53601666 39898780
r-948 39 0.512821 39 0.512821 11107747 14530819 8825505
r-270 27 0.39886 27 0.39886 814 942 740
r-641 10 0.555556 10 0.555556 30 37 30
r-418 42 0.437863 42 0.437863 1261965617 1268611387 1034821206
r-301 14 0.494505 14 0.494505 1 1 1
r-898 38 0.513514 38 0.513514 20468566 22043668 15893560
r-116 21 0.466667 21 0.466667 239 229 236
r-143 22 0.454545 22 0.454545 290 225 285
r-735 43 0.172757 43 0.172757 485359878 985747786 394158816
r-197 50 0.480816 50 0.480816 52994071 57858469 37645925
r-921 14 0.527473 14 0.527473 804 321 782
r-471 34 0.508021 34 0.508021 1281648 1942126 943319
r-179 40 0.328205 40 0.328205 417 374 399
r-690 40 0.466667 40 0.466667 92841454 92278499 69098679
r-268 46 0.507246 46 0.507246 299583313 466783156 231099342
r-293 22 0.484848 22 0.484848 87402 60953 64747
r-437 38 0.490754 38 0.490754 1695285 2400746 1426316
r-633 30 0.0666667 30 0.0666667 1 1 1
r-550 26 0.492308 26 0.492308 8762 8282 7833
r-340 16 0.458333 16 0.458333 23 35 23
r-308 45 0.377778 45 0.377778 34900 17421 26759
r-144 47 0.508788 47 0.508788 357595958 471068935 279547234
r-391 11 0.436364 11 0.436364 196 103 159
r-210 20 0.521053 20 0.521053 21115 25729 18442
r-431 25 0.333333 25 0.333333 32 53 32
r-101 47 0.122109 47 0.122109 1 1 1
r-387 37 0.504505 37 0.504505 7594439 7447320 5633821
r-562 26 0.147692 26 0.147692 143236 128737 115377
r-763 42 0.493612 42 0.493612 242127495 165240213 149306135
r-405 36 0.385714 36 0.385714 6398 4996 5525
r-851 47 0.366327 47 0.366327 -1 -1 -1
r-681 45 0.20202 45 0.20202 2017209788 1814562663 1523147313
r-467 23 0.498024 23 0.498024 5194 2691 4665
r-261 50 0.506939 50 0.506939 184304231 328779228 148911917
r-369 29 0.133005 29 0.133005 1 1 1
r-854 10 0.466667 10 0.466667 168 92 165
r-72 26 0.409231 26 0.409231 1032961 727879 858040
r-135 32 0.225806 32 0.225806 1 1 1
r-93 48 0.283688 48 0.283688 -1 -1 -1
r-69 13 0.461538 13 0.461538 557 408 537
r-787 24 0.391304 24 0.391304 582157 507820 431231
r-944 50 0.489796 50 0.489796 101229953 98677060 70541057
r-796 37 0.513514 37 0.513514 15715339 16652561 11343412
r-754 32 0.314516 32 0.314516 22762864 37192202 19734533
r-613 16 0.4 16 0.4 1 1 1
r-343 13 0.282051 13 0.282051 1 1 1
r-676 47 0.471785 47 0.471785 1161636861 1168653834 894154412
r-736 50 0.372245 50 0.372245 -1 -1 -1
r-935 18 0.522876 18 0.522876 934 630 869
r-504 49 0.331633 49 0.331633 -1 -1 -1
r-380 39 0.188934 39 0.188934 1 1 1
r-148 43 0.504983 43 0.504983 125693155 158619423 100486668
r-430 44 0.332981 44 0.332981 -1 -1 -1
r-957 16 0.5 16 0.5 122 141 122
r-463 40 0.357692 40 0.357692 1912 1689 1827
r-877 14 0.43956 14 0.43956 3245 3935 2711
r-469 40 0.45 40 0.45 443606032 412058947 372408228
r-984 22 0.0909091 22 0.0909091 1 1 1
r-691 18 0.424837 18 0.424837 45 46 45
r-980 34 0.486631 34 0.486631 559247 336884 401104
r-262 26 0.492308 26 0.492308 20795 11167 17963
r-993 40 0.480769 40 0.480769 3373788 3838153 2705853
r-303 14 0.142857 14 0.142857 1 1 1
r-485 50 0.497143 50 0.497143 -1 1407697624 908286694
r-520 39 0.334683 39 0.334683 2080 1554 2009
r-794 26 0.52 26 0.52 194266 170307 162707
r-492 28 0.0714286 28 0.0714286 1 1 1
r-277 25 0.28 25 0.28 564220 418140 407978
r-721 31 0.36129 31 0.36129 346 316 345
r-828 43 0.172757 43 0.172757 692353447 1259209878 619431313
r-92 22 0.246753 22 0.246753 1 1 1
r-59 45 0.268687 45 0.268687 -1 -1 -1
r-134 31 0.180645 31 0.180645 1 1 1
r-250 15 0.533333 15 0.533333 862 630 789
r-2 34 0.336898 34 0.336898 359 317 342
r-945 31 0.451613 31 0.451613 12797034 13424582 10488668
r-814 44 0.241015 44 0.241015 64 101 64
r-119 35 0.494118 35 0.494118 15802694 13222985 10940270
r-999 23 0.166008 23 0.166008 3884 2097 3456
r-239 30 0.45977 30 0.45977 5339927 5875928 4355540
r-592 45 0.505051 45 0.505051 58320129 75138582 43593541
r-744 24 0.507246 24 0.507246 240639 189796 201907
r-697 20 0.478947 20 0.478947 32007 20170 25648
r-643 25 0.48 25 0.48 1510 2315 1208
r-325 11 0.436364 11 0.436364 1 1 1
r-18 19 0.491228 19 0.491228 12008 8919 9822
r-702 21 0.32381 21 0.32381 34022 39997 24266
r-908 33 0.458333 33 0.458333 23058949 25094868 18483879
r-605 12 0.484848 12 0.484848 1 1 1
r-397 48 0.31117 48 0.31117 4368 6115 4077
r-219 38 0.102418 38 0.102418 6813999 2161219 5126984
r-14 41 0.47561 41 0.47561 130052010 105827281 97440409
r-519 32 0.352823 32 0.352823 1422 1180 1284
r-274 37 0.504505 37 0.504505 4684773 4890300 3603647
r-154 17 0.117647 17 0.117647 1 1 1
r-56 43 0.511628 43 0.511628 64421980 114727817 52666898
r-71 27 0.31339 27 0.31339 580520 1099174 528302
r-995 48 0.43883 48 0.43883 5095531 2316106 3563403
r-449 38 0.443812 38 0.443812 276070305 235137598 219661621
r-456 13 0.461538 13 0.461538 1738 1511 1671
r-106 40 0.492308 40 0.492308 1983622 2259088 1550917
r-915 20 0.336842 20 0.336842 27 43 27
r-843 26 0.147692 26 0.147692 36528 40078 30123
r-552 39 0.099865 39 0.099865 1 1 1
r-847 36 0.203175 36 0.203175 1 1 1
r-827 30 0.434483 30 0.434483 1180 1055 1116
r-765 28 0.198413 28 0.198413 424264 319873 318003
r-133 40 0.492308 40 0.492308 70070132 63186836 52418889
r-259 49 0.219388 49 0.219388 288 421 288
r-284 27 0.461538 27 0.461538 3756 3421 3508
r-698 45 0.327273 45 0.327273 -1 -1 -1
r-70 28 0.42328 28 0.42328 1656331 1234685 1274891
r-486 29 0.339901 29 0.339901 3097906 4299080 2550132
r-352 47 0.388529 47 0.388529 -1 -1 -1
r-699 44 0.443975 44 0.443975 1289607 936510 963157
r-489 15 0.342857 15 0.342857 1 1 1
r-4 27 0.0740741 27 0.0740741 1 1 1
r-218 12 0.409091 12 0.409091 340 133 343
r-464 25 0.513333 25 0.513333 9807 7396 8349
r-556 16 0.233333 16 0.233333 917 955 785
r-488 38 0.371266 38 0.371266 435141670 467738243 359968110
r-491 46 0.43285 46 0.43285 709015 934743 618663
r-288 41 0.095122 41 0.095122 1 1 1
r-598 29 0.487685 29 0.487685 3481440 2659048 2655077
r-770 28 0.515873 28 0.515873 200078 192612 165680
r-644 19 0.409357 19 0.409357 1 1 1
r-578 27 0.358974 27 0.358974 34 57 34
r-206 15 0.247619 15 0.247619 662 721 554
r-324 36 0.5 36 0.5 757867 383197 517507
r-731 27 0.262108 27 0.262108 1 1 1
r-675 27 0.262108 27 0.262108 1 1 1
r-568 44 0.502114 44 0.502114 218566160 405344110 184620854
r-453 39 0.415655 39 0.415655 95747 74917 71817
r-378 28 0.137566 28 0.137566 132620 317440 120019
r-895 44 0.359408 44 0.359408 60340 25957 48606
r-570 42 0.214866 42 0.214866 49 87 49
r-358 16 0.458333 16 0.458333 1 1 1
r-959 18 0.20915 18 0.20915 1 1 1
r-354 28 0.515873 28 0.515873 245319 335675 213841
r-47 23 0.498024 23 0.498024 4902 1910 3988
r-16 12 0.166667 12 0.166667 1 1 1
r-725 17 0.220588 17 0.220588 3904 6723 3284
r-607 45 0.490909 45 0.490909 380430380 320273303 273465177
r-333 42 0.493612 42 0.493612 154038712 158806590 107407031
r-932 33 0.477273 33 0.477273 11806164 11812426 8972664
r-704 42 0.437863 42 0.437863 1144330960 1304325697 956800781
r-201 24 0.289855 24 0.289855 1 1 1
r-867 44 0.332981 44 0.332981 -1 -1 -1
r-978 22 0.484848 22 0.484848 47150 28618 35801
r-597 25 0.28 25 0.28 1 1 1
r-737 24 0.431159 24 0.431159 179 270 179
r-885 40 0.507692 40 0.507692 54497459 52559232 39885222
r-924 11 0.545455 11 0.545455 256 182 263
r-271 44 0.332981 44 0.332981 15477 6424 13368
r-180 39 0.48583 39 0.48583 72785043 64294873 54445237
r-130 26 0.147692 26 0.147692 26950 18195 14776
r-8 10 0.2 10 0.2 1 1 1
r-596 41 0.487805 41 0.487805 1839029 1307178 1327977
r-243 11 0.436364 11 0.436364 1 1 1
r-811 18 0.470588 18 0.470588 225 163 223
r-321 11 0.327273 11 0.327273 1 1 1
r-60 49 0.505102 49 0.505102 172107406 170351167 131561196
r-726 10 0.466667 10 0.466667 26 25 26
r-313 25 0.52 25 0.52 146562 152023 126403
r-476 32 0.175403 32 0.175403 1 1 1
r-413 45 0.20202 45 0.20202 1 1 1
r-786 18 0.294118 18 0.294118 1 1 1
r-222 19 0.105263 19 0.105263 1 1 1
r-113 28 0.494709 28 0.494709 1910126 1817001 1485040
r-105 40 0.430769 40 0.430769 693543589 820211917 573853285
r-962 15 0.342857 15 0.342857 1214 1187 1097
r-65 34 0.513369 34 0.513369 6191565 8745515 4560517
r-275 46 0.476329 46 0.476329 1258745907 798346775 889436144
r-390 48 0.403369 48 0.403369 -1 -1 -1
r-182 32 0.225806 32 0.225806 5952296 8916508 5315685
r-244 49 0.493197 49 0.493197 227456954 90618757 170892683
r-445 43 0.48948 43 0.48948 189771581 205169921 137044485
r-996 39 0.22942 39 0.22942 513132574 818975818 454026168
r-961 38 0.490754 38 0.490754 1212628 715499 818787
r-608 22 0.311688 22 0.311688 217990 157591 183149
r-657 41 0.512195 41 0.512195 17264736 20167269 13153442
r-837 35 0.510924 35 0.510924 7883238 8790031 6736821
r-815 16 0.525 16 0.525 2818 2850 2740
r-534 16 0.533333 16 0.533333 99 170 95
