instance n1 density1 n2 density2 mcsplit mcsplit+f mcsplit+bigf
r-235 23 0.0592885 23 0.0592885 178963 43271879 321686
r-601 15 0.0190476 15 0.0190476 114 109 115
r-963 38 0.253201 38 0.253201 -1 -1 -1
r-153 25 0.57 25 0.57 6271846 6941958 5524378
r-394 32 0.191532 32 0.191532 118572794 124771699 97339347
r-716 31 0.346237 31 0.346237 156568067 162519609 140491974
r-126 38 0.709815 38 0.709815 2459608703 3595966710 2268245076
r-163 38 0.960171 38 0.960171 822375 8956238 788265
r-412 31 0.903226 31 0.903226 5083776 7708452 4130907
r-491 25 0.66 25 0.66 5860449 6616181 5205641
r-77 15 0.333333 15 0.333333 11010 10418 8703
r-318 24 0.663043 24 0.663043 2520212 2920267 2171717
r-714 33 0.916667 33 0.916667 30239294 60761770 26123700
r-812 21 0.971429 21 0.971429 184 1282 185
r-56 15 0.590476 15 0.590476 10826 14218 9616
r-244 31 0.724731 31 0.724731 106219242 128411323 96816573
r-204 29 0.12069 29 0.12069 2600153 4228267 2551005
r-877 23 0.533597 23 0.533597 3417363 2773051 3150853
r-811 38 0.675676 38 0.675676 2466847327 3264845696 2256004928
r-898 35 0.909244 35 0.909244 7228154 16690456 5805092
r-416 20 0.105263 20 0.105263 1874 1534 1465
r-712 30 0.855172 30 0.855172 13858320 19075263 12187381
r-730 26 0.418462 26 0.418462 8256570 8592970 7307387
r-193 19 0.865497 19 0.865497 8124 18476 9290
r-187 19 0.0409357 19 0.0409357 1647305288 102587378 1608835338
r-171 30 0.308046 30 0.308046 66862003 83968166 63741273
r-830 15 0.780952 15 0.780952 3791 7772 3605
r-697 39 0.681511 39 0.681511 -1 -1 -1
r-571 30 0.577011 30 0.577011 81127619 109498095 73029330
r-570 21 0.0285714 21 0.0285714 170 161 173
r-174 29 0.472906 29 0.472906 60750105 61518777 55119113
r-48 31 0.387097 31 0.387097 152519321 180942483 141739254
r-597 19 0.140351 19 0.140351 4495 7282 4315
r-816 30 0.666667 30 0.666667 54490388 69439903 51061543
r-405 28 0.21164 28 0.21164 11133642 10923741 10103649
r-317 29 0.438424 29 0.438424 57496962 61432701 51536168
r-606 16 0.483333 16 0.483333 32233 35356 29050
r-146 29 0.667488 29 0.667488 75179157 84222389 69291942
r-472 27 0.982906 27 0.982906 276 276 278
r-289 28 0.0925926 28 0.0925926 855688 831709 590528
r-608 34 0.185383 34 0.185383 198352243 297047057 188451879
r-657 28 0.814815 28 0.814815 10953697 21433281 10403051
r-796 36 0.184127 36 0.184127 793340102 1312991064 725034864
r-685 30 0.475862 30 0.475862 76353437 94614322 70198218
r-841 21 0.147619 21 0.147619 14279 15622 14214
r-619 36 0.0238095 36 0.0238095 10289 -1 2800
r-721 35 0.757983 35 0.757983 652998038 805415324 569677776
r-849 25 0.786667 25 0.786667 922997 1334094 844800
r-242 28 0.753968 28 0.753968 11699722 13421605 10184316
r-33 25 0.143333 25 0.143333 756999 930306 670646
r-324 18 0.0588235 18 0.0588235 743 659 741
r-539 38 0.702703 38 0.702703 -1 -1 3126964224
r-585 29 0.221675 29 0.221675 21007241 24113471 19228433
r-888 34 0.112299 34 0.112299 25819666 33485632 21774700
r-421 22 0.320346 22 0.320346 1110397 1462043 964994
r-383 25 0.323333 25 0.323333 3284683 4792601 2806554
r-683 30 0.42069 30 0.42069 56482504 59967277 49592492
r-837 15 0.0666667 15 0.0666667 80 68 80
r-50 38 0.224751 38 0.224751 2634366835 3176091712 2397847011
r-371 36 0.977778 36 0.977778 -1 -1 -1
r-552 34 0.953654 34 0.953654 2085814 355039431 759793
r-143 18 0.0718954 18 0.0718954 592 1769 566
r-298 34 0.233512 34 0.233512 190349601 301281390 175540244
r-713 31 0.260215 31 0.260215 84106667 85309461 72008168
r-224 29 0.773399 29 0.773399 21927076 28205842 19311629
r-154 25 0.576667 25 0.576667 4619101 5920801 4074573
r-784 28 0.492063 28 0.492063 31413914 30714801 28372251
r-701 17 0.992647 17 0.992647 156 156 156
r-885 24 0.177536 24 0.177536 356368 414339 348229
r-840 19 0.561404 19 0.561404 160852 195823 143601
r-551 27 0.911681 27 0.911681 120743 126745 116573
r-14 25 0.0266667 25 0.0266667 202 199 204
r-476 27 0.606838 27 0.606838 17755235 21516441 16359177
r-729 16 0.05 16 0.05 605 241 606
r-268 39 0.395412 39 0.395412 -1 -1 -1
r-18 30 0.632184 30 0.632184 92118519 107138631 82988869
r-320 26 0.886154 26 0.886154 298937 396649 283125
r-864 18 0.346405 18 0.346405 67435 76065 57081
r-638 25 0.553333 25 0.553333 8636247 8465107 7784025
r-422 16 0.0416667 16 0.0416667 100 100 100
r-251 32 0.383065 32 0.383065 202778716 257130509 188465293
r-338 33 0.172348 33 0.172348 35344677 85924715 34094928
r-417 32 0.4375 32 0.4375 256338311 262964854 231828751
r-17 38 0.654339 38 0.654339 -1 -1 3160891814
r-272 37 0.978979 37 0.978979 41760 7073 38755
r-84 18 0.130719 18 0.130719 9416 7416 2930
r-213 21 0.566667 21 0.566667 419474 526079 367093
r-774 27 0.868946 27 0.868946 1512345 2158921 1445565
r-580 37 0.127628 37 0.127628 741002391 1192645310 678593370
r-567 21 0.542857 21 0.542857 631161 758123 553505
r-642 21 0 21 0 253 253 253
r-330 34 0.308378 34 0.308378 544683157 701981486 505397261
r-584 35 0.986555 35 0.986555 458 458 458
r-308 39 0.446694 39 0.446694 -1 -1 -1
r-773 35 0.226891 35 0.226891 418998258 631438851 369277836
r-978 34 0.925134 34 0.925134 7734984 19037934 7048852
r-537 23 0.118577 23 0.118577 66164 59108 60498
r-307 40 0.80641 40 0.80641 -1 -1 -1
r-879 15 0.704762 15 0.704762 7990 8742 7390
r-581 25 0.876667 25 0.876667 119570 134673 109783
r-40 28 0.830688 28 0.830688 6177379 8970455 5682506
r-781 15 0.133333 15 0.133333 2387 1348 2158
r-220 19 0.280702 19 0.280702 117194 126061 112354
r-132 26 0.975385 26 0.975385 234 222 238
r-980 38 0.0981508 38 0.0981508 48955968 103476292 40044740
r-444 20 0.347368 20 0.347368 250590 279940 221604
r-699 31 0.619355 31 0.619355 141374707 154052371 127554140
r-503 17 0.654412 17 0.654412 23053 21918 16902
r-568 31 0.425806 31 0.425806 118462901 136250136 105134103
r-485 22 0.199134 22 0.199134 180421 274508 176880
r-294 27 0.552707 27 0.552707 18301479 18094911 16134382
r-180 40 0.279487 40 0.279487 -1 -1 -1
r-4 39 0.668016 39 0.668016 -1 -1 -1
r-575 30 0.567816 30 0.567816 84211533 63397962 76270376
r-659 38 0.810811 38 0.810811 -1 -1 3735806709
r-31 20 0.821053 20 0.821053 28563 50408 25555
r-246 34 0.188948 34 0.188948 209616640 258328441 191242812
r-797 20 0.910526 20 0.910526 21434 22184 18449
r-465 35 0.163025 35 0.163025 360897386 529496982 332298219
r-353 37 0.698198 37 0.698198 2234481810 3126826590 2062628722
r-989 27 0.17094 27 0.17094 2389203 3097309 2210158
r-236 18 0.163399 18 0.163399 2076 2344 1871
r-388 35 0.65042 35 0.65042 1132262765 1044995534 988027438
r-408 17 0.875 17 0.875 3987 3155 4121
r-438 26 0.369231 26 0.369231 13782597 16420355 13089774
r-572 22 0.571429 22 0.571429 763764 897028 660170
r-621 17 0.0294118 17 0.0294118 1779 1136344834 1784
r-499 22 0.238095 22 0.238095 398009 518844 373589
r-280 39 0.282051 39 0.282051 -1 -1 -1
r-858 16 0.616667 16 0.616667 25593 29762 22192
r-290 37 0.0015015 37 0.0015015 706 706 706
r-498 33 0.560606 33 0.560606 385723380 413611202 352166976
r-975 29 0.285714 29 0.285714 12841731 20109202 11227051
r-509 29 0.630542 29 0.630542 47699879 55575106 43541152
r-382 16 0.2 16 0.2 16710 7836 14449
r-556 28 0.380952 28 0.380952 22299332 24517478 19580155
r-960 19 0.532164 19 0.532164 145515 167992 132713
r-994 22 0.619048 22 0.619048 779920 857141 671683
r-287 27 0.282051 27 0.282051 10409557 12738996 9598695
r-252 26 0.4 26 0.4 6108374 9313201 5509970
r-374 40 0.888462 40 0.888462 1063723206 1571294058 906698434
r-891 36 0.9 36 0.9 52894157 106361547 48203788
r-346 33 0.994318 33 0.994318 506 584 507
r-974 33 0.412879 33 0.412879 501041493 544281142 460752729
r-997 22 0.831169 22 0.831169 79974 107356 75486
r-723 34 0.955437 34 0.955437 375594 399016683 7451620
r-691 31 0.709677 31 0.709677 73090397 82405682 63734298
r-45 22 0.766234 22 0.766234 348467 420022 319535
r-303 38 0.766714 38 0.766714 -1 -1 3616653527
r-970 16 0.183333 16 0.183333 3399 3494 3070
r-160 38 0.715505 38 0.715505 -1 -1 -1
r-471 37 0.978979 37 0.978979 -1 -1 -1
r-247 34 0.843137 34 0.843137 83199138 135801359 78594492
r-397 38 0.123755 38 0.123755 808790456 1331176009 702036701
r-20 38 0.682788 38 0.682788 -1 -1 3144076215
r-425 21 0.204762 21 0.204762 153626 193726 139943
r-117 18 0.464052 18 0.464052 71759 58291 60210
r-201 16 0.141667 16 0.141667 3847 4063 3787
r-945 35 0.890756 35 0.890756 86604289 234695440 71877819
r-387 24 0.833333 24 0.833333 343053 509601 307775
r-770 27 0.77208 27 0.77208 7207189 9381665 6524825
r-350 39 0.684211 39 0.684211 -1 -1 -1
r-798 40 0.989744 40 0.989744 529267 -1 473660
r-583 31 0.883871 31 0.883871 9536947 4458654 8254484
r-802 37 0.678679 37 0.678679 2781396263 3253243790 2594464809
r-315 17 0.0147059 17 0.0147059 143 143 143
r-727 40 0.4 40 0.4 -1 -1 -1
r-848 28 0.671958 28 0.671958 28269236 31541475 24560283
r-188 34 0.522282 34 0.522282 407337831 364062248 374517534
r-447 15 0.714286 15 0.714286 6449 5033 5123
r-39 31 0.931183 31 0.931183 370457 325432 282029
r-538 20 0.284211 20 0.284211 225002 317885 193867
r-423 29 0.741379 29 0.741379 30895850 39061720 29065920
r-629 18 0.169935 18 0.169935 13826 8531 10915
r-112 17 0.610294 17 0.610294 35633 38331 31309
r-178 25 0.793333 25 0.793333 1644570 1411255 1402481
r-32 18 0.0326797 18 0.0326797 1617713059 611 1617713060
r-542 24 0.728261 24 0.728261 1429728 1956724 1344852
r-351 35 0.0487395 35 0.0487395 1629207773 231573808 346491633
r-342 39 0.916329 39 0.916329 50412564 115530369 38954970
r-52 21 0.761905 21 0.761905 128895 134632 117197
r-415 19 0.988304 19 0.988304 178 178 178
r-670 31 0.152688 31 0.152688 6094508 12291035 5335285
r-226 17 0.536765 17 0.536765 64957 84248 59116
r-234 20 0.268421 20 0.268421 104233 108789 88424
r-367 34 0.638146 34 0.638146 677686468 700715447 602424473
r-218 33 0.0397727 33 0.0397727 3907091 -1 3815013
r-325 15 1 15 1 136 136 136
r-710 21 0.3 21 0.3 230416 293706 194297
r-514 35 0.216807 35 0.216807 307614318 219659025 271240936
r-75 31 0.212903 31 0.212903 70125121 113516417 63020729
r-708 18 0.633987 18 0.633987 86775 96262 73401
r-630 38 0.877667 38 0.877667 735079991 1050165547 629613618
r-264 16 0.625 16 0.625 24482 30228 21916
r-598 32 0.332661 32 0.332661 244978244 285684341 223600881
r-452 39 0.0458839 39 0.0458839 7663890 17304191 5795960
r-474 32 0.294355 32 0.294355 203812738 222935378 183946813
r-115 24 0.673913 24 0.673913 1776133 2453741 1498194
r-595 38 0.29303 38 0.29303 -1 -1 -1
r-129 24 0.300725 24 0.300725 2390608 2507787 1966395
r-199 23 0.687747 23 0.687747 1124342 1295200 1009455
r-520 40 0.203846 40 0.203846 -1 -1 -1
r-779 24 0.771739 24 0.771739 1568784 2163392 1415808
r-241 24 0.503623 24 0.503623 3128025 3076445 2757706
r-896 23 0.853755 23 0.853755 100259 116746 91741
r-468 38 0.0256046 38 0.0256046 114771670 -1 -1
r-743 20 0.205263 20 0.205263 64827 89381 59689
r-376 40 0.385897 40 0.385897 -1 -1 -1
r-15 23 0.837945 23 0.837945 58018 67023 44339
r-309 18 0.980392 18 0.980392 146 194 147
r-332 23 0.833992 23 0.833992 402817 287604 336503
r-646 26 0.227692 26 0.227692 2151751 3400020 1888630
r-321 16 0.991667 16 0.991667 139 139 139
r-142 33 0.543561 33 0.543561 331306957 356816783 298208690
r-118 36 0.4 36 0.4 1307899949 1418252907 1194263764
r-769 31 0.993548 31 0.993548 446 446 446
r-181 37 0.00900901 37 0.00900901 -1 -1 -1
r-821 25 0.323333 25 0.323333 9515889 12189544 9053117
r-842 21 0.72381 21 0.72381 263435 320397 244876
r-941 39 0.222672 39 0.222672 -1 -1 3382405527
r-711 28 0.0529101 28 0.0529101 523835 457675 411654
r-893 15 0.828571 15 0.828571 631 604 586
r-950 23 0.486166 23 0.486166 1665739 1563330 1442992
r-240 31 0.944086 31 0.944086 3702726 154820 1820539
r-354 15 0.257143 15 0.257143 4739 4371 4431
r-844 27 0.592593 27 0.592593 17641542 14496248 16165949
r-517 36 0.204762 36 0.204762 1422763046 1451589507 1214568505
r-640 31 0.972043 31 0.972043 1264 4075 1258
r-545 22 0.0692641 22 0.0692641 2737753523 403658521 1757682901
r-623 18 0.372549 18 0.372549 139921 102134 126443
r-185 17 0.882353 17 0.882353 3173 3236 3096
r-59 31 0.365591 31 0.365591 139983626 157479514 127328616
r-41 40 0.347436 40 0.347436 -1 -1 -1
r-390 35 0.00336134 35 0.00336134 604 599 605
r-76 30 0 30 0 496 496 496
r-903 30 0.809195 30 0.809195 37252652 45951849 33158966
r-53 21 0.342857 21 0.342857 492223 565102 435733
r-216 34 0.948307 34 0.948307 669299 728225080 767143
r-231 18 0.993464 18 0.993464 174 174 174
r-356 40 0.79359 40 0.79359 -1 -1 -1
r-938 25 0.263333 25 0.263333 2769827 3257392 2560589
r-406 17 0.588235 17 0.588235 45397 47345 36842
r-443 25 0.403333 25 0.403333 6204852 5731442 5651665
r-192 25 0.356667 25 0.356667 6563173 7739402 6056772
r-616 24 0.210145 24 0.210145 1175730 1480869 1093536
r-625 35 0.490756 35 0.490756 1097680165 1089560785 997291511
r-944 30 0.618391 30 0.618391 98543354 112247220 91341172
r-856 37 0.876877 37 0.876877 201919995 192925007 181235074
r-586 39 0.45614 39 0.45614 -1 -1 -1
r-757 35 0.946218 35 0.946218 2891495 9168743 1905592
r-326 16 0.816667 16 0.816667 2569 2801 2058
r-823 33 0.996212 33 0.996212 537 532 538
r-973 20 0.926316 20 0.926316 837 65668 816
r-902 37 0.0690691 37 0.0690691 2784689 6750540 2504180
r-101 25 0.806667 25 0.806667 947555 1564955 855913
r-959 37 0.0525526 37 0.0525526 -1 -1 -1
r-67 38 0.829303 38 0.829303 2771777558 3522151237 2493500801
r-133 31 0.593548 31 0.593548 145930193 158046653 131307840
r-674 39 0.489879 39 0.489879 -1 -1 -1
r-831 27 0.509972 27 0.509972 14945395 17507330 13422381
r-835 32 0.395161 32 0.395161 298423148 320032540 262966755
r-270 39 0.483131 39 0.483131 -1 -1 -1
r-782 40 0.924359 40 0.924359 96474916 164020178 84330466
r-573 15 0.447619 15 0.447619 10927 9936 9328
r-393 20 0.668421 20 0.668421 188421 161330 165679
r-74 31 0.748387 31 0.748387 71869743 68380352 63872131
r-661 36 0.85873 36 0.85873 258084418 366333051 225616176
r-323 18 0.555556 18 0.555556 63470 68875 56136
r-505 37 0.286787 37 0.286787 2099563382 2595537878 1943473766
r-72 16 0.2 16 0.2 4230 4614 4070
r-995 33 0.342803 33 0.342803 200175430 276058953 181108255
r-109 30 0.485057 30 0.485057 62913054 49195312 56042150
r-663 16 0.0833333 16 0.0833333 246 560 250
r-834 33 0.969697 33 0.969697 -1 -1 -1
r-91 21 0.933333 21 0.933333 6770 74553 349568
r-785 34 0.379679 34 0.379679 514178838 615612439 471982538
r-98 16 0.791667 16 0.791667 6396 11523 4773
r-82 40 0.961538 40 0.961538 114780 14772981038 260742
r-496 27 0.319088 27 0.319088 17505689 19169726 15586172
r-502 38 0.778094 38 0.778094 3562883978 3149741299 3222619638
r-22 21 0.609524 21 0.609524 388053 447272 343688
r-836 40 0.188462 40 0.188462 -1 -1 -1
r-979 36 0.0412698 36 0.0412698 -1 -1 -1
r-85 40 0.0948718 40 0.0948718 1401269704 2396579423 1184268565
r-992 27 0.102564 27 0.102564 265082 280906 244338
r-675 33 0.700758 33 0.700758 315814493 367250776 285449223
r-71 23 0.893281 23 0.893281 80851 64833 63799
r-981 19 0.596491 19 0.596491 142763 155900 122641
r-458 31 0.494624 31 0.494624 163074512 157718709 148441189
r-319 27 0.039886 27 0.039886 720028 -1 12168908149
r-900 35 0.37479 35 0.37479 1015227868 1146729323 938500022
r-30 33 0.676136 33 0.676136 244865951 305130051 212491440
r-772 30 0.986207 30 0.986207 345 351 347
r-12 35 0.0285714 35 0.0285714 -1 -1 -1
r-874 24 0.286232 24 0.286232 2056588 2786836 1894259
r-673 21 0.652381 21 0.652381 394334 401431 313107
r-925 35 0.142857 35 0.142857 286732364 550519600 262892240
r-771 27 0.310541 27 0.310541 15465902 9597980 14189662
r-998 16 0.55 16 0.55 17800 18856 14985
r-399 38 0.217639 38 0.217639 2637826440 2881240566 2320007848
r-263 34 0.87344 34 0.87344 23498490 38943837 21224538
r-731 29 0.283251 29 0.283251 22079875 30722035 18949819
r-36 21 0.77619 21 0.77619 211527 208027 170898
r-400 16 0.866667 16 0.866667 617 1035 565
r-179 30 0.0942529 30 0.0942529 376103 1192057 303235
r-826 28 0.441799 28 0.441799 34066770 38942330 30960107
r-210 19 0.292398 19 0.292398 101020 94700 88306
r-413 34 0.367201 34 0.367201 563264105 652998107 519445696
r-654 18 0.849673 18 0.849673 4145 5823 3974
r-136 19 0.643275 19 0.643275 200301 219660 176715
r-982 19 0.502924 19 0.502924 276751 198754 248578
r-948 40 0.833333 40 0.833333 -1 -1 -1
r-99 29 0.0738916 29 0.0738916 463444 1361391 328741
r-560 18 0.72549 18 0.72549 50708 65804 46033
r-127 21 0.509524 21 0.509524 594883 643878 508957
r-482 31 0.825806 31 0.825806 31983368 36736457 29655913
r-375 33 0.943182 33 0.943182 7047419 224700861 8811069
r-402 17 0.345588 17 0.345588 33060 48582 26582
r-420 37 0.935435 37 0.935435 21523031 31535650 16156769
r-741 20 0.268421 20 0.268421 92702 85613 82152
r-644 34 0.529412 34 0.529412 741870085 773037176 680367329
r-295 31 0.249462 31 0.249462 48602302 58476663 43711278
r-554 21 0.414286 21 0.414286 626705 408127 538544
r-949 20 0.589474 20 0.589474 547918 657039 486850
r-801 40 0.211538 40 0.211538 -1 -1 -1
r-726 29 0.945813 29 0.945813 39671319 334572 42828416
r-13 27 0 27 0 406 406 406
r-734 15 0.92381 15 0.92381 43975 378855 49418
r-456 29 0.305419 29 0.305419 31385101 36999622 27693352
r-693 37 0.725225 37 0.725225 -1 -1 -1
r-794 18 0.156863 18 0.156863 3916 4094 3858
r-228 24 0.0942029 24 0.0942029 10397 13003 8267
r-930 23 0.442688 23 0.442688 1664752 1748484 1466301
r-377 37 0.265766 37 0.265766 3558853555 3574051962 3110176543
r-336 32 0.375 32 0.375 194573060 230882955 169043913
r-459 40 0.739744 40 0.739744 -1 -1 -1
r-829 15 0.52381 15 0.52381 20582 21450 18634
r-328 32 0.469758 32 0.469758 230276574 260277373 212062032
r-590 39 0.345479 39 0.345479 -1 -1 -1
r-679 27 0.492877 27 0.492877 10219146 9375210 8887919
r-265 35 0.0857143 35 0.0857143 13647224 13336931 11281865
r-555 24 0.199275 24 0.199275 1147866 1699608 1092000
r-561 29 0.381773 29 0.381773 43334782 48155155 38232535
r-627 28 0.907407 28 0.907407 296056 516622 271306
r-63 33 0.291667 33 0.291667 265609610 323239316 242196803
r-762 34 0.736185 34 0.736185 263335868 393071023 225009394
r-605 16 0.2 16 0.2 4520 4999 4136
r-166 19 0.736842 19 0.736842 52738 50262 46407
r-736 39 0.712551 39 0.712551 -1 -1 -1
r-722 40 0.382051 40 0.382051 -1 -1 -1
r-190 24 0.402174 24 0.402174 4300612 4335348 3866826
r-358 22 0.675325 22 0.675325 720586 872990 627741
r-411 18 0.888889 18 0.888889 4721 4756 4497
r-991 15 0.047619 15 0.047619 26852548 977 26852550
r-889 31 0.980645 31 0.980645 426 1014 427
r-895 17 0.735294 17 0.735294 21639 17578 19347
r-958 31 0.249462 31 0.249462 57379796 64392903 50601206
r-392 36 0.379365 36 0.379365 1043910153 981381321 922021940
r-169 38 0.00142248 38 0.00142248 744 744 744
r-97 38 0.0128023 38 0.0128023 574 635 579
r-543 34 0.755793 34 0.755793 395557950 375780050 352382340
r-704 22 0.272727 22 0.272727 291681 465067 243878
r-536 19 0.450292 19 0.450292 329858 338555 292870
r-211 19 0.701754 19 0.701754 86533 93100 80673
r-94 29 0.985222 29 0.985222 12137118 -1 -1
r-972 28 0.714286 28 0.714286 31103865 29733406 27856015
r-83 28 0.037037 28 0.037037 2581367 -1 -1
r-259 31 0.584946 31 0.584946 165868102 166280329 153108745
r-519 24 0.0507246 24 0.0507246 5117 504771 5688
r-208 34 0.110517 34 0.110517 37448956 63775439 33654647
r-466 39 0.696356 39 0.696356 -1 -1 -1
r-577 17 0.117647 17 0.117647 2264 22346 2123
r-740 15 0.0190476 15 0.0190476 114 109 115
r-248 36 0.312698 36 0.312698 1335342067 1366688880 1138310507
r-814 35 0.258824 35 0.258824 688130790 604123208 581020727
r-310 27 0.854701 27 0.854701 2092276 3290561 1988176
r-620 16 0.333333 16 0.333333 29007 36486 27459
r-26 18 0.947712 18 0.947712 15792 197 15798
r-403 18 0.647059 18 0.647059 58943 70368 52281
r-655 39 0.556005 39 0.556005 -1 -1 -1
r-724 35 0.37479 35 0.37479 1151149765 1244917712 1043590192
r-557 28 0.677249 28 0.677249 24013403 27124852 22213743
r-284 38 0.210526 38 0.210526 3871164791 -1 3554213703
r-65 20 0.347368 20 0.347368 202244 262212 154768
r-510 20 0.805263 20 0.805263 74414 81654 66805
r-288 38 0.322902 38 0.322902 -1 -1 3027851916
r-176 30 0.457471 30 0.457471 78738243 97061079 71013357
r-589 21 0.933333 21 0.933333 4375976 152762 3774269
r-954 35 0.684034 35 0.684034 978757287 1040101797 878044114
r-138 28 0.994709 28 0.994709 385 385 385
r-451 18 0.130719 18 0.130719 1590 2918 1698
r-361 34 0.101604 34 0.101604 14267105 12970207 11489353
r-593 39 0.703104 39 0.703104 -1 -1 -1
r-933 35 0.583193 35 0.583193 696266620 730580442 627358463
r-576 27 0.940171 27 0.940171 1178128 99362491 10926648
r-389 19 0.853801 19 0.853801 29068 19106 27778
r-123 29 0.29064 29 0.29064 40063647 44582475 35602696
r-527 36 0.885714 36 0.885714 97380709 147825771 88070615
r-611 37 0.015015 37 0.015015 1673820087 -1 -1
r-650 35 0.220168 35 0.220168 423369883 510835424 361087775
r-868 40 0.234615 40 0.234615 -1 -1 -1
r-363 32 0.834677 32 0.834677 55584081 40564818 46196031
r-694 38 0.699858 38 0.699858 3461077773 -1 3175634724
r-278 17 0.691176 17 0.691176 26080 34345 22527
r-352 27 0.339031 27 0.339031 16126720 21692338 14447275
r-62 22 0.519481 22 0.519481 612106 651810 540020
r-894 32 0.985887 32 0.985887 394 455 397
r-441 30 0.68046 30 0.68046 46810413 48502934 39308926
r-439 33 0.482955 33 0.482955 391779375 385979837 361553941
r-609 36 0.45873 36 0.45873 992131886 1045304998 899404103
r-245 17 0.404412 17 0.404412 27331 28912 22881
r-131 16 0.7 16 0.7 15782 16641 14096
r-709 30 0.572414 30 0.572414 81871924 84180540 73077024
r-335 19 0.736842 19 0.736842 115836 112659 92426
r-314 27 0.330484 27 0.330484 12731112 14315063 11218784
r-2 38 0.301565 38 0.301565 -1 -1 -1
r-682 24 0.0181159 24 0.0181159 254 527 255
r-301 40 0.270513 40 0.270513 -1 -1 -1
r-599 27 0.0968661 27 0.0968661 646083 1387668 605878
r-993 40 0.262821 40 0.262821 -1 -1 -1
r-530 24 0.536232 24 0.536232 4465015 5358168 4133394
r-391 16 0.283333 16 0.283333 6837 8079 6042
r-872 38 0.748222 38 0.748222 -1 -1 -1
r-776 15 0.504762 15 0.504762 19515 19023 17453
r-767 33 0.0965909 33 0.0965909 4366776 5216689 3524057
r-507 19 0.71345 19 0.71345 82749 99211 73868
r-66 17 0.507353 17 0.507353 42271 50947 39144
r-579 20 0.163158 20 0.163158 10721 12811 10230
r-678 18 0.0980392 18 0.0980392 227919 91220 121569
r-603 36 0.253968 36 0.253968 1049966127 1571038160 917440954
r-227 23 0.786561 23 0.786561 609740 686562 571182
r-293 39 0.268556 39 0.268556 -1 -1 -1
r-692 31 0.27957 31 0.27957 109087738 127784450 100475427
r-828 30 0.0965517 30 0.0965517 1569336 3193334 1454280
r-148 39 0.850202 39 0.850202 1811258885 2228757049 1564541323
r-916 18 0.0915033 18 0.0915033 236868 95303 233299
r-765 25 0.463333 25 0.463333 6850537 6571824 6171487
r-478 20 0.00526316 20 0.00526316 213 213 213
r-157 34 0.465241 34 0.465241 536969951 571912550 488522008
r-518 27 0.91453 27 0.91453 6087538 31023093 19013546
r-648 33 0.293561 33 0.293561 226543850 192315796 194404326
r-810 15 0.361905 15 0.361905 9023 10533 7603
r-135 28 0.5 28 0.5 29090008 29211443 26467522
r-107 37 0.876877 37 0.876877 200964388 348259033 177070523
r-725 23 0.367589 23 0.367589 2704085 3183886 2512549
r-206 20 0.236842 20 0.236842 93306 92265 81264
r-426 20 0.968421 20 0.968421 5464712422 2823 5464712432
r-362 33 0.121212 33 0.121212 28954507 38354425 25344183
r-276 29 0.773399 29 0.773399 14850222 15746536 12759753
r-172 33 0.596591 33 0.596591 545081589 584426121 487591931
r-437 32 0.699597 32 0.699597 121363615 143640071 107138674
r-735 23 0.944664 23 0.944664 4922 555113 37562
r-481 28 0.21164 28 0.21164 11140652 12693731 9547560
r-279 25 0.0233333 25 0.0233333 7780 246 7784
r-931 33 0.0208333 33 0.0208333 2377846 -1 6901
r-919 37 0.432432 37 0.432432 2030795644 2260484391 1879103963
r-257 29 0.0369458 29 0.0369458 338048 -1 13053408
r-689 32 0.65121 32 0.65121 209716742 234403551 187390778
r-766 33 0.270833 33 0.270833 310774863 234167058 273649364
r-1000 28 0.21164 28 0.21164 9357622 10527873 8460553
r-113 26 0.215385 26 0.215385 2748002 3586771 2472513
r-587 34 0.823529 34 0.823529 129538570 226616884 114691146
r-366 20 0.921053 20 0.921053 113625 154603 112136
r-121 26 0.0276923 26 0.0276923 209 209 211
r-515 24 0.601449 24 0.601449 2414412 3068098 2111252
r-344 26 0.541538 26 0.541538 8374337 7630089 7414588
r-486 28 0.915344 28 0.915344 508903 192085 410109
r-751 16 0.05 16 0.05 290 364 290
r-429 33 0.0094697 33 0.0094697 -1 9769 -1
r-732 16 0.2 16 0.2 9431 6238 7517
r-738 33 0.848485 33 0.848485 95981564 136084338 86173894
r-884 22 0.82684 22 0.82684 35468 37749 31044
r-800 19 0.333333 19 0.333333 151220 158444 119083
r-854 36 0.11746 36 0.11746 92869489 128449266 82457100
r-370 38 0.524893 38 0.524893 -1 -1 -1
r-753 39 0.161943 39 0.161943 2182345502 2822977416 1742520064
r-843 37 0.6997 37 0.6997 2630882936 2643138247 2377847287
r-64 25 0.01 25 0.01 287 287 287
r-316 21 0.528571 21 0.528571 935594 873747 811177
r-168 18 0.0915033 18 0.0915033 13811 11285 16236
r-7 31 0.849462 31 0.849462 31420149 54583352 28093071
r-341 29 0.204433 29 0.204433 6793167 9745696 5218670
r-875 34 0.775401 34 0.775401 497132511 612672403 450293808
r-529 24 0.0108696 24 0.0108696 265 265 265
r-304 18 0.928105 18 0.928105 245014 1514393 794275
r-432 40 0.0615385 40 0.0615385 133407967 202062143 90176567
r-553 37 0.687688 37 0.687688 1362448249 1700286188 1183561263
r-702 30 0.229885 30 0.229885 36193628 45252379 31825055
r-940 15 0.342857 15 0.342857 7746 8625 6814
r-34 15 0.457143 15 0.457143 6772 6021 6023
r-418 18 0.771242 18 0.771242 35767 42055 32572
r-653 28 0.156085 28 0.156085 5120926 11851023 4597247
r-19 25 0.743333 25 0.743333 1761959 2123533 1610037
r-591 32 0.816532 32 0.816532 68631914 64679947 59959553
r-845 17 0.654412 17 0.654412 28807 26295 25058
r-643 18 0.333333 18 0.333333 77606 60233 63398
r-822 21 0.92381 21 0.92381 463948 41783 266953
r-656 22 0.818182 22 0.818182 202276 232458 199144
r-574 22 0.597403 22 0.597403 584321 791108 496511
r-883 20 0.863158 20 0.863158 4862 7688 4620
r-522 15 0.533333 15 0.533333 14034 11300 12524
r-569 24 0.887681 24 0.887681 52832 67514 56547
r-269 34 0.0427807 34 0.0427807 933288596 8404615891 514468488
r-339 24 0.666667 24 0.666667 2935200 3151723 2624801
r-398 19 0.298246 19 0.298246 63886 82099 58305
r-786 39 0.0161943 39 0.0161943 190995187 -1 -1
r-866 29 0.642857 29 0.642857 34556848 39047510 31803595
r-368 33 0.140152 33 0.140152 84906465 117106188 72711400
r-414 26 0.904615 26 0.904615 65429 114372 62233
r-969 40 0.473077 40 0.473077 -1 -1 -1
r-100 22 0.480519 22 0.480519 846218 773417 714400
r-331 25 0.173333 25 0.173333 739710 969468 681495
r-162 16 0.8 16 0.8 6608 6260 8002
r-870 40 0.344872 40 0.344872 -1 -1 -1
r-407 19 0.0467836 19 0.0467836 257 1753805 193
r-266 27 0.179487 27 0.179487 2985609 2578337 2714695
r-404 27 0.649573 27 0.649573 13627981 16073351 11500620
r-618 28 0.992063 28 0.992063 363 363 363
r-222 26 0.230769 26 0.230769 2337043 3778434 2027878
r-470 16 0.391667 16 0.391667 21496 21815 19750
r-607 25 0.786667 25 0.786667 1159871 2206121 1092919
r-775 27 0.165242 27 0.165242 3415332 3023146 2850912
r-46 22 0.411255 22 0.411255 1042693 1075338 917620
r-549 40 0.510256 40 0.510256 -1 -1 -1
r-372 34 0.754011 34 0.754011 366662255 524598759 317779280
r-790 30 0.701149 30 0.701149 87941964 102488954 82202336
r-966 20 0.326316 20 0.326316 145529 158845 123564
r-686 19 0.368421 19 0.368421 102737 141761 85570
r-401 25 0.603333 25 0.603333 6735744 6478360 6088540
r-130 24 0.648551 24 0.648551 3321204 3580782 2844688
r-9 35 0.396639 35 0.396639 699006428 797712040 616511885
r-149 29 0.79064 29 0.79064 8933127 16008185 7906004
r-385 30 0.783908 30 0.783908 38425830 23230832 34092368
r-463 39 0.734143 39 0.734143 -1 -1 -1
r-484 16 0.675 16 0.675 14356 11134 11760
r-217 26 0.0646154 26 0.0646154 616496 8371813 1711679
r-373 22 0.922078 22 0.922078 2196583 34958 2090964
r-817 23 0.213439 23 0.213439 180364 166661 124221
r-892 15 0.67619 15 0.67619 11047 14099 9803
r-504 28 0.941799 28 0.941799 13163 9769584 12553
r-44 33 0.477273 33 0.477273 384146643 405079990 356168490
r-742 23 0.142292 23 0.142292 103035 97931 81870
r-540 20 0.868421 20 0.868421 26273 22988 17404
r-676 29 0.815271 29 0.815271 4387218 8640429 4115104
r-461 26 0.387692 26 0.387692 9694339 11113881 8612646
r-488 33 0.00189394 33 0.00189394 564 564 564
r-852 24 0.173913 24 0.173913 725334 982464 705889
r-956 25 0.973333 25 0.973333 4651 3489 2865
r-942 20 0.0736842 20 0.0736842 22125 54999 31205
r-108 21 0.990476 21 0.990476 217 217 217
r-932 23 0.758893 23 0.758893 587534 944497 518982
r-952 16 0.466667 16 0.466667 45575 46154 39077
r-928 15 0.295238 15 0.295238 9328 9175 7942
r-617 20 0.8 20 0.8 72779 84139 70324
r-212 26 0.0615385 26 0.0615385 338468856 45504 337920188
r-232 18 0.385621 18 0.385621 72355 68897 62530
r-70 21 0.490476 21 0.490476 285178 228911 252288
r-21 38 0.926031 38 0.926031 16459866 29657492 14591978
r-256 16 0.966667 16 0.966667 345 104 348
r-355 21 0.790476 21 0.790476 126834 165510 120589
r-559 37 0.551051 37 0.551051 2283231137 2527297468 2124514115
r-61 21 0.561905 21 0.561905 546183 446023 493925
r-379 31 0.608602 31 0.608602 147562128 162650846 133220808
r-809 31 0.589247 31 0.589247 146824776 175793569 133589789
r-313 38 0.549075 38 0.549075 -1 -1 -1
r-666 15 0.228571 15 0.228571 5516 6140 4905
r-207 23 0.41502 23 0.41502 2329759 2300583 2047857
r-249 18 0.0784314 18 0.0784314 2103088 136234 1908286
r-645 26 0.6 26 0.6 9476425 10345544 8328994
r-602 24 0.0181159 24 0.0181159 2256 229 2260
r-449 15 0.885714 15 0.885714 663 514 651
r-483 26 0.489231 26 0.489231 10711173 7894680 9806593
r-563 35 0.968067 35 0.968067 4500763 -1 -1
r-677 33 0.125 33 0.125 19949404 30840822 17816211
r-312 34 0.777184 34 0.777184 175051721 191570057 151450263
r-54 22 0.575758 22 0.575758 1268803 1337557 1121901
r-999 37 0.692192 37 0.692192 2256322524 2929898166 1974707110
r-223 15 0.428571 15 0.428571 8118 8048 7290
r-93 34 0.320856 34 0.320856 594595005 585711101 524421035
r-758 33 0.647727 33 0.647727 344338001 366890762 304159715
r-105 33 0.195076 33 0.195076 197123540 238026941 175564834
r-23 23 0.335968 23 0.335968 1307272 1412209 1175351
r-759 21 0.214286 21 0.214286 132258 179529 119742
r-5 30 0.0988506 30 0.0988506 14764686 15347479 12532926
r-918 28 0.484127 28 0.484127 24770408 26308978 22029574
r-434 22 0.982684 22 0.982684 206 206 206
r-357 19 1 19 1 210 210 210
r-467 21 0.238095 21 0.238095 190648 181028 169392
r-720 35 0.211765 35 0.211765 769904841 1008794887 707144411
r-988 18 0.228758 18 0.228758 14526 23561 12759
r-588 15 0.428571 15 0.428571 11035 15715 10201
r-442 15 0.4 15 0.4 22855 24357 19732
r-566 35 0.62521 35 0.62521 953518644 1096088790 871638487
r-658 18 0.640523 18 0.640523 75150 87215 65896
r-68 18 0.960784 18 0.960784 9226 402457415 86807061
r-747 34 0.483066 34 0.483066 576550268 600223757 523656045
r-116 32 0.0302419 32 0.0302419 1489 1502 -1
r-349 25 0.476667 25 0.476667 4541189 6538151 4105366
r-3 20 0.926316 20 0.926316 134293 1129669 46587
r-662 39 0.623482 39 0.623482 -1 -1 -1
r-706 20 0.705263 20 0.705263 109030 148853 96105
r-380 31 0.683871 31 0.683871 125154192 144200215 113206572
r-667 24 0.34058 24 0.34058 2490410 2717877 2191750
r-333 33 0.522727 33 0.522727 428133342 466336286 402284366
r-541 35 0.85042 35 0.85042 324456911 416666906 307238604
r-934 19 0.666667 19 0.666667 77321 81685 62703
r-161 35 0.620168 35 0.620168 954970867 1039423891 872051307
r-24 26 0.353846 26 0.353846 7609231 9789768 6769241
r-547 26 0.209231 26 0.209231 2157244 3331931 1847552
r-639 27 0.230769 27 0.230769 6779109 7856468 6080354
r-96 20 0.915789 20 0.915789 11357 584311 37954
r-282 29 0.495074 29 0.495074 62716217 64439301 56904731
r-855 28 0.0873016 28 0.0873016 85706 55764 76619
r-936 33 0.268939 33 0.268939 261724779 251712148 228100232
r-497 36 0.17619 36 0.17619 526209150 304509649 466570435
r-111 38 0.863442 38 0.863442 2004357201 1814249504 1666996315
r-104 37 0.57958 37 0.57958 2269152348 2444879649 2072185745
r-492 38 0.190612 38 0.190612 911956927 1031185159 812593443
r-700 23 0.774704 23 0.774704 666942 1165546 671647
r-612 38 0.475107 38 0.475107 -1 -1 2826649180
r-360 22 0.614719 22 0.614719 1021068 1113088 888369
r-984 22 0.471861 22 0.471861 898430 919854 806117
r-495 36 0.0047619 36 0.0047619 20037 -1 -1
r-150 39 0.59919 39 0.59919 -1 -1 -1
r-578 28 0.388889 28 0.388889 25587831 36382621 23121265
r-635 27 0.233618 27 0.233618 7755512 8956912 7088447
r-548 32 0.655242 32 0.655242 259544059 286038859 238805691
r-764 36 0.863492 36 0.863492 124382293 217065564 111112750
r-6 22 0.264069 22 0.264069 508084 715214 438636
r-177 18 0.24183 18 0.24183 42960 44777 39648
r-908 36 0.780952 36 0.780952 1349876383 1696983398 1243818052
r-322 35 0.0554622 35 0.0554622 15604615 5078594 12816813
r-155 28 0.444444 28 0.444444 39182410 45587735 36533939
r-89 25 0.403333 25 0.403333 5837883 8479098 5027003
r-698 20 0.315789 20 0.315789 191470 223687 163147
r-818 23 0.72332 23 0.72332 1886588 1962736 1563083
r-882 21 1 21 1 253 253 253
r-613 31 0.464516 31 0.464516 107558965 111626195 95156290
r-746 37 0.111111 37 0.111111 97397250 82105269 84053395
r-803 22 0.337662 22 0.337662 497331 490912 413281
r-614 40 0.973077 40 0.973077 3153283 -1 149178
r-57 34 0.474153 34 0.474153 661314455 671051381 604106411
r-140 27 0.159544 27 0.159544 2025501 2270400 1729898
r-237 26 0.172308 26 0.172308 865778 1322898 760152
r-985 27 0.538462 27 0.538462 24838805 23925441 22276508
r-238 35 0.919328 35 0.919328 10605139 20308204 8535917
r-813 15 0.895238 15 0.895238 11200 3842 4344
r-337 22 0.857143 22 0.857143 29014 39212 25029
r-525 20 0.515789 20 0.515789 275417 248216 240111
r-60 33 0.541667 33 0.541667 354290239 386356248 325282166
r-58 24 0.731884 24 0.731884 1179644 1771739 1065236
r-664 38 0.854908 38 0.854908 3579579589 4594446093 3020307975
r-733 33 0.617424 33 0.617424 257662558 278582010 233714550
r-277 19 0.368421 19 0.368421 196750 214427 178229
r-340 15 0.542857 15 0.542857 5035 3538 3898
r-880 29 0.463054 29 0.463054 74870646 79628435 68348410
r-671 38 0.492176 38 0.492176 -1 -1 -1
r-69 15 0.133333 15 0.133333 521 589 439
r-718 23 0.758893 23 0.758893 928847 1064510 857038
r-521 37 0.62012 37 0.62012 2689307339 2980196332 2455899184
r-285 17 0.00735294 17 0.00735294 156 156 156
r-81 25 0.96 25 0.96 1262606466 131819 1262606445
r-114 17 0.647059 17 0.647059 34697 22913 30440
r-715 36 0.309524 36 0.309524 1589259891 1991725691 1435841710
r-200 23 0.640316 23 0.640316 1010562 1064400 813541
r-343 36 0.807937 36 0.807937 983443379 911137942 911075217
r-649 39 0.506073 39 0.506073 -1 -1 -1
r-987 32 0.546371 32 0.546371 251144913 243621229 231519186
r-170 26 0.612308 26 0.612308 12516426 13936319 11172292
r-707 23 0.972332 23 0.972332 -1 3899 -1
r-395 37 0.312312 37 0.312312 2677787232 1778303270 2385325154
r-647 39 0.740891 39 0.740891 -1 -1 -1
r-191 35 0.302521 35 0.302521 1214703190 1414254442 1116907389
r-815 15 0.904762 15 0.904762 180585 41236 134148
r-453 25 0.51 25 0.51 9753526 10325921 8945706
r-311 16 0.183333 16 0.183333 3785 2080 3026
r-939 38 0.588905 38 0.588905 -1 -1 -1
r-745 34 0.493761 34 0.493761 573007844 597273179 525792509
r-748 38 0.869132 38 0.869132 923782881 2175628902 824937186
r-523 25 0.593333 25 0.593333 6548974 8671806 5570273
r-38 18 0.0130719 18 0.0130719 162 157 163
r-755 26 0.990769 26 0.990769 312 312 312
r-631 17 0.838235 17 0.838235 3850 4778 3457
r-604 20 0.573684 20 0.573684 400764 467966 358364
r-827 26 0.538462 26 0.538462 6018185 6372262 5370802
r-513 20 0.757895 20 0.757895 100215 111453 85869
r-306 37 0.704204 37 0.704204 1992832119 2237818629 1757350002
r-431 28 0.195767 28 0.195767 8297770 13887790 7289693
r-628 19 0.134503 19 0.134503 24430 12156 21752
r-219 33 0.373106 33 0.373106 316412232 300297777 279196955
r-475 15 0.866667 15 0.866667 261 344 261
r-878 29 0.778325 29 0.778325 19556585 25339437 17919563
r-626 29 0 29 0 465 465 465
r-887 18 0.908497 18 0.908497 66107 16832 54688
r-690 31 0.778495 31 0.778495 36492306 51283157 32479861
r-859 33 0.829545 33 0.829545 134061181 188860846 123619869
r-164 16 0.866667 16 0.866667 7070 8523 6320
r-79 31 0.0537634 31 0.0537634 1098566 7903286 785082
r-159 20 0.647368 20 0.647368 143531 188592 114109
r-907 23 0.525692 23 0.525692 1951869 2098755 1756041
r-750 35 0.102521 35 0.102521 18469115 27628794 17493853
r-594 39 0.892038 39 0.892038 432288693 676471562 376180154
r-512 20 0.931579 20 0.931579 47844 5266284 827383
r-672 40 0.435897 40 0.435897 -1 -1 -1
r-196 33 0.268939 33 0.268939 191797996 236155682 171561124
r-754 30 0.806897 30 0.806897 24726939 40522701 21909512
r-253 29 0.0935961 29 0.0935961 409115 1109497 354671
r-763 32 0.467742 32 0.467742 228410001 207315603 207325963
r-173 31 0.055914 31 0.055914 7548 31469 6889
r-120 40 0.553846 40 0.553846 -1 -1 -1
r-202 26 0.972308 26 0.972308 1064 1237 1064
r-147 17 0.25 17 0.25 11008 12635 10319
r-480 20 0.915789 20 0.915789 1093475 363154 875427
r-424 31 0.836559 31 0.836559 22092614 33560710 21120747
r-962 19 0.298246 19 0.298246 98284 108035 85340
r-151 29 0.0541872 29 0.0541872 1268260 1327453 711515
r-905 28 0.0952381 28 0.0952381 318745 374419 294434
r-435 39 0.407557 39 0.407557 -1 -1 -1
r-564 15 0.552381 15 0.552381 11312 7614 9844
r-636 27 0.487179 27 0.487179 17089500 13799982 15212083
r-209 40 0.605128 40 0.605128 -1 -1 -1
r-365 23 0.505929 23 0.505929 2068510 2282470 1922271
r-103 16 0.475 16 0.475 33232 34114 30987
r-965 23 0.355731 23 0.355731 1592747 2327498 1401772
r-460 31 0.922581 31 0.922581 428029 259472 336317
r-440 28 0.822751 28 0.822751 11645350 9937165 9901454
r-862 27 0.854701 27 0.854701 1031697 1027004 888966
r-535 37 0.0135135 37 0.0135135 481 473 486
r-986 17 0.382353 17 0.382353 59195 69885 53964
r-871 38 0.541963 38 0.541963 -1 -1 -1
r-703 21 0.17619 21 0.17619 69231 85113 63395
r-427 24 0.0615942 24 0.0615942 31345 2627413 25644
r-267 25 0.38 25 0.38 3714222 3511850 3127176
r-500 30 0.466667 30 0.466667 82457148 87902497 75442151
r-624 19 0.450292 19 0.450292 152497 136951 131367
r-760 38 0.119488 38 0.119488 806110559 1358957443 778116660
r-198 32 0.439516 32 0.439516 230691265 242696869 207438744
r-260 36 0.742857 36 0.742857 1036654295 1156760973 894486794
r-820 31 0.593548 31 0.593548 94217100 115573674 83027802
r-396 16 0.616667 16 0.616667 37773 53530 32049
r-27 16 0.575 16 0.575 15025 13222 11722
r-768 24 0.326087 24 0.326087 1743863 2085201 1510918
r-334 31 0.778495 31 0.778495 137961179 174397175 129097547
r-665 18 0.738562 18 0.738562 13969 24679 11968
r-955 35 0.618487 35 0.618487 896203881 985316285 806442248
r-73 19 0.754386 19 0.754386 72356 101171 63466
r-364 20 0.315789 20 0.315789 95620 116337 73021
r-681 34 0.301248 34 0.301248 450548364 441714924 385709262
r-511 21 0.747619 21 0.747619 286715 250171 259724
r-490 37 0.728228 37 0.728228 1704173993 2325550778 1581402467
r-791 19 0.807018 19 0.807018 54533 61071 49002
r-477 16 0.216667 16 0.216667 12853 11803 11805
r-947 17 0.0588235 17 0.0588235 442 6744 285
r-596 24 0.210145 24 0.210145 708732 957378 645947
r-10 31 0.593548 31 0.593548 166929996 190627348 153838912
r-565 33 0.299242 33 0.299242 361480541 395147327 332572898
r-839 28 0.875661 28 0.875661 1682858 2448093 1526644
r-805 21 0.952381 21 0.952381 1262613050 473481599 1262611185
r-410 30 0.257471 30 0.257471 63460607 53222627 54720870
r-615 40 0.478205 40 0.478205 -1 -1 -1
r-971 17 0.176471 17 0.176471 6937 8928 5720
r-684 17 0.992647 17 0.992647 156 156 156
r-937 20 0.0789474 20 0.0789474 5225 5811 4831
r-128 37 0.112613 37 0.112613 77693351 105012195 69978018
r-473 34 0.233512 34 0.233512 334483269 397934758 281039641
r-165 25 0.396667 25 0.396667 5794147 5410910 5078591
r-329 39 0.991903 39 0.991903 624 624 624
r-86 35 0.744538 35 0.744538 749984774 746738058 682185155
r-110 35 0.319328 35 0.319328 1072267640 1194682873 936088076
r-876 22 0.251082 22 0.251082 356791 388886 315695
r-152 39 0.526316 39 0.526316 -1 -1 -1
r-799 22 0.640693 22 0.640693 836790 865757 694453
r-717 28 0.84127 28 0.84127 4170008 4097033 3742398
r-205 26 0.618462 26 0.618462 11226101 13390172 10211394
r-860 22 0.121212 22 0.121212 235112 364056 182694
r-445 37 0.285285 37 0.285285 2676046401 3065320720 2452994282
r-788 38 0.0369844 38 0.0369844 -1 -1 -1
r-592 22 0.688312 22 0.688312 583609 598301 476307
r-90 30 0.48046 30 0.48046 103575884 109733197 94691658
r-807 16 0.383333 16 0.383333 22609 20209 19527
r-861 16 0.475 16 0.475 16057 15471 14215
r-637 16 0.116667 16 0.116667 305 299 288
r-687 33 0 33 0 595 595 595
r-292 27 0.034188 27 0.034188 -1 412385 -1
r-262 30 0.372414 30 0.372414 90926720 100397928 82416325
r-806 15 0.685714 15 0.685714 13066 18900 12284
r-203 40 0.784615 40 0.784615 -1 -1 -1
r-225 28 0.592593 28 0.592593 38517953 42501683 35899230
r-752 27 0.552707 27 0.552707 14752006 13830143 12964194
r-943 31 0.787097 31 0.787097 47813218 46443418 42523632
r-789 21 0.87619 21 0.87619 7262 6055 6974
r-961 35 0.376471 35 0.376471 912558201 969860425 805762913
r-119 30 0.190805 30 0.190805 17239836 15383546 16063862
r-516 33 0.363636 33 0.363636 305765174 358241863 279535188
r-409 36 0.230159 36 0.230159 701996328 952219576 620930916
r-737 33 0.0549242 33 0.0549242 1501688 5875586 1286852
r-531 21 0.233333 21 0.233333 178239 271500 152448
r-274 24 0.818841 24 0.818841 209766 214451 188700
r-275 17 0.786765 17 0.786765 9325 5711 8771
r-261 20 0.473684 20 0.473684 249351 223942 214900
r-378 33 0.4375 33 0.4375 334689151 359507674 306504759
r-526 40 0.635897 40 0.635897 -1 -1 -1
r-229 37 0.951952 37 0.951952 28894485 -1 -1
r-600 39 0.377868 39 0.377868 -1 -1 -1
r-819 28 0.84127 28 0.84127 2392298 2789192 2208801
r-524 36 0.0619048 36 0.0619048 11630114 98511275 11364939
r-909 35 0.354622 35 0.354622 1160330859 1269006718 1048288923
r-825 28 0.275132 28 0.275132 16977858 23830723 14569596
r-922 23 0.150198 23 0.150198 320814 342457 286781
r-976 35 0.226891 35 0.226891 666928128 470918898 571781097
r-968 30 0.165517 30 0.165517 27507042 31379892 23577199
r-792 33 0.0492424 33 0.0492424 17653862 1339382 12134916
r-462 23 0.525692 23 0.525692 1994594 1989530 1824445
r-756 26 0.304615 26 0.304615 6818412 7591601 5819397
r-35 39 0.240216 39 0.240216 -1 -1 -1
r-582 25 0.436667 25 0.436667 5008980 5999109 4377260
r-761 21 0.490476 21 0.490476 1245934 1196376 1154745
r-780 23 0.225296 23 0.225296 635426 733732 635045
r-243 40 0.182051 40 0.182051 -1 -1 -1
r-749 24 0.605072 24 0.605072 3523123 3918735 3070052
r-195 17 0.830882 17 0.830882 3127 3025 2424
r-912 38 0.675676 38 0.675676 2313390987 3111507874 2165531853
r-946 33 0.0227273 33 0.0227273 -1 -1 -1
r-450 36 0.21746 36 0.21746 1111223087 1371217952 969453639
r-479 27 0.00569801 27 0.00569801 358 358 358
r-534 23 0.426877 23 0.426877 2009113 2067047 1754050
r-832 32 0.927419 32 0.927419 1113078 1506063 1110248
r-914 19 0.859649 19 0.859649 13258 8810 14483
r-634 32 0.106855 32 0.106855 2232651 3549453 2127036
r-494 35 0.357983 35 0.357983 910920415 823336764 820819295
r-528 15 0.838095 15 0.838095 3088 5483 2897
r-833 39 0.321188 39 0.321188 -1 -1 -1
r-846 34 0.0909091 34 0.0909091 13454348 23255685 12361197
r-184 25 0.373333 25 0.373333 5738094 5906780 4655939
r-286 19 0.859649 19 0.859649 56820 34566 41236
r-271 28 0.925926 28 0.925926 6974022 10941263 5730271
r-641 19 0.888889 19 0.888889 7833 2827 6892
r-167 27 0.706553 27 0.706553 20086675 23131026 18552304
r-446 31 0.8 31 0.8 24626951 42577296 23983445
r-92 32 0.52621 32 0.52621 209456640 242116684 191925243
r-957 31 0.797849 31 0.797849 80742134 105806995 74592189
r-125 32 0.659274 32 0.659274 212914301 258840773 193152411
r-546 21 0.3 21 0.3 214602 280072 171460
r-137 34 0.848485 34 0.848485 116199309 94694907 97934305
r-927 35 0.571429 35 0.571429 716178507 856327430 646403173
r-610 26 0.92 26 0.92 71025 526418 68436
r-95 27 0.156695 27 0.156695 4303710 6801759 3961638
r-175 16 0.1 16 0.1 601 496 582
r-778 17 0.0808824 17 0.0808824 16202 71789 15532
r-158 38 0.852063 38 0.852063 2403331701 3054629617 2135441383
r-688 27 0.726496 27 0.726496 17786211 16894089 16179949
r-215 21 0.552381 21 0.552381 825434 802013 733302
r-622 29 0.349754 29 0.349754 57751838 65976229 52848477
r-996 20 0.384211 20 0.384211 516424 517513 456886
r-911 24 0.786232 24 0.786232 2073475 2493611 1705580
r-953 27 0.122507 27 0.122507 489817 726325 458550
r-558 15 0.428571 15 0.428571 15195 12742 12915
r-550 27 0.0626781 27 0.0626781 96739 548594 64505
r-990 28 0.984127 28 0.984127 331 1779 332
r-929 38 0.512091 38 0.512091 -1 -1 -1
r-258 22 0.316017 22 0.316017 616215 573882 554720
r-80 17 0.338235 17 0.338235 27352 27894 19583
r-194 17 0.279412 17 0.279412 44246 47316 37619
r-419 36 0.834921 36 0.834921 778750725 1302993216 717617301
r-917 23 0.608696 23 0.608696 2907092 3157166 2569458
r-660 31 0.703226 31 0.703226 115027513 159457488 102001860
r-8 26 0.332308 26 0.332308 9535605 11862380 8230844
r-935 40 0.182051 40 0.182051 -1 -1 -1
r-632 27 0.934473 27 0.934473 2201412741 -1 -1
r-913 24 0.626812 24 0.626812 2124532 2268724 1789390
r-433 21 0.233333 21 0.233333 79702 116336 71557
r-106 31 0.969892 31 0.969892 -1 23109 -1
r-1 30 0.783908 30 0.783908 45988081 60356734 42491486
r-300 32 0.201613 32 0.201613 60816023 102774486 55006077
r-28 25 0.533333 25 0.533333 7884636 8465751 7127034
r-795 22 0.69697 22 0.69697 1367054 1465157 1235935
r-847 19 0.830409 19 0.830409 8557 10131 7667
r-977 27 0.538462 27 0.538462 19891588 20760766 18064200
r-532 22 0.748918 22 0.748918 573847 525454 500802
r-926 20 0.621053 20 0.621053 270550 343721 234905
r-233 20 0.7 20 0.7 291775 346545 260524
r-348 40 0.398718 40 0.398718 -1 -1 -1
r-873 30 0.673563 30 0.673563 55590617 80959711 49897417
r-850 18 0.183007 18 0.183007 35926 22686 34180
r-183 19 0.549708 19 0.549708 88233 140959 76561
r-230 34 0.144385 34 0.144385 39666406 77343491 35313989
r-633 26 0.409231 26 0.409231 8693025 12486676 7750915
r-386 15 0.171429 15 0.171429 1758 1706 1769
r-87 38 0.0199147 38 0.0199147 8502 623713 8556
r-141 15 0.657143 15 0.657143 12984 14646 10663
r-134 33 0.229167 33 0.229167 230948332 275667791 207190788
r-189 18 0.431373 18 0.431373 95318 97445 80656
r-430 26 0.646154 26 0.646154 4975699 6368388 4117598
r-906 25 0.42 25 0.42 4175017 4654761 3742018
r-489 36 0.58254 36 0.58254 1319631378 1434987921 1197846294
r-37 23 0.328063 23 0.328063 1016730 1073184 803716
r-273 38 0.325747 38 0.325747 -1 3452476687 -1
r-865 25 0.186667 25 0.186667 2466990 2063288 2201435
r-728 27 0.863248 27 0.863248 1533538 1892508 1361067
r-145 23 0.466403 23 0.466403 1525846 1491395 1332419
r-669 35 0.615126 35 0.615126 854959479 1014210793 781801447
r-901 34 0.135472 34 0.135472 43248370 63699200 37557738
r-296 35 0.996639 35 0.996639 602 602 602
r-448 21 0.895238 21 0.895238 24602 26699 23871
r-964 28 0.57672 28 0.57672 43737765 49105841 39666072
r-915 22 0.220779 22 0.220779 478877 532925 409520
r-493 15 0.533333 15 0.533333 14154 11406 12183
r-221 32 0.580645 32 0.580645 268634446 287005473 242479112
r-359 21 0.333333 21 0.333333 265146 386599 223437
r-29 26 0.787692 26 0.787692 3717409 4644384 3494027
r-705 33 0.950758 33 0.950758 9962270 3370553 7572309
r-857 15 0.0857143 15 0.0857143 77 92 77
r-457 22 0.805195 22 0.805195 96675 116748 82764
r-897 30 0.583908 30 0.583908 85395399 76768220 77182997
r-327 30 0.767816 30 0.767816 31736927 43097915 29065336
r-652 37 0.626126 37 0.626126 2685599214 3502221011 2423098229
r-369 39 0.615385 39 0.615385 -1 -1 -1
r-197 34 0.99287 34 0.99287 514 514 514
r-967 30 0.604598 30 0.604598 78217846 84845466 69717727
r-239 25 0.48 25 0.48 8568299 9339731 7788053
r-255 39 0.551957 39 0.551957 -1 -1 -1
r-11 30 0.0229885 30 0.0229885 13520 594 13528
r-508 34 0.386809 34 0.386809 564067833 529911079 499647452
r-808 18 0.529412 18 0.529412 111211 96606 94105
r-25 37 0.0705706 37 0.0705706 47149826 63546454 46049109
r-469 34 0.174688 34 0.174688 207135750 225500721 187835728
r-787 37 0.95045 37 0.95045 142997043 5479512117 113401705
r-454 40 0.278205 40 0.278205 -1 -1 -1
r-853 36 0.879365 36 0.879365 359327422 725706052 331176183
r-869 29 0.975369 29 0.975369 261 266 261
r-904 27 0.980057 27 0.980057 343 262 347
r-863 19 0.438596 19 0.438596 163733 179635 140598
r-122 33 0.632576 33 0.632576 340433036 443597121 314810222
r-55 33 0.032197 33 0.032197 -1 167413 -1
r-47 16 0.791667 16 0.791667 9622 12178 7899
r-562 33 0.329545 33 0.329545 172408474 217698766 145880561
r-487 35 0.331092 35 0.331092 729977167 822200191 659658014
r-254 16 0.375 16 0.375 9404 15221 8172
r-783 33 0.657197 33 0.657197 397748855 446858297 358497489
r-214 40 0.215385 40 0.215385 -1 -1 -1
r-345 15 0.209524 15 0.209524 2591 3169 2348
r-428 21 0.947619 21 0.947619 806 55377 810
r-923 24 0.0978261 24 0.0978261 75124 129946 69134
r-890 29 0.657635 29 0.657635 43409456 30921963 38758826
r-719 17 0.507353 17 0.507353 28945 41570 26343
r-88 30 0.514943 30 0.514943 123326643 131295624 114651510
r-533 15 0.552381 15 0.552381 18590 20517 17007
r-43 29 0.916256 29 0.916256 995360 629650 851349
r-455 27 0.666667 27 0.666667 25650478 20204520 22562515
r-668 29 0.561576 29 0.561576 40550127 54099676 36163254
r-42 36 0.819048 36 0.819048 440797426 577800977 360893031
r-838 33 0.842803 33 0.842803 92951397 152167328 88707938
r-297 32 0.59879 32 0.59879 267941527 282068043 242112418
r-983 38 0.887624 38 0.887624 421570284 611173560 354221926
r-506 35 0.396639 35 0.396639 805177585 872253812 727003573
r-695 16 0.508333 16 0.508333 24414 20287 19333
r-651 33 0.0511364 33 0.0511364 47269 42614 42826
r-49 37 0.861862 37 0.861862 730280642 1454281415 668534683
r-347 30 0.468966 30 0.468966 93897340 93140906 83537778
r-156 27 0.11396 27 0.11396 478442 664383 460736
r-793 37 0.484985 37 0.484985 1752826355 1771897959 1623522018
r-186 26 0.0276923 26 0.0276923 227 285 230
r-381 35 0.0184874 35 0.0184874 432214203 -1 -1
r-384 15 0.714286 15 0.714286 3281 6048 2867
r-250 20 0.778947 20 0.778947 62623 100138 63576
r-78 19 0.421053 19 0.421053 144554 147839 124866
r-16 38 0.241821 38 0.241821 -1 -1 -1
r-777 24 0.699275 24 0.699275 1963904 2145916 1871675
r-291 35 0.862185 35 0.862185 197217922 254472649 173912566
r-283 30 0.0712644 30 0.0712644 100091 181834 94458
r-464 22 0.125541 22 0.125541 42314 72617 45469
r-124 23 0.944664 23 0.944664 286 276 300
r-102 40 0.383333 40 0.383333 -1 -1 -1
r-899 37 0.642643 37 0.642643 1693745954 2040699181 1545009667
r-851 16 0.558333 16 0.558333 22972 21969 19898
r-281 16 0.558333 16 0.558333 27297 28418 23742
r-739 28 0.425926 28 0.425926 38405584 42557392 34457351
r-144 16 0.466667 16 0.466667 25600 30372 22512
r-920 34 0.196078 34 0.196078 490950953 668568609 457766551
r-302 28 0.645503 28 0.645503 24539635 29945919 22704021
r-924 18 0.562092 18 0.562092 54998 46348 45579
r-881 15 0.247619 15 0.247619 3957 5535 3388
r-501 15 0.390476 15 0.390476 20147 20106 17030
r-436 38 0.83926 38 0.83926 1488966396 2640020639 1328332016
r-824 20 0.0315789 20 0.0315789 167 1215 168
r-696 40 0.784615 40 0.784615 -1 -1 -1
r-910 24 0.503623 24 0.503623 2113399 1957276 1905022
r-867 20 0.505263 20 0.505263 309820 262565 275663
r-299 19 0.333333 19 0.333333 267928 278964 234758
r-804 18 0.699346 18 0.699346 83508 73679 79987
r-886 27 0.948718 27 0.948718 -1 10318683 -1
r-51 28 0.177249 28 0.177249 3523192 4573115 2661171
r-305 38 0.773826 38 0.773826 -1 -1 -1
r-921 31 0.941935 31 0.941935 4697949 45301529 4727600
r-951 25 0.77 25 0.77 2554236 3193427 2353224
r-744 18 0.908497 18 0.908497 806 1043 792
r-544 15 0.6 15 0.6 8398 11799 7634
r-680 26 0.0276923 26 0.0276923 2434 1143 682
r-139 31 0.539785 31 0.539785 97001303 96779970 86631035
r-182 25 0.33 25 0.33 3453528 5429587 3239837
