instance n1 density1 n2 density2 mcsplit mcsplit+f mcsplit+bigf mcsplit+randombigf
r-342 34 0.427807 34 0.427807 8161862 13193989 7468465 7602165
r-218 44 0.206131 44 0.206131 -1 -1 -1 -1
r-895 24 0.15942 24 0.15942 -1 -1 -1 -1
r-554 34 0.470588 34 0.470588 216674333 220889715 184126045 179964582
r-649 35 0.494118 35 0.494118 81142787 100442857 68784713 69524002
r-501 30 0.48046 30 0.48046 18045090 26564090 15462844 15145651
r-252 45 0.438384 45 0.438384 300190710 486283554 302780675 310497734
r-224 41 0.42439 41 0.42439 -1 -1 -1 -1
r-978 38 0.308677 38 0.308677 -1 -1 -1 -1
r-915 30 0.370115 30 0.370115 61115695 61481995 52897014 51993419
r-108 22 0.246753 22 0.246753 7024304358 5710633025 360273632 230114215
r-903 45 0.353535 45 0.353535 -1 -1 1534637683 1339515993
r-875 26 0.0769231 26 0.0769231 -1 -1 -1 -1
r-963 30 0.287356 30 0.287356 14152110 20935014 12953873 13101981
r-90 37 0.153153 37 0.153153 277171985 734057334 258986924 271479884
r-28 34 0.336898 34 0.336898 10285900 1617449103 9164209 9187044
r-46 18 0.503268 18 0.503268 84744 83630 72742 69106
r-959 16 0.5 16 0.5 11572 11662 9706 9588
r-117 42 0.511034 42 0.511034 2616925084 2655315358 2426798327 2444703849
r-93 19 0.280702 19 0.280702 34275 46092 28303 28714
r-655 20 0.268421 20 0.268421 146862 34541718 145339 145339
r-610 16 0.4 16 0.4 15131 14287 12323 12669
r-783 38 0.443812 38 0.443812 179414011 131519681 91739232 87924428
r-438 16 0.533333 16 0.533333 15395 16179 13594 13031
r-833 22 0.246753 22 0.246753 272022 175631 255164 243054
r-14 30 0.370115 30 0.370115 30091268 17820292 24301508 23379694
r-92 37 0.348348 37 0.348348 19589855 2765976762 17436559 17697017
r-248 33 0.344697 33 0.344697 1311802029 249270579 94640028 76095246
r-326 32 0.225806 32 0.225806 -1 -1 -1 -1
r-393 17 0.382353 17 0.382353 31776 33632 25980 24429
r-664 19 0.51462 19 0.51462 194649 161993 169729 165538
r-594 34 0.515152 34 0.515152 143299541 146613650 131584062 134101362
r-727 41 0.512195 41 0.512195 1428015274 1404102595 1374904572 1386108467
r-628 33 0.435606 33 0.435606 175444880 175174072 152583853 149437254
r-353 27 0.433048 27 0.433048 1096591 1521903 784688 787364
r-981 22 0.506494 22 0.506494 490844 702169 465826 487787
r-877 38 0.371266 38 0.371266 1191384435 977926029 954721223 930420041
r-279 37 0.198198 37 0.198198 -1 -1 -1 -1
r-696 38 0.341394 38 0.341394 8622757 -1 7671347 7767789
r-620 17 0.382353 17 0.382353 34242 38116 28503 27596
r-862 37 0.378378 37 0.378378 858263843 735408460 702026550 686311568
r-997 41 0.497561 41 0.497561 -1 -1 -1 -1
r-829 25 0.52 25 0.52 1983627 2046742 1764196 1741517
r-329 17 0.117647 17 0.117647 794782608 -1 794782496 794782496
r-794 19 0.45614 19 0.45614 46711 38096 32125 31975
r-891 32 0.443548 32 0.443548 7289977 7682968 6416553 6472428
r-44 45 0.0868687 45 0.0868687 -1 -1 -1 -1
r-183 24 0.431159 24 0.431159 830812 498346 354727 334617
r-712 45 0.20202 45 0.20202 -1 -1 -1 -1
r-697 44 0.459831 44 0.459831 -1 -1 -1 -1
r-546 18 0.529412 18 0.529412 96339 97331 82912 81504
r-872 37 0.348348 37 0.348348 1476404939 1257631521 1198565692 1167895904
r-831 26 0.470769 26 0.470769 2189741 1328611 1526708 1487877
r-542 34 0.258467 34 0.258467 195060157 230540513 141597302 138751559
r-863 19 0.51462 19 0.51462 125371 119908 110367 110679
r-214 29 0.295567 29 0.295567 25519181 24349884 20838059 20381018
r-264 24 0.431159 24 0.431159 2637992 2722642 2351312 2305164
r-405 42 0.315912 42 0.315912 -1 -1 7322878950 5627777044
r-419 45 0.4 45 0.4 215423756 798207082 227133455 233452165
r-180 36 0.157143 36 0.157143 581532509 450850125 430841387 410175991
r-166 32 0.225806 32 0.225806 26080866 21751648 14422955 14217541
r-96 28 0.507937 28 0.507937 3379254 3818708 3196787 3284814
r-277 34 0.499109 34 0.499109 55002217 60844763 45625920 45947377
r-660 34 0.370766 34 0.370766 251617495 231096003 204239849 200481429
r-449 40 0.328205 40 0.328205 53495621 -1 55197932 56458639
r-647 45 0.454545 45 0.454545 1008722792 1336963244 934916962 946783860
r-938 42 0.437863 42 0.437863 -1 -1 -1 -1
r-371 23 0.498024 23 0.498024 735971 795490 490928 475386
r-82 44 0.241015 44 0.241015 -1 -1 -1 -1
r-618 27 0.358974 27 0.358974 5432914 5535878 4530343 4431881
r-966 17 0.308824 17 0.308824 18925 12450 14340 13974
r-695 19 0.526316 19 0.526316 69218 122235 65676 65391
r-776 38 0.102418 38 0.102418 133358855 103388252 76879066 70426385
r-824 38 0.422475 38 0.422475 1426506026 1339799724 1208195769 1184363880
r-562 24 0.0833333 24 0.0833333 -1 -1 -1 -1
r-700 40 0.511538 40 0.511538 918415586 828643093 874097706 881470145
r-418 44 0.494715 44 0.494715 1760147559 1906340967 1495891490 1513397246
r-498 45 0.29899 45 0.29899 390454848 -1 384098087 384590565
r-32 25 0.38 25 0.38 2176794 2599532 1908889 1911200
r-884 25 0.22 25 0.22 523876 732201 482371 490629
r-471 41 0.095122 41 0.095122 -1 -1 -1 -1
r-748 38 0.512091 38 0.512091 1079267667 1066718311 951758916 941633790
r-943 37 0.348348 37 0.348348 9459309 4141046943 7877711 8023454
r-922 17 0.485294 17 0.485294 34530 32056 26392 26551
r-223 30 0.128736 30 0.128736 8182611 5094721 5835334 5155733
r-930 26 0.52 26 0.52 2342298 2572984 2033662 2087773
r-847 19 0.280702 19 0.280702 3124542631 2417527162 307878865 222654332
r-333 26 0.0769231 26 0.0769231 -1 -1 -1 -1
r-182 35 0.329412 35 0.329412 213213841 168722986 200403448 203135844
r-365 44 0.426004 44 0.426004 244356404 359871342 267397784 273693324
r-947 20 0.189474 20 0.189474 16624179116 16239847805 1119521178 768327503
r-720 32 0.465726 32 0.465726 8088860 8063137 5439845 5270025
r-267 45 0.4 45 0.4 3353972246 1068683097 550323561 497616515
r-989 34 0.40107 34 0.40107 12475984 2526118399 12443562 12992177
r-172 34 0.45098 34 0.45098 18275812 16048941 12751029 12424290
r-184 40 0.492308 40 0.492308 2238794350 2242674357 1891829845 1852186981
r-708 25 0.08 25 0.08 -1 -1 -1 -1
r-447 42 0.511034 42 0.511034 1829606267 1718925894 1725872260 1742030876
r-153 29 0.246305 29 0.246305 66315351 -1 65798846 65798836
r-7 16 0.5 16 0.5 12693 13106 10501 10629
r-317 31 0.511828 31 0.511828 31085063 32218042 27490324 27089999
r-528 35 0.443697 35 0.443697 339733630 379849382 302886003 303784356
r-331 43 0.511628 43 0.511628 2750945205 2835000683 2409103964 2354851301
r-237 31 0.27957 31 0.27957 51452753 71499342 46466601 47102528
r-437 27 0.461538 27 0.461538 6379754 6233570 5224414 5226360
r-140 25 0.153333 25 0.153333 -1 -1 -1 -1
r-491 36 0.488889 36 0.488889 77188249 79301372 55360081 54190860
r-676 26 0.409231 26 0.409231 3478555 1752362 1092532 1031015
r-733 37 0.405405 37 0.405405 1199538497 1347324108 1106879336 1110515274
r-468 39 0.145749 39 0.145749 5063322437 2389542155 3247343063 2837716168
r-991 21 0.32381 21 0.32381 265356 161962 200057 187150
r-296 20 0.478947 20 0.478947 123145 147965 90988 86801
r-370 37 0.405405 37 0.405405 37653789 106486485 35491699 36182206
r-644 42 0.214866 42 0.214866 -1 -1 -1 -1
r-826 33 0.503788 33 0.503788 97898190 94320434 86241446 84730819
r-211 34 0.508021 34 0.508021 86102610 102395878 82263798 83839102
r-47 26 0.492308 26 0.492308 3476930 4708201 2883133 2842320
r-110 42 0.214866 42 0.214866 2922777931 2292242535 1921513792 1820003431
r-782 25 0.333333 25 0.333333 107458 46833116 90079 90560
r-420 35 0.329412 35 0.329412 -1 -1 2880795890 2047908405
r-885 28 0.452381 28 0.452381 12763684 13378115 11036810 10792871
r-348 36 0.512698 36 0.512698 446030129 426388194 397368074 392247945
r-24 36 0.512698 36 0.512698 234444426 261153989 229483490 235637527
r-900 22 0.52381 22 0.52381 502804 478902 435801 447021
r-289 38 0.398293 38 0.398293 1099408587 1274016734 1038046365 1054034006
r-412 23 0.442688 23 0.442688 900364 827084 770753 768416
r-879 26 0.323077 26 0.323077 1586143 1920390 1259246 1226148
r-500 43 0.310078 43 0.310078 416853589 -1 409154448 410046532
r-540 35 0.504202 35 0.504202 248594416 241126382 219853650 218742505
r-979 21 0.495238 21 0.495238 255210 262231 181974 174791
r-254 27 0.501425 27 0.501425 3766812 5167506 3918859 4049649
r-20 26 0.470769 26 0.470769 1948557 2039766 1548532 1536819
r-1000 44 0.30444 44 0.30444 -1 -1 -1 -1
r-79 29 0.339901 29 0.339901 21273688 26087701 18336631 18013362
r-440 22 0.506494 22 0.506494 336794 283671 294112 295401
r-188 28 0.349206 28 0.349206 15202781 17863731 13209624 13299007
r-867 24 0.507246 24 0.507246 687983 604647 651047 660094
r-681 17 0.529412 17 0.529412 18202 19244 15317 14662
r-396 22 0.519481 22 0.519481 569698 580134 505096 503005
r-906 39 0.472335 39 0.472335 243801004 189590109 158644108 152878150
r-113 16 0.325 16 0.325 9779 308609 8920 8920
r-759 35 0.420168 35 0.420168 63927538 31817355 22530813 21312031
r-29 41 0.139024 41 0.139024 771682407 1863472903 731251260 752051964
r-773 44 0.426004 44 0.426004 518583886 817631598 553100318 566979779
r-951 34 0.499109 34 0.499109 142487286 121733876 115361862 114270437
r-497 26 0.270769 26 0.270769 -1 -1 1175052850 800980187
r-547 26 0.52 26 0.52 2836024 2725104 2535161 2582003
r-362 45 0.511111 45 0.511111 -1 -1 -1 -1
r-201 29 0.192118 29 0.192118 1160401 1894223 1026507 1051512
r-945 26 0.270769 26 0.270769 3628339 3974610 2876564 2807013
r-819 22 0.367965 22 0.367965 1386829 733378 267942 237299
r-1 36 0.285714 36 0.285714 -1 -1 -1 -1
r-549 26 0.212308 26 0.212308 -1 -1 -1 -1
r-817 35 0.252101 35 0.252101 213212223 345517077 195643263 197460727
r-77 17 0.382353 17 0.382353 44889 38311 37978 37163
r-619 38 0.234708 38 0.234708 1099600974 1198238909 758652736 735766160
r-765 44 0.273784 44 0.273784 302479264 -1 301257079 301294224
r-714 19 0.350877 19 0.350877 159592 150477 139588 136773
r-699 20 0.394737 20 0.394737 250079 315668 224493 238428
r-971 18 0.522876 18 0.522876 49792 47862 43069 42828
r-545 43 0.504983 43 0.504983 -1 -1 -1 -1
r-598 24 0.228261 24 0.228261 -1 -1 -1 -1
r-78 38 0.14936 38 0.14936 -1 -1 -1 -1
r-975 31 0.503226 31 0.503226 21363940 23292117 18470795 18134617
r-648 43 0.465116 43 0.465116 888753913 726683968 578898709 555822217
r-485 23 0.403162 23 0.403162 158278 366954 106340 106713
r-380 29 0.133005 29 0.133005 -1 -1 -1 -1
r-381 37 0.315315 37 0.315315 814063394 1199133660 777548413 795863979
r-17 42 0.511034 42 0.511034 2201510576 2054559257 1889717096 1851093634
r-789 38 0.193457 38 0.193457 -1 -1 -1 -1
r-555 41 0.219512 41 0.219512 -1 -1 -1 -1
r-395 41 0.504878 41 0.504878 1171831794 1407656374 1190630252 1216031930
r-415 20 0.521053 20 0.521053 253410 135536 232685 233231
r-228 16 0.325 16 0.325 14612 15067 12249 12354
r-883 34 0.370766 34 0.370766 568673720 90362932 34840005 27946449
r-263 28 0.198413 28 0.198413 -1 -1 -1 -1
r-764 42 0.371661 42 0.371661 -1 -1 -1 -1
r-245 35 0.420168 35 0.420168 60032442 31760348 23107372 21940182
r-564 43 0.389812 43 0.389812 -1 -1 -1 -1
r-309 28 0.452381 28 0.452381 5098217 3950563 3105114 2978526
r-611 22 0.246753 22 0.246753 15164285004 11827432128 3831392111 3494316164
r-12 39 0.364372 39 0.364372 3897236753 1435093717 235496337 201261079
r-344 36 0.474603 36 0.474603 91072428 67763458 64587000 62827079
r-927 36 0.436508 36 0.436508 25084192 38165968 21771999 22044269
r-410 31 0.180645 31 0.180645 18612787 24485388 13688881 13227180
r-737 17 0.485294 17 0.485294 22338 15360 17431 17432
r-557 31 0.503226 31 0.503226 51738378 49796611 47165412 47261696
r-874 28 0.507937 28 0.507937 17811751 17600337 16134456 16197710
r-290 18 0.366013 18 0.366013 297230 234944 31995 26148
r-98 35 0.208403 35 0.208403 299979357 232397484 234634093 223353988
r-749 17 0.514706 17 0.514706 46174 43753 41127 40631
r-729 15 0.419048 15 0.419048 11986 10470 8888 8695
r-760 17 0.220588 17 0.220588 7567 7182 6431 6287
r-488 15 0.47619 15 0.47619 7856 8577 5929 5826
r-525 39 0.364372 39 0.364372 3101356824 2980039099 2607112971 2545922063
r-590 42 0.437863 42 0.437863 479370931 764933035 483962345 493827028
r-936 31 0.511828 31 0.511828 23052107 25982212 21281705 21661660
r-51 17 0.441176 17 0.441176 31189 25937 25770 24688
r-226 24 0.431159 24 0.431159 435327 584629 317593 315649
r-292 43 0.511628 43 0.511628 3123210416 -1 -1 -1
r-255 43 0.27907 43 0.27907 -1 -1 -1 -1
r-71 43 0.449612 43 0.449612 -1 -1 -1 -1
r-496 22 0.519481 22 0.519481 342806 365608 285483 287181
r-758 35 0.329412 35 0.329412 242133366 355781265 234608960 239310457
r-221 23 0.0869565 23 0.0869565 -1 -1 -1 -1
r-635 21 0.466667 21 0.466667 285942 314962 240680 233433
r-984 30 0.48046 30 0.48046 46221551 40684159 38584366 38050041
r-127 40 0.466667 40 0.466667 -1 3300114869 2800342926 2745072592
r-533 44 0.332981 44 0.332981 -1 -1 -1 -1
r-624 32 0.514113 32 0.514113 54432007 52788000 47157231 46000461
r-711 34 0.515152 34 0.515152 95869378 95017302 85377440 84197483
r-125 39 0.512821 39 0.512821 797715537 697539710 748905220 750295861
r-53 45 0.509091 45 0.509091 -1 -1 -1 -1
r-668 17 0.441176 17 0.441176 23969 20616 18226 18106
r-404 27 0.518519 27 0.518519 9616425 9062205 8564400 8428097
r-403 17 0.441176 17 0.441176 13450 10500 10700 10294
r-306 38 0.490754 38 0.490754 858385937 897638019 697573758 678816403
r-793 32 0.483871 32 0.483871 86985337 97159502 73497179 71729154
r-845 38 0.341394 38 0.341394 960626708 1275773133 892099345 901619571
r-976 42 0.483159 42 0.483159 1022450741 880044452 695640031 674599804
r-924 42 0.315912 42 0.315912 -1 -1 -1 -1
r-206 42 0.512195 42 0.512195 2848955334 2571631296 2525599702 2489129995
r-526 45 0.4 45 0.4 3216299334 1454295149 410125174 372779137
r-933 44 0.332981 44 0.332981 106231033 -1 120411964 123051951
r-625 20 0.478947 20 0.478947 171218 173585 140429 136332
r-779 29 0.512315 29 0.512315 9747621 12579700 8723840 8563980
r-478 39 0.437247 39 0.437247 165621904 98119896 93327231 90651212
r-35 44 0.494715 44 0.494715 -1 -1 -1 -1
r-4 30 0.287356 30 0.287356 20029109 19636548 15324355 14852334
r-260 41 0.443902 41 0.443902 376126919 271172943 229562546 220195120
r-503 35 0.110924 35 0.110924 -1 -1 -1 -1
r-816 24 0.431159 24 0.431159 728859 441400 312442 295158
r-397 40 0.480769 40 0.480769 267129932 324563435 230172457 230272556
r-88 23 0.513834 23 0.513834 640540 674942 611475 601329
r-747 28 0.137566 28 0.137566 -1 -1 -1 -1
r-373 40 0.328205 40 0.328205 -1 -1 4703806165 3591909000
r-287 22 0.246753 22 0.246753 32683819 5002844089 32681125 32681125
r-441 41 0.35122 41 0.35122 -1 6376101036 1134554408 894051849
r-268 37 0.348348 37 0.348348 -1 4117197587 1735711371 1158522116
r-580 18 0.522876 18 0.522876 81129 84209 72706 75709
r-376 34 0.213904 34 0.213904 -1 -1 -1 -1
r-710 45 0.268687 45 0.268687 -1 -1 -1 -1
r-889 18 0.522876 18 0.522876 45459 46671 41678 40585
r-857 17 0.382353 17 0.382353 10145 168071 7743 7784
r-704 29 0.339901 29 0.339901 25124051 30151780 21571992 21165562
r-74 31 0.232258 31 0.232258 54181340 44883947 39545441 37944296
r-460 34 0.499109 34 0.499109 86149337 86342406 61354623 60174408
r-310 17 0.382353 17 0.382353 38508 37727 31702 31036
r-8 42 0.135889 42 0.135889 -1 2596751204 -1 -1
r-148 38 0.422475 38 0.422475 854083189 1056741457 721583277 707846624
r-848 43 0.172757 43 0.172757 -1 -1 -1 -1
r-230 26 0.492308 26 0.492308 4345179 4761908 3434934 3363494
r-123 25 0.513333 25 0.513333 1703916 1817827 1580137 1620197
r-656 16 0.233333 16 0.233333 5776 8299 4795 4941
r-63 25 0.453333 25 0.453333 3450463 3032277 3022941 3004631
r-738 18 0.111111 18 0.111111 1523548 -1 1523395 1523395
r-713 26 0.212308 26 0.212308 18506863 -1 17756600 17756600
r-677 19 0.280702 19 0.280702 762352 56091029 760779 760779
r-312 29 0.512315 29 0.512315 15679660 15274804 13969021 13655036
r-37 19 0.526316 19 0.526316 46097 52621 41901 41545
r-539 15 0.47619 15 0.47619 14836 14440 12731 12368
r-30 41 0.42439 41 0.42439 -1 -1 -1 -1
r-603 39 0.267206 39 0.267206 2244620842 2467937634 1781267664 1732300717
r-21 32 0.272177 32 0.272177 168964684 163215911 139505750 135601868
r-523 44 0.511628 44 0.511628 -1 -1 -1 -1
r-999 29 0.37931 29 0.37931 14579839 17230228 12762865 12839052
r-909 29 0.46798 29 0.46798 23996263 22395569 19810441 19604242
r-913 15 0.533333 15 0.533333 8190 5929 7052 7000
r-910 36 0.285714 36 0.285714 -1 -1 -1 -1
r-896 39 0.504723 39 0.504723 945535310 1014613152 848632011 838473850
r-705 18 0.503268 18 0.503268 101446 89308 78069 75625
r-334 36 0.507937 36 0.507937 155130658 172639367 131813026 129358954
r-217 34 0.499109 34 0.499109 99754132 103253596 78147186 76059169
r-150 35 0.252101 35 0.252101 549161768 430563716 417608324 406091504
r-360 43 0.498339 43 0.498339 981105481 1411511422 880706649 899399623
r-623 42 0.284553 42 0.284553 -1 -1 -1 -1
r-701 36 0.488889 36 0.488889 573844864 555094758 496165164 492434946
r-343 45 0.511111 45 0.511111 -1 -1 -1 -1
r-992 33 0.378788 33 0.378788 4951110 188196752 4816460 4935190
r-276 40 0.296154 40 0.296154 -1 -1 -1 -1
r-58 43 0.310078 43 0.310078 -1 -1 -1 -1
r-602 32 0.516129 32 0.516129 51068734 52923672 46933682 46485380
r-42 27 0.433048 27 0.433048 511621 464303 366494 365173
r-519 15 0.514286 15 0.514286 13006 13028 12324 12963
r-665 27 0.518519 27 0.518519 4168241 3929600 3569545 3562944
r-725 17 0.220588 17 0.220588 172978482 281981830 25850735 22080969
r-790 24 0.521739 24 0.521739 785039 831830 648202 631048
r-54 34 0.508021 34 0.508021 66316227 56913203 55771122 54091699
r-596 18 0.503268 18 0.503268 34586 28787 29935 29829
r-582 31 0.124731 31 0.124731 -1 -1 -1 -1
r-912 41 0.443902 41 0.443902 392381656 299775624 248994181 239326953
r-472 29 0.44335 29 0.44335 33213012 34572493 29751629 29790520
r-509 18 0.503268 18 0.503268 62408 54564 53723 53212
r-75 21 0.380952 21 0.380952 395807 314834 338118 330321
r-372 42 0.507549 42 0.507549 -1 -1 -1 -1
r-259 34 0.499109 34 0.499109 162871755 142736445 138473068 136585055
r-86 40 0.184615 40 0.184615 3128138018 -1 2981732165 3060236581
r-445 27 0.39886 27 0.39886 6765499 7427329 5959677 5999895
r-558 22 0.311688 22 0.311688 432899 493442 391428 393610
r-573 37 0.483483 37 0.483483 124134380 115234616 85356082 83231972
r-462 23 0.513834 23 0.513834 815164 670180 708979 690056
r-320 39 0.45614 39 0.45614 122743652 94885129 78246680 75194013
r-364 18 0.294118 18 0.294118 10094 6399622 9031 9031
r-520 36 0.512698 36 0.512698 253550998 224030222 219838798 215043288
r-240 42 0.315912 42 0.315912 -1 -1 -1 -1
r-553 25 0.453333 25 0.453333 4651596 4658531 4008848 3899334
r-683 44 0.5074 44 0.5074 -1 -1 -1 -1
r-187 40 0.384615 40 0.384615 -1 -1 -1 -1
r-823 17 0.308824 17 0.308824 1653902 638623 298113 232427
r-369 39 0.267206 39 0.267206 -1 -1 -1 -1
r-273 23 0.300395 23 0.300395 920719 1060631 818540 806274
r-777 24 0.15942 24 0.15942 -1 -1 -1 -1
r-452 18 0.424837 18 0.424837 89122 94250 74958 74118
r-998 39 0.145749 39 0.145749 -1 -1 -1 -1
r-799 36 0.322222 36 0.322222 -1 -1 4417240041 3170795575
r-506 22 0.415584 22 0.415584 150611 132136 101962 100514
r-167 32 0.497984 32 0.497984 21978431 21109611 16617625 16139881
r-229 23 0.300395 23 0.300395 285404 389640 217542 213029
r-935 17 0.308824 17 0.308824 467401 208880 116097 99118
r-165 19 0.491228 19 0.491228 108861 93901 84020 83019
r-377 38 0.500711 38 0.500711 1448555207 1405299046 1302065322 1293759217
r-361 41 0.512195 41 0.512195 1480646976 1618054127 1373589015 1382379421
r-735 40 0.142308 40 0.142308 -1 -1 -1 -1
r-544 23 0.403162 23 0.403162 291132 1272517 233673 236594
r-293 43 0.478405 43 0.478405 -1 -1 -1 -1
r-389 45 0.490909 45 0.490909 1838431855 2459192034 1652178886 1667955860
r-679 32 0.417339 32 0.417339 8675543 12845475 8116728 8250082
r-436 39 0.504723 39 0.504723 1480143840 1412348360 1328355476 1322565492
r-820 38 0.0526316 38 0.0526316 -1 -1 -1 -1
r-569 40 0.492308 40 0.492308 1709889093 1637974589 1467754003 1459906062
r-513 31 0.516129 31 0.516129 24693719 28298741 21733001 21683341
r-822 44 0.332981 44 0.332981 -1 -1 -1 -1
r-59 31 0.395699 31 0.395699 30704082 12847159 4981204 4581488
r-352 19 0.105263 19 0.105263 -1 -1 -1 -1
r-156 41 0.512195 41 0.512195 1016572293 1030333897 957442575 962244598
r-942 16 0.458333 16 0.458333 19316 14293 8658 7741
r-68 16 0.325 16 0.325 7740 2708609 7049 7049
r-15 45 0.480808 45 0.480808 2916339621 2509016113 2011340044 1950731700
r-663 30 0.23908 30 0.23908 -1 -1 -1 -1
r-3 40 0.142308 40 0.142308 -1 -1 -1 -1
r-556 20 0.336842 20 0.336842 336921 6912517 289215 289122
r-288 34 0.299465 34 0.299465 133779048 163005167 126990281 128370410
r-835 40 0.408974 40 0.408974 2064310997 1821050784 1694215698 1643081929
r-99 18 0.424837 18 0.424837 110265 76530 47096 45759
r-530 34 0.508021 34 0.508021 144230674 127798237 124872784 124486654
r-102 32 0.352823 32 0.352823 70239990 87855986 64772426 65162072
r-561 25 0.22 25 0.22 384095 489704 330283 330999
r-244 41 0.095122 41 0.095122 734449314 1520868916 790808477 870495214
r-426 32 0.508065 32 0.508065 47977065 53610384 43828755 44321506
r-262 16 0.4 16 0.4 8429 10649 5994 6044
r-571 37 0.153153 37 0.153153 -1 -1 -1 -1
r-130 20 0.521053 20 0.521053 136795 120963 127737 134058
r-251 27 0.14245 27 0.14245 -1 -1 -1 -1
r-728 23 0.237154 23 0.237154 451474 726803 430113 439761
r-220 15 0.47619 15 0.47619 5636 6874 3678 3313
r-651 30 0.48046 30 0.48046 3886756 4428600 3341584 3413757
r-294 32 0.314516 32 0.314516 33991333 52402785 34003229 34917550
r-732 18 0.424837 18 0.424837 43544 39258 35170 34426
r-208 25 0.28 25 0.28 787872 4973791309 778133 778141
r-752 32 0.417339 32 0.417339 83603143 90253376 72304648 72480020
r-868 39 0.472335 39 0.472335 214053483 213380347 144578443 140582273
r-480 34 0.40107 34 0.40107 376672968 228061653 303394875 295550961
r-85 24 0.228261 24 0.228261 -1 -1 7691558091 5045427814
r-988 22 0.519481 22 0.519481 606610 615554 518490 505929
r-67 15 0.47619 15 0.47619 7494 8112 5595 5518
r-474 32 0.387097 32 0.387097 45021212 18433434 7103402 6529126
r-852 22 0.484848 22 0.484848 500239 471420 422655 414830
r-622 34 0.213904 34 0.213904 170093126 287877880 162179641 166420950
r-76 44 0.502114 44 0.502114 -1 -1 -1 -1
r-956 42 0.344948 42 0.344948 -1 -1 -1 -1
r-101 31 0.395699 31 0.395699 19136618 6984700 4762761 4540040
r-806 35 0.420168 35 0.420168 280831858 324777562 236979878 231176482
r-487 30 0.23908 30 0.23908 -1 -1 -1 -1
r-940 30 0.434483 30 0.434483 4792397 6554982 4116221 4149975
r-800 29 0.339901 29 0.339901 1637425 203768577 1472566 1480167
r-387 22 0.415584 22 0.415584 187413 216179 153532 153357
r-49 29 0.44335 29 0.44335 7097868 5046392 3868158 3628563
r-918 24 0.507246 24 0.507246 2247415 2312241 1759308 1706743
r-853 23 0.237154 23 0.237154 283722 322807 274161 281380
r-142 35 0.393277 35 0.393277 296643779 274901828 240771909 232895455
r-709 22 0.52381 22 0.52381 487249 434458 425816 431572
r-548 27 0.262108 27 0.262108 19052760 -1 19029341 19029352
r-715 22 0.367965 22 0.367965 813018 385746 137269 118205
r-767 29 0.37931 29 0.37931 772693 5862062 607128 608753
r-128 33 0.306818 33 0.306818 7946111 -1 7546379 7553521
r-552 45 0.438384 45 0.438384 644218727 940855933 673436683 686953123
r-841 17 0.514706 17 0.514706 33373 31343 29702 28792
r-893 30 0.514943 30 0.514943 13161426 12976084 11070752 10876460
r-341 40 0.466667 40 0.466667 210366734 298757157 192134838 194659720
r-672 25 0.42 25 0.42 2399012 2243104 1808763 1743170
r-401 19 0.19883 19 0.19883 9000 7177 5279 5099
r-923 33 0.306818 33 0.306818 247937618 -1 247646067 247645715
r-479 36 0.107937 36 0.107937 -1 -1 -1 -1
r-274 32 0.387097 32 0.387097 157929886 139581965 129523592 127014857
r-859 23 0.498024 23 0.498024 643780 525381 513157 507846
r-56 16 0.4 16 0.4 14701 13263 12161 11975
r-155 39 0.099865 39 0.099865 75670479 266754899 73490397 78276408
r-680 18 0.20915 18 0.20915 2716793026 2968754418 216220985 129682652
r-736 22 0.519481 22 0.519481 532383 550302 462272 457528
r-97 25 0.453333 25 0.453333 4537873 4611425 3951085 3916623
r-414 20 0.336842 20 0.336842 178582 219070 170107 172061
r-639 27 0.358974 27 0.358974 432109 35764434 349664 350110
r-808 35 0.363025 35 0.363025 1380232370 437941638 63813314 52678679
r-581 30 0.517241 30 0.517241 24907084 21932864 21570714 21416721
r-856 29 0.487685 29 0.487685 16483893 14591261 13953398 13758157
r-694 23 0.166008 23 0.166008 210495 168985 148535 135656
r-275 16 0.5 16 0.5 13567 15096 10665 10461
r-634 22 0.17316 22 0.17316 490501 350093 264769 228664
r-731 19 0.19883 19 0.19883 272860429 -1 272859758 272859758
r-5 27 0.358974 27 0.358974 5092261 3443797 938782 814283
r-470 39 0.48583 39 0.48583 279359213 252518063 185204227 180370205
r-772 35 0.510924 35 0.510924 270392247 258902862 240797479 237562279
r-926 30 0.404598 30 0.404598 10578803 4491301 3072896 2883719
r-448 28 0.349206 28 0.349206 8832088 9644185 6663853 6491622
r-61 42 0.501742 42 0.501742 -1 -1 -1 -1
r-658 20 0.336842 20 0.336842 18328 1990586 13995 13982
r-55 42 0.493612 42 0.493612 864878950 1127488748 753357383 760211685
r-173 40 0.384615 40 0.384615 2802042268 -1 2613716970 2644475967
r-483 29 0.295567 29 0.295567 23040939 20897144 18138717 17497588
r-463 34 0.40107 34 0.40107 121847517 47964693 19652805 17943845
r-335 21 0.466667 21 0.466667 105372 79074 72356 70384
r-356 45 0.20202 45 0.20202 -1 -1 -1 -1
r-504 27 0.512821 27 0.512821 14059256 12794204 12380640 12207807
r-949 20 0.521053 20 0.521053 73006 73912 66997 65139
r-537 25 0.48 25 0.48 1171388 1280506 845123 820947
r-636 27 0.358974 27 0.358974 32984763 14192679 3377102 2896258
r-809 35 0.393277 35 0.393277 301558750 384550409 286051293 289910109
r-785 30 0.186207 30 0.186207 -1 -1 -1 -1
r-429 23 0.498024 23 0.498024 564009 593409 454712 442281
r-614 27 0.31339 27 0.31339 3796389 4297484 3028711 2937922
r-734 29 0.133005 29 0.133005 -1 -1 -1 -1
r-443 18 0.424837 18 0.424837 19443 15340 13821 13611
r-902 25 0.52 25 0.52 2154497 1973314 1932950 1950928
r-313 24 0.344203 24 0.344203 297407554 123679641 18706745 13348542
r-299 21 0.180952 21 0.180952 50365 35386 29687 27411
r-384 21 0.428571 21 0.428571 100739 83645 76974 76545
r-518 40 0.0974359 40 0.0974359 -1 -1 -1 -1
r-792 24 0.0833333 24 0.0833333 -1 -1 -1 -1
r-937 15 0.533333 15 0.533333 8045 8273 6974 6983
r-104 36 0.474603 36 0.474603 99113319 85264997 67757038 66253154
r-662 17 0.382353 17 0.382353 8133 12521 5939 5905
r-965 18 0.20915 18 0.20915 660337959 444318668 41066781 20040730
r-964 45 0.509091 45 0.509091 -1 -1 -1 -1
r-158 44 0.511628 44 0.511628 -1 -1 -1 -1
r-899 26 0.369231 26 0.369231 4638531 4802327 4197057 4233034
r-194 33 0.492424 33 0.492424 30550638 37309656 25317609 25881846
r-585 34 0.299465 34 0.299465 276842407 391684316 265075594 268988037
r-674 19 0.51462 19 0.51462 144899 72982 131737 134445
r-851 16 0.5 16 0.5 10183 6892 8688 8482
r-41 45 0.490909 45 0.490909 3096268104 2636519118 2081204949 2045380593
r-796 21 0.514286 21 0.514286 142444 131139 102961 99290
r-778 45 0.438384 45 0.438384 -1 -1 -1 -1
r-106 31 0.0645161 31 0.0645161 -1 -1 -1 -1
r-83 26 0.52 26 0.52 2715047 3329279 2438889 2431745
r-784 25 0.453333 25 0.453333 4498798 4574377 3705151 3631252
r-911 33 0.378788 33 0.378788 95454713 85754969 77168564 75149727
r-19 22 0.311688 22 0.311688 12964692 7040810 2497450 2234938
r-281 24 0.507246 24 0.507246 1598421 1440219 1359766 1340494
r-87 41 0.47561 41 0.47561 -1 -1 -1 -1
r-493 18 0.424837 18 0.424837 19939 16845 14606 14652
r-159 19 0.51462 19 0.51462 44187 36554 39125 40598
r-538 29 0.502463 29 0.502463 6770285 7755939 5079626 4895549
r-454 26 0.270769 26 0.270769 2003463 1873419 1724212 1746838
r-171 25 0.22 25 0.22 1335057 2053866 997173 952407
r-222 35 0.510924 35 0.510924 201524474 208202737 178615835 180284148
r-871 35 0.161345 35 0.161345 -1 -1 -1 -1
r-612 28 0.304233 28 0.304233 3642766239 2059745375 176767677 133332767
r-524 32 0.465726 32 0.465726 84799948 97826633 76973439 77005655
r-846 25 0.08 25 0.08 -1 -1 -1 -1
r-253 20 0.394737 20 0.394737 87108 52115 37046 35944
r-379 29 0.246305 29 0.246305 24210943 20603876 18782385 18032914
r-316 43 0.498339 43 0.498339 -1 -1 -1 -1
r-73 37 0.513514 37 0.513514 249053537 255900374 241949269 246833158
r-451 37 0.198198 37 0.198198 959304977 1535359970 916848065 932955201
r-638 29 0.46798 29 0.46798 27307277 27140514 22961095 22384527
r-81 28 0.349206 28 0.349206 9289478 12715405 9006487 9183885
r-430 34 0.513369 34 0.513369 109125410 113991661 102736674 104015799
r-94 22 0.506494 22 0.506494 663087 630673 571063 558000
r-873 38 0.500711 38 0.500711 772473768 666703486 688329971 679749437
r-347 33 0.170455 33 0.170455 -1 -1 -1 -1
r-22 43 0.431894 43 0.431894 335895794 506409547 354117675 362414243
r-400 19 0.350877 19 0.350877 106808 93670 96499 93644
r-827 20 0.189474 20 0.189474 -1 -1 4473729696 3137149356
r-16 35 0.494118 35 0.494118 354630416 368226388 300730779 294901100
r-285 28 0.47619 28 0.47619 5654379 5621144 3953068 3791807
r-345 21 0.32381 21 0.32381 14905447 11388073 1987774 1624402
r-522 25 0.453333 25 0.453333 669493 623602 515347 511526
r-386 34 0.258467 34 0.258467 205694578 -1 192813572 192813372
r-295 37 0.483483 37 0.483483 949938550 958429146 838826169 839262626
r-48 45 0.480808 45 0.480808 2257770813 1817649119 1539957179 1502518183
r-678 37 0.198198 37 0.198198 250209930 268649007 217371765 219003016
r-246 39 0.415655 39 0.415655 344276104 163289733 116087741 110276875
r-993 22 0.311688 22 0.311688 507305 793734 424255 423707
r-531 15 0.247619 15 0.247619 2354 2452 1983 1979
r-897 32 0.465726 32 0.465726 17390616 22809416 16400605 16590346
r-114 19 0.19883 19 0.19883 6829 7671 5295 5422
r-481 19 0.409357 19 0.409357 76264 77266 62620 62282
r-375 33 0.0606061 33 0.0606061 -1 -1 -1 -1
r-346 37 0.378378 37 0.378378 488913461 609316961 462913825 468717106
r-131 30 0.287356 30 0.287356 -1 -1 10511573909 6010571312
r-954 22 0.506494 22 0.506494 648975 486233 585722 578784
r-536 30 0.404598 30 0.404598 9129073 3656325 2037032 1905779
r-586 28 0.42328 28 0.42328 1848939 3483576 1525087 1544912
r-957 27 0.14245 27 0.14245 571412 2049230 558378 607126
r-103 23 0.237154 23 0.237154 359387 600877 337458 342616
r-583 35 0.443697 35 0.443697 427015651 473917104 374789377 373006530
r-568 38 0.477952 38 0.477952 1833088338 1936494625 1639132240 1641065023
r-38 27 0.512821 27 0.512821 6815019 5144979 5796307 5675788
r-990 41 0.139024 41 0.139024 -1 -1 -1 -1
r-702 20 0.521053 20 0.521053 147617 187419 133165 131171
r-654 17 0.220588 17 0.220588 16139 10335 14079 14133
r-249 33 0.409091 33 0.409091 120610438 122681635 100008737 97782025
r-494 21 0.428571 21 0.428571 145854 107207 68882 65366
r-666 26 0.470769 26 0.470769 1574005 1434237 1228316 1215078
r-439 32 0.352823 32 0.352823 79143028 101098386 74200425 74768587
r-145 18 0.424837 18 0.424837 36414 49141 29045 28625
r-154 25 0.153333 25 0.153333 351991 225064 247916 240399
r-766 39 0.48583 39 0.48583 266968616 316583550 227340585 228760419
r-336 42 0.344948 42 0.344948 48016553 -1 45257663 46033112
r-595 42 0.250871 42 0.250871 -1 -1 -1 -1
r-227 28 0.253968 28 0.253968 5957039 3371174 4617749 4211944
r-305 40 0.224359 40 0.224359 -1 3069676101 3465210100 3310178667
r-138 18 0.503268 18 0.503268 88387 82573 78147 77453
r-987 39 0.415655 39 0.415655 2742159095 2494898839 2275946684 2232627845
r-205 26 0.270769 26 0.270769 -1 -1 4558309281 3234393067
r-843 26 0.323077 26 0.323077 2773869 2491748 2249356 2150626
r-939 40 0.466667 40 0.466667 258535694 184662146 170947145 164018840
r-212 25 0.153333 25 0.153333 -1 -1 -1 -1
r-6 18 0.20915 18 0.20915 15894 4297721834 15493 15493
r-559 19 0.526316 19 0.526316 40601 42281 35935 34416
r-421 45 0.127273 45 0.127273 -1 4870177738 3341788903 3013857014
r-974 21 0.32381 21 0.32381 338553 330216 270554 259228
r-126 29 0.487685 29 0.487685 26855270 25672477 22464217 21875738
r-476 23 0.442688 23 0.442688 539832 308561 206657 189575
r-722 43 0.33887 43 0.33887 -1 -1 -1 -1
r-232 45 0.327273 45 0.327273 -1 -1 -1 -1
r-972 20 0.526316 20 0.526316 260089 225183 238760 244231
r-176 33 0.477273 33 0.477273 117432522 108806003 93019271 90323519
r-505 21 0.495238 21 0.495238 187374 156867 147344 143907
r-382 45 0.490909 45 0.490909 2071519283 1893356927 1476659041 1441429165
r-593 17 0.529412 17 0.529412 26194 30182 25890 26531
r-609 42 0.371661 42 0.371661 -1 -1 -1 -1
r-304 33 0.477273 33 0.477273 16850818 20493177 13999527 14069167
r-803 40 0.45 40 0.45 216101270 282358265 200834975 203719212
r-107 29 0.46798 29 0.46798 23723643 22578370 19930334 19325826
r-424 44 0.241015 44 0.241015 -1 -1 -1 -1
r-601 43 0.33887 43 0.33887 -1 -1 -1 -1
r-43 28 0.507937 28 0.507937 8017506 7900473 6850042 6630788
r-898 28 0.494709 28 0.494709 14021487 12962117 11944360 11911641
r-599 39 0.45614 39 0.45614 1499814133 1505303322 1327706807 1336066174
r-901 23 0.521739 23 0.521739 724924 772504 680367 708059
r-407 25 0.52 25 0.52 2595822 2041997 2205773 2151248
r-351 17 0.514706 17 0.514706 42468 31518 39396 38778
r-941 35 0.494118 35 0.494118 375357435 358615237 325291827 323298695
r-961 34 0.165775 34 0.165775 129811784 118479633 95397177 89877940
r-690 34 0.499109 34 0.499109 159062335 149337780 136645901 136039398
r-124 43 0.245847 43 0.245847 -1 -1 -1 -1
r-973 29 0.246305 29 0.246305 -1 -1 -1 -1
r-516 28 0.253968 28 0.253968 8600188 8406272 6928907 6797533
r-327 31 0.503226 31 0.503226 51949116 54938354 46330421 46011082
r-278 24 0.344203 24 0.344203 1423376 1810906 1318912 1331114
r-739 35 0.443697 35 0.443697 399857454 425132921 361163569 364290953
r-515 27 0.358974 27 0.358974 443840 36563186 353827 353825
r-865 38 0.490754 38 0.490754 155824670 201351257 126555466 126243947
r-134 15 0.533333 15 0.533333 11350 11556 9994 9813
r-453 35 0.329412 35 0.329412 435779117 387891365 347585133 338876868
r-757 15 0.419048 15 0.419048 3773 2864 2656 2640
r-408 31 0.503226 31 0.503226 22049167 25446818 19219799 18751207
r-948 16 0.233333 16 0.233333 3896 5089 4153 4191
r-775 25 0.5 25 0.5 589080 646170 408273 396761
r-592 45 0.509091 45 0.509091 -1 -1 -1 -1
r-641 27 0.501425 27 0.501425 4589525 4258366 3864183 3729721
r-917 32 0.272177 32 0.272177 262668111 -1 262515314 262515547
r-2 39 0.415655 39 0.415655 179020048 81220571 60799280 58069658
r-996 38 0.507824 38 0.507824 193204600 221028692 202882966 207221796
r-653 44 0.510571 44 0.510571 -1 -1 -1 -1
r-830 29 0.339901 29 0.339901 12471773 17554025 10925811 11296318
r-825 31 0.124731 31 0.124731 12430619 7030011 3714373 3520654
r-298 24 0.0833333 24 0.0833333 46163934 -1 46163658 46163658
r-64 43 0.389812 43 0.389812 157973192 1009084326 171284497 176764139
r-724 16 0.525 16 0.525 26420 22186 22852 22312
r-633 34 0.40107 34 0.40107 9714475 22148168 8815798 8877121
r-355 23 0.498024 23 0.498024 372016 391704 244723 239446
r-174 29 0.339901 29 0.339901 11782028 553402220 11398500 11396367
r-11 21 0.466667 21 0.466667 107513 79847 70570 69727
r-788 40 0.45 40 0.45 422596956 355784231 275676779 266374044
r-925 38 0.308677 38 0.308677 1766477455 1449274068 1382711685 1344524512
r-170 34 0.370766 34 0.370766 1106703080 226972905 89961195 71681837
r-572 31 0.27957 31 0.27957 35956249 50251182 32700272 32974264
r-297 30 0.404598 30 0.404598 2865448 4152309 2129116 2125556
r-661 40 0.384615 40 0.384615 -1 3110011502 2882143580 2821145078
r-692 20 0.505263 20 0.505263 130756 158603 118584 117047
r-398 32 0.387097 32 0.387097 82074440 100227683 69040780 67579911
r-565 45 0.0868687 45 0.0868687 3498661161 -1 3291512892 3667843459
r-691 41 0.256098 41 0.256098 -1 -1 -1 -1
r-717 32 0.465726 32 0.465726 62217156 74099964 52752348 51880305
r-534 38 0.308677 38 0.308677 705543455 1060262264 647374173 661696632
r-980 29 0.517241 29 0.517241 7918757 9181275 7161251 7073986
r-706 31 0.0645161 31 0.0645161 -1 -1 -1 -1
r-839 44 0.502114 44 0.502114 2814445623 3361966158 2387947188 2328276046
r-828 33 0.344697 33 0.344697 4009253 1139615837 3367680 3382798
r-66 30 0.404598 30 0.404598 19802036 24147711 17616901 17650745
r-716 44 0.443975 44 0.443975 660037672 1109737858 702636285 719421885
r-532 39 0.45614 39 0.45614 239856046 194896850 148674272 144460086
r-742 23 0.300395 23 0.300395 506852440 326430294 39832484 29574940
r-928 41 0.378049 41 0.378049 2672085490 -1 2536366622 2565735304
r-791 42 0.455285 42 0.455285 -1 -1 -1 -1
r-645 36 0.322222 36 0.322222 8063443 -1 7730568 7855097
r-631 30 0.508046 30 0.508046 28791312 29220691 25680654 25284381
r-323 17 0.441176 17 0.441176 38427 31967 13760 12910
r-321 34 0.508021 34 0.508021 78262035 95562800 67740951 66065734
r-135 32 0.508065 32 0.508065 77846063 99721919 69327582 68208622
r-869 21 0.514286 21 0.514286 175632 197338 148179 145554
r-960 24 0.15942 24 0.15942 238279 235847 195561 201138
r-258 20 0.336842 20 0.336842 99735 69574 69031 66594
r-685 28 0.515873 28 0.515873 7589628 7875999 7151430 7295743
r-431 35 0.504202 35 0.504202 169873281 178235223 148968305 147430292
r-357 41 0.460976 41 0.460976 -1 -1 -1 -1
r-508 33 0.492424 33 0.492424 41955159 38995414 27804113 26902331
r-243 30 0.508046 30 0.508046 10930345 11047781 9915017 10067451
r-952 21 0.52381 21 0.52381 263195 261533 220584 212704
r-746 39 0.510121 39 0.510121 636083810 728344665 613652550 619837536
r-406 27 0.358974 27 0.358974 703063 10493215 613415 615056
r-604 32 0.120968 32 0.120968 -1 -1 -1 -1
r-719 33 0.492424 33 0.492424 160336299 143927889 133406794 130914802
r-394 27 0.518519 27 0.518519 6635301 6557145 6245475 6382055
r-621 26 0.470769 26 0.470769 7298943 6734884 6098340 6016294
r-985 16 0.533333 16 0.533333 12963 20694 12014 11652
r-196 25 0.333333 25 0.333333 3038917 4173405 2794640 2827933
r-934 18 0.366013 18 0.366013 19624 15551 14369 14660
r-502 37 0.45045 37 0.45045 118625915 87453949 67589767 64418361
r-257 41 0.180488 41 0.180488 -1 4340910650 -1 -1
r-838 18 0.470588 18 0.470588 18125 24845 16158 16343
r-955 28 0.515873 28 0.515873 9483855 9566340 8216387 8146010
r-630 35 0.494118 35 0.494118 332638638 320670275 290098007 288215392
r-541 18 0.424837 18 0.424837 10577 10137 5622 5496
r-750 30 0.128736 30 0.128736 744067 1263674 704614 710753
r-250 42 0.284553 42 0.284553 -1 -1 -1 -1
r-920 43 0.172757 43 0.172757 -1 -1 -1 -1
r-761 20 0.521053 20 0.521053 246899 273607 223783 219774
r-146 39 0.496626 39 0.496626 662698910 577848749 459603614 457139234
r-112 45 0.505051 45 0.505051 -1 -1 -1 -1
r-40 44 0.40592 44 0.40592 323356081 959645740 348296601 358634009
r-958 16 0.458333 16 0.458333 8452 7403 6469 6460
r-308 22 0.17316 22 0.17316 66749 158958 62608 68286
r-270 26 0.470769 26 0.470769 3091615 3147035 2590663 2548299
r-861 40 0.184615 40 0.184615 -1 -1 -1 -1
r-458 43 0.389812 43 0.389812 136428564 508424723 140868534 144018646
r-161 17 0.117647 17 0.117647 22060 -1 21932 21932
r-723 30 0.45977 30 0.45977 24575936 25403169 20321280 20147300
r-374 33 0.219697 33 0.219697 45412685 89379060 43148900 43613179
r-745 41 0.378049 41 0.378049 -1 -1 -1 -1
r-890 21 0.495238 21 0.495238 196280 216917 160074 154397
r-45 44 0.241015 44 0.241015 -1 -1 -1 -1
r-880 20 0.521053 20 0.521053 135432 147874 120411 116259
r-446 33 0.344697 33 0.344697 399028222 104585716 25694608 20880012
r-118 28 0.198413 28 0.198413 1491378 2448923 1367206 1409004
r-18 23 0.442688 23 0.442688 894285 985694 766358 753051
r-771 36 0.246032 36 0.246032 367180904 702131940 341930356 353249184
r-261 34 0.470588 34 0.470588 35764764 44685357 32169228 32387649
r-62 32 0.483871 32 0.483871 27527229 24360477 18873697 18389889
r-435 45 0.511111 45 0.511111 -1 -1 -1 -1
r-812 24 0.391304 24 0.391304 7622201 4053997 1046874 842229
r-908 26 0.147692 26 0.147692 221702 433885 199863 205153
r-314 31 0.451613 31 0.451613 13171630 10740806 8736724 8418852
r-718 41 0.504878 41 0.504878 2271099512 2515173445 2068149822 2066527326
r-499 17 0.382353 17 0.382353 37088 34923 30537 31007
r-152 27 0.31339 27 0.31339 1848986 2334712 1620941 1658371
r-579 42 0.507549 42 0.507549 2393595047 2523000925 2147167256 2147469892
r-616 44 0.0454545 44 0.0454545 -1 -1 -1 -1
r-587 33 0.511364 33 0.511364 46157038 55541307 40621391 40583172
r-465 34 0.0588235 34 0.0588235 -1 -1 -1 -1
r-143 15 0.247619 15 0.247619 12228 30064 13817 15301
r-39 30 0.508046 30 0.508046 19734263 16381543 16540923 16393924
r-358 16 0.458333 16 0.458333 7737 5646 6606 6394
r-632 36 0.157143 36 0.157143 189941476 115988947 129208559 121735900
r-332 32 0.497984 32 0.497984 22644101 21668638 15279372 14865461
r-149 29 0.37931 29 0.37931 1491175 77360802 1257574 1262208
r-591 31 0.451613 31 0.451613 6803232 8203036 5684416 5739030
r-388 35 0.514286 35 0.514286 203882689 179302243 181992683 179050714
r-50 34 0.508021 34 0.508021 59963631 66129018 56494909 56944773
r-151 21 0.466667 21 0.466667 331471 288712 257704 250003
r-473 29 0.37931 29 0.37931 20936181 19062922 17306755 16616895
r-137 22 0.415584 22 0.415584 168459 306426 131369 131499
r-574 41 0.256098 41 0.256098 -1 -1 -1 -1
r-693 30 0.514943 30 0.514943 16321400 16455359 14422859 14575091
r-529 15 0.533333 15 0.533333 9962 10165 8440 8363
r-575 20 0.505263 20 0.505263 204551 209807 177469 172413
r-646 40 0.357692 40 0.357692 114492407 2638741259 124453522 125261381
r-216 33 0.219697 33 0.219697 -1 -1 -1 -1
r-147 33 0.117424 33 0.117424 5444422 4175543 4660107 4459760
r-560 38 0.422475 38 0.422475 67991882 134566241 68226332 69747296
r-842 30 0.48046 30 0.48046 8328999 9036876 6884861 6956894
r-100 16 0.525 16 0.525 10378 10998 9321 9278
r-442 21 0.514286 21 0.514286 318056 315451 279012 272403
r-606 39 0.364372 39 0.364372 1376727297 1637692995 1137784304 1111633978
r-157 21 0.52381 21 0.52381 299443 464202 270536 266621
r-175 18 0.503268 18 0.503268 74247 77065 60662 58104
r-514 36 0.355556 36 0.355556 477190186 410192780 379154610 365224754
r-383 22 0.519481 22 0.519481 429046 520418 372483 363644
r-328 24 0.518116 24 0.518116 1070923 1114252 915395 891383
r-477 19 0.491228 19 0.491228 104011 96412 88621 87823
r-521 18 0.503268 18 0.503268 53351 43609 45563 43980
r-238 18 0.366013 18 0.366013 8517 93191 6700 6754
r-60 39 0.48583 39 0.48583 1406774274 1376105997 1198083268 1189745625
r-743 41 0.139024 41 0.139024 -1 -1 -1 -1
r-91 36 0.488889 36 0.488889 692208319 670652831 601713028 597290359
r-207 28 0.494709 28 0.494709 13903746 13340999 11766156 11499586
r-457 20 0.505263 20 0.505263 270090 276924 243658 240936
r-301 21 0.514286 21 0.514286 315209 273007 260966 259731
r-399 36 0.246032 36 0.246032 1004891077 887167219 793335301 769976688
r-650 30 0.287356 30 0.287356 15963775 11542297 12965926 12277384
r-122 32 0.465726 32 0.465726 12251702 9859381 8517343 8305839
r-626 27 0.358974 27 0.358974 6447247 8169668 5310530 5140811
r-215 36 0.157143 36 0.157143 -1 -1 -1 -1
r-629 24 0.228261 24 0.228261 794130419 -1 723441471 723441471
r-866 45 0.127273 45 0.127273 -1 -1 -1 -1
r-864 15 0.419048 15 0.419048 8907 62250 6800 6864
r-637 38 0.507824 38 0.507824 596669620 450721233 524547071 517971880
r-339 35 0.510924 35 0.510924 257585855 250399877 231370187 233318290
r-836 31 0.511828 31 0.511828 24033802 28731668 23929627 24299139
r-354 16 0.4 16 0.4 9685 9302 7217 7203
r-781 20 0.521053 20 0.521053 132569 157584 120956 119385
r-850 37 0.0540541 37 0.0540541 -1 -1 -1 -1
r-484 19 0.19883 19 0.19883 167965967 5539058529 167965401 167965401
r-834 39 0.145749 39 0.145749 838933383 2129166582 811584529 828248636
r-141 33 0.458333 33 0.458333 6785819 9597994 5575189 5593577
r-770 15 0.419048 15 0.419048 4083 3491 2768 2713
r-69 26 0.507692 26 0.507692 1859157 1617441 1508148 1450166
r-807 26 0.516923 26 0.516923 4829776 4606761 4186443 4200165
r-887 29 0.46798 29 0.46798 4631126 3577488 3271924 3240653
r-70 29 0.37931 29 0.37931 24554894 24105274 20782320 20365007
r-730 27 0.433048 27 0.433048 1547718 1113295 751544 717101
r-804 18 0.470588 18 0.470588 74159 53002 56122 54788
r-527 36 0.385714 36 0.385714 653347354 764380323 593636273 595525435
r-367 18 0.20915 18 0.20915 8427 6719 7019 6374
r-659 25 0.38 25 0.38 2877498 2753807 2411350 2331476
r-239 44 0.169133 44 0.169133 -1 -1 -1 -1
r-588 29 0.192118 29 0.192118 -1 -1 -1 -1
r-810 21 0.495238 21 0.495238 277885 228087 209213 205273
r-311 40 0.480769 40 0.480769 171196381 227967432 157788904 161079405
r-967 21 0.466667 21 0.466667 61632 58999 42872 41121
r-385 19 0.491228 19 0.491228 49445 45596 32884 32162
r-507 28 0.253968 28 0.253968 2210763 2524390 1609576 1574421
r-213 33 0.378788 33 0.378788 176941799 213543107 165163810 166137408
r-203 22 0.415584 22 0.415584 314975 303410 256066 257393
r-577 19 0.19883 19 0.19883 78359 10377898296 77717 77717
r-57 29 0.133005 29 0.133005 -1 -1 -1 -1
r-550 27 0.512821 27 0.512821 4246848 4699956 4089132 4195889
r-486 31 0.36129 31 0.36129 1320184 35461118 1117304 1128083
r-303 23 0.513834 23 0.513834 1707411 1758958 1440491 1401626
r-202 43 0.365449 43 0.365449 -1 -1 -1 -1
r-815 40 0.512821 40 0.512821 1298961031 1322582502 1133800128 1115293440
r-242 28 0.388889 28 0.388889 10528926 1866755 1787173 1502147
r-994 21 0.466667 21 0.466667 504333 420146 401967 396552
r-469 39 0.48583 39 0.48583 1704804353 1592017598 1490388058 1483775780
r-551 29 0.487685 29 0.487685 6904431 4765921 4626071 4498632
r-120 37 0.279279 37 0.279279 -1 -1 -1 -1
r-904 39 0.504723 39 0.504723 837834992 762205348 692477277 674423196
r-186 19 0.105263 19 0.105263 -1 -1 -1 -1
r-886 27 0.39886 27 0.39886 25621176 15492955 2772815 2465245
r-643 23 0.166008 23 0.166008 -1 -1 -1 -1
r-613 24 0.463768 24 0.463768 364751 394513 278703 277655
r-682 27 0.14245 27 0.14245 -1 -1 -1 -1
r-671 25 0.38 25 0.38 3181472 2804825 2664870 2580606
r-193 22 0.506494 22 0.506494 275890 237456 253765 253792
r-578 23 0.237154 23 0.237154 -1 -1 12622389744 8316287227
r-291 30 0.48046 30 0.48046 11836476 10208687 8499007 8188769
r-444 33 0.458333 33 0.458333 128094563 129912561 112135940 112491989
r-489 31 0.0645161 31 0.0645161 -1 -1 -1 -1
r-811 34 0.40107 34 0.40107 300593525 298685878 258568008 252134281
r-10 30 0.186207 30 0.186207 5879002 12233257 5476809 5686600
r-795 41 0.256098 41 0.256098 2415706836 -1 2244361762 2308717132
r-860 39 0.364372 39 0.364372 33568130 2132920255 36432698 37682753
r-780 18 0.111111 18 0.111111 -1 -1 -1 -1
r-543 32 0.272177 32 0.272177 64936849 70332872 48845498 47608212
r-319 22 0.311688 22 0.311688 147767 208659 125904 128612
r-461 33 0.458333 33 0.458333 23928283 18450527 14930473 14382213
r-492 30 0.404598 30 0.404598 25078005 30955412 23379782 23722916
r-340 21 0.428571 21 0.428571 125395 146545 91679 91487
r-432 19 0.526316 19 0.526316 93927 96349 87344 83079
r-944 41 0.460976 41 0.460976 -1 -1 -1 -1
r-192 22 0.454545 22 0.454545 192486 148861 123728 118824
r-849 28 0.349206 28 0.349206 20121776 6787614 2702448 2197605
r-65 19 0.51462 19 0.51462 52814 72014 48193 45847
r-337 35 0.480672 35 0.480672 63645583 73855051 53398262 54182217
r-256 28 0.515873 28 0.515873 3049716 3097860 2582854 2530796
r-36 22 0.519481 22 0.519481 266588 276465 223249 218200
r-392 41 0.402439 41 0.402439 2417328222 2973379337 2023324468 1978181288
r-467 27 0.501425 27 0.501425 3152003 4688161 2192122 2122951
r-34 34 0.513369 34 0.513369 67560351 65456275 61103170 62743857
r-982 29 0.133005 29 0.133005 3629510 1941995 2107353 1934772
r-977 26 0.443077 26 0.443077 844778 1015270 660986 659225
r-931 38 0.14936 38 0.14936 -1 -1 -1 -1
r-905 37 0.348348 37 0.348348 -1 -1 1615263312 1146828653
r-768 17 0.382353 17 0.382353 5603 25277 4455 4467
r-350 37 0.405405 37 0.405405 1018236222 915024498 862133021 838730830
r-198 40 0.466667 40 0.466667 2322903068 2178828922 1982954624 1936228474
r-72 32 0.508065 32 0.508065 46430491 45066675 40408160 39779331
r-968 20 0.189474 20 0.189474 24147 26334 17811 17610
r-425 33 0.503788 33 0.503788 98443142 97973422 87257703 86721096
r-247 20 0.336842 20 0.336842 3190440 1676580 509095 443509
r-318 34 0.213904 34 0.213904 175860224 98763807 133306497 129279693
r-805 18 0.294118 18 0.294118 23369966 8421799 1845186 1143356
r-741 25 0.153333 25 0.153333 117519 147110 103059 109899
r-669 15 0.514286 15 0.514286 4026 4399 3655 3650
r-241 30 0.0666667 30 0.0666667 -1 -1 -1 -1
r-919 18 0.470588 18 0.470588 59118 54838 38338 36943
r-929 36 0.107937 36 0.107937 -1 -1 -1 -1
r-517 20 0.394737 20 0.394737 31671 44750 20661 20472
r-236 40 0.501282 40 0.501282 1710496339 1681262520 1506761738 1488581654
r-584 30 0.287356 30 0.287356 14340025 22080791 13332389 13510500
r-753 41 0.460976 41 0.460976 -1 -1 -1 -1
r-914 26 0.212308 26 0.212308 502390 1160619 452836 463584
r-234 24 0.228261 24 0.228261 5401860 -1 5396104 5396104
r-269 27 0.501425 27 0.501425 5010919 4279904 4127406 4072317
r-774 24 0.463768 24 0.463768 381660 470416 258814 253974
r-821 29 0.295567 29 0.295567 16077749 22136425 14998536 15188343
r-282 34 0.486631 34 0.486631 38732709 39759843 27616518 27048571
r-512 29 0.246305 29 0.246305 9582442 11443136 7898990 7708807
r-726 32 0.497984 32 0.497984 72932199 100680060 59601283 58103012
r-422 20 0.478947 20 0.478947 237546 280846 207483 204328
r-160 16 0.233333 16 0.233333 16067 14775 11875 9902
r-368 26 0.409231 26 0.409231 1990693 945440 604342 572478
r-179 24 0.463768 24 0.463768 2300089 2189558 1913763 1866701
r-416 16 0.233333 16 0.233333 37321841 34069812 6585771 4861868
r-427 21 0.466667 21 0.466667 506044 490510 432766 423738
r-475 29 0.413793 29 0.413793 45931164 41064439 39346773 38476041
r-840 31 0.451613 31 0.451613 8283225 8954493 6880306 6950278
r-698 17 0.308824 17 0.308824 6298347 2207627 1087661 818853
r-286 20 0.394737 20 0.394737 77830 86760 61505 59435
r-878 18 0.522876 18 0.522876 34478 41399 33498 35315
r-363 38 0.102418 38 0.102418 44966937 291105220 42002398 45473137
r-84 32 0.225806 32 0.225806 -1 -1 -1 -1
r-402 20 0.336842 20 0.336842 102940 102407 81367 79055
r-986 34 0.336898 34 0.336898 6427394 -1 5797433 5858275
r-689 43 0.504983 43 0.504983 2437681453 2390232069 2035051721 1994933193
r-600 36 0.512698 36 0.512698 385954183 394784974 345832407 345863235
r-231 35 0.363025 35 0.363025 10889375 185891136 9448890 9456144
r-813 45 0.353535 45 0.353535 214771766 -1 238247101 246935506
r-762 20 0.189474 20 0.189474 21101352 -1 21100733 21100733
r-322 24 0.391304 24 0.391304 130952 989929 94589 94582
r-330 17 0.308824 17 0.308824 15827 20088 13757 13478
r-490 31 0.516129 31 0.516129 34298950 32223916 29854438 29146610
r-854 23 0.355731 23 0.355731 297725 393744 230132 233120
r-9 24 0.518116 24 0.518116 1454095 1333010 1271538 1257849
r-589 22 0.519481 22 0.519481 736408 622801 660705 665532
r-482 21 0.514286 21 0.514286 258427 246478 219400 215753
r-576 29 0.295567 29 0.295567 -1 6456375794 738099337 571802088
r-670 44 0.443975 44 0.443975 673674969 975229101 699733321 712997508
r-105 16 0.525 16 0.525 9314 7965 8263 8364
r-417 26 0.409231 26 0.409231 2619824 2704094 2174058 2165171
r-707 44 0.494715 44 0.494715 1682619935 1647047295 1161174544 1137229519
r-349 38 0.500711 38 0.500711 2077138579 1931399297 1861441351 1845186584
r-52 16 0.4 16 0.4 42299 18283 8785 7288
r-428 17 0.220588 17 0.220588 164374 689821449 163959 163959
r-27 43 0.449612 43 0.449612 -1 -1 -1 -1
r-740 29 0.512315 29 0.512315 14352628 15063330 12458390 12184071
r-359 39 0.496626 39 0.496626 1310662071 1244556209 1028770498 1010420571
r-652 38 0.462304 38 0.462304 1131858740 1056101876 950681114 933498569
r-995 34 0.45098 34 0.45098 34547216 25474619 21489531 20870255
r-168 35 0.363025 35 0.363025 630759060 781285424 593668821 597372907
r-338 41 0.35122 41 0.35122 -1 -1 -1 -1
r-177 18 0.470588 18 0.470588 46104 32791 29220 28876
r-284 20 0.442105 20 0.442105 251196 238267 208196 202538
r-763 30 0.23908 30 0.23908 -1 -1 -1 -1
r-814 24 0.344203 24 0.344203 218209 10040709 181543 181302
r-675 33 0.511364 33 0.511364 104457858 83631111 91126429 89883075
r-162 40 0.480769 40 0.480769 449583617 371715742 317551861 308519682
r-199 31 0.232258 31 0.232258 -1 -1 -1 -1
r-89 28 0.47619 28 0.47619 2842903 2983638 2262720 2245541
r-235 23 0.474308 23 0.474308 241525 192421 150950 148482
r-686 42 0.507549 42 0.507549 -1 -1 -1 -1
r-433 35 0.208403 35 0.208403 -1 -1 -1 -1
r-80 17 0.514706 17 0.514706 44486 42580 40931 41611
r-755 18 0.294118 18 0.294118 78745 76957 67266 65613
r-510 32 0.417339 32 0.417339 120618971 109748486 102603904 100168745
r-324 45 0.377778 45 0.377778 -1 -1 -1 -1
r-423 17 0.485294 17 0.485294 32485 23125 27278 26640
r-617 16 0.4 16 0.4 10666 19240 9527 9210
r-946 29 0.487685 29 0.487685 8788108 9902665 7442168 7463474
r-907 39 0.472335 39 0.472335 1681631352 1650482871 1499453472 1499511208
r-615 45 0.327273 45 0.327273 -1 -1 -1 -1
r-191 24 0.507246 24 0.507246 1704228 1899422 1520430 1506941
r-832 33 0.515152 33 0.515152 110071275 126630639 108531789 111676046
r-459 32 0.175403 32 0.175403 -1 -1 -1 -1
r-109 36 0.457143 36 0.457143 52974841 39630914 49518302 49967679
r-983 36 0.457143 36 0.457143 392120156 371865507 336010708 334661776
r-164 29 0.37931 29 0.37931 992567 20319388 768515 780572
r-703 21 0.495238 21 0.495238 198207 180306 165662 163083
r-837 30 0.186207 30 0.186207 -1 -1 -1 -1
r-210 36 0.157143 36 0.157143 -1 -1 -1 -1
r-390 23 0.403162 23 0.403162 323601 123205 112349 104316
r-627 38 0.490754 38 0.490754 1096570318 1036817799 958208684 954370455
r-566 41 0.47561 41 0.47561 460681156 363407332 313749859 306003359
r-434 36 0.474603 36 0.474603 623204107 630303520 525053910 513465363
r-953 43 0.48948 43 0.48948 1617142240 1367279489 1152908366 1120819473
r-181 31 0.425806 31 0.425806 7814974 13094948 7189051 7384792
r-325 29 0.37931 29 0.37931 14187587 17074025 13307900 13488122
r-950 21 0.32381 21 0.32381 179235 251009 176075 180447
r-751 15 0.514286 15 0.514286 8868 10602 8018 7797
r-119 44 0.511628 44 0.511628 -1 -1 -1 -1
r-265 42 0.396051 42 0.396051 -1 -1 -1 -1
r-163 23 0.498024 23 0.498024 666849 527254 416931 411225
r-570 37 0.198198 37 0.198198 -1 -1 -1 -1
r-456 21 0.514286 21 0.514286 230985 204171 191487 193578
r-200 26 0.516923 26 0.516923 2091881 1686314 1828740 1795280
r-271 31 0.124731 31 0.124731 -1 -1 -1 -1
r-111 16 0.233333 16 0.233333 2080 1767 1767 1650
r-876 34 0.0588235 34 0.0588235 -1 -1 -1 -1
r-797 22 0.367965 22 0.367965 514515 564477 421464 422517
r-563 24 0.463768 24 0.463768 763438 787945 647576 619301
r-642 28 0.452381 28 0.452381 7781783 6546636 6548890 6489137
r-466 20 0.505263 20 0.505263 27581 36376 24407 24011
r-280 26 0.369231 26 0.369231 4486417 1513045 545471 463030
r-450 43 0.27907 43 0.27907 -1 -1 -1 -1
r-139 34 0.499109 34 0.499109 189271161 184644109 162552474 161429866
r-962 29 0.295567 29 0.295567 2918855 8791423622 2319284 2321595
r-366 33 0.409091 33 0.409091 135637503 170997757 116761578 114428204
r-894 27 0.501425 27 0.501425 4109704 4446159 3908133 3989958
r-858 17 0.485294 17 0.485294 18473 13914 14745 14619
r-302 15 0.514286 15 0.514286 5312 7698 5101 5495
r-413 42 0.501742 42 0.501742 -1 -1 -1 -1
r-605 23 0.237154 23 0.237154 283222 511385 260076 263367
r-197 43 0.365449 43 0.365449 -1 -1 2779570862 2022582756
r-688 26 0.270769 26 0.270769 792926 1295617 750635 757391
r-916 41 0.402439 41 0.402439 85405490 200027694 84265193 86384233
r-189 38 0.0526316 38 0.0526316 -1 -1 -1 -1
r-687 34 0.499109 34 0.499109 180211963 168798240 153683335 152358567
r-219 23 0.355731 23 0.355731 896596 850333 765124 753224
r-455 18 0.503268 18 0.503268 63609 64560 58187 60316
r-535 23 0.474308 23 0.474308 1175432 1052988 949752 940799
r-272 32 0.225806 32 0.225806 23745966 46106983 21926017 22463560
r-754 35 0.110924 35 0.110924 -1 -1 -1 -1
r-640 33 0.219697 33 0.219697 45134574 91596084 44955138 46291922
r-233 44 0.426004 44 0.426004 -1 -1 -1 -1
r-133 26 0.470769 26 0.470769 5835281 5669323 5123210 5129508
r-136 25 0.28 25 0.28 794416 686694 629853 615261
r-684 38 0.14936 38 0.14936 -1 -1 -1 -1
r-13 16 0.125 16 0.125 2398849951 9973135127 2398849831 2398849831
r-209 44 0.485201 44 0.485201 1577569457 2095390294 1359891090 1372510297
r-300 18 0.111111 18 0.111111 -1 -1 -1 -1
r-307 31 0.180645 31 0.180645 -1 -1 -1 -1
r-190 29 0.295567 29 0.295567 11501748 -1 11492117 11492437
r-283 30 0.496552 30 0.496552 12660549 13041920 10511031 10593448
r-464 15 0.533333 15 0.533333 7875 8509 7545 8055
r-608 45 0.29899 45 0.29899 1281043237 -1 1287021712 1288663793
r-844 45 0.20202 45 0.20202 -1 -1 -1 -1
r-178 29 0.502463 29 0.502463 17864381 17755391 15747524 15510298
r-144 31 0.395699 31 0.395699 8485449 3840679 2052081 1933975
r-31 17 0.485294 17 0.485294 14329 10122 10295 10280
r-378 44 0.502114 44 0.502114 2429192671 2822289612 2370178535 2394645998
r-744 19 0.350877 19 0.350877 126495 109394 98795 94769
r-921 18 0.522876 18 0.522876 69153 63627 60028 58810
r-266 40 0.296154 40 0.296154 -1 -1 -1 -1
r-870 18 0.294118 18 0.294118 31573 36058 26310 25982
r-195 42 0.0929152 42 0.0929152 -1 -1 -1 -1
r-116 17 0.220588 17 0.220588 159565 692591818 159301 159301
r-756 17 0.220588 17 0.220588 244402664 255909636 26324980 20887078
r-409 32 0.0625 32 0.0625 -1 -1 -1 -1
r-185 19 0.45614 19 0.45614 73110 77761 59841 59665
r-932 34 0.165775 34 0.165775 -1 -1 -1 -1
r-855 24 0.391304 24 0.391304 1812259 2133401 1537996 1499893
r-969 31 0.27957 31 0.27957 -1 -1 8676337171 5670598387
r-25 39 0.415655 39 0.415655 477784896 231374005 149464975 140378081
r-786 26 0.470769 26 0.470769 2774774 2471202 1873321 1817382
r-607 31 0.425806 31 0.425806 14854924 6836092 5177280 4891635
r-881 32 0.175403 32 0.175403 10253283 12260960 8950016 8718159
r-769 30 0.370115 30 0.370115 42208595 36244620 34335331 33493754
r-495 42 0.0929152 42 0.0929152 154092935 352593487 136661217 149766065
r-801 20 0.336842 20 0.336842 107920 116720 91233 89471
r-26 15 0.533333 15 0.533333 2768 5542 2997 2917
r-115 16 0.4 16 0.4 28330 21105 9569 8429
r-657 27 0.48433 27 0.48433 1285301 1438129 1040824 1048367
r-721 18 0.424837 18 0.424837 24870 31207 21897 21563
r-315 35 0.363025 35 0.363025 214393967 185824522 173091904 167871850
r-33 17 0.117647 17 0.117647 -1 -1 5156341408 2064423595
r-597 19 0.19883 19 0.19883 14185 14821 11212 11002
r-970 15 0.342857 15 0.342857 2387 3221 1880 1774
r-511 16 0.458333 16 0.458333 9485 10124 6887 6479
r-225 20 0.189474 20 0.189474 36039480 -1 36038724 36038724
r-798 19 0.45614 19 0.45614 84403 83735 71050 69158
r-391 35 0.363025 35 0.363025 446959114 163889689 30835037 25911448
r-129 38 0.102418 38 0.102418 -1 -1 -1 -1
r-204 37 0.348348 37 0.348348 10006896 1394239629 9021265 9152171
r-882 15 0.514286 15 0.514286 6160 6509 5513 5246
r-411 21 0.257143 21 0.257143 249777 248627 211378 208020
r-23 45 0.236364 45 0.236364 -1 -1 -1 -1
r-892 33 0.435606 33 0.435606 31005728 20682676 17514087 16265698
r-818 41 0.290244 41 0.290244 -1 -1 -1 -1
r-802 33 0.117424 33 0.117424 -1 -1 -1 -1
r-888 25 0.38 25 0.38 30082561 10413294 2928398 2342269
r-667 18 0.366013 18 0.366013 36495 37930 29913 30554
r-673 15 0.533333 15 0.533333 9974 8085 9299 9182
r-121 21 0.52381 21 0.52381 370912 442379 314367 306736
r-787 36 0.457143 36 0.457143 45359399 50536839 30093818 29262566
r-132 22 0.519481 22 0.519481 245294 218675 223386 219244
r-169 28 0.452381 28 0.452381 8409065 8202276 7228647 7233322
r-95 44 0.169133 44 0.169133 -1 -1 -1 -1
r-567 27 0.14245 27 0.14245 3217759807 -1 3217757700 3217757700
