instance n1 density1 n2 density2 mcsplit mcsplit-swapped mcsplit-smart-swapped mcsplit+f mcsplit+bigf mcsplit-b mcsplit-b-swapped mcsplit-b-smart-swapped mcsplit-nosort mcsplit-nosort-swapped mcsplit-nosort-smart-swapped
r-673 48 0.304965 20 0.294737 12948 2554 2558 12906 2592 19498 3387 3363 10586 6814 6835
r-658 49 0.291667 41 0.278049 1000000 1000000 1000000 1000000 1000000 1000000 1000000 1000000 1000000 1000000 1000000
r-984 37 0.291291 32 0.310484 254924 166523 167038 243497 170163 486273 298871 298973 278793 237980 237851
r-260 31 0.268817 44 0.300211 639516 919830 639287 955131 624688 1000000 1000000 1000000 880276 1000000 883002
r-130 42 0.29036 41 0.286585 1000000 1000000 1000000 1000000 1000000 1000000 1000000 1000000 1000000 1000000 1000000
r-319 15 0.247619 13 0.358974 0 0 0 0 0 1 0 0 0 0 0
r-756 27 0.31339 24 0.336957 1319 1133 956 959 982 1786 2188 1842 1108 1352 1081
r-560 22 0.272727 33 0.295455 1432 3318 1178 3534 1384 2152 5620 1779 2030 2714 1886
r-463 11 0.272727 28 0.272487 0 1 0 2 0 0 1 0 0 1 0
r-602 42 0.308943 48 0.305851 1000000 1000000 1000000 1000000 1000000 1000000 1000000 1000000 1000000 1000000 1000000
r-134 42 0.293844 17 0.257353 1503 319 321 1397 214 1752 384 249 1027 447 452
r-231 39 0.278003 17 0.286765 417 48 48 441 80 574 60 59 357 96 96
r-858 44 0.313953 10 0.4 0 0 0 0 0 0 0 0 0 0 0
r-571 38 0.317212 27 0.301994 40739 37925 37940 40312 37883 75754 65821 65585 54767 56227 55826
r-893 22 0.298701 33 0.3125 2109 3467 1950 3409 1899 3098 5888 3119 2360 2608 2406
r-27 31 0.301075 39 0.303644 256263 342948 255616 350909 250120 458175 658648 458651 337258 382585 332867
r-109 19 0.327485 37 0.283784 149 690 232 834 146 202 1037 309 200 578 184
r-518 16 0.241667 33 0.280303 21 127 35 126 34 25 160 25 45 99 45
r-829 29 0.29803 50 0.324082 376468 1000000 387968 1000000 373733 650962 1000000 653398 484111 875087 481605
r-489 37 0.318318 23 0.249012 5308 2607 2754 5829 2440 8717 3701 3914 4922 3853 3722
r-486 48 0.289007 19 0.374269 4538 838 846 4281 745 7358 952 1033 3046 1533 1500
r-969 30 0.262069 21 0.304762 800 199 199 732 369 1314 331 415 693 347 481
r-517 18 0.248366 36 0.293651 215 691 249 689 298 424 995 424 713 821 444
r-42 37 0.273273 32 0.344758 158680 74773 74861 143517 87351 310802 133707 133838 152213 143601 144342
r-20 13 0.230769 36 0.322222 2 1 2 1 2 2 2 2 1 6 1
r-234 25 0.31 39 0.31309 10780 33878 10844 32401 10850 16683 61303 16539 12400 23165 12376
r-600 37 0.327327 14 0.307692 46 15 10 46 15 84 9 14 32 35 35
r-46 29 0.29064 16 0.333333 124 29 29 113 31 302 60 38 106 60 68
r-765 31 0.296774 49 0.30102 847380 1000000 846132 1000000 841218 1000000 1000000 1000000 1000000 1000000 1000000
r-163 12 0.318182 32 0.318548 1 14 1 14 1 2 8 2 2 9 1
r-809 41 0.30122 36 0.296825 1000000 1000000 1000000 1000000 1000000 1000000 1000000 1000000 1000000 1000000 1000000
r-885 45 0.290909 13 0.294872 113 7 7 110 7 115 7 4 51 24 24
r-555 18 0.294118 18 0.294118 20 37 33 22 33 49 54 49 39 25 24
r-5 31 0.294624 13 0.282051 8 1 1 8 1 8 2 2 15 7 4
r-345 30 0.324138 22 0.329004 1529 661 771 1234 1004 2366 1012 1050 1467 797 794
r-462 21 0.338095 32 0.282258 650 1855 691 1575 611 950 3050 993 1112 1641 1277
r-886 14 0.351648 30 0.291954 14 91 9 87 9 17 127 17 31 41 19
r-26 42 0.315912 44 0.323467 1000000 1000000 1000000 1000000 1000000 1000000 1000000 1000000 1000000 1000000 1000000
r-588 38 0.273115 28 0.31746 52394 19566 19886 49377 22554 98290 32825 32966 57459 33431 33433
r-295 46 0.296618 35 0.304202 1000000 1000000 1000000 1000000 1000000 1000000 1000000 1000000 1000000 1000000 1000000
r-952 35 0.294118 32 0.254032 77867 107756 107590 92522 92785 139588 193884 193612 102547 93021 92114
r-461 11 0.309091 49 0.296769 0 0 0 0 0 0 0 0 0 0 0
r-102 16 0.258333 30 0.324138 38 96 38 162 37 30 219 30 35 73 56
r-751 30 0.287356 45 0.29697 162803 226958 162423 225110 161720 275018 427669 276349 210295 437088 209752
r-890 15 0.32381 26 0.267692 5 31 5 30 9 7 45 11 5 22 5
r-987 32 0.304435 33 0.304924 61133 74358 61596 74414 57403 114038 136646 114241 58919 62693 59253
r-665 25 0.326667 44 0.289641 16395 53840 16425 50045 16328 26371 100038 26382 36630 48145 36644
r-155 37 0.316817 39 0.290148 746754 1000000 743657 960229 731917 1000000 1000000 1000000 929276 1000000 927316
r-204 16 0.316667 14 0.252747 3 4 4 4 2 4 3 6 4 2 2
r-667 32 0.314516 32 0.292339 44160 46760 43513 47492 39295 79673 88484 79875 50176 42425 50301
r-874 24 0.282609 10 0.266667 0 0 0 0 0 0 0 0 0 0 0
r-779 12 0.227273 24 0.293478 0 4 0 2 0 0 2 0 1 3 1
r-196 22 0.281385 11 0.327273 1 0 0 1 0 3 0 0 0 0 0
r-329 44 0.32241 11 0.272727 0 0 0 0 0 0 0 0 0 0 0
r-675 27 0.353276 48 0.295213 59390 234837 59381 213885 60014 100776 452944 101013 93022 181018 93059
r-68 35 0.321008 25 0.286667 10673 8441 8444 11145 7691 19063 13866 14070 12278 10501 10291
r-404 48 0.307624 40 0.316667 1000000 1000000 1000000 1000000 1000000 1000000 1000000 1000000 1000000 1000000 1000000
r-131 49 0.294218 24 0.307971 91917 20861 20993 89630 22043 155439 30371 31052 81734 49936 49977
r-445 12 0.393939 44 0.316068 3 45 3 43 3 5 73 5 14 52 14
r-453 34 0.336898 13 0.294872 27 3 3 44 5 44 3 5 20 11 11
r-487 45 0.30202 28 0.304233 364777 160026 159433 354422 162993 695514 273614 273303 317752 221513 222627
r-862 27 0.347578 29 0.332512 6980 8204 6836 8020 6582 12969 17627 12966 7833 8076 7924
r-269 44 0.308668 37 0.288288 1000000 1000000 1000000 1000000 1000000 1000000 1000000 1000000 1000000 1000000 1000000
r-959 50 0.306939 16 0.325 904 451 306 785 433 1401 359 360 660 307 341
r-242 29 0.310345 37 0.309309 58626 122957 58622 121040 58667 105283 236117 104313 64323 79668 64720
r-407 26 0.304615 20 0.336842 315 258 185 383 190 758 244 389 422 343 345
r-356 50 0.306122 33 0.329545 1000000 1000000 1000000 1000000 1000000 1000000 1000000 1000000 1000000 1000000 1000000
r-995 11 0.345455 47 0.287697 0 0 0 0 0 0 0 0 0 1 1
r-852 48 0.31117 25 0.31 150931 49350 49419 148517 50856 273466 78089 77710 131915 80806 80636
r-629 38 0.301565 27 0.276353 52653 31924 31957 53883 31787 95913 53417 53550 60869 39022 38961
r-19 20 0.331579 46 0.285024 469 3700 516 3450 465 644 5450 614 1332 3689 1559
r-669 49 0.309524 17 0.294118 2273 364 364 2340 370 2929 680 452 1740 546 672
r-956 39 0.291498 27 0.304843 50474 20191 20117 48931 21208 90537 32752 32520 46180 43005 43034
r-940 37 0.337838 48 0.29344 1000000 1000000 1000000 1000000 1000000 1000000 1000000 1000000 1000000 1000000 1000000
r-783 17 0.308824 45 0.319192 296 1175 279 1142 192 278 1858 236 329 870 508
r-110 44 0.272727 21 0.352381 5375 2107 2072 5322 2207 8969 2834 2832 4245 1917 1988
r-736 43 0.310078 22 0.285714 24220 6604 6604 22783 6660 39340 10120 9847 10765 11528 11279
r-71 43 0.315615 28 0.312169 201617 97142 97458 198618 97984 386434 166817 167675 206706 133006 132266
r-789 25 0.27 21 0.295238 240 96 59 136 93 284 115 126 303 155 194
r-11 36 0.288889 50 0.302857 1000000 1000000 1000000 1000000 1000000 1000000 1000000 1000000 1000000 1000000 1000000
r-782 35 0.292437 39 0.31309 429631 521149 429023 544386 412741 874479 998719 811838 486646 644495 487981
r-12 26 0.326154 30 0.291954 4680 5252 4696 5129 4814 8037 9888 8019 6492 4725 6403
r-494 22 0.311688 38 0.30441 1391 5307 1389 4831 1394 2124 8660 2164 2120 4677 2301
r-557 48 0.295213 12 0.257576 0 0 0 0 0 0 0 0 0 0 0
r-542 43 0.292359 40 0.276923 1000000 1000000 1000000 1000000 1000000 1000000 1000000 1000000 1000000 1000000 1000000
r-372 36 0.339683 36 0.287302 324405 567142 324950 472504 340334 624180 1000000 627423 451279 541924 450363
r-637 21 0.328571 32 0.282258 564 1475 361 1187 368 618 2335 529 661 1157 751
r-279 29 0.280788 11 0.272727 0 0 0 0 0 0 0 0 0 0 0
r-496 49 0.289966 43 0.276855 1000000 1000000 1000000 1000000 1000000 1000000 1000000 1000000 1000000 1000000 1000000
r-945 30 0.289655 10 0.377778 4 0 0 4 1 4 1 1 3 1 1
r-151 29 0.261084 37 0.312312 68053 65382 68050 75191 65728 121520 119969 121571 69830 77066 70235
r-91 20 0.294737 38 0.294452 360 1888 491 1894 355 632 2992 579 696 2064 578
r-954 12 0.363636 16 0.233333 0 1 0 1 0 0 1 0 0 0 0
r-684 29 0.305419 22 0.294372 1110 881 776 1093 882 2146 997 1186 1232 1341 2153
r-917 36 0.274603 20 0.305263 2329 601 403 1793 438 3178 690 561 2195 916 1002
r-467 21 0.342857 12 0.166667 3 0 1 3 1 3 1 1 1 0 1
r-417 24 0.32971 20 0.315789 158 116 116 171 168 184 186 223 203 166 166
r-69 44 0.298097 23 0.335968 24925 6670 6591 23872 7042 43633 9990 10100 22083 17282 17434
r-962 35 0.287395 15 0.304762 64 7 11 102 11 129 7 12 103 20 32
r-208 49 0.297619 12 0.318182 7 1 1 11 1 7 2 1 0 0 0
r-573 22 0.242424 37 0.312312 4381 7919 4256 8331 4887 6433 12828 6432 5763 7852 5759
r-432 13 0.307692 24 0.282609 1 10 1 10 1 1 8 1 2 3 1
r-38 20 0.310526 40 0.3 2019 6731 1907 6550 1952 2661 11182 2872 2660 5980 2654
r-34 36 0.274603 34 0.304813 308878 169131 170196 303739 167858 575211 298682 298487 211365 179452 179470
r-500 43 0.30897 45 0.310101 1000000 1000000 1000000 1000000 1000000 1000000 1000000 1000000 1000000 1000000 1000000
r-941 30 0.275862 12 0.287879 5 0 0 9 0 10 0 0 12 0 0
r-120 36 0.290476 23 0.324111 9019 5219 4280 8639 4469 16268 6521 7122 5657 3496 3346
r-986 19 0.239766 28 0.330688 196 373 312 434 308 451 420 450 267 485 362
r-167 30 0.34023 50 0.294694 580360 1000000 583356 1000000 580554 1000000 1000000 1000000 994686 1000000 996454
r-335 35 0.29916 28 0.261905 35364 29892 29971 38309 28416 62865 51791 52131 44863 33003 32989
r-85 28 0.269841 11 0.436364 5 1 1 5 1 3 1 1 2 2 2
r-485 40 0.303846 28 0.28836 118923 71931 71907 121091 71210 221283 122594 122198 136769 95014 95582
r-866 35 0.29916 43 0.322259 1000000 1000000 1000000 1000000 1000000 1000000 1000000 1000000 1000000 1000000 1000000
r-693 19 0.263158 42 0.29036 1000 2901 968 2705 960 1217 3905 1350 758 1931 757
r-169 46 0.312077 17 0.279412 2419 389 389 2212 392 2996 632 471 1704 700 753
r-841 34 0.26738 18 0.339869 588 113 159 671 113 917 218 187 769 279 234
r-368 46 0.288889 48 0.324468 1000000 1000000 1000000 1000000 1000000 1000000 1000000 1000000 1000000 1000000 1000000
r-30 19 0.356725 29 0.295567 230 459 230 586 238 349 867 349 119 270 119
r-798 19 0.245614 11 0.363636 1 0 0 1 0 2 0 0 1 0 0
r-774 41 0.278049 30 0.301149 205563 76317 76199 197657 86165 384163 129682 129647 188316 148268 148596
r-898 45 0.291919 22 0.333333 15201 3239 3414 14542 3645 25811 4966 4963 15070 5408 5440
r-353 40 0.30641 22 0.285714 13601 5238 5048 13451 4931 22826 7098 7239 11932 7174 7173
r-538 12 0.242424 46 0.288889 0 0 0 0 0 0 0 0 0 0 0
r-999 26 0.298462 35 0.305882 11547 19063 11543 19148 11494 19388 33987 19428 14869 23161 14796
r-741 45 0.314141 18 0.228758 2153 713 554 2557 694 2957 664 793 2007 614 611
r-511 41 0.309756 16 0.225 427 87 56 464 58 563 61 62 269 166 267
r-291 18 0.287582 45 0.323232 892 2231 727 2325 1112 926 2923 925 792 2391 631
r-925 21 0.328571 23 0.264822 73 157 116 235 79 110 307 110 198 148 323
r-626 34 0.331551 49 0.306973 1000000 1000000 1000000 1000000 1000000 1000000 1000000 1000000 1000000 1000000 1000000
r-873 19 0.298246 36 0.274603 188 1010 155 1023 235 327 1739 303 345 734 545
r-60 18 0.248366 10 0.266667 0 0 0 0 0 0 0 0 0 0 0
r-863 38 0.278805 39 0.303644 1000000 1000000 1000000 1000000 1000000 1000000 1000000 1000000 1000000 1000000 1000000
r-775 34 0.315508 46 0.307246 1000000 1000000 1000000 1000000 1000000 1000000 1000000 1000000 1000000 1000000 1000000
r-232 49 0.27381 50 0.320816 1000000 1000000 1000000 1000000 1000000 1000000 1000000 1000000 1000000 1000000 1000000
r-148 30 0.275862 12 0.30303 7 0 0 7 0 7 0 0 5 1 2
r-121 45 0.317172 20 0.278947 9439 2548 2419 10215 2493 14517 3253 3895 9454 3197 3293
r-268 48 0.300532 27 0.287749 276531 102387 101823 275323 109049 493492 159704 160634 337613 168288 169175
r-546 36 0.295238 20 0.263158 4567 1737 1770 4326 1876 6895 2285 2414 4026 2593 2683
r-702 21 0.280952 24 0.304348 164 226 119 151 173 244 258 189 206 208 204
r-826 45 0.29798 19 0.350877 4572 699 953 4423 773 7394 923 1075 3032 1433 1302
r-76 25 0.286667 18 0.333333 113 41 65 176 72 286 59 95 89 71 44
r-828 39 0.290148 35 0.322689 774806 312741 312400 728886 327113 1000000 591935 589326 705088 438250 437624
r-144 33 0.299242 47 0.301573 909744 1000000 907241 1000000 901006 1000000 1000000 1000000 1000000 1000000 1000000
r-744 47 0.297872 17 0.301471 1565 214 182 1765 191 2317 338 337 1178 305 433
r-692 46 0.298551 49 0.316327 1000000 1000000 1000000 1000000 1000000 1000000 1000000 1000000 1000000 1000000 1000000
r-116 42 0.292683 18 0.267974 2493 682 723 2624 976 3834 753 753 1921 1040 1196
r-154 26 0.267692 13 0.320513 10 1 1 9 1 12 1 1 4 3 2
r-331 31 0.288172 39 0.275304 114029 192334 113775 184446 114432 198956 361713 198353 139388 249336 139823
r-921 20 0.315789 18 0.372549 74 39 25 68 23 127 35 57 67 61 61
r-310 33 0.310606 33 0.30303 63557 68976 63746 69110 60336 120232 131272 119972 76096 81180 76198
r-592 32 0.296371 24 0.282609 3823 2607 2322 4059 2307 6126 3393 3268 4278 2919 2745
r-32 35 0.289076 27 0.319088 17846 12817 12864 17003 13800 32780 20914 20958 22209 8352 8279
r-185 18 0.287582 49 0.284014 313 1646 304 1765 202 247 2191 378 212 1536 324
r-545 43 0.320044 33 0.299242 1000000 676432 678815 1000000 656270 1000000 1000000 1000000 1000000 938551 939161
r-867 17 0.301471 17 0.25 9 8 8 13 5 12 20 12 6 14 11
r-25 43 0.322259 48 0.281028 1000000 1000000 1000000 1000000 1000000 1000000 1000000 1000000 1000000 1000000 1000000
r-416 32 0.298387 50 0.301224 1000000 1000000 1000000 1000000 1000000 1000000 1000000 1000000 1000000 1000000 1000000
r-501 39 0.296896 33 0.339015 434320 239280 238787 403970 260808 876125 441656 440669 428906 317582 315737
r-165 38 0.280228 33 0.301136 332565 173639 173186 317512 187582 646010 314994 315749 351331 307299 308074
r-357 20 0.310526 22 0.320346 65 60 64 58 54 100 60 100 46 45 46
r-754 18 0.339869 24 0.318841 37 128 58 75 35 53 134 84 71 130 71
r-478 40 0.301282 48 0.303191 1000000 1000000 1000000 1000000 1000000 1000000 1000000 1000000 1000000 1000000 1000000
r-963 30 0.278161 36 0.293651 29958 53386 29704 54441 29577 51815 98167 51269 61951 54756 62271
r-834 11 0.254545 42 0.299652 0 0 0 0 0 0 0 0 0 0 0
r-719 30 0.310345 27 0.339031 12047 8278 7916 11537 7964 22402 13885 13839 12330 10316 10355
r-385 35 0.302521 40 0.330769 968395 594810 955123 643745 916059 1000000 1000000 1000000 796166 701121 795923
r-784 37 0.292793 16 0.291667 264 57 37 251 61 569 42 42 183 92 58
r-923 13 0.320513 48 0.317376 8 30 8 47 8 13 30 13 10 77 10
r-864 17 0.279412 21 0.309524 29 23 29 24 18 41 58 25 35 42 22
r-492 17 0.316176 11 0.309091 0 0 0 0 0 0 0 0 0 0 0
r-700 25 0.306667 26 0.316923 1408 1154 1076 1169 1222 1847 2000 1815 1266 1242 1705
r-280 19 0.304094 31 0.346237 592 853 633 1006 575 911 1438 689 578 968 522
r-566 23 0.332016 29 0.278325 1130 1704 719 1503 891 1487 3027 1145 1116 1496 1116
r-171 14 0.32967 32 0.270161 5 34 7 54 7 9 69 5 30 24 50
r-680 24 0.268116 16 0.216667 27 13 8 49 13 64 16 10 33 15 9
r-576 16 0.341667 33 0.30303 115 390 74 286 74 154 456 154 113 227 113
r-819 40 0.280769 18 0.326797 983 114 156 624 189 955 145 145 808 712 706
r-339 41 0.332927 26 0.301538 54111 33660 33523 55248 32639 99913 56953 57148 57266 40024 39016
r-173 25 0.31 30 0.285057 3644 5506 3681 5347 4108 5755 9484 5771 2402 4790 2356
r-142 31 0.273118 10 0.133333 0 0 0 0 0 0 0 0 0 0 0
r-801 29 0.29803 47 0.300648 148220 382666 149226 376115 148516 246484 716351 246735 222543 404821 222650
r-36 49 0.318878 18 0.261438 2060 564 408 2117 368 2834 604 442 1779 487 550
r-531 18 0.294118 22 0.363636 43 60 43 66 39 104 59 103 75 71 76
r-194 17 0.183824 31 0.286022 53 150 53 160 53 63 200 63 63 101 48
r-942 15 0.295238 49 0.302721 58 332 38 519 59 65 386 65 248 101 245
r-966 15 0.304762 16 0.35 7 5 4 3 4 10 7 6 6 4 3
r-689 47 0.296022 20 0.252632 14105 2880 2840 14159 2807 20946 3663 3679 9473 4059 3885
r-996 47 0.287697 14 0.230769 18 3 3 30 2 30 2 3 40 52 33
r-184 22 0.320346 15 0.257143 10 8 5 11 5 14 6 10 8 7 7
r-326 37 0.298799 46 0.298551 1000000 1000000 1000000 1000000 1000000 1000000 1000000 1000000 1000000 1000000 1000000
r-708 24 0.278986 23 0.312253 438 267 378 243 242 630 383 383 299 303 283
r-48 43 0.320044 48 0.326241 1000000 1000000 1000000 1000000 1000000 1000000 1000000 1000000 1000000 1000000 1000000
r-737 28 0.275132 11 0.2 1 0 0 0 0 0 0 0 0 0 0
r-123 29 0.29803 10 0.288889 0 0 0 0 0 0 0 0 0 0 0
r-701 12 0.272727 13 0.320513 0 0 0 0 0 0 0 0 0 0 0
r-633 38 0.285917 34 0.30303 581016 368336 369520 557474 388738 1000000 683719 683704 419100 452924 452686
r-179 11 0.418182 24 0.289855 0 2 0 2 0 0 2 0 1 2 0
r-507 44 0.324524 13 0.294872 42 3 2 41 3 41 2 2 8 0 0
r-37 46 0.32657 47 0.286772 1000000 1000000 1000000 1000000 1000000 1000000 1000000 1000000 1000000 1000000 1000000
r-634 26 0.335385 33 0.301136 5836 13576 5522 12740 5622 9207 25138 9064 9671 11452 9939
r-94 42 0.299652 42 0.29849 1000000 1000000 1000000 1000000 1000000 1000000 1000000 1000000 1000000 1000000 1000000
r-833 25 0.316667 38 0.295875 8020 14057 8120 13400 8135 13209 25217 14412 9589 13348 9465
r-516 10 0.311111 23 0.264822 0 1 0 1 0 0 2 0 0 0 0
r-283 12 0.272727 49 0.307823 0 0 0 0 0 0 0 0 0 1 0
r-891 41 0.297561 38 0.271693 1000000 1000000 1000000 1000000 1000000 1000000 1000000 1000000 1000000 1000000 1000000
r-767 27 0.253561 14 0.296703 13 1 1 12 1 9 2 2 11 5 3
r-267 23 0.284585 47 0.320074 18643 55295 18708 54901 18796 27782 96057 28474 31399 66181 31338
r-271 48 0.310284 26 0.261538 150462 109518 109686 158101 104623 259687 168983 168979 147834 107753 107130
r-472 44 0.302326 33 0.285985 1000000 1000000 1000000 1000000 972139 1000000 1000000 1000000 1000000 1000000 1000000
r-594 32 0.298387 19 0.280702 468 352 225 497 230 919 492 361 404 284 220
r-164 38 0.330014 49 0.295068 1000000 1000000 1000000 1000000 1000000 1000000 1000000 1000000 1000000 1000000 1000000
r-466 11 0.290909 41 0.29878 0 0 0 0 0 0 0 0 0 0 0
r-880 20 0.252632 27 0.282051 383 469 383 494 343 349 795 347 402 481 393
r-455 24 0.311594 23 0.288538 646 380 420 376 387 721 611 460 418 537 352
r-978 30 0.305747 46 0.311111 286147 594132 284738 591308 283770 497926 1000000 496062 469502 597354 470650
r-420 15 0.257143 46 0.303382 10 108 10 169 16 16 186 16 98 134 159
r-804 37 0.279279 42 0.286876 1000000 1000000 1000000 1000000 1000000 1000000 1000000 1000000 1000000 1000000 1000000
r-363 42 0.324042 30 0.298851 417645 286525 286084 426146 280569 804140 521422 521612 419480 346044 346172
r-758 27 0.327635 41 0.314634 30947 60299 30803 57654 30774 52549 113817 52494 29623 50423 29822
r-299 15 0.295238 50 0.303673 115 586 73 664 114 124 745 123 245 530 158
r-647 50 0.297959 28 0.31746 537501 279020 278942 523327 293075 1000000 462555 460333 385218 284599 283400
r-955 18 0.294118 26 0.329231 198 287 125 273 195 241 296 296 158 371 166
r-884 30 0.298851 16 0.375 175 40 25 171 29 256 33 52 128 65 40
r-15 32 0.306452 23 0.288538 6936 4006 3971 7040 3810 12018 6290 6133 7425 5295 5277
r-706 40 0.291026 17 0.257353 688 100 155 675 104 935 184 184 551 108 108
r-480 12 0.348485 34 0.299465 1 20 1 12 2 2 13 1 2 14 2
r-988 12 0.30303 33 0.299242 0 14 0 8 0 0 14 0 0 10 1
r-599 15 0.304762 50 0.313469 41 470 27 469 41 39 645 39 148 178 148
r-728 33 0.323864 19 0.298246 1232 370 461 1631 549 1662 651 538 603 524 375
r-670 33 0.295455 17 0.338235 155 22 14 143 15 223 23 15 165 67 106
r-994 23 0.300395 10 0.377778 1 0 0 2 0 2 0 0 1 1 1
r-222 40 0.297436 30 0.278161 186523 103210 103419 196016 101081 351630 178808 178650 183009 180041 180084
r-434 25 0.3 17 0.294118 103 60 59 140 62 165 52 83 165 53 53
r-452 37 0.280781 24 0.286232 10818 4867 4837 10303 5026 18387 7780 7776 11389 6080 6279
r-181 49 0.312075 33 0.337121 1000000 1000000 1000000 1000000 1000000 1000000 1000000 1000000 1000000 1000000 1000000
r-347 11 0.472727 20 0.263158 0 2 0 2 0 0 5 0 0 1 0
r-475 49 0.285714 46 0.299517 1000000 1000000 1000000 1000000 1000000 1000000 1000000 1000000 1000000 1000000 1000000
r-21 31 0.275269 49 0.282313 696806 1000000 694615 1000000 699182 1000000 1000000 1000000 817618 1000000 817284
r-147 10 0.244444 16 0.283333 0 0 0 0 0 0 0 0 0 0 0
r-168 35 0.302521 37 0.255255 251776 430158 253158 393909 257218 416342 800565 415526 360146 450651 359637
r-233 10 0.2 19 0.304094 1 0 0 1 1 0 1 0 0 1 0
r-964 50 0.302857 21 0.338095 20822 4245 4358 19817 5243 34445 6181 6188 16523 5484 5463
r-810 40 0.29359 46 0.31401 1000000 1000000 1000000 1000000 1000000 1000000 1000000 1000000 1000000 1000000 1000000
r-991 31 0.288172 47 0.309898 437617 830952 438215 847133 436561 780714 1000000 778926 385051 794358 384031
r-428 36 0.3 40 0.292308 947882 1000000 949358 1000000 953485 1000000 1000000 1000000 1000000 1000000 1000000
r-690 32 0.320565 45 0.281818 351490 846479 351347 792329 364111 620377 1000000 618890 592680 806519 591711
r-83 24 0.242754 35 0.302521 3679 8141 3755 8912 3969 5876 14109 5874 3764 6295 3796
r-771 17 0.323529 30 0.289655 32 223 32 165 51 69 215 70 54 214 53
r-530 17 0.301471 15 0.266667 4 2 2 2 2 5 3 3 3 2 2
r-106 41 0.303659 13 0.282051 68 6 4 42 6 68 6 4 32 8 8
r-616 38 0.284495 11 0.363636 0 0 0 0 0 0 0 0 1 1 1
r-378 29 0.278325 15 0.342857 76 9 14 93 15 184 11 11 34 13 21
r-583 32 0.324597 21 0.261905 1069 1053 904 1143 913 1804 1423 1469 1013 540 846
r-481 26 0.252308 36 0.260317 4617 12081 4376 12193 5591 6799 20248 6762 12414 11910 11509
r-287 13 0.269231 24 0.297101 0 8 0 4 0 0 5 0 0 1 0
r-625 21 0.27619 47 0.301573 7180 26619 7309 25901 7163 9951 42134 9872 11189 24527 11081
r-111 45 0.307071 24 0.32971 67526 20025 20189 64218 21346 121424 31666 31818 62889 32572 32746
r-17 36 0.315873 43 0.328904 1000000 1000000 1000000 1000000 1000000 1000000 1000000 1000000 1000000 1000000 1000000
r-400 44 0.287526 36 0.32381 1000000 1000000 1000000 1000000 1000000 1000000 1000000 1000000 1000000 1000000 1000000
r-67 10 0.333333 50 0.306939 0 0 0 0 0 0 0 0 0 0 0
r-726 41 0.30122 32 0.330645 699506 378288 378768 657375 401069 1000000 718320 719879 635786 503269 505589
r-221 37 0.33033 21 0.27619 3098 1757 1756 3103 1669 5001 2782 2810 4146 2969 2693
r-717 40 0.269231 37 0.286787 1000000 875438 875362 1000000 893116 1000000 1000000 1000000 1000000 1000000 1000000
r-276 20 0.247368 25 0.33 194 79 195 92 159 221 150 193 248 162 249
r-214 39 0.275304 42 0.321719 1000000 1000000 1000000 1000000 1000000 1000000 1000000 1000000 1000000 1000000 1000000
r-696 20 0.278947 19 0.327485 25 16 17 15 25 35 29 29 20 14 14
r-159 16 0.283333 10 0.177778 0 0 0 0 0 0 0 0 0 0 0
r-285 50 0.293061 32 0.310484 1000000 1000000 1000000 1000000 1000000 1000000 1000000 1000000 1000000 1000000 1000000
r-643 46 0.284058 24 0.304348 39416 9652 9794 37511 10469 66275 14325 14298 42071 22036 22212
r-320 48 0.299645 21 0.32381 17241 3779 3640 16592 4020 27289 5160 5163 14788 7155 7108
r-129 17 0.235294 20 0.310526 10 10 10 12 10 25 15 25 14 19 23
r-620 31 0.301075 22 0.294372 2816 1616 1320 2576 1396 4862 2049 2066 2363 1715 1779
r-349 42 0.264808 34 0.304813 1000000 539131 541455 1000000 588401 1000000 938216 940666 1000000 905352 903184
r-23 22 0.316017 15 0.257143 21 7 4 21 4 32 9 9 9 10 10
r-835 32 0.330645 16 0.216667 135 26 17 136 26 108 31 20 45 45 27
r-870 27 0.321937 22 0.324675 975 827 803 1316 632 1901 1112 1117 980 1083 1385
r-88 49 0.310374 19 0.327485 9162 2064 1920 8925 2142 13539 2550 2681 6456 4092 3220
r-749 44 0.306554 27 0.353276 193443 79857 79494 182721 85624 372620 136646 136819 112195 100081 100248
r-993 40 0.307692 35 0.290756 588075 599093 599512 648004 541074 1000000 1000000 1000000 736166 713155 712501
r-474 22 0.316017 29 0.273399 523 1315 523 1223 687 800 2383 800 798 1151 756
r-409 43 0.286822 17 0.301471 740 126 127 757 131 1011 103 103 680 161 195
r-369 37 0.274775 46 0.299517 1000000 1000000 1000000 1000000 1000000 1000000 1000000 1000000 1000000 1000000 1000000
r-156 10 0.311111 47 0.273821 0 0 0 0 0 0 0 0 0 0 0
r-839 22 0.251082 12 0.272727 1 0 0 0 0 1 0 0 4 1 0
r-264 44 0.307611 21 0.32381 11443 2266 2512 10835 2442 19049 3413 3278 6840 3120 3313
r-536 50 0.299592 32 0.324597 1000000 1000000 1000000 1000000 1000000 1000000 1000000 1000000 1000000 1000000 1000000
r-985 15 0.285714 18 0.320261 5 4 5 8 5 7 6 7 6 6 6
r-615 10 0.377778 19 0.263158 0 0 0 1 0 0 0 0 0 0 0
r-877 38 0.29872 10 0.311111 0 0 0 0 0 0 0 0 0 0 0
r-865 26 0.323077 40 0.310256 29961 62516 30467 61358 29560 51296 120575 51175 28013 61479 27962
r-218 49 0.306122 50 0.284898 1000000 1000000 1000000 1000000 1000000 1000000 1000000 1000000 1000000 1000000 1000000
r-217 28 0.301587 30 0.31954 12137 11733 11806 12895 11169 21314 21735 21366 12282 12866 12442
r-346 24 0.268116 22 0.30303 729 311 313 672 375 1288 820 517 966 366 545
r-970 49 0.296769 11 0.327273 0 0 0 0 0 0 0 0 0 0 0
r-114 35 0.280672 44 0.320296 1000000 1000000 1000000 1000000 1000000 1000000 1000000 1000000 1000000 1000000 1000000
r-508 20 0.294737 39 0.31444 1956 5195 2400 5261 1899 2859 8633 2762 2409 4416 2551
r-483 30 0.28046 30 0.296552 20873 18676 20177 23859 18421 36549 33174 36189 13558 21434 13527
r-513 27 0.282051 33 0.268939 5579 10822 5221 10400 5369 8147 18475 8107 7482 10950 7493
r-850 50 0.272653 24 0.293478 52640 22414 22105 50921 23548 83108 31809 31736 62473 25646 25540
r-239 38 0.28734 19 0.321637 1169 317 205 991 334 1772 320 291 1103 467 521
r-900 30 0.296552 13 0.358974 27 3 3 15 3 21 3 2 23 3 3
r-14 15 0.295238 13 0.320513 1 0 0 0 0 2 0 0 0 0 0
r-712 33 0.293561 38 0.301565 371032 463625 370430 467750 361876 671960 865561 672390 443717 533520 443026
r-391 12 0.348485 35 0.292437 1 14 1 8 1 1 8 1 2 11 2
r-436 41 0.303659 33 0.348485 683229 354866 353691 640693 392114 1000000 675630 677291 693713 504394 503533
r-423 43 0.310078 46 0.310145 1000000 1000000 1000000 1000000 1000000 1000000 1000000 1000000 1000000 1000000 1000000
r-57 27 0.270655 44 0.285412 28617 73845 28584 72942 28408 45229 128836 45322 53303 95899 53501
r-186 39 0.304993 10 0.2 0 0 0 0 0 0 0 0 0 0 0
r-793 49 0.312075 35 0.297479 1000000 1000000 1000000 1000000 1000000 1000000 1000000 1000000 1000000 1000000 1000000
r-644 49 0.278061 14 0.252747 83 6 10 78 10 135 10 10 123 30 30
r-950 38 0.312945 12 0.19697 0 0 0 0 0 0 0 0 0 0 0
r-56 11 0.309091 33 0.299242 0 0 0 0 0 0 0 0 0 5 0
r-278 15 0.314286 19 0.327485 6 11 6 7 5 5 10 8 9 8 9
r-178 29 0.293103 34 0.319073 30985 42113 30885 43181 30024 55134 76721 55022 35854 36027 35939
r-350 34 0.315508 40 0.289744 367134 565008 368561 553449 376357 683215 1000000 683363 447570 593929 449604
r-290 46 0.307246 32 0.3125 1000000 652811 652504 1000000 671292 1000000 1000000 1000000 1000000 966355 964991
r-66 15 0.342857 38 0.29303 33 219 50 135 33 63 187 40 29 152 19
r-652 43 0.291251 15 0.390476 236 23 35 234 37 500 41 41 236 70 71
r-813 40 0.30641 29 0.332512 343710 173267 173198 333920 183301 679764 312466 312523 320024 215817 214889
r-488 26 0.283077 12 0.318182 9 0 0 5 1 11 1 1 7 0 1
r-816 15 0.295238 50 0.280816 18 67 12 64 18 13 109 13 39 146 39
r-352 46 0.30628 30 0.308046 408751 208060 207954 406161 209983 794817 362111 362822 421692 347843 346839
r-248 21 0.27619 40 0.307692 1726 4644 1489 4667 1546 1972 7342 1965 2802 4781 2691
r-201 13 0.25641 41 0.319512 1 11 1 11 2 1 11 1 19 16 19
r-132 26 0.289231 12 0.333333 6 1 0 3 0 7 1 1 3 1 1
r-654 21 0.266667 35 0.32605 914 2162 913 2301 653 996 3658 1532 936 1611 983
r-876 24 0.318841 28 0.312169 1086 2673 1094 1650 934 1739 3146 1598 1437 1599 1493
r-787 49 0.307823 44 0.302326 1000000 1000000 1000000 1000000 1000000 1000000 1000000 1000000 1000000 1000000 1000000
r-704 34 0.279857 36 0.306349 133268 125970 133410 134577 120544 251740 236056 251711 163124 168193 164151
r-374 29 0.293103 48 0.300532 240148 633419 241186 608000 238598 398816 1000000 398566 460397 674276 460074
r-443 39 0.307692 28 0.285714 75664 44353 44345 74788 43855 141712 77897 77968 80635 55309 55446
r-750 19 0.327485 24 0.271739 138 339 139 326 145 128 350 187 126 282 203
r-911 43 0.290144 24 0.293478 34703 13428 13308 33862 14103 60150 20824 20596 28928 17497 17534
r-358 34 0.304813 36 0.314286 354976 364925 354861 380142 342503 686183 709006 687648 392704 402255 392294
r-122 48 0.324468 46 0.30628 1000000 1000000 1000000 1000000 1000000 1000000 1000000 1000000 1000000 1000000 1000000
r-62 10 0.466667 17 0.25 0 1 0 1 0 0 1 0 0 0 0
r-805 36 0.280952 39 0.306343 631762 443712 633053 483234 597401 1000000 846748 1000000 868416 581024 869508
r-499 43 0.3134 45 0.289899 1000000 1000000 1000000 1000000 1000000 1000000 1000000 1000000 1000000 1000000 1000000
r-776 32 0.314516 35 0.304202 90250 120195 90025 114423 89460 165183 224481 165272 113558 123867 113260
r-598 44 0.321353 30 0.264368 302694 244959 244769 322999 224189 577585 439914 438620 372968 298669 298322
r-158 22 0.329004 38 0.278805 1304 4554 1306 4299 1317 2055 8807 2099 2349 3601 2062
r-306 43 0.297896 32 0.296371 752925 382132 380884 741280 389950 1000000 674402 676376 771166 600685 601338
r-794 35 0.307563 44 0.291755 1000000 1000000 1000000 1000000 1000000 1000000 1000000 1000000 1000000 1000000 1000000
r-244 27 0.358974 27 0.299145 2578 3485 2676 3024 2767 4546 6421 4383 2768 4132 2773
r-270 45 0.284848 30 0.275862 701752 368313 368603 718062 375553 1000000 621490 617743 721285 590234 589896
r-976 18 0.313725 16 0.291667 7 6 6 7 5 10 5 9 5 9 6
r-124 13 0.282051 14 0.285714 0 0 0 0 0 0 0 0 0 0 0
r-1 32 0.336694 25 0.316667 10614 8074 8147 10857 7580 19228 13543 13584 11590 9710 9605
r-479 45 0.309091 18 0.313725 3053 559 654 2905 716 4525 745 1049 2569 1166 1236
r-638 14 0.274725 43 0.320044 16 142 25 139 25 26 145 25 38 56 24
r-424 32 0.272177 29 0.305419 20446 9290 9103 18993 10247 37933 16029 16037 18584 20013 20167
r-203 19 0.315789 45 0.30202 806 2620 530 2512 691 704 3858 1081 775 2287 994
r-979 18 0.294118 26 0.326154 51 70 33 113 30 45 112 71 52 82 51
r-275 15 0.361905 17 0.323529 2 2 3 4 3 4 3 4 5 5 5
r-607 24 0.264493 46 0.295652 20649 65339 20584 65121 20664 31248 111208 31088 11790 33028 11729
r-444 30 0.335632 17 0.360294 450 118 184 559 121 617 270 173 415 216 241
r-725 43 0.300111 43 0.301218 1000000 1000000 1000000 1000000 1000000 1000000 1000000 1000000 1000000 1000000 1000000
r-77 31 0.294624 33 0.297348 58117 69316 58028 71325 57002 107219 128134 107692 71188 78630 71373
r-547 48 0.295213 19 0.263158 7438 1009 1008 7386 1049 10380 1710 1413 6944 1514 1648
r-814 41 0.309756 36 0.287302 1000000 1000000 1000000 1000000 1000000 1000000 1000000 1000000 1000000 1000000 1000000
r-418 46 0.323671 26 0.261538 206246 126835 126475 215041 121510 374333 209100 208631 245159 171294 171636
r-688 15 0.314286 41 0.321951 54 284 54 231 54 63 288 41 123 168 124
r-609 47 0.297872 14 0.274725 111 6 6 124 10 77 6 10 96 11 11
r-649 11 0.218182 48 0.338652 0 0 0 0 0 0 0 0 0 0 0
r-172 21 0.266667 15 0.247619 22 5 5 13 5 18 11 11 10 7 4
r-318 33 0.314394 35 0.289076 129718 177692 129601 172082 128544 237910 340438 236498 167678 193375 167746
r-365 11 0.218182 47 0.33395 0 0 0 0 0 0 0 0 0 0 0
r-197 32 0.272177 15 0.352381 106 13 13 88 8 145 10 10 66 64 64
r-33 42 0.308943 26 0.307692 69070 38445 38565 64774 39217 128643 64778 65033 60354 38486 38825
r-86 33 0.295455 33 0.329545 99803 94775 99865 106378 92066 193350 176456 193962 97203 110916 97004
r-495 14 0.384615 17 0.272059 2 6 2 3 1 1 10 2 4 2 4
r-470 30 0.326437 10 0.333333 0 0 0 0 0 0 0 0 1 0 0
r-559 30 0.312644 33 0.284091 25845 53060 26224 51265 26223 44510 98300 44488 43945 48382 44350
r-228 40 0.252564 14 0.252747 26 4 4 42 5 44 5 5 30 7 4
r-334 18 0.261438 30 0.317241 180 553 272 412 284 250 730 288 291 381 243
r-145 43 0.276855 26 0.304615 81192 22470 22013 74929 23795 143234 34214 34029 80819 57700 57556
r-362 38 0.295875 40 0.282051 1000000 1000000 1000000 1000000 1000000 1000000 1000000 1000000 1000000 1000000 1000000
r-843 14 0.252747 40 0.310256 10 114 16 169 16 17 120 17 17 63 18
r-414 16 0.408333 18 0.248366 4 14 4 19 8 6 24 10 10 15 10
r-569 33 0.289773 17 0.375 628 107 107 445 117 999 155 240 436 151 152
r-119 38 0.321479 37 0.291291 628635 727178 725657 738016 633410 1000000 1000000 1000000 690226 1000000 1000000
r-610 50 0.31102 40 0.315385 1000000 1000000 1000000 1000000 1000000 1000000 1000000 1000000 1000000 1000000 1000000
r-118 10 0.222222 35 0.29916 0 0 0 0 0 0 0 0 0 0 0
r-687 11 0.418182 44 0.311839 2 11 2 10 2 2 11 1 2 8 2
r-80 29 0.283251 11 0.290909 0 0 0 0 0 0 0 0 0 0 0
r-766 14 0.362637 28 0.261905 5 10 5 17 3 6 14 6 5 10 5
r-249 44 0.299154 39 0.315789 1000000 1000000 1000000 1000000 1000000 1000000 1000000 1000000 1000000 1000000 1000000
r-887 34 0.313725 49 0.314626 1000000 1000000 1000000 1000000 1000000 1000000 1000000 1000000 1000000 1000000 1000000
r-653 33 0.276515 12 0.30303 15 1 1 15 1 16 1 0 8 1 2
r-645 21 0.3 45 0.307071 3887 11784 3669 11689 4608 5290 18791 5881 5382 11564 5460
r-922 24 0.307971 50 0.30449 27817 98158 28119 96016 27561 42463 170387 42492 51387 94564 51452
r-506 24 0.307971 14 0.274725 33 6 11 18 10 45 13 13 29 13 8
r-101 20 0.326316 20 0.294737 27 79 27 68 45 65 72 41 29 41 46
r-973 21 0.304762 15 0.27619 6 2 2 3 2 9 1 1 7 4 2
r-312 40 0.289744 39 0.318489 1000000 1000000 1000000 1000000 1000000 1000000 1000000 1000000 1000000 1000000 1000000
r-575 15 0.266667 36 0.320635 53 121 33 160 33 40 186 40 52 119 52
r-253 26 0.283077 24 0.271739 1493 834 833 1202 779 1471 1346 1356 1149 1247 956
r-892 13 0.333333 27 0.287749 0 10 0 9 1 1 23 1 12 16 21
r-41 30 0.291954 32 0.298387 21225 23433 21168 23967 20012 38616 43008 38688 25573 24753 24654
r-709 37 0.283784 13 0.282051 8 0 1 13 0 13 0 0 7 1 1
r-528 40 0.294872 49 0.284864 1000000 1000000 1000000 1000000 1000000 1000000 1000000 1000000 1000000 1000000 1000000
r-642 46 0.305314 49 0.290816 1000000 1000000 1000000 1000000 1000000 1000000 1000000 1000000 1000000 1000000 1000000
r-52 20 0.321053 14 0.351648 9 4 4 9 4 14 9 5 8 11 6
r-824 36 0.293651 25 0.316667 23338 8841 9033 21781 9419 39687 15113 16201 18761 14541 14463
r-210 10 0.377778 41 0.318293 0 0 0 0 0 0 0 0 0 1 0
r-78 13 0.384615 42 0.288037 15 107 9 107 9 16 132 10 9 26 6
r-250 49 0.289966 25 0.28 239603 65971 65625 231797 68121 412613 100288 99783 223659 161556 161724
r-188 28 0.293651 27 0.319088 8310 6437 6615 7958 6374 15024 11670 11328 8773 7994 7751
r-328 29 0.29803 24 0.264493 1460 1393 1346 1851 1162 2882 2133 2125 1738 1531 1513
r-450 14 0.252747 19 0.245614 1 3 1 3 1 1 7 2 2 7 2
r-641 14 0.230769 10 0.355556 0 0 0 0 0 0 0 0 0 0 0
r-742 14 0.208791 24 0.264493 1 5 0 8 0 1 6 1 5 10 5
r-562 12 0.333333 16 0.266667 0 1 0 0 0 0 1 0 0 0 0
r-126 42 0.267131 26 0.270769 54237 23041 22931 52552 24966 93869 35094 35272 48006 31792 32143
r-113 12 0.348485 42 0.293844 2 17 1 16 2 1 10 1 3 1 2
r-389 46 0.305314 38 0.315789 1000000 1000000 1000000 1000000 1000000 1000000 1000000 1000000 1000000 1000000 1000000
r-855 44 0.283298 36 0.338095 1000000 1000000 1000000 1000000 1000000 1000000 1000000 1000000 1000000 1000000 1000000
r-849 27 0.321937 29 0.256158 1992 4248 1998 3670 2042 3186 7784 3189 3369 4533 3332
r-293 18 0.254902 22 0.320346 63 45 63 48 61 98 69 61 30 73 18
r-133 22 0.337662 12 0.363636 11 3 3 10 1 14 3 2 6 4 4
r-928 19 0.309942 10 0.2 0 0 0 0 0 0 0 0 0 0 0
r-140 46 0.285024 11 0.181818 0 0 0 0 0 0 0 0 0 0 0
r-746 50 0.300408 13 0.346154 100 7 7 156 8 100 8 5 68 4 7
r-337 33 0.293561 35 0.310924 218175 211085 219208 229489 207287 396146 395851 395497 229789 247960 231268
r-464 31 0.303226 24 0.311594 6214 3884 3868 6144 4010 11228 6417 6638 6932 5043 5003
r-288 38 0.297297 29 0.337438 83440 41354 41292 78033 43314 163647 72088 72986 99818 55389 55079
r-202 50 0.306939 34 0.327986 1000000 1000000 1000000 1000000 1000000 1000000 1000000 1000000 1000000 1000000 1000000
r-713 13 0.371795 21 0.285714 1 10 1 9 2 3 15 1 2 3 3
r-440 23 0.339921 27 0.293447 1008 1085 1032 842 909 1650 2371 1390 783 935 920
r-166 48 0.277482 37 0.310811 1000000 1000000 1000000 1000000 1000000 1000000 1000000 1000000 1000000 1000000 1000000
r-757 50 0.309388 29 0.285714 1000000 486908 487528 1000000 490514 1000000 831254 857089 1000000 600784 600872
r-421 10 0.2 45 0.333333 0 0 0 0 0 0 0 0 0 0 0
r-975 18 0.24183 35 0.322689 379 600 298 609 293 322 868 467 406 581 407
r-257 49 0.27381 48 0.319149 1000000 1000000 1000000 1000000 1000000 1000000 1000000 1000000 1000000 1000000 1000000
r-493 38 0.312945 39 0.306343 1000000 1000000 1000000 1000000 1000000 1000000 1000000 1000000 1000000 1000000 1000000
r-315 10 0.288889 34 0.297683 0 0 0 0 0 0 0 0 0 0 0
r-435 46 0.282126 27 0.299145 148234 89732 89433 141259 95566 265847 140400 139799 141924 68058 68183
r-589 10 0.422222 19 0.28655 0 0 0 0 0 0 0 0 0 0 0
r-910 20 0.331579 50 0.298776 1292 7882 1251 7712 1254 1644 11653 1643 3312 7484 3056
r-2 34 0.278075 28 0.306878 16704 8585 8732 15996 9461 30500 14212 14100 19986 22590 22805
r-327 24 0.286232 12 0.333333 1 0 0 1 0 1 0 0 3 1 1
r-24 45 0.283838 17 0.360294 2278 395 326 2505 458 2869 531 413 1150 674 841
r-574 48 0.317376 33 0.304924 1000000 1000000 1000000 1000000 1000000 1000000 1000000 1000000 1000000 1000000 1000000
r-79 24 0.228261 23 0.312253 373 230 231 483 288 670 203 317 435 199 322
r-639 24 0.333333 14 0.230769 10 9 9 18 9 14 12 7 37 7 12
r-305 26 0.326154 14 0.318681 51 16 16 51 17 44 13 13 44 15 15
r-869 23 0.351779 37 0.291291 2549 6843 2471 6279 2716 3938 12661 3953 2214 3632 2556
r-341 30 0.257471 37 0.313814 102219 84277 101867 97476 94686 183437 152933 182406 121458 122592 121207
r-84 43 0.310078 16 0.258333 499 106 165 558 180 782 197 196 348 101 157
r-272 26 0.267692 23 0.26087 343 345 500 292 350 500 520 564 570 527 399
r-343 43 0.295681 35 0.287395 1000000 1000000 1000000 1000000 1000000 1000000 1000000 1000000 1000000 1000000 1000000
r-799 28 0.306878 28 0.293651 4999 5870 5200 6689 4984 8745 10198 8440 6958 8329 6861
r-388 39 0.327935 45 0.317172 1000000 1000000 1000000 1000000 1000000 1000000 1000000 1000000 1000000 1000000 1000000
r-944 45 0.291919 24 0.311594 51194 11493 11199 49724 11856 88499 16498 16466 36978 16651 16673
r-246 40 0.305128 20 0.315789 6293 1650 1680 6246 2312 9939 2092 2178 5732 2387 1960
r-265 50 0.309388 23 0.280632 61185 17363 17422 61721 17921 99290 25242 25356 59665 24399 24450
r-722 35 0.305882 41 0.314634 682566 937451 682578 922976 678971 1000000 1000000 1000000 794543 1000000 792444
r-686 42 0.304297 27 0.267806 73559 77241 76864 74425 74532 130139 126390 127175 106622 53994 54283
r-535 10 0.355556 41 0.292683 0 0 0 0 0 0 0 0 0 0 0
r-830 18 0.287582 44 0.315011 235 2022 227 1862 233 272 2601 262 701 1393 546
r-747 20 0.310526 37 0.273273 747 2914 784 3408 701 1132 4607 1039 1056 2333 971
r-904 22 0.290043 25 0.276667 253 740 161 444 155 387 924 382 398 298 401
r-714 42 0.310105 15 0.352381 403 29 19 387 30 336 34 34 184 130 86
r-459 31 0.260215 41 0.289024 249253 385341 250089 384342 246558 422973 684272 422850 346072 457425 346575
r-960 38 0.29872 20 0.273684 3106 714 677 2550 813 4025 1055 1213 1940 822 1103
r-694 44 0.294926 26 0.276923 145730 67415 67388 144202 67351 252357 105397 104555 145798 88050 87792
r-534 33 0.287879 41 0.306098 450458 563549 450949 590259 432780 833836 1000000 834087 605839 581935 604446
r-930 29 0.251232 13 0.307692 19 1 1 19 1 23 1 1 17 3 3
r-438 28 0.314815 35 0.289076 14274 28347 14495 27833 14882 24125 52885 24262 17450 34622 17289
r-216 10 0.333333 15 0.285714 0 0 0 0 0 0 0 0 0 0 0
r-603 42 0.304297 39 0.306343 1000000 1000000 1000000 1000000 1000000 1000000 1000000 1000000 1000000 1000000 1000000
r-920 35 0.287395 43 0.258029 992019 1000000 992157 1000000 1000000 1000000 1000000 1000000 1000000 1000000 1000000
r-87 42 0.29849 46 0.3343 1000000 1000000 1000000 1000000 1000000 1000000 1000000 1000000 1000000 1000000 1000000
r-958 22 0.320346 44 0.298097 4725 17789 5303 16795 4728 6868 30069 6859 9017 14492 9052
r-97 35 0.302521 15 0.209524 42 4 4 42 4 39 1 3 63 24 24
r-381 25 0.31 42 0.2741 8800 30698 8874 29424 8835 13366 53774 13595 29822 32997 30009
r-18 24 0.289855 50 0.287347 37064 136340 36801 132016 36640 54959 230635 54910 53961 116286 54234
r-348 41 0.256098 42 0.281069 1000000 1000000 1000000 1000000 1000000 1000000 1000000 1000000 1000000 1000000 1000000
r-860 19 0.245614 24 0.322464 91 85 92 97 86 139 128 138 115 79 116
r-901 48 0.304078 40 0.296154 1000000 1000000 1000000 1000000 1000000 1000000 1000000 1000000 1000000 1000000 1000000
r-998 35 0.327731 34 0.324421 178676 147202 146876 188526 131792 353937 290579 290037 167685 166187 166000
r-773 32 0.304435 10 0.222222 0 0 0 0 0 0 0 0 0 0 0
r-442 48 0.312057 34 0.311943 1000000 1000000 1000000 1000000 1000000 1000000 1000000 1000000 1000000 1000000 1000000
r-608 49 0.307823 43 0.295681 1000000 1000000 1000000 1000000 1000000 1000000 1000000 1000000 1000000 1000000 1000000
r-755 50 0.300408 18 0.352941 3435 536 668 3434 555 4979 1048 721 2603 1497 1532
r-732 13 0.384615 37 0.303303 1 12 1 20 1 1 20 2 9 9 9
r-406 40 0.3 36 0.288889 1000000 1000000 1000000 1000000 972339 1000000 1000000 1000000 1000000 1000000 1000000
r-946 39 0.302294 50 0.290612 1000000 1000000 1000000 1000000 1000000 1000000 1000000 1000000 1000000 1000000 1000000
r-743 23 0.316206 48 0.31117 32409 93710 31392 91498 31260 47196 160761 47155 46279 84002 44523
r-676 20 0.252632 42 0.332172 1949 4481 2028 4509 1823 2508 6825 2715 2097 4405 2004
r-304 45 0.310101 43 0.30454 1000000 1000000 1000000 1000000 1000000 1000000 1000000 1000000 1000000 1000000 1000000
r-522 49 0.29932 18 0.281046 1710 326 241 2087 248 2302 457 296 1582 395 256
r-551 11 0.272727 44 0.294926 0 0 0 0 0 0 0 0 0 0 0
r-273 50 0.276735 33 0.329545 1000000 1000000 1000000 1000000 1000000 1000000 1000000 1000000 1000000 1000000 1000000
r-408 22 0.30303 13 0.384615 20 4 4 18 4 18 5 3 13 3 3
r-509 34 0.324421 45 0.334343 1000000 1000000 1000000 1000000 1000000 1000000 1000000 1000000 1000000 1000000 1000000
r-360 22 0.264069 12 0.439394 1 0 0 2 0 3 0 0 2 2 1
r-671 49 0.320578 48 0.307624 1000000 1000000 1000000 1000000 1000000 1000000 1000000 1000000 1000000 1000000 1000000
r-561 44 0.285412 24 0.289855 51755 12518 12533 50487 13087 88109 19107 19299 32437 20780 20725
r-314 33 0.272727 28 0.224868 22835 22557 22460 24783 19810 35947 36224 37157 26784 32439 32458
r-226 45 0.273737 44 0.288584 1000000 1000000 1000000 1000000 1000000 1000000 1000000 1000000 1000000 1000000 1000000
r-213 32 0.316532 44 0.315011 531274 828508 531597 814456 531162 994432 1000000 991544 685456 737402 684251
r-117 36 0.3 23 0.296443 7916 2897 2912 7626 3278 13476 4581 4364 6470 4990 4847
r-401 16 0.341667 28 0.272487 3 21 3 20 3 3 51 3 15 20 9
r-191 16 0.266667 44 0.29704 52 277 83 437 83 61 325 96 51 418 81
r-614 25 0.313333 36 0.295238 9992 22447 10121 21723 9970 16429 41551 16982 17250 20699 17370
r-323 49 0.298469 25 0.313333 131813 34904 34985 127223 37075 232151 53850 54027 119098 58897 58968
r-780 15 0.342857 41 0.331707 41 318 26 202 41 30 251 46 32 224 32
r-914 19 0.263158 32 0.300403 219 613 294 771 182 261 929 258 461 749 372
r-74 10 0.244444 24 0.315217 0 0 0 0 0 0 0 0 0 0 0
r-128 27 0.296296 17 0.323529 69 17 27 66 29 144 22 35 60 112 70
r-107 32 0.28629 31 0.255914 29038 42205 42035 38460 34457 51941 75667 75686 35906 42717 44191
r-597 13 0.435897 44 0.292812 20 188 13 183 13 23 188 15 33 130 21
r-380 27 0.301994 27 0.293447 3476 3942 3452 4012 3626 5712 6916 6027 4550 4566 4418
r-427 47 0.293247 34 0.299465 1000000 1000000 1000000 1000000 1000000 1000000 1000000 1000000 1000000 1000000 1000000
r-8 44 0.286469 38 0.300142 1000000 1000000 1000000 1000000 1000000 1000000 1000000 1000000 1000000 1000000 1000000
r-543 49 0.312075 23 0.284585 50893 12058 12186 49787 12275 85723 17893 18095 48719 20774 20354
r-127 11 0.254545 47 0.285846 0 0 0 0 0 0 0 0 0 0 0
r-533 22 0.333333 18 0.248366 15 19 31 17 25 23 28 45 68 68 68
r-39 25 0.25 36 0.279365 9906 15731 10944 15931 9621 15358 26881 15341 14625 17269 14608
r-612 11 0.309091 36 0.285714 0 2 0 2 0 0 2 0 0 0 0
r-523 41 0.329268 26 0.292308 125192 85100 84847 129359 83146 235177 142814 143200 82442 59079 58631
r-449 19 0.22807 12 0.30303 0 0 0 0 0 2 0 0 1 0 0
r-359 36 0.338095 18 0.281046 1746 318 318 1437 319 2357 436 435 1135 852 943
r-53 40 0.312821 27 0.301994 64591 42545 42572 65297 42692 123411 73022 72919 75391 66042 66071
r-1000 11 0.381818 15 0.4 0 0 0 0 0 0 0 0 0 0 0
r-35 19 0.304094 42 0.31475 1005 4217 935 4168 1058 1264 6407 1255 1966 4875 1873
r-16 50 0.313469 46 0.302415 1000000 1000000 1000000 1000000 1000000 1000000 1000000 1000000 1000000 1000000 1000000
r-277 20 0.326316 34 0.2959 479 1553 482 1480 620 684 2504 707 977 1149 1119
r-929 26 0.316923 31 0.27957 3236 5339 3254 5129 3233 5649 9398 5292 4246 5771 4070
r-371 19 0.339181 32 0.284274 267 878 170 776 273 359 1297 229 263 702 262
r-859 14 0.362637 45 0.307071 14 89 22 137 22 16 140 16 40 155 40
r-322 20 0.3 12 0.333333 2 0 0 2 0 4 0 0 1 0 0
r-631 38 0.27596 50 0.319184 1000000 1000000 1000000 1000000 1000000 1000000 1000000 1000000 1000000 1000000 1000000
r-205 28 0.259259 47 0.278446 118202 233067 117798 233121 118423 179690 402755 179972 103554 268468 103797
r-785 37 0.294294 15 0.257143 67 7 7 105 11 80 12 12 38 27 17
r-274 29 0.317734 32 0.328629 18862 19526 19120 20455 17797 35349 36726 35264 19846 28717 19837
r-200 12 0.287879 15 0.333333 0 0 0 0 0 0 1 0 0 0 0
r-448 12 0.30303 48 0.304965 0 0 0 0 0 0 0 0 0 1 1
r-307 35 0.329412 23 0.288538 5755 5687 4057 5890 3654 10360 6172 6220 6188 3565 3885
r-650 49 0.305272 33 0.284091 1000000 1000000 1000000 1000000 1000000 1000000 1000000 1000000 1000000 1000000 1000000
r-471 33 0.316288 14 0.318681 62 8 13 60 8 128 15 10 49 13 13
r-567 45 0.310101 38 0.273115 1000000 1000000 1000000 1000000 1000000 1000000 1000000 1000000 1000000 1000000 1000000
r-982 23 0.418972 48 0.277482 6928 33940 6759 30863 7129 10638 63014 10759 11940 27860 11022
r-837 44 0.306554 24 0.373188 51289 18631 18492 48908 20279 94935 30697 30562 28067 17590 17720
r-465 41 0.314634 18 0.287582 2735 518 629 2460 574 3368 690 1011 1539 695 674
r-256 49 0.303571 43 0.301218 1000000 1000000 1000000 1000000 1000000 1000000 1000000 1000000 1000000 1000000 1000000
r-225 21 0.27619 15 0.32381 4 1 0 6 2 11 2 1 9 8 8
r-777 19 0.292398 35 0.285714 265 844 215 940 334 367 1371 277 590 839 523
r-937 46 0.313043 15 0.247619 247 31 47 243 32 303 50 32 207 49 32
r-497 13 0.282051 27 0.239316 0 3 0 3 0 0 3 0 1 2 1
r-540 20 0.315789 34 0.285205 458 1686 462 1968 720 653 2604 654 580 1455 477
r-909 40 0.312821 43 0.294574 1000000 1000000 1000000 1000000 1000000 1000000 1000000 1000000 1000000 1000000 1000000
r-370 25 0.25 37 0.279279 7129 15354 7310 15426 7150 10814 25508 10899 11691 17677 12973
r-889 28 0.320106 44 0.292812 75368 195520 75706 183552 75689 127436 369155 127596 165524 200462 166405
r-695 37 0.328829 47 0.308048 1000000 1000000 1000000 1000000 1000000 1000000 1000000 1000000 1000000 1000000 1000000
r-931 27 0.287749 21 0.22381 406 236 236 276 343 373 383 340 129 162 154
r-618 19 0.292398 17 0.404412 13 6 3 9 4 37 5 5 16 9 15
r-72 22 0.30303 30 0.278161 794 1664 752 2043 909 1151 2761 1468 1079 1771 1165
r-803 48 0.31117 42 0.286876 1000000 1000000 1000000 1000000 1000000 1000000 1000000 1000000 1000000 1000000 1000000
r-180 43 0.305648 19 0.298246 6213 1805 1719 5744 1749 9415 2474 2344 4428 2087 2087
r-721 28 0.312169 14 0.395604 36 10 10 55 11 52 8 8 25 10 16
r-585 23 0.3083 12 0.242424 2 0 0 2 0 1 0 0 1 0 1
r-426 34 0.256684 39 0.325236 487311 311297 487281 378200 463728 945771 586867 943760 410981 481592 409332
r-182 20 0.331579 16 0.341667 20 17 10 20 17 53 15 15 20 22 14
r-195 40 0.285897 44 0.290698 1000000 1000000 1000000 1000000 1000000 1000000 1000000 1000000 1000000 1000000 1000000
r-476 23 0.296443 46 0.304348 15664 31043 15761 29606 15466 23728 52347 23300 24042 26558 23268
r-112 21 0.3 27 0.299145 464 784 464 1079 459 787 1472 709 703 936 609
r-82 19 0.315789 38 0.317212 341 1776 480 1521 514 610 2731 479 484 1414 627
r-189 49 0.309524 47 0.305273 1000000 1000000 1000000 1000000 1000000 1000000 1000000 1000000 1000000 1000000 1000000
r-92 30 0.331034 27 0.316239 6823 7123 7143 7742 6310 12276 13172 12596 6010 6003 6035
r-520 22 0.30303 13 0.294872 5 1 1 6 1 7 1 1 5 1 1
r-136 21 0.319048 16 0.275 12 6 10 12 10 18 15 9 19 7 12
r-974 20 0.315789 45 0.292929 692 4247 770 4122 637 839 6734 882 1266 3337 1271
r-387 44 0.29704 42 0.284553 1000000 1000000 1000000 1000000 1000000 1000000 1000000 1000000 1000000 1000000 1000000
r-577 21 0.333333 29 0.283251 795 1928 740 1476 783 870 2518 868 911 1106 815
r-640 22 0.324675 28 0.325397 1201 1403 1185 1402 1126 1750 2504 1636 611 882 742
r-254 13 0.269231 46 0.292754 7 5 7 5 7 7 3 7 12 8 7
r-659 45 0.29697 16 0.283333 456 90 58 584 61 655 104 104 293 82 82
r-552 42 0.305459 27 0.259259 55604 34601 34624 58161 32956 99129 56015 56077 81040 49318 49615
r-844 42 0.308943 43 0.331118 1000000 1000000 1000000 1000000 1000000 1000000 1000000 1000000 1000000 1000000 1000000
r-152 25 0.286667 20 0.221053 156 119 120 166 70 138 180 180 217 129 129
r-240 46 0.282126 32 0.278226 1000000 658997 658902 1000000 672936 1000000 1000000 1000000 894856 756021 757077
r-786 49 0.312925 11 0.272727 0 0 0 0 0 0 0 0 0 0 0
r-63 50 0.318367 42 0.313589 1000000 1000000 1000000 1000000 1000000 1000000 1000000 1000000 1000000 1000000 1000000
r-29 11 0.290909 41 0.334146 0 0 0 0 0 0 0 0 0 0 0
r-624 32 0.294355 42 0.299652 336528 504338 335016 503443 330998 611227 975630 613639 447789 546372 447373
r-580 25 0.29 44 0.293869 27334 83288 27017 80701 27206 41508 146622 41585 47946 74087 48104
r-336 50 0.326531 39 0.299595 1000000 1000000 1000000 1000000 1000000 1000000 1000000 1000000 1000000 1000000 1000000
r-176 14 0.307692 36 0.3 21 137 21 81 22 15 102 15 18 105 28
r-807 30 0.28046 15 0.333333 83 13 8 48 9 67 16 16 65 11 18
r-840 13 0.269231 34 0.301248 2 17 2 9 2 2 10 1 8 9 5
r-175 10 0.311111 32 0.27621 0 0 0 0 0 0 0 0 0 0 0
r-209 31 0.290323 12 0.409091 14 3 6 23 6 29 4 7 7 6 6
r-871 14 0.285714 10 0.333333 0 0 0 0 0 0 0 0 0 0 0
r-241 16 0.316667 36 0.293651 76 154 75 150 75 70 315 46 76 176 78
r-677 19 0.292398 45 0.30303 516 2059 392 2014 465 440 3147 439 1198 2511 1247
r-468 28 0.320106 22 0.367965 1232 667 611 1028 660 2034 942 1031 1229 1068 1215
r-484 23 0.3083 30 0.271264 639 1445 642 1306 647 968 2383 969 660 1173 517
r-292 39 0.307692 38 0.294452 1000000 1000000 1000000 1000000 1000000 1000000 1000000 1000000 1000000 1000000 1000000
r-415 10 0.377778 22 0.268398 0 1 0 0 0 0 1 0 0 0 0
r-664 19 0.245614 27 0.316239 230 416 305 415 183 274 407 433 376 323 235
r-294 19 0.309942 13 0.410256 4 1 2 5 2 9 2 1 4 1 1
r-882 17 0.352941 39 0.295547 108 778 166 754 166 219 1142 190 451 510 287
r-498 23 0.284585 19 0.28655 147 132 133 88 131 148 195 196 116 86 86
r-90 25 0.26 16 0.308333 43 5 5 38 6 64 6 6 41 13 13
r-354 38 0.267425 22 0.376623 4209 988 1005 3936 989 7410 1394 1290 3458 1795 1549
r-230 33 0.287879 40 0.274359 334788 526731 334606 523657 332685 572103 970214 570468 441099 573507 441389
r-679 49 0.283163 28 0.306878 414227 136058 135950 401457 148045 751832 217321 216928 312022 159715 159848
r-302 20 0.321053 33 0.284091 672 1282 549 1398 671 825 2331 1033 598 1613 559
r-657 35 0.290756 39 0.291498 476649 468438 476976 504377 430940 863093 882880 862488 416528 338378 414520
r-394 18 0.267974 18 0.313725 14 13 23 27 12 36 20 36 22 18 22
r-422 16 0.325 17 0.316176 12 15 12 10 12 11 14 18 5 7 9
r-655 21 0.309524 19 0.269006 58 79 78 71 67 90 196 122 62 150 150
r-258 16 0.316667 17 0.389706 10 4 6 9 5 15 6 15 5 5 5
r-544 45 0.283838 18 0.346405 1679 206 313 1471 336 2281 405 358 1708 483 634
r-980 38 0.284495 10 0.333333 0 0 0 0 0 0 0 0 0 0 0
r-141 28 0.296296 14 0.307692 26 5 5 15 3 20 3 6 15 12 12
r-553 24 0.271739 50 0.31102 22148 85137 22256 85259 22037 32429 142920 32449 38568 59224 38190
r-224 39 0.310391 39 0.292848 1000000 1000000 1000000 1000000 1000000 1000000 1000000 1000000 1000000 1000000 1000000
r-550 43 0.272425 44 0.268499 1000000 1000000 1000000 1000000 1000000 1000000 1000000 1000000 1000000 1000000 1000000
r-761 17 0.316176 13 0.307692 3 1 2 2 2 4 2 1 3 1 1
r-490 44 0.288584 13 0.294872 88 4 4 139 7 144 4 7 127 12 12
r-682 14 0.285714 38 0.3101 13 39 12 38 12 14 25 9 13 29 13
r-355 49 0.303571 17 0.264706 2461 243 212 2429 343 4099 347 280 873 530 344
r-514 31 0.298925 20 0.305263 1761 847 791 1677 1057 2696 993 988 1885 974 1087
r-510 39 0.283401 15 0.342857 39 1 2 63 1 50 1 2 42 13 8
r-377 44 0.310782 38 0.294452 1000000 1000000 1000000 1000000 1000000 1000000 1000000 1000000 1000000 1000000 1000000
r-399 21 0.309524 14 0.296703 8 2 3 8 3 11 4 3 5 2 2
r-989 42 0.271777 45 0.30101 1000000 1000000 1000000 1000000 1000000 1000000 1000000 1000000 1000000 1000000 1000000
r-748 48 0.289007 38 0.284495 1000000 1000000 1000000 1000000 1000000 1000000 1000000 1000000 1000000 1000000 1000000
r-854 10 0.311111 11 0.309091 0 0 0 0 0 0 0 0 0 0 0
r-894 26 0.313846 17 0.301471 94 64 41 92 66 152 57 90 69 88 88
r-948 20 0.310526 11 0.472727 3 1 1 2 1 3 1 1 1 1 1
r-795 34 0.308378 13 0.294872 38 2 2 36 2 23 1 1 15 11 7
r-223 42 0.296167 34 0.320856 983752 597703 596487 965501 633926 1000000 1000000 1000000 1000000 847201 847775
r-957 34 0.299465 39 0.2861 334916 502033 336061 493997 326496 600343 966000 599767 431886 521314 431484
r-735 10 0.288889 29 0.302956 0 0 0 0 0 0 0 0 0 0 0
r-861 47 0.308048 49 0.307823 1000000 1000000 1000000 1000000 1000000 1000000 1000000 1000000 1000000 1000000 1000000
r-778 28 0.330688 26 0.289231 2085 3913 3978 2411 3233 3602 6950 6712 3408 4316 4367
r-431 28 0.291005 27 0.358974 5352 3261 3451 4254 3692 10032 6120 5958 4999 4048 4051
r-437 35 0.285714 36 0.307937 233790 200759 233697 227897 214713 449181 380532 449115 411810 314445 408618
r-586 43 0.293466 29 0.300493 268093 134469 135788 264059 141137 512108 234803 233355 348699 162650 162973
r-934 40 0.312821 50 0.306122 1000000 1000000 1000000 1000000 1000000 1000000 1000000 1000000 1000000 1000000 1000000
r-469 18 0.24183 17 0.316176 22 11 10 10 6 34 14 9 13 10 10
r-983 34 0.299465 29 0.293103 26932 19554 19520 26314 18881 49846 34713 34858 25739 22630 22724
r-55 15 0.238095 19 0.245614 1 4 1 2 2 3 5 3 2 5 1
r-879 16 0.35 27 0.282051 12 66 19 99 19 26 168 16 20 73 32
r-745 29 0.295567 32 0.298387 13763 17016 13821 17659 12503 23640 30983 23791 14804 13876 14813
r-375 16 0.283333 36 0.279365 21 234 21 228 33 37 318 38 45 294 29
r-811 26 0.32 34 0.285205 8935 18663 8934 17649 9295 14991 34364 15150 11065 17065 11052
r-549 40 0.301282 38 0.278805 1000000 1000000 1000000 1000000 1000000 1000000 1000000 1000000 1000000 1000000 1000000
r-790 18 0.326797 45 0.318182 811 3153 643 3692 642 1152 4839 863 1245 2322 1422
r-681 16 0.333333 14 0.263736 2 1 2 2 2 1 2 2 3 1 1
r-482 45 0.310101 45 0.288889 1000000 1000000 1000000 1000000 1000000 1000000 1000000 1000000 1000000 1000000 1000000
r-802 21 0.309524 28 0.320106 699 1046 497 1067 692 807 1658 1002 332 701 329
r-753 24 0.311594 25 0.296667 753 1126 614 1202 627 1046 2119 1191 1222 1511 1074
r-961 45 0.287879 22 0.337662 13852 2980 3553 13041 3036 22041 3945 3905 12969 5517 5583
r-519 25 0.34 23 0.3083 785 799 692 565 467 1343 956 1208 973 662 678
r-108 46 0.291787 16 0.341667 876 136 211 1005 144 1480 244 244 751 370 324
r-912 30 0.317241 23 0.280632 2221 1838 1784 2248 1884 4028 2930 3019 3037 2311 2253
r-933 50 0.284898 16 0.266667 491 69 45 481 73 635 72 72 96 123 168
r-59 26 0.286154 32 0.314516 7573 7358 7577 7989 7679 13459 13442 13449 5779 8495 5802
r-529 10 0.244444 16 0.35 0 0 0 0 0 0 0 0 0 0 0
r-738 41 0.293902 24 0.282609 18929 5209 5202 18951 5259 32388 7574 7602 15852 10073 10034
r-595 38 0.295875 28 0.31746 69268 42094 42030 69441 42696 132593 72750 72858 63225 51150 51241
r-9 38 0.283073 47 0.285846 1000000 1000000 1000000 1000000 1000000 1000000 1000000 1000000 1000000 1000000 1000000
r-457 36 0.307937 31 0.28172 101696 69411 69764 107034 67257 189037 123712 124238 87652 75415 75550
r-263 35 0.260504 39 0.292848 609617 542058 608036 660644 547718 1000000 997983 1000000 841867 511758 837828
r-247 23 0.332016 19 0.321637 60 95 95 58 85 160 146 92 98 70 111
r-734 35 0.282353 23 0.27668 6797 2429 2432 6509 2587 11382 3777 3717 5857 3470 3401
r-324 38 0.302987 16 0.358333 376 48 31 357 50 547 38 38 241 77 78
r-621 37 0.273273 35 0.319328 449716 219794 221081 423263 242596 871463 408045 408108 296755 224277 223638
r-997 50 0.315918 47 0.299722 1000000 1000000 1000000 1000000 1000000 1000000 1000000 1000000 1000000 1000000 1000000
r-846 46 0.283092 36 0.303175 1000000 1000000 1000000 1000000 1000000 1000000 1000000 1000000 1000000 1000000 1000000
r-177 46 0.320773 26 0.307692 148723 58025 57159 148084 57089 276013 92252 92659 149133 102110 102511
r-875 22 0.311688 22 0.298701 241 187 243 301 243 428 310 253 286 297 235
r-896 11 0.236364 11 0.4 0 0 0 0 0 0 0 0 0 0 0
r-502 32 0.324597 28 0.322751 18625 13704 13703 17889 12733 34740 25432 24462 19554 16952 17226
r-564 46 0.316908 20 0.273684 8171 2094 2224 7732 2143 10899 2545 2394 7276 4584 4532
r-525 49 0.285714 17 0.301471 1538 99 99 1431 157 1894 119 119 1433 830 831
r-705 13 0.320513 41 0.30122 4 39 4 23 4 4 40 4 11 25 7
r-772 41 0.286585 23 0.304348 24972 7075 7069 23672 7536 42948 10361 10507 19698 13712 13654
r-135 11 0.327273 41 0.32561 0 0 0 0 0 0 0 0 0 0 0
r-3 22 0.272727 19 0.315789 60 37 23 83 25 159 32 52 83 74 46
r-699 31 0.264516 32 0.310484 40104 32125 39912 39780 36651 74245 56979 74192 44553 41463 44594
r-395 13 0.320513 11 0.254545 0 0 0 0 0 0 0 0 0 0 0
r-47 45 0.322222 33 0.30303 1000000 944678 947212 1000000 920994 1000000 1000000 1000000 1000000 1000000 1000000
r-281 27 0.287749 21 0.319048 365 139 167 329 153 903 202 203 680 363 372
r-825 36 0.303175 31 0.288172 152249 123391 122889 155699 118989 282698 220632 221104 158945 160320 161182
r-332 17 0.323529 24 0.278986 36 74 37 70 23 50 194 50 57 57 35
r-524 38 0.253201 45 0.30404 1000000 1000000 1000000 1000000 1000000 1000000 1000000 1000000 1000000 1000000 1000000
r-731 17 0.323529 39 0.291498 109 482 71 631 101 142 743 91 277 212 180
r-31 15 0.342857 12 0.318182 1 0 0 1 1 1 1 1 1 1 1
r-137 25 0.313333 29 0.307882 3256 4733 3252 4786 3378 5929 8358 5638 3820 4660 3817
r-905 20 0.305263 26 0.283077 85 192 53 187 81 94 454 74 184 290 183
r-433 25 0.236667 20 0.315789 289 39 64 143 92 471 89 55 186 157 157
r-818 16 0.275 12 0.348485 0 0 0 0 0 1 0 0 1 0 0
r-617 20 0.305263 50 0.278367 2271 13825 2401 13795 2473 2965 20793 2977 4122 12218 3985
r-206 25 0.31 43 0.286822 7443 30422 7439 28546 7644 11261 52369 11294 33786 32056 33954
r-447 12 0.333333 27 0.310541 0 6 1 10 0 1 12 1 1 3 0
r-451 25 0.29 41 0.295122 13165 32391 13245 31547 13443 13520 42526 13548 16603 13915 16667
r-261 28 0.304233 12 0.272727 5 0 1 5 1 5 1 1 7 1 1
r-796 30 0.278161 24 0.289855 2308 1550 1127 2200 1429 3982 1906 1827 1884 1649 1497
r-413 44 0.310782 30 0.266667 493453 330043 330508 522381 315324 927750 572970 573437 541092 423460 425312
r-313 41 0.293902 33 0.32197 521352 402064 402085 508072 420893 997351 704429 706966 534775 450693 451433
r-28 30 0.331034 13 0.346154 44 8 9 43 8 55 8 5 33 13 13
r-683 39 0.287449 39 0.296896 1000000 1000000 1000000 1000000 1000000 1000000 1000000 1000000 1000000 1000000 1000000
r-935 25 0.273333 20 0.3 306 245 245 246 158 562 373 232 197 121 195
r-289 28 0.322751 49 0.307823 273053 709958 276907 693021 272542 461549 1000000 460748 430149 681781 429808
r-446 32 0.306452 21 0.390476 1560 426 513 1628 742 2910 787 846 1461 749 738
r-628 34 0.333333 30 0.282759 62780 84756 84842 73414 72371 116583 158820 158991 78002 83081 82766
r-425 21 0.261905 10 0.155556 0 0 0 0 0 0 0 0 0 0 0
r-715 21 0.347619 20 0.268421 61 82 140 63 99 59 133 169 95 122 112
r-822 40 0.296154 39 0.300945 1000000 1000000 1000000 1000000 1000000 1000000 1000000 1000000 1000000 1000000 1000000
r-623 48 0.315603 32 0.298387 1000000 1000000 1000000 1000000 1000000 1000000 1000000 1000000 1000000 1000000 1000000
r-190 47 0.304348 27 0.304843 355342 135406 135808 344967 138914 660356 222091 223054 365255 180057 180109
r-330 43 0.267996 10 0.377778 0 0 0 0 0 0 0 0 0 0 0
r-578 42 0.305459 35 0.294118 1000000 1000000 1000000 1000000 1000000 1000000 1000000 1000000 1000000 1000000 1000000
r-581 24 0.333333 16 0.341667 35 25 25 31 23 89 23 23 43 26 16
r-711 38 0.28165 14 0.32967 49 9 9 47 10 59 10 10 47 7 12
r-526 11 0.181818 27 0.264957 0 0 0 0 0 0 0 0 0 0 0
r-282 35 0.304202 45 0.285859 1000000 1000000 1000000 1000000 1000000 1000000 1000000 1000000 1000000 1000000 1000000
r-601 41 0.286585 11 0.4 31 1 1 30 2 31 1 2 13 2 1
r-255 33 0.293561 20 0.273684 1222 232 360 1240 374 1772 456 369 1161 405 313
r-759 26 0.295385 39 0.28475 10495 29818 10523 29355 10505 16339 53548 16403 19388 28947 19081
r-817 28 0.293651 15 0.295238 67 12 12 65 12 57 14 14 30 12 12
r-207 41 0.284146 42 0.29036 1000000 1000000 1000000 1000000 1000000 1000000 1000000 1000000 1000000 1000000 1000000
r-219 15 0.285714 47 0.299722 101 764 100 962 66 73 910 111 250 662 160
r-245 23 0.312253 23 0.284585 312 358 272 511 425 675 767 556 454 613 630
r-43 27 0.299145 42 0.283391 59562 141960 59239 138616 59076 97004 260116 97074 93762 136485 93778
r-338 44 0.283298 32 0.328629 672002 341070 339714 634588 380700 1000000 601093 598325 588648 341792 341761
r-105 25 0.283333 12 0.30303 10 1 1 10 1 12 1 0 8 1 1
r-827 11 0.381818 10 0.377778 0 0 0 0 0 0 0 0 0 0 0
r-792 45 0.30404 17 0.264706 1345 186 186 1153 189 1698 263 333 1098 415 649
r-627 34 0.317291 19 0.280702 1087 406 449 1036 628 1625 855 574 871 533 707
r-64 46 0.258937 20 0.347368 2243 859 647 2263 674 3877 964 857 3443 844 715
r-297 10 0.377778 39 0.302294 0 0 0 0 0 0 0 0 0 0 0
r-503 10 0.155556 26 0.32 0 0 0 0 0 0 0 0 0 0 0
r-720 11 0.345455 45 0.288889 0 0 0 0 0 0 0 0 0 0 0
r-252 41 0.273171 24 0.26087 23865 7496 7364 24289 7760 37348 10424 10487 23160 20015 19937
r-143 46 0.278261 23 0.288538 23794 5984 5911 22889 6350 37252 8221 7318 22539 17123 16959
r-916 43 0.295681 22 0.307359 12686 2096 2095 12403 2305 21232 3085 3230 10654 5348 5508
r-73 44 0.27167 28 0.306878 201936 61372 61204 190168 68957 366792 98787 99094 133344 73566 73596
r-845 45 0.347475 21 0.3 15274 5269 5029 15521 4904 25623 7525 7412 15415 5748 5705
r-558 44 0.294926 34 0.285205 1000000 818325 819748 1000000 797293 1000000 1000000 1000000 1000000 865747 861422
r-45 35 0.284034 11 0.290909 1 0 0 1 0 1 0 0 1 1 1
r-396 40 0.280769 40 0.287179 1000000 1000000 1000000 1000000 1000000 1000000 1000000 1000000 1000000 1000000 1000000
r-532 29 0.317734 18 0.261438 240 134 85 155 122 229 111 169 312 235 235
r-857 44 0.303383 33 0.32197 1000000 1000000 1000000 1000000 1000000 1000000 1000000 1000000 1000000 1000000 1000000
r-927 37 0.292793 19 0.345029 1154 272 353 935 407 1585 318 318 1020 594 542
r-648 23 0.284585 50 0.300408 14855 51717 14807 52721 14799 21667 83802 21320 24135 51446 24156
r-924 47 0.313599 20 0.278947 17108 4167 4353 16915 4237 26195 5313 5312 13502 5598 5604
r-831 32 0.302419 26 0.295385 12177 8903 8915 12212 8713 22437 15313 15298 13121 10369 10062
r-40 13 0.282051 18 0.326797 1 4 2 2 2 1 6 1 3 4 3
r-707 48 0.318262 10 0.155556 0 0 0 0 0 0 0 0 0 0 0
r-95 48 0.317376 28 0.31746 672536 304361 304083 668285 312463 1000000 531737 533851 618015 449449 449651
r-913 12 0.30303 28 0.280423 2 16 2 16 2 1 18 1 1 6 1
r-125 13 0.371795 27 0.364672 3 27 5 27 3 6 35 6 4 22 4
r-382 10 0.288889 29 0.268473 0 0 0 0 0 0 0 0 0 0 0
r-808 22 0.272727 23 0.245059 186 238 242 130 306 274 372 274 249 198 411
r-768 24 0.293478 17 0.330882 118 43 44 103 29 184 37 60 89 35 34
r-430 34 0.342246 11 0.272727 0 0 0 0 0 0 0 0 0 0 0
r-243 12 0.333333 26 0.292308 0 3 0 3 0 0 3 0 1 3 1
r-605 23 0.284585 39 0.304993 8396 19453 8336 19468 8418 12119 34068 12171 10282 16268 13429
r-636 50 0.309388 40 0.344872 1000000 1000000 1000000 1000000 1000000 1000000 1000000 1000000 1000000 1000000 1000000
r-762 10 0.244444 47 0.325624 0 0 0 0 0 0 0 0 0 0 0
r-548 18 0.300654 25 0.25 15 73 24 67 24 32 185 20 58 54 58
r-883 23 0.395257 45 0.305051 7869 28252 7788 25893 7996 13370 53708 12978 18680 28261 18628
r-613 35 0.331092 25 0.293333 10915 7334 7359 11140 7348 19772 12603 12565 12947 9846 9932
r-590 10 0.266667 14 0.241758 0 0 0 0 0 0 0 0 0 0 0
r-412 30 0.268966 35 0.317647 60387 54590 60395 62161 56907 109837 99909 109620 65118 66741 64515
r-521 24 0.315217 18 0.261438 42 29 29 74 24 61 64 40 98 39 64
r-947 26 0.276923 40 0.271795 18817 54356 18716 52204 19144 28994 93634 29084 33527 58905 33455
r-619 44 0.302326 49 0.270408 1000000 1000000 1000000 1000000 1000000 1000000 1000000 1000000 1000000 1000000 1000000
r-379 40 0.302564 24 0.278986 23682 12734 11658 23221 11595 40469 17943 18068 15296 9692 9567
r-301 33 0.310606 49 0.321429 1000000 1000000 1000000 1000000 1000000 1000000 1000000 1000000 1000000 1000000 1000000
r-919 46 0.305314 11 0.418182 0 0 0 0 0 0 0 0 2 0 0
r-236 26 0.323077 16 0.283333 88 31 20 50 31 130 27 27 79 32 52
r-797 11 0.309091 16 0.316667 0 0 0 1 0 0 2 0 1 2 0
r-691 32 0.272177 34 0.294118 98007 89963 97704 112848 92201 170328 157002 171100 86527 84125 87016
r-308 46 0.280193 41 0.289024 1000000 1000000 1000000 1000000 1000000 1000000 1000000 1000000 1000000 1000000 1000000
r-663 27 0.236467 14 0.296703 11 4 6 11 7 24 8 5 10 7 7
r-456 35 0.290756 16 0.308333 101 20 31 97 34 137 37 37 247 52 52
r-764 10 0.355556 22 0.316017 0 1 0 1 0 0 2 0 0 1 0
r-836 16 0.358333 11 0.327273 0 0 0 0 0 0 0 0 0 0 0
r-630 15 0.285714 29 0.295567 18 67 28 106 17 33 163 33 21 90 21
r-570 17 0.279412 43 0.305648 79 688 121 847 122 146 1125 146 211 832 211
r-729 23 0.272727 40 0.305128 6078 13794 6037 13565 6289 8966 22400 9014 7873 9541 7871
r-376 36 0.280952 13 0.192308 3 0 0 6 0 5 0 0 4 1 1
r-6 24 0.253623 44 0.303383 24971 60634 25039 61511 24802 36782 102134 36896 37592 69079 37320
r-70 20 0.247368 38 0.302987 1303 3180 1228 3277 1164 1629 5177 1622 1985 4186 1770
r-556 47 0.296022 34 0.317291 1000000 1000000 1000000 1000000 1000000 1000000 1000000 1000000 1000000 1000000 1000000
r-895 44 0.306554 13 0.269231 3 5 5 3 5 2 5 5 3 6 6
r-44 46 0.304348 39 0.318489 1000000 1000000 1000000 1000000 1000000 1000000 1000000 1000000 1000000 1000000 1000000
r-373 40 0.284615 35 0.327731 645921 449898 446860 588940 490410 1000000 847636 848129 616245 569171 571420
r-622 50 0.303673 50 0.292245 1000000 1000000 1000000 1000000 1000000 1000000 1000000 1000000 1000000 1000000 1000000
r-393 13 0.192308 28 0.325397 0 1 0 3 0 0 2 0 1 1 0
r-61 20 0.321053 19 0.292398 30 55 54 53 38 47 82 83 57 39 64
r-971 17 0.220588 42 0.295006 47 663 49 400 47 85 512 85 63 541 41
r-7 14 0.230769 10 0.311111 0 0 0 0 0 0 0 0 0 0 0
r-606 27 0.344729 13 0.371795 12 1 2 19 3 25 2 2 10 6 6
r-718 46 0.313043 30 0.349425 701891 295031 296082 660014 307307 1000000 526014 525711 662159 464176 463743
r-212 23 0.284585 46 0.301449 9147 44972 9215 43527 9161 13610 76206 13581 12505 31918 12641
r-972 25 0.296667 19 0.333333 278 84 133 255 93 312 193 192 172 99 159
r-325 47 0.314524 41 0.285366 1000000 1000000 1000000 1000000 1000000 1000000 1000000 1000000 1000000 1000000 1000000
r-739 30 0.344828 21 0.261905 2200 2723 2605 2275 1816 3663 3269 3290 2985 3005 1982
r-342 22 0.272727 35 0.285714 1651 3912 1506 3927 1453 2013 5955 1906 2200 3842 2360
r-139 49 0.304422 43 0.299003 1000000 1000000 1000000 1000000 1000000 1000000 1000000 1000000 1000000 1000000 1000000
r-646 39 0.306343 32 0.296371 167338 190948 192000 166775 186736 318290 347393 347281 226773 228691 226934
r-908 39 0.276653 13 0.346154 19 1 1 18 1 32 1 1 19 4 7
r-251 25 0.3 28 0.314815 1560 1329 1818 1410 1503 2656 2524 3331 2345 1416 2548
r-22 35 0.312605 11 0.272727 0 0 0 0 0 0 0 0 0 0 0
r-392 43 0.292359 14 0.285714 111 9 14 109 10 201 15 10 64 27 27
r-967 36 0.288889 10 0.333333 0 0 0 0 0 0 0 0 0 0 0
r-65 37 0.291291 23 0.332016 11253 3023 2967 10247 3604 19720 4875 4706 6589 4016 4020
r-351 19 0.239766 38 0.284495 245 742 156 766 200 309 1035 197 790 905 728
r-398 30 0.347126 50 0.288163 320245 773249 318921 720519 331561 546510 1000000 544430 311937 679053 312106
r-541 20 0.289474 27 0.304843 251 421 251 560 375 589 741 372 318 447 510
r-968 35 0.312605 35 0.30084 157488 239254 157551 201196 154374 304389 461243 324058 182017 195596 181971
r-50 20 0.342105 48 0.307624 1734 5953 2607 5732 2239 2548 8873 2558 2403 4526 2426
r-300 31 0.298925 10 0.177778 0 0 0 0 0 0 0 0 0 0 0
r-491 32 0.302419 36 0.279365 125872 199500 126392 189265 124435 220252 367772 220195 175081 218552 174350
r-697 33 0.291667 20 0.363158 1594 578 373 1405 540 2725 714 575 1271 606 551
r-943 40 0.273077 11 0.290909 0 0 0 0 0 0 0 0 0 0 0
r-838 31 0.27957 50 0.301224 906977 1000000 908668 1000000 903162 1000000 1000000 1000000 1000000 1000000 1000000
r-815 34 0.317291 16 0.325 215 47 73 255 79 443 61 94 283 170 172
r-193 34 0.269162 38 0.308677 315085 278219 314270 316184 298875 587033 512765 606827 367867 330529 365398
r-572 10 0.311111 47 0.301573 0 0 0 0 0 0 0 0 0 0 0
r-296 35 0.295798 49 0.323129 1000000 1000000 1000000 1000000 1000000 1000000 1000000 1000000 1000000 1000000 1000000
r-733 50 0.293061 23 0.249012 43555 16589 16921 42832 17110 68321 23610 23397 48146 25501 25448
r-752 36 0.28254 39 0.280702 356319 454788 358609 492067 328585 649131 854586 648784 607147 469026 606632
r-103 14 0.32967 45 0.306061 8 79 5 75 5 8 89 9 54 70 35
r-98 21 0.247619 41 0.303659 2464 3642 2465 3543 2589 3409 5340 3372 4094 3590 4163
r-851 39 0.303644 35 0.309244 576596 447222 447634 568895 437286 1000000 848871 849268 653027 544329 544882
r-262 34 0.27451 34 0.333333 105034 70465 105058 100482 96783 204974 128831 204845 145264 85590 145236
r-926 30 0.326437 34 0.320856 57801 71517 58006 70877 55737 105382 136906 105610 68537 75670 68157
r-410 22 0.34632 47 0.310823 7577 27078 7501 26492 7435 11017 46050 11199 12618 24851 12320
r-344 36 0.295238 43 0.264673 1000000 1000000 1000000 1000000 1000000 1000000 1000000 1000000 1000000 1000000 1000000
r-906 25 0.31 38 0.29303 12319 32355 12867 31321 12361 20046 58357 19774 17380 29629 17395
r-853 19 0.269006 18 0.313725 20 9 15 18 18 54 13 13 44 16 15
r-584 31 0.311828 43 0.283499 227120 389172 225933 373894 228449 397150 745037 403610 350795 414062 350948
r-215 27 0.290598 24 0.311594 960 832 569 906 609 1844 986 992 1096 1163 1082
r-878 21 0.314286 13 0.294872 5 0 0 5 0 4 1 0 5 2 1
r-939 46 0.291787 36 0.290476 1000000 1000000 1000000 1000000 1000000 1000000 1000000 1000000 1000000 1000000 1000000
r-907 40 0.314103 45 0.29596 1000000 1000000 1000000 1000000 1000000 1000000 1000000 1000000 1000000 1000000 1000000
r-386 28 0.314815 42 0.312427 62974 120221 62853 115945 63239 107983 221671 108229 95147 119635 95175
r-89 30 0.282759 12 0.318182 6 0 0 3 0 4 0 0 5 0 1
r-760 27 0.336182 34 0.285205 12922 20744 12911 18702 13078 22400 38744 22259 14871 19111 14896
r-723 14 0.32967 19 0.263158 0 4 0 4 0 1 4 0 2 4 2
r-949 24 0.304348 29 0.261084 960 2029 961 1605 1093 1655 3225 1491 1013 2409 1011
r-977 49 0.301871 41 0.303659 1000000 1000000 1000000 1000000 1000000 1000000 1000000 1000000 1000000 1000000 1000000
r-938 45 0.282828 32 0.296371 1000000 744798 741136 1000000 785843 1000000 1000000 1000000 1000000 972598 972114
r-198 44 0.326638 16 0.266667 643 64 99 388 66 602 71 71 577 185 288
r-402 29 0.270936 17 0.286765 237 48 30 136 51 250 62 63 183 87 87
r-309 31 0.307527 38 0.246088 93392 267903 93143 238991 100743 156729 494008 156846 137678 245439 138620
r-286 39 0.325236 21 0.347619 7867 2983 2585 7223 2527 13854 3843 4002 6398 4412 4590
r-146 13 0.423077 41 0.278049 2 87 3 86 3 4 68 4 1 13 2
r-161 35 0.305882 19 0.292398 1097 357 316 1049 493 1811 495 343 1265 422 424
r-591 50 0.296327 24 0.347826 88522 16408 16336 85918 17455 150540 23716 23847 54540 27808 28062
r-932 11 0.236364 43 0.289037 0 0 0 0 0 0 0 0 0 0 0
r-703 31 0.296774 26 0.338462 9695 5815 5848 8851 6527 18025 9732 9710 6784 5142 5141
r-441 20 0.331579 31 0.309677 373 1511 583 1432 519 617 2781 602 625 690 918
r-740 49 0.328231 44 0.295983 1000000 1000000 1000000 1000000 1000000 1000000 1000000 1000000 1000000 1000000 1000000
r-115 35 0.290756 29 0.302956 24723 15172 15134 23991 14562 45882 25438 25463 31190 24044 24084
r-162 21 0.32381 15 0.295238 12 5 9 11 8 30 7 12 12 8 13
r-192 29 0.29803 43 0.326689 250065 356268 250134 368271 246991 449514 694255 449449 278966 368685 277596
r-477 49 0.301871 30 0.335632 791035 498014 498091 744525 535626 1000000 878386 876746 1000000 860380 863792
r-99 42 0.295006 39 0.278003 1000000 1000000 1000000 1000000 1000000 1000000 1000000 1000000 1000000 1000000 1000000
r-710 19 0.245614 43 0.277962 457 2303 457 2303 602 782 3286 590 549 2733 578
r-81 45 0.290909 48 0.296099 1000000 1000000 1000000 1000000 1000000 1000000 1000000 1000000 1000000 1000000 1000000
r-235 33 0.32197 12 0.30303 10 1 1 16 1 17 1 2 13 1 1
r-668 48 0.299645 35 0.285714 1000000 1000000 1000000 1000000 1000000 1000000 1000000 1000000 1000000 1000000 1000000
r-632 42 0.308943 44 0.282241 1000000 1000000 1000000 1000000 1000000 1000000 1000000 1000000 1000000 1000000 1000000
r-769 43 0.289037 38 0.294452 1000000 1000000 1000000 1000000 1000000 1000000 1000000 1000000 1000000 1000000 1000000
r-848 38 0.311522 38 0.328592 792198 668367 795620 753601 713168 1000000 1000000 1000000 1000000 1000000 1000000
r-666 35 0.309244 47 0.299722 1000000 1000000 1000000 1000000 1000000 1000000 1000000 1000000 1000000 1000000 1000000
r-563 12 0.30303 31 0.283871 0 0 0 0 0 0 0 0 0 1 0
r-791 14 0.373626 22 0.290043 2 6 1 10 1 3 15 2 3 3 2
r-405 38 0.315789 30 0.335632 114684 68465 68362 103352 74973 227447 126353 125344 106944 83513 83790
r-211 12 0.30303 41 0.267073 3 23 3 22 3 1 23 3 4 27 4
r-303 45 0.291919 40 0.308974 1000000 1000000 1000000 1000000 1000000 1000000 1000000 1000000 1000000 1000000 1000000
r-678 22 0.341991 46 0.314976 5187 20581 5045 19839 5035 7504 35277 7564 11729 17335 11371
r-902 30 0.282759 43 0.277962 202008 379436 200898 374546 201634 328303 690221 329907 288580 412321 287552
r-384 25 0.286667 19 0.304094 86 36 58 131 37 229 81 80 163 99 98
r-49 21 0.3 14 0.296703 6 2 1 5 3 14 2 2 8 4 4
r-806 37 0.292793 36 0.293651 597863 542429 541636 608976 522586 1000000 1000000 1000000 653476 626590 626114
r-990 14 0.296703 24 0.286232 5 17 3 27 5 7 39 4 16 23 10
r-229 14 0.340659 15 0.32381 1 1 1 1 1 1 2 1 1 1 1
r-460 18 0.287582 23 0.332016 104 76 69 83 67 171 126 107 113 77 117
r-872 30 0.342529 21 0.3 1501 872 932 1561 842 3039 1393 1556 1170 994 1027
r-237 19 0.280702 23 0.29249 56 117 35 71 58 83 117 51 84 71 52
r-429 21 0.328571 28 0.351852 722 797 902 856 911 1361 1443 1080 731 1033 764
r-656 35 0.265546 50 0.296327 1000000 1000000 1000000 1000000 1000000 1000000 1000000 1000000 1000000 1000000 1000000
r-187 31 0.283871 18 0.294118 334 156 185 316 120 665 154 154 210 130 132
r-138 44 0.285412 37 0.279279 1000000 1000000 1000000 1000000 1000000 1000000 1000000 1000000 1000000 1000000 1000000
r-582 36 0.307937 49 0.305272 1000000 1000000 1000000 1000000 1000000 1000000 1000000 1000000 1000000 1000000 1000000
r-403 12 0.348485 41 0.279268 3 56 5 53 5 5 56 5 6 33 4
r-411 41 0.285366 40 0.317949 1000000 1000000 1000000 1000000 1000000 1000000 1000000 1000000 1000000 1000000 1000000
r-899 29 0.32266 25 0.31 5882 4439 4393 5803 4258 10543 7543 7351 5623 5122 4978
r-364 11 0.254545 23 0.324111 0 3 0 3 0 0 2 0 0 2 0
r-716 50 0.300408 39 0.295547 1000000 1000000 1000000 1000000 1000000 1000000 1000000 1000000 1000000 1000000 1000000
r-473 38 0.295875 44 0.261099 1000000 1000000 1000000 1000000 1000000 1000000 1000000 1000000 1000000 1000000 1000000
r-54 47 0.318224 29 0.344828 572160 246576 245098 548886 257961 1000000 435389 436408 582576 308477 307010
r-390 24 0.318841 12 0.363636 5 1 1 5 1 12 1 1 8 2 4
r-157 36 0.315873 43 0.342193 1000000 1000000 1000000 1000000 1000000 1000000 1000000 1000000 1000000 1000000 1000000
r-51 13 0.24359 39 0.299595 1 12 1 19 0 0 20 1 0 0 0
r-537 14 0.307692 29 0.275862 4 40 2 23 4 3 52 4 11 12 6
r-96 27 0.279202 42 0.317073 59731 104645 59598 108425 59440 98592 196406 98471 111832 110874 111876
r-604 32 0.316532 36 0.314286 115951 143975 116040 145634 113521 219957 280454 221244 133337 154123 133591
r-512 49 0.321429 15 0.285714 215 41 63 339 64 339 41 64 170 330 291
r-150 31 0.268817 21 0.242857 581 414 419 593 346 925 353 518 773 343 345
r-527 19 0.321637 48 0.300532 1631 6138 1625 5843 1636 2067 9249 1971 3554 5138 3395
r-333 17 0.272059 42 0.297329 60 499 93 603 60 111 1083 112 98 533 151
r-227 38 0.29872 29 0.32266 109681 57141 57434 105902 61370 211516 101986 102711 110763 68609 68592
r-918 39 0.290148 26 0.283077 34299 17544 17548 33902 17902 60798 27286 27295 38149 31100 30047
r-13 15 0.247619 42 0.30662 8 91 8 88 8 13 152 13 20 164 32
r-259 34 0.294118 20 0.336842 1606 276 275 1411 463 2275 455 399 823 445 579
r-651 47 0.302498 15 0.295238 639 135 86 636 93 608 140 89 475 114 115
r-724 13 0.25641 47 0.312673 2 4 3 6 3 2 4 3 1 2 1
r-662 20 0.252632 45 0.311111 1628 4362 1455 4292 1621 1992 6484 1992 1682 4693 1640
r-220 21 0.309524 24 0.355072 169 267 168 275 164 451 279 448 356 288 355
r-366 16 0.258333 37 0.286787 14 120 22 118 21 16 242 16 15 120 23
r-660 12 0.363636 39 0.307692 2 26 1 25 2 2 16 1 2 11 2
r-579 22 0.242424 32 0.302419 1210 1613 1091 1800 1031 1598 2696 1687 2209 2335 2268
r-915 13 0.282051 17 0.294118 0 2 0 1 0 1 3 0 1 1 2
r-170 12 0.348485 29 0.288177 0 9 0 5 0 0 6 0 0 4 1
r-58 20 0.3 31 0.28172 340 1005 341 956 469 491 1676 547 544 818 381
r-199 10 0.311111 36 0.309524 0 0 0 0 0 0 0 0 0 0 0
r-298 25 0.253333 16 0.316667 67 13 13 62 15 100 17 17 51 18 30
r-419 40 0.294872 45 0.337374 1000000 1000000 1000000 1000000 1000000 1000000 1000000 1000000 1000000 1000000 1000000
r-149 27 0.293447 13 0.24359 5 0 0 3 0 3 0 0 3 1 1
r-539 15 0.285714 28 0.256614 12 44 12 69 7 14 98 9 11 61 17
r-104 25 0.28 14 0.318681 29 3 3 26 3 42 4 4 23 7 4
r-160 38 0.288762 20 0.326316 1410 623 527 1548 682 2240 650 1003 1549 521 524
r-505 16 0.283333 44 0.290698 69 455 69 629 106 78 544 78 101 567 157
r-832 37 0.292793 16 0.283333 533 73 113 382 76 516 136 136 453 142 142
r-458 19 0.345029 46 0.323671 1330 6516 1619 6297 1298 1783 10136 1781 3017 4964 3036
r-568 45 0.274747 14 0.285714 105 5 5 105 7 66 5 5 73 5 8
r-812 29 0.288177 25 0.286667 1334 1572 1365 1313 1299 2039 1557 1424 1813 842 841
r-284 25 0.306667 15 0.304762 43 15 15 25 9 64 20 20 23 18 11
r-788 41 0.297561 19 0.315789 2878 781 689 2752 736 4693 764 916 2506 1623 1415
r-317 10 0.288889 11 0.290909 0 0 0 0 0 0 0 0 0 0 0
r-781 24 0.264493 48 0.303191 63374 176014 63090 176787 62985 94526 301760 94271 97830 170060 97714
r-661 12 0.333333 33 0.280303 0 8 0 8 0 0 15 0 1 12 1
r-981 13 0.230769 12 0.272727 0 0 0 0 0 0 0 0 0 0 0
r-730 44 0.266385 35 0.315966 1000000 449255 448629 1000000 541508 1000000 792095 792302 1000000 1000000 1000000
r-903 23 0.280632 43 0.311185 14784 33410 15172 33689 14535 22203 57330 22336 10902 22669 10821
r-383 21 0.295238 40 0.316667 2124 5901 1999 5947 1851 2824 9797 2542 2854 6226 3059
r-897 19 0.350877 49 0.293367 1221 7612 1281 7263 1290 1611 11367 1605 1784 6020 1818
r-800 19 0.321637 47 0.287697 1309 8619 1450 8205 1357 1862 12685 1809 4179 7103 4227
r-823 27 0.276353 40 0.285897 14549 28819 15441 29296 14244 23130 51301 23174 21712 33717 21472
r-770 18 0.313725 31 0.292473 204 649 129 451 205 175 867 175 401 410 253
r-593 10 0.288889 26 0.326154 0 0 0 0 0 0 0 0 0 0 0
r-953 30 0.275862 29 0.317734 9958 5639 6050 9714 6257 18261 9876 9956 7939 6747 6709
r-856 50 0.299592 31 0.316129 1000000 596491 596650 1000000 626722 1000000 1000000 1000000 1000000 1000000 996132
r-868 20 0.3 35 0.305882 951 1998 714 1925 822 1150 3562 1074 1000 1847 944
r-587 41 0.334146 36 0.292063 912537 963916 957939 996583 813932 1000000 1000000 1000000 1000000 1000000 1000000
r-75 22 0.281385 33 0.280303 1304 2498 1201 2196 1640 1936 3787 1909 1470 1973 1349
r-842 21 0.328571 27 0.299145 327 970 523 603 501 690 1129 491 925 773 814
r-454 47 0.279371 50 0.292245 1000000 1000000 1000000 1000000 1000000 1000000 1000000 1000000 1000000 1000000 1000000
r-361 43 0.294574 35 0.290756 1000000 1000000 1000000 1000000 1000000 1000000 1000000 1000000 1000000 1000000 1000000
r-763 38 0.324324 31 0.27957 151780 170428 170735 170442 148498 280814 307874 309629 184180 183005 183222
r-635 19 0.222222 45 0.306061 1661 5716 2123 6350 1801 2083 8327 2550 2250 5254 2253
r-153 43 0.302326 49 0.296769 1000000 1000000 1000000 1000000 1000000 1000000 1000000 1000000 1000000 1000000 1000000
r-439 39 0.282051 39 0.306343 1000000 964847 1000000 1000000 1000000 1000000 1000000 1000000 1000000 1000000 1000000
r-10 13 0.346154 49 0.278912 3 81 3 78 5 5 50 5 18 67 11
r-316 26 0.307692 17 0.257353 60 44 44 98 42 147 57 57 55 61 61
r-698 16 0.275 10 0.311111 0 0 0 0 0 0 0 0 0 0 0
r-311 28 0.314815 11 0.381818 9 1 0 9 1 10 1 1 6 1 0
r-266 16 0.341667 28 0.301587 15 73 10 71 9 8 94 8 39 62 39
r-821 13 0.320513 10 0.333333 0 0 0 0 0 0 0 0 0 0 0
r-515 50 0.301224 47 0.317299 1000000 1000000 1000000 1000000 1000000 1000000 1000000 1000000 1000000 1000000 1000000
r-596 46 0.291787 25 0.31 87680 25675 25914 85567 27474 155197 40283 40336 74344 47633 47534
r-951 30 0.264368 13 0.217949 2 0 0 2 0 2 0 0 3 1 1
r-820 38 0.285917 23 0.288538 13077 4032 4104 12333 4662 21909 6428 6151 11983 6897 6937
r-504 22 0.25974 31 0.307527 2669 3649 2811 4214 2745 4139 6274 4202 3837 3648 2948
r-321 29 0.305419 10 0.311111 0 0 0 0 0 0 0 0 0 0 0
r-183 44 0.313953 33 0.295455 1000000 859090 861556 1000000 817845 1000000 1000000 1000000 1000000 857755 862814
r-888 31 0.313978 33 0.289773 38848 52400 38729 47996 37698 70125 97482 70179 51776 52787 51571
r-397 17 0.264706 18 0.24183 6 9 3 9 3 5 8 8 5 9 9
r-367 39 0.327935 26 0.28 28687 22615 22663 29182 21376 52835 39004 39062 37621 24271 23906
r-340 50 0.287347 46 0.288889 1000000 1000000 1000000 1000000 1000000 1000000 1000000 1000000 1000000 1000000 1000000
r-93 33 0.304924 37 0.325826 123974 125847 123370 128301 112293 229998 237962 230484 201811 123028 202051
r-674 29 0.288177 34 0.292335 31231 35362 31182 35399 30539 53927 64676 53944 35482 38885 34871
r-238 34 0.2959 47 0.287697 1000000 1000000 1000000 1000000 1000000 1000000 1000000 1000000 1000000 1000000 1000000
r-565 27 0.267806 15 0.314286 29 6 6 44 10 68 11 11 37 8 13
r-936 35 0.329412 16 0.325 340 78 84 267 84 395 109 109 389 99 155
r-611 20 0.310526 46 0.298551 2271 6063 2046 5794 2026 3055 9308 2969 2453 5044 2457
r-727 48 0.281028 32 0.298387 1000000 1000000 1000000 1000000 1000000 1000000 1000000 1000000 1000000 1000000 1000000
r-672 11 0.290909 15 0.304762 0 1 0 1 0 0 1 0 0 1 0
r-881 42 0.270616 18 0.294118 1626 402 257 1634 398 2050 426 513 1562 526 492
r-100 19 0.263158 43 0.284607 658 2628 657 2588 470 547 3945 711 541 2195 593
r-992 15 0.409524 30 0.291954 14 136 23 125 14 18 209 19 22 108 35
r-685 34 0.283422 47 0.300648 1000000 1000000 1000000 1000000 1000000 1000000 1000000 1000000 1000000 1000000 1000000
r-847 25 0.316667 31 0.292473 3537 4579 3318 4380 3346 5998 9147 5841 3306 6368 3189
r-174 42 0.293844 26 0.283077 89032 36605 36607 87355 36887 158829 57544 57983 82739 47259 47261
r-965 40 0.316667 50 0.318367 1000000 1000000 1000000 1000000 1000000 1000000 1000000 1000000 1000000 1000000 1000000
r-554 27 0.287749 36 0.306349 21428 23270 21346 24178 21007 36653 43393 36542 17227 33582 17485
r-4 26 0.304615 26 0.283077 2095 2789 2056 2540 2270 3509 4605 3508 2451 2751 2491
