instance n1 density1 n2 density2 mcsplit mcsplit-swapped mcsplit-smart-swapped-D mcsplit-smart-swapped-O mcsplit+f mcsplit+bigf mcsplit-b mcsplit-b-swapped mcsplit-b-smart-swapped-D mcsplit-b-smart-swapped-O mcsplit-nosort mcsplit-nosort-swapped mcsplit-nosort-smart-swapped-D mcsplit-nosort-smart-swapped-O
r-176 22 0.82684 17 0.220588 1 0 0 1 4 2 2 2 1 2 3 1 1 1
r-36 39 0.944669 29 0.253695 51 13 13 23 63 24 124 36 20 20 27 11 11 19
r-904 21 0.338095 46 0.154589 146 707 92 134 549 155 180 1318 176 167 117 642 117 117
r-805 41 0.597561 30 0.611494 235172 185779 235019 186492 233403 177860 516810 391767 516495 390556 253941 207111 253481 207116
r-740 18 0.333333 43 0.869324 13 19 22 22 57 39 37 47 37 21 16 54 26 27
r-385 40 0.661538 50 0.0171429 101 2599 99 102 1799 102 193 4497 190 109 109 2007 184 189
r-379 30 0.475862 29 0.704433 2718 3363 2756 3324 4896 4474 5085 5614 5111 5532 4024 4762 4001 4847
r-421 39 0.504723 21 0.32381 5430 2459 5904 2714 6504 3264 6223 3913 6293 3923 4116 3506 4077 3153
r-860 49 0.951531 23 0.960474 0 0 0 0 0 0 0 0 0 0 0 0 0 0
r-734 38 0.403983 50 0.98449 253 5970 252 165 3722 133 233 8531 234 454 1020 4716 796 1166
r-178 38 0.364154 33 0.668561 25168 22468 25320 22782 38493 29187 48379 43107 48306 43236 33651 34711 33757 34679
r-173 32 0.885081 41 0.209756 102 97 96 102 396 247 340 173 288 201 161 234 271 270
r-383 29 0.339901 24 0.0724638 50 1767 28 1947 335 830 44 2507 78 2441 296 4166 212 3924
r-847 34 0.641711 13 0.0512821 6 7 5 13 18 16 11 21 10 12 5 15 5 26
r-318 17 0.220588 16 0.208333 0 0 0 0 0 0 0 0 0 0 0 1 0 1
r-706 49 0.344388 41 0.113415 377390 1000000 378206 1000000 1000000 884831 652437 1000000 652409 1000000 725835 1000000 722000 1000000
r-351 40 0.312821 28 0.00793651 224308 1000000 223794 1000000 1000000 1000000 229051 1000000 229765 1000000 1000000 1000000 1000000 1000000
r-222 18 0.477124 31 0.277419 36 175 36 59 156 63 90 319 54 54 103 92 159 103
r-147 22 0.502165 25 0.356667 236 432 236 266 427 242 521 445 590 395 380 517 548 417
r-137 22 0.930736 21 0.780952 4655 522 599 522 2416 695 1620 17 17 8 1011 355 353 551
r-24 22 0.995671 12 0.106061 0 0 0 0 0 0 0 0 0 0 0 0 0 0
r-187 50 0.413878 25 0.633333 61588 55940 61544 55471 73201 86800 116958 103239 116809 103297 89699 76576 90180 76744
r-227 41 0.662195 22 0.004329 28 453 28 571 643 141 54 1376 54 741 220 525 350 525
r-370 10 0.288889 44 0.571882 0 4 4 0 0 0 0 2 2 0 11 8 13 7
r-195 19 0.824561 47 0.376503 240 462 324 240 860 230 232 733 481 367 405 520 641 592
r-688 26 0.301538 10 0.888889 0 0 0 0 1 2 0 2 0 1 2 2 2 2
r-136 14 0.593407 50 0.559184 379 1075 1049 252 1041 252 289 1381 1347 436 324 1091 888 314
r-629 42 0.61324 30 0.491954 180420 154903 155913 154767 196685 201891 367714 320004 320011 322656 245274 196153 197172 203165
r-519 24 0.684783 49 0.791667 3403 22011 3238 3252 20322 3583 5130 36374 4744 4725 14088 20093 14241 14103
r-924 43 0.593577 16 0.241667 125 150 124 152 336 292 200 208 323 213 404 207 287 208
r-656 22 0.246753 13 0.589744 2 2 1 2 3 7 3 1 2 2 6 6 3 3
r-747 14 0.153846 43 0.766334 4 17 10 8 24 5 9 26 25 16 18 13 13 19
r-174 23 0.383399 12 0.439394 8 1 2 1 5 2 11 2 1 2 5 2 2 4
r-750 22 0.00865801 40 0.0551282 1000000 6224 6721 1000000 1000000 1000000 1000000 6213 6236 1000000 0 0 0 0
r-511 12 0.378788 33 0.0719697 0 4 0 0 2 0 0 3 0 0 0 1 1 0
r-959 29 0.103448 45 0.779798 137 69 70 185 301 167 280 120 191 451 304 208 264 329
r-38 13 0.897436 33 0.268939 5 1 3 5 18 5 17 3 3 18 15 8 8 9
r-444 17 0.330882 15 0.714286 1 1 1 1 4 4 2 2 2 4 3 2 2 4
r-645 38 0.250356 46 0.294686 1000000 1000000 1000000 1000000 1000000 1000000 1000000 1000000 1000000 1000000 1000000 1000000 1000000 1000000
r-465 13 0.102564 10 0.0666667 0 0 0 0 0 0 0 0 0 0 0 0 0 0
r-658 46 0.730435 15 0.133333 18 27 18 17 27 34 30 47 18 47 35 34 20 34
r-646 41 0.203659 40 0.573077 48051 35897 35845 36026 65984 49437 85362 69676 69905 69641 68567 39754 39659 39681
r-919 40 0.107692 40 0.958974 14 14 14 7 15 12 29 72 16 31 18 30 19 10
r-678 46 0.0396135 45 0.234343 1000000 88752 88146 87141 1000000 99077 1000000 126573 126842 127367 1000000 251269 249687 250953
r-972 32 0.147177 17 0.272059 72 9 9 9 101 9 165 6 10 10 66 52 88 87
r-77 22 0.852814 26 0.938462 29 1732 29 15 1418 29 28 1641 14 14 130 4222 133 110
r-478 32 0.959677 49 0.546769 220699 1699 1700 220263 62674 26000 353230 2751 3320 349268 267458 5117 4603 267284
r-257 21 0.457143 44 0.954545 8 87 14 8 56 19 13 260 7 13 33 127 33 34
r-677 11 0.327273 47 0.513414 0 1 1 0 0 0 0 2 1 0 10 6 10 10
r-58 22 0.541126 43 0.54485 22969 38252 23045 23061 37749 23011 41925 77929 41874 41790 27193 37079 27069 26963
r-752 48 0.211879 15 0.790476 14 18 14 18 27 43 38 19 22 19 48 26 43 26
r-185 43 0.0808416 50 0.145306 1000000 1000000 1000000 1000000 1000000 1000000 1000000 1000000 1000000 1000000 1000000 1000000 1000000 1000000
r-360 10 0.511111 34 0.672014 0 0 0 0 0 0 0 0 0 0 0 0 0 0
r-819 41 0.218293 22 0.580087 769 331 215 335 1123 1177 1645 493 320 457 1207 414 628 414
r-877 26 0.110769 36 0.330159 3684 1299 1156 3640 2467 3148 6026 1885 2033 5978 5963 2610 2568 5973
r-587 42 0.566783 42 0.578397 1000000 1000000 1000000 1000000 1000000 1000000 1000000 1000000 1000000 1000000 1000000 1000000 1000000 1000000
r-507 35 0.146218 42 0.0801394 7259 1000000 7551 7767 851496 10656 9204 1000000 9406 8989 454448 1000000 454002 457153
r-398 43 0.438538 46 0.397101 1000000 1000000 1000000 1000000 1000000 1000000 1000000 1000000 1000000 1000000 1000000 1000000 1000000 1000000
r-832 40 0.120513 23 0.865613 21 11 11 6 35 14 20 22 13 22 24 21 20 20
r-439 26 0.910769 20 0.515789 46 3 6 7 62 9 73 5 5 10 73 24 25 24
r-275 43 0.570321 48 0.633865 1000000 1000000 1000000 1000000 1000000 1000000 1000000 1000000 1000000 1000000 1000000 1000000 1000000 1000000
r-292 23 0.304348 45 0.0737374 17 3917 18 10 3352 36 24 4516 14 24 50 4862 30 49
r-329 16 0.266667 10 0.733333 0 0 0 0 0 0 0 0 0 0 0 0 0 0
r-430 18 0.601307 40 0.00384615 1 216 0 0 433 1 1 317 1 1 18 205 32 19
r-575 13 0.0384615 33 0.535985 34 10 5 34 37 29 28 17 18 48 59 23 23 35
r-775 24 0.644928 33 0.587121 3550 3863 3859 3507 3953 3387 6521 7510 7441 6514 4581 5151 4874 4729
r-669 50 0.0555102 12 0.393939 3 3 3 1 3 2 5 2 1 2 2 5 5 2
r-668 30 0.117241 24 0.768116 27 15 15 8 37 23 45 21 22 13 33 14 24 24
r-412 11 0.218182 16 0.633333 1 0 0 1 1 1 1 0 1 1 1 1 0 2
r-906 34 0.206774 18 0.398693 380 30 46 46 203 68 397 65 68 65 290 89 141 140
r-578 40 0.487179 41 0.0780488 1486 10092 942 908 7325 1225 1606 18604 1493 1489 4352 14149 4044 4093
r-679 35 0.447059 49 0.259354 468792 1000000 468991 468250 938148 578941 912653 1000000 914642 912624 542107 977587 541384 543713
r-790 25 0.696667 45 0.773737 9009 42562 8264 7911 39195 8376 11235 70204 11255 11368 20274 43594 19985 19863
r-56 10 0.2 28 0.769841 0 1 1 0 1 0 1 2 2 1 1 1 2 1
r-888 29 0.82266 42 0.878049 4705 51569 4863 4740 45159 5727 5864 68917 6755 6560 9075 99286 9559 9389
r-151 48 0.261525 29 0.46798 177775 48951 48566 48620 153128 65529 364341 87418 87423 87417 165258 123802 124071 125672
r-552 26 0.304615 12 0.575758 13 4 4 8 10 13 17 6 10 6 21 11 7 7
r-186 46 0.0309179 20 0.457895 228 6 10 6 402 17 321 8 8 13 280 42 26 24
r-474 31 0.462366 37 0.651652 62875 71009 62934 63046 110230 70034 131023 141059 131434 131183 80229 88672 80223 80433
r-27 38 0.732575 28 0.367725 2323 2980 2791 2789 3221 3112 3461 5481 5328 5140 4575 3175 3329 3122
r-29 45 0.267677 36 0.431746 975641 290402 290885 290993 797706 399634 1000000 559848 559872 558855 787473 571059 570653 570983
r-110 19 0.976608 50 0.084898 4 1 1 4 3 3 6 3 5 11 3 3 3 3
r-777 50 0.240816 50 0.157551 1000000 1000000 1000000 1000000 1000000 1000000 1000000 1000000 1000000 1000000 1000000 1000000 1000000 1000000
r-271 33 0.736742 25 0.56 6212 2012 2009 2007 5296 2705 11755 3578 3461 3460 5210 3466 3468 3809
r-35 30 0.0298851 41 0.0695122 1000000 1000000 1000000 1000000 1000000 1000000 1000000 1000000 1000000 1000000 1000000 1000000 1000000 1000000
r-902 44 0.356237 23 0.980237 22 500 22 500 208 103 47 929 47 1492 78 603 78 597
r-359 39 0.179487 12 0.681818 5 2 3 2 7 15 14 3 5 3 9 4 4 2
r-87 43 0.513843 32 0.352823 322469 314931 323022 315478 397798 308274 682279 651873 682396 653363 348923 348476 349739 346413
r-46 15 0.828571 17 0.764706 2 1 2 3 2 2 4 3 1 2 5 5 5 5
r-963 22 0.04329 17 0.963235 0 0 0 0 0 0 0 0 0 0 0 0 0 0
r-133 49 0.322279 22 0.484848 33277 10198 11716 11122 31490 11363 64144 16815 16814 16836 26574 19869 19712 19615
r-188 28 0.920635 36 0.138095 12 11 11 12 36 22 46 20 20 27 19 23 21 18
r-992 48 0.896277 10 0.8 0 0 0 0 0 0 0 0 0 0 0 0 0 0
r-987 25 0.0566667 40 0.665385 292 24 13 357 296 200 357 44 24 367 358 46 82 361
r-813 44 0.114165 14 0.483516 31 3 5 3 43 9 47 6 6 3 35 17 10 17
r-123 43 0.0487265 46 0.23285 1000000 29449 29301 1000000 1000000 1000000 1000000 44919 45419 1000000 1000000 1000000 1000000 1000000
r-743 50 0.0653061 16 0.558333 66 4 7 4 89 94 95 11 11 11 49 35 61 61
r-720 29 0.763547 29 0.123153 14 45 25 25 71 30 41 83 42 42 43 33 42 25
r-664 24 0.101449 15 0.580952 7 1 1 1 5 6 5 1 2 1 4 1 1 1
r-598 44 0.280127 33 0.19697 392431 505517 392024 503846 484495 434048 669127 852464 668463 853554 719348 597412 719297 609212
r-538 30 0.305747 43 0.985604 8 167 15 8 90 16 26 250 26 13 30 208 16 29
r-937 48 0.0407801 50 0.51102 168059 2864 2756 155952 152664 58463 259076 4423 4353 257803 133355 9398 9222 131052
r-615 12 0.393939 32 0.697581 6 7 4 6 32 4 5 9 5 5 5 13 5 8
r-381 44 0.971459 50 0.956735 1000000 1000000 1000000 1000000 1000000 1000000 1000000 1000000 1000000 1000000 1000000 1000000 1000000 1000000
r-635 22 0.770563 45 0.685859 5008 9866 9579 5063 10194 4910 6200 14965 15041 6189 7507 12712 12697 7393
r-4 30 0.395402 40 0.485897 225087 177764 178045 225779 198407 215187 511452 385329 385912 511629 226321 209655 209634 226892
r-81 45 0.685859 39 0.0161943 44 1103 80 1636 185 152 171 1976 146 1929 67 517 62 511
r-2 40 0.0602564 10 0.155556 0 0 0 0 0 0 0 0 0 0 0 0 0 0
r-721 15 0.266667 37 0.483483 359 264 263 335 490 491 621 404 564 483 319 687 597 442
r-401 49 0.578231 23 0.628458 135109 77438 135567 77541 138665 74158 270971 137010 269714 137351 126156 86167 126058 86150
r-537 24 0.242754 41 0.542683 8407 6294 6480 8565 12787 8669 14056 11195 11263 13986 11136 9360 9367 11047
r-179 11 0.618182 49 0.443027 0 16 16 0 0 0 0 16 26 0 16 44 67 16
r-807 41 0.730488 46 0.519807 1000000 1000000 1000000 1000000 1000000 1000000 1000000 1000000 1000000 1000000 1000000 1000000 1000000 1000000
r-862 37 0.863363 36 0.336508 1236 577 577 579 1688 1202 2140 1122 1591 1273 1506 1423 1381 1860
r-232 33 0.126894 45 0.267677 1000000 293240 293703 1000000 590678 904124 1000000 482672 485483 1000000 1000000 519560 523724 1000000
r-617 20 0.452632 48 0.54078 11213 18439 18422 11361 21967 11418 18493 33487 33403 18429 14174 21204 21198 14150
r-457 47 0.640148 32 0.195565 6940 10441 7053 10398 12696 12280 12589 17688 12899 17683 11414 18942 11422 18901
r-713 27 0.490028 14 0.131868 4 21 2 21 6 18 6 20 6 20 11 22 11 14
r-724 29 0.204433 42 0.551684 21505 12719 12819 21508 25133 21874 38026 24171 24113 37920 25979 18035 18004 25938
r-910 16 0.816667 49 0.823129 2 2 1 2 2 2 0 1 0 0 1 5 1 0
r-754 41 0.239024 24 0.322464 10481 1752 1503 1567 9428 1969 17547 2614 3245 2364 8747 4359 4358 4363
r-490 35 0.438655 19 0.0701754 72 1073 71 899 538 464 123 1557 118 1325 216 925 270 917
r-978 34 0.84492 38 0.44239 4685 2769 2701 5197 7245 5398 7760 5340 4912 7801 6537 4519 4864 6537
r-281 18 0.111111 43 0.0531561 0 127 0 0 147 0 0 151 0 0 0 259 0 0
r-521 50 0.545306 47 0.543016 1000000 1000000 1000000 1000000 1000000 1000000 1000000 1000000 1000000 1000000 1000000 1000000 1000000 1000000
r-618 17 0.617647 23 0.549407 52 72 75 52 48 50 86 116 73 135 76 116 72 50
r-824 45 0.774747 49 0.521259 1000000 1000000 1000000 1000000 1000000 1000000 1000000 1000000 1000000 1000000 1000000 1000000 1000000 1000000
r-391 37 0.735736 10 0.511111 6 0 0 0 3 0 4 0 0 0 3 1 2 2
r-354 13 0.102564 50 0.493878 243 176 124 253 170 164 199 175 176 277 128 156 258 129
r-393 39 0.796221 10 0.4 2 0 0 1 2 1 3 0 0 1 4 1 1 1
r-944 12 0.136364 16 0.533333 1 0 0 1 1 0 1 0 0 1 1 0 1 1
r-561 33 0.590909 44 0.443975 673268 633617 634602 678009 816084 680377 1000000 1000000 1000000 1000000 784470 865216 868831 778814
r-245 11 0.418182 39 0.721997 2 5 2 1 15 2 2 6 2 1 2 3 2 2
r-62 28 0.285714 34 0.668449 1371 1587 1001 1497 2732 1856 2427 1918 1745 2372 2164 2123 2427 2300
r-242 26 0.510769 43 0.218162 1796 6257 1550 1798 6891 2121 2448 10214 2449 2552 2569 7551 2570 2785
r-149 21 0.766667 36 0.968254 5 1838 9 9 2081 6 10 2142 10 10 166 2486 168 167
r-25 34 0.0641711 23 0.719368 11 4 4 2 12 9 24 8 4 4 26 8 14 14
r-96 17 0.595588 47 0.0286772 1 69 0 1 46 1 2 158 2 1 6 31 3 3
r-794 46 0.91401 30 0.170115 70 60 35 35 97 79 115 101 106 110 55 82 78 46
r-908 18 0.660131 21 0.0190476 0 3 0 0 2 0 0 6 0 0 1 2 1 1
r-167 45 0.635354 14 0.21978 55 67 90 67 151 147 114 56 122 56 97 68 97 68
r-697 28 0.39418 23 0.418972 2414 1659 1689 1665 2188 1745 4591 3396 3152 3358 2117 2320 2322 2319
r-778 10 0.577778 27 0.777778 0 0 0 0 1 0 0 1 0 0 0 1 0 0
r-783 48 0.678191 31 0.326882 33986 48216 48280 48231 50434 45882 64637 92333 92000 91772 45879 52546 52768 52505
r-446 39 0.80027 21 0.314286 124 58 98 90 285 201 192 84 138 84 273 132 84 132
r-146 16 0.183333 24 0.51087 33 18 18 20 65 36 52 29 17 51 27 28 16 29
r-143 29 0.29803 35 0.467227 42666 20044 20093 42736 28696 38261 91512 37826 37972 90895 39845 28225 28135 39408
r-171 15 1 41 0.917073 19 21 21 45 47 46 46 22 48 19 0 0 0 0
r-74 25 0.45 24 0.286232 428 1028 428 1076 1258 753 742 2076 1038 1986 658 794 788 846
r-827 49 0.660714 21 0.604762 32952 9273 8971 8862 32174 9206 58537 13979 14014 13818 25472 16216 16054 16024
r-270 49 0.829932 15 0.0952381 3 12 2 7 9 9 7 13 3 13 11 9 6 9
r-309 14 0.10989 34 0.919786 0 1 0 0 1 0 1 1 1 1 1 1 0 0
r-730 18 0.261438 26 0.858462 6 3 6 3 7 7 6 5 6 6 7 4 7 4
r-453 40 0.425641 20 0.663158 1836 2137 1938 2299 2643 2765 3040 3512 3080 3740 3796 2984 3979 3029
r-894 36 0.507937 13 0.397436 110 45 69 29 117 33 143 52 91 52 109 47 70 31
r-893 12 0.818182 25 0.263333 2 2 1 3 3 1 2 2 2 4 4 3 3 2
r-183 38 0.504979 42 0.700348 385676 822028 384924 385222 670300 445564 807370 1000000 807327 808138 469029 591149 471502 468773
r-69 32 0.391129 49 0.521259 1000000 1000000 1000000 1000000 1000000 1000000 1000000 1000000 1000000 1000000 1000000 1000000 1000000 1000000
r-259 35 0.317647 29 0.450739 38045 15688 15869 15667 30999 18763 81045 29272 28965 29061 32314 21946 21739 21874
r-470 17 0.0808824 37 0.316817 352 109 108 211 154 332 408 265 258 413 443 735 412 374
r-234 45 0.585859 18 0.601307 6329 2413 6344 2875 6286 2328 10295 3604 11501 3602 5683 3595 5638 3500
r-947 25 0.306667 43 0.785161 306 691 486 305 1447 483 499 1389 798 800 923 1127 887 851
r-586 10 0.533333 22 0.324675 0 0 0 0 1 0 0 0 0 0 0 1 0 0
r-311 31 0.23871 26 0.84 19 66 19 39 89 65 53 69 52 113 77 67 77 67
r-395 27 0.367521 43 0.803987 485 1365 539 487 1458 967 904 2248 960 818 1421 1359 1021 1057
r-11 31 0.335484 13 0.974359 1 13 3 7 14 9 6 22 5 22 4 23 4 12
r-973 41 0.112195 42 0.873403 122 185 196 123 383 246 228 362 355 383 316 256 154 291
r-984 22 0.541126 44 0.464059 27560 33792 33773 27512 42156 27398 50831 65856 66401 50857 31902 41824 41751 32049
r-705 36 0.0730159 15 0.885714 0 0 0 0 0 0 1 2 2 2 0 0 1 1
r-716 30 0.871264 42 0.442509 2870 1120 1276 3027 5203 2814 5101 2196 1842 5022 4959 2260 2260 4976
r-488 47 0.466235 13 0.679487 216 48 280 48 263 122 264 85 319 83 460 173 460 113
r-213 29 0.512315 18 0.679739 253 372 253 552 508 305 414 704 660 618 215 476 307 557
r-804 11 0.581818 10 0.755556 0 0 0 0 0 0 0 0 0 0 0 0 0 0
r-810 10 0.333333 46 0.829952 1 1 1 0 5 1 1 3 1 2 1 3 2 1
r-262 19 0.77193 41 0.964634 25 792 24 25 635 15 7 833 7 7 64 1989 65 36
r-680 14 0.879121 44 0.588795 27 150 86 44 98 43 37 74 129 39 21 80 80 13
r-756 14 0.923077 20 0.673684 14 1 1 14 4 20 16 2 1 29 32 7 7 30
r-869 35 0.878992 23 0.490119 303 86 127 86 317 239 496 235 140 229 349 185 183 314
r-921 10 0.511111 24 0.427536 0 1 0 0 3 0 0 1 0 0 0 3 0 0
r-988 17 0.977941 41 0.612195 24997 427 383 24630 11342 11822 30201 472 472 29982 26087 5316 5315 25953
r-637 27 0.0569801 16 0.708333 1 0 0 0 1 1 3 1 1 0 2 1 2 1
r-410 44 0.84778 24 0.634058 6741 871 924 871 5515 1582 11328 1273 1489 1261 4903 1836 1700 2185
r-548 10 1 40 0.837179 0 0 0 0 0 0 0 0 0 0 0 0 0 0
r-508 18 0.928105 25 0.24 5 1 1 4 3 2 9 1 1 9 7 2 2 4
r-606 22 0.450216 33 0.954545 7 56 4 4 45 7 6 163 6 12 9 69 9 17
r-622 46 0.859903 46 0.639614 1000000 470341 471727 1000000 1000000 1000000 1000000 870083 871154 1000000 1000000 875124 874982 1000000
r-499 20 0.189474 47 0.343201 1038 3098 3103 1089 4079 1265 911 3706 3745 603 1158 2533 2337 1161
r-445 21 0.138095 36 0.955556 0 2 0 1 2 1 4 5 2 4 1 2 2 2
r-168 11 0.490909 16 0.15 0 0 0 0 0 0 0 0 0 0 0 0 0 0
r-119 13 0.0897436 33 0.8125 2 0 0 1 2 2 2 1 2 2 1 0 0 2
r-332 41 0.615854 33 0.0549242 136 1181 216 1051 484 329 231 1783 258 1847 223 1070 220 1073
r-6 33 0.941288 27 0.102564 6 4 3 3 9 7 6 4 8 9 4 3 6 3
r-846 20 0.473684 43 0.0675526 17 105 10 17 90 30 14 187 14 23 34 94 57 34
r-377 20 0.847368 48 0.471631 656 777 747 600 1996 667 1186 1537 1785 1339 2777 1251 1332 2784
r-536 19 0.0818713 42 0.235772 299 909 916 299 992 362 416 1013 1257 311 845 14147 14003 700
r-285 35 0.0537815 27 0.0940171 1000000 1293 1026 1871 1000000 12749 1000000 1179 1011 965 1000000 17785 17894 17897
r-347 42 0.0418118 11 0.327273 1 0 0 0 2 0 1 0 0 0 3 0 0 0
r-63 44 0.395349 12 0.378788 97 13 97 13 150 19 127 19 97 13 114 21 108 14
r-316 35 0.12437 29 0.512315 1176 312 316 194 1775 885 1731 446 481 305 907 451 360 473
r-376 12 0.636364 42 0.771196 0 8 0 0 14 0 0 14 0 0 2 5 1 2
r-53 29 0.295567 17 0.845588 6 6 3 6 16 7 9 11 10 17 13 12 13 20
r-982 38 0.0981508 31 0.944086 6 7 6 13 13 16 8 18 13 30 12 20 6 11
r-684 35 0.678992 15 0.00952381 7 29 7 29 20 17 10 106 19 60 28 37 32 74
r-934 35 0.30084 39 0.842105 684 1044 777 1036 1390 1170 1268 1946 1274 1250 1148 1489 1151 987
r-836 14 1 29 0.610837 11496 210 263 11631 6913 4989 14513 352 174 14605 11873 3303 2475 11498
r-976 50 0.197551 16 0.991667 3 10 7 18 9 11 7 46 15 25 6 24 6 13
r-40 47 0.775208 18 0.30719 157 81 51 83 370 257 251 132 134 126 157 140 195 223
r-633 30 0.947126 49 0.329932 970 99 85 587 1083 489 1301 276 168 1197 791 264 149 792
r-13 28 0.015873 27 0.80057 18 0 1 0 9 3 21 3 1 3 13 2 2 2
r-565 49 0.32483 25 0.896667 335 561 200 433 760 424 549 712 327 712 437 836 436 836
r-619 19 0.51462 23 0.588933 85 266 85 135 176 80 169 335 173 217 196 152 182 145
r-759 22 0.991342 49 0.863095 1000000 1000000 1000000 1000000 1000000 1000000 1000000 1000000 1000000 1000000 1000000 1000000 1000000 1000000
r-327 37 0.885886 20 0.00526316 1 2 1 4 2 3 4 12 2 6 2 5 1 2
r-848 19 0.695906 11 0.218182 0 0 0 0 0 1 0 0 0 1 0 1 0 0
r-851 46 0.891787 25 0.186667 63 29 48 29 57 89 96 87 88 51 59 106 108 107
r-544 35 0.448739 41 0.881707 1513 4406 1498 2056 3307 1942 2382 5794 2442 2604 1991 3513 1772 1769
r-320 12 0.181818 30 0.114943 0 0 0 0 0 0 0 0 0 0 0 0 0 0
r-643 30 0.657471 31 0.926882 228 4869 131 234 2832 282 269 6549 154 277 242 4479 244 350
r-333 50 0.281633 25 0.04 14894 962809 14620 961829 987580 310265 14742 798763 14845 797416 121811 1000000 121985 1000000
r-209 37 0.442943 18 0.986928 24 492 54 484 382 300 92 892 93 790 56 1068 57 700
r-801 32 0.780242 50 0.269388 4533 4339 4444 4033 12140 5620 6944 7628 7453 7089 5991 8315 8280 6079
r-45 23 0.557312 15 0.47619 20 17 17 26 21 21 47 25 25 39 23 14 22 14
r-72 31 0.750538 33 0.742424 28654 35741 35651 28630 37246 28245 48463 60684 60711 48655 41360 45397 45453 41491
r-196 50 0.394286 22 0.597403 21202 15144 15057 16107 24353 24862 38551 26100 26054 26488 25344 19729 19528 19582
r-936 42 0.222997 11 0.381818 12 1 1 0 7 0 12 1 0 0 5 0 1 1
r-577 27 1 28 0.939153 1000000 1000000 1000000 1000000 1000000 1000000 1000000 1000000 1000000 1000000 1000000 1000000 1000000 1000000
r-725 16 0.966667 33 0.857955 3598 3432 3392 3797 4938 3440 2995 3604 3547 2876 414 12 27 293
r-999 18 0.562092 35 0.616807 714 1595 966 671 1593 799 1058 2733 1253 1427 839 1472 840 921
r-483 12 0.727273 48 0.492021 27 138 86 28 149 17 28 88 140 17 29 159 163 19
r-838 42 0.47619 31 0.0774194 981 4764 977 4953 2177 2413 1590 9669 1591 9825 2882 5510 2274 5642
r-469 49 0.496599 48 0.991135 1021 1000000 1085 1000000 652912 6267 1697 1000000 1737 1000000 8260 971521 8154 969274
r-557 18 0.405229 40 0.260256 172 633 111 111 781 171 242 1086 197 158 643 456 464 463
r-608 29 0.662562 42 0.204413 867 1522 868 1304 2815 1393 1467 2680 1607 1473 1834 2758 1831 2035
r-231 26 0.824615 34 0.106952 25 17 15 15 28 28 25 17 42 25 18 43 18 31
r-576 49 0.685374 17 0.647059 1312 214 218 141 1173 220 1609 220 215 259 1013 434 389 614
r-760 24 0.503623 21 0.72381 264 555 261 585 278 439 314 886 279 984 312 268 198 427
r-352 46 0.105314 44 0.997886 4 39 9 39 32 15 13 125 25 125 19 22 19 41
r-875 49 0.126701 45 0.217172 1000000 1000000 1000000 1000000 1000000 1000000 1000000 1000000 1000000 1000000 1000000 1000000 1000000 1000000
r-690 11 0.0545455 22 0.935065 0 0 0 0 0 0 0 0 0 0 0 0 0 0
r-581 34 0.882353 36 0.466667 1450 752 751 1452 1848 1443 2586 1902 1115 2422 2270 1785 1629 2117
r-92 15 0.685714 42 0.379791 61 187 185 95 346 85 78 172 268 78 178 289 300 183
r-541 42 0.182346 38 0.455192 218621 65561 65696 65322 161262 107691 458504 121938 121768 122440 165704 81507 81593 81454
r-909 37 0.489489 43 0.623477 1000000 1000000 1000000 1000000 1000000 1000000 1000000 1000000 1000000 1000000 1000000 1000000 1000000 1000000
r-345 24 0.601449 42 0.666667 15455 37314 15534 15880 35678 15419 26484 73433 26562 26521 19344 33733 19862 19323
r-42 27 0.581197 49 0.586735 249383 428846 250423 249893 418556 251189 508092 964357 508284 507529 269578 352060 269666 271334
r-960 26 0.418462 10 0.2 0 0 0 0 0 0 0 0 0 0 0 0 0 0
r-898 44 0.774841 41 0.857317 1000000 1000000 1000000 1000000 1000000 1000000 1000000 1000000 1000000 1000000 1000000 1000000 1000000 1000000
r-649 37 0.0465465 22 0.91342 1 2 1 1 4 5 9 3 5 3 4 3 3 1
r-37 13 0.448718 17 0.0661765 0 0 0 0 1 0 0 1 0 0 0 1 0 0
r-33 33 0.941288 41 0.373171 999 381 330 629 1134 928 1334 713 668 1290 1204 372 427 1227
r-772 43 0.819491 15 0.0571429 1 3 1 6 7 6 2 12 5 12 3 10 3 10
r-17 15 0.495238 48 0.49734 167 732 508 166 686 244 278 713 672 222 241 592 702 162
r-663 50 0.497143 12 0.560606 35 15 35 15 56 38 54 10 34 15 134 26 214 26
r-243 23 0.549407 28 0.240741 203 279 328 205 640 263 342 380 342 376 261 509 223 223
r-304 10 0.4 34 0.959002 0 1 0 0 1 0 0 4 0 0 0 1 0 0
r-267 49 0.308673 50 0.846531 31639 45386 31824 31590 70537 45090 65174 82967 65102 64947 43265 66996 43406 43358
r-835 32 0.568548 25 0.296667 1623 1946 1532 2386 2430 2724 3191 2963 2811 3095 2545 2321 2689 2972
r-954 39 0.375169 19 0.105263 584 1970 586 1475 1159 1417 1103 2428 971 2292 1249 1886 1253 1723
r-161 17 0.0735294 14 1 0 0 0 0 0 0 0 0 0 0 0 0 0 0
r-941 14 0.0769231 31 0.765591 2 0 0 4 11 4 3 3 3 3 6 5 5 4
r-135 35 0.941176 31 0.303226 129 30 30 30 110 107 232 47 48 48 111 33 57 57
r-593 46 0.448309 25 0.233333 31907 43054 31753 42947 42945 35773 59065 85294 59083 85215 25028 33140 25343 32473
r-844 16 0.7 12 0.378788 0 0 0 0 1 0 1 0 1 0 2 1 1 1
r-891 26 0.636923 47 0.633673 108857 224391 224048 108901 219954 108314 198841 455636 455100 198303 146023 202373 203944 146521
r-364 33 0.333333 41 0.458537 520459 328744 329080 520799 420924 501429 1000000 711978 712188 1000000 429573 407673 407429 429726
r-98 25 0.223333 23 0.422925 202 85 85 136 219 173 472 121 121 200 399 121 195 194
r-971 27 0.814815 46 0.749758 62618 134813 134669 62834 144204 61619 89662 215148 214535 89557 73302 204903 204200 73568
r-742 35 0.989916 40 0.888462 1000000 1000000 1000000 1000000 1000000 1000000 1000000 1000000 1000000 1000000 1000000 1000000 1000000 1000000
r-878 16 0.95 44 0.167019 5 1 0 9 5 8 12 2 2 22 8 3 2 5
r-852 31 0.0408602 19 0.444444 45 3 3 1 78 2 63 4 4 2 128 38 38 21
r-520 39 0.0782726 12 0.30303 359 0 0 0 374 1 289 0 0 0 323 32 32 56
r-214 10 0.866667 39 0.68691 0 0 0 0 0 0 0 0 0 0 0 0 0 0
r-59 36 0.187302 48 0.808511 1113 1137 1075 1021 2758 1763 2155 1887 2003 2189 2127 2422 2498 2117
r-394 22 0.047619 48 0.599291 1379 128 70 1217 911 882 2275 131 236 2225 1907 340 418 1904
r-850 49 0.645408 20 0.984211 17210 1000000 17098 1000000 1000000 800512 19762 1000000 19772 1000000 403887 1000000 403836 1000000
r-636 44 0.790698 24 0.25 180 344 356 222 335 463 464 450 428 391 459 383 474 460
r-284 29 0.783251 15 0.87619 0 0 0 0 0 0 0 0 0 0 1 1 2 1
r-788 23 0.304348 21 0.314286 121 154 98 147 115 136 204 245 155 250 136 188 118 188
r-326 28 0.153439 18 0.529412 39 9 9 15 35 31 58 23 23 22 58 29 29 50
r-343 42 0.392567 35 0.712605 65509 66780 61913 66114 100153 98404 123185 125783 123240 126129 97746 128536 97816 128439
r-111 11 0.563636 22 0.943723 0 8 0 0 3 0 0 10 0 0 1 5 1 1
r-433 48 0.47961 23 0.865613 1318 2206 1318 2343 3122 5607 2758 3690 2186 4572 3277 2724 3097 2726
r-595 29 0.761084 45 0.247475 1414 1243 1244 1411 3814 1909 2463 2339 2396 2461 2556 2570 2719 2652
r-818 39 0.765182 17 0.205882 51 18 31 29 50 88 49 50 81 30 55 41 88 25
r-180 11 0.436364 48 0.509752 5 3 3 5 6 5 3 2 2 5 10 1 1 10
r-693 32 0.506048 26 0.64 7131 10536 7023 10458 8434 9025 13032 21819 12900 21902 10132 10349 10006 10359
r-241 33 0.356061 21 0.047619 163 6090 85 6080 1644 1970 226 7982 124 7978 252 8735 451 8268
r-396 46 0.98744 32 0.383065 1420 29 29 29 1582 268 2570 20 39 20 2211 252 195 259
r-475 43 0.619048 16 0.366667 229 125 248 125 383 474 479 170 513 170 516 363 333 493
r-918 30 0.737931 30 0.266667 396 525 322 477 740 469 613 556 557 613 672 543 600 771
r-230 33 0.528409 14 0.296703 41 33 64 33 90 43 98 40 95 25 93 66 93 44
r-265 25 0.373333 38 0.758179 743 970 700 725 2256 983 1705 1595 1156 1156 1989 1785 1252 1249
r-994 40 0.512821 50 0.548571 1000000 1000000 1000000 1000000 1000000 1000000 1000000 1000000 1000000 1000000 1000000 1000000 1000000 1000000
r-950 40 0.732051 34 0.930481 5177 365037 5450 366005 64494 69799 6815 492846 6978 493226 61827 565455 61507 565225
r-948 36 0.068254 11 0.872727 0 0 0 0 0 0 1 0 0 0 0 0 0 0
r-981 25 0.283333 27 0.424501 2997 1744 1954 3038 2352 3008 6082 3226 3203 6016 2347 1552 1622 2522
r-163 29 0.37931 34 0.208556 4807 12511 4760 4708 10119 6033 4418 23910 4551 4285 5286 12023 5369 5595
r-279 46 0.584541 24 0.612319 113753 70174 113493 70554 113562 67194 231247 128076 232208 128182 113374 81986 113620 80280
r-914 46 0.676329 44 0.871036 529558 1000000 527255 1000000 1000000 1000000 892224 1000000 902709 1000000 1000000 1000000 1000000 1000000
r-392 13 0.576923 21 0.519048 6 5 5 6 8 5 5 12 12 8 5 9 8 8
r-569 10 0.933333 40 0.608974 0 1 0 0 1 0 0 0 0 0 1 3 3 1
r-907 20 0.110526 28 0.232804 237 179 174 413 166 364 449 128 227 275 835 448 498 833
r-865 26 0.901538 24 0.0543478 0 1 0 1 2 2 1 1 3 3 2 2 2 2
r-533 21 0.647619 17 0.279412 7 6 11 9 22 19 9 14 9 14 12 9 20 15
r-498 47 0.361702 14 0.516484 226 118 99 77 162 158 188 98 134 150 183 88 58 88
r-181 14 0.285714 43 0.550388 83 220 182 128 517 131 102 261 356 102 234 283 231 178
r-653 15 0.352381 12 0.863636 0 0 0 0 0 0 0 0 0 0 0 0 0 0
r-49 10 0.977778 13 0.474359 0 0 0 0 0 0 0 0 0 0 0 0 0 0
r-733 44 0.609937 44 0.680761 1000000 1000000 1000000 1000000 1000000 1000000 1000000 1000000 1000000 1000000 1000000 1000000 1000000 1000000
r-510 22 0.891775 13 0.679487 1 0 0 0 0 0 1 0 0 0 2 0 1 0
r-886 43 0.415282 49 0.94983 434 11572 491 395 3650 982 702 19327 888 607 1671 8132 1197 1199
r-425 42 0.0301974 44 0.267442 1000000 30702 30327 1000000 1000000 923200 1000000 27239 27354 1000000 1000000 1000000 1000000 1000000
r-602 15 0.8 35 0.290756 14 25 24 9 37 11 25 39 23 25 22 46 28 37
r-233 30 0.443678 10 0.955556 4 6 2 6 4 8 3 4 3 7 6 11 6 10
r-648 39 0.309042 44 0.276956 1000000 1000000 1000000 1000000 1000000 1000000 1000000 1000000 1000000 1000000 1000000 1000000 1000000 1000000
r-895 18 0 35 0.912605 3 0 0 1 2 2 3 1 1 7 1 1 1 3
r-101 23 0.359684 47 0.365402 22361 45799 45660 22185 44594 21880 37207 86032 85949 37286 24455 36328 36480 25020
r-514 37 0.0315315 33 0.0416667 1000000 368 368 207 1000000 1000000 1000000 364 359 203 1000000 1000000 1000000 1000000
r-473 28 0.687831 49 0.571429 369012 381085 381963 367832 427301 363781 746045 762356 764595 748000 463503 528418 528892 463431
r-892 37 0.121622 19 0.766082 15 14 8 14 24 24 23 23 13 22 12 14 22 23
r-291 15 0.457143 14 0.318681 2 5 1 3 3 2 3 5 2 5 3 3 3 1
r-116 33 0.0909091 26 0.461538 337 48 50 50 239 43 540 62 62 62 308 193 244 261
r-626 44 0.479915 10 0.955556 13 37 28 22 48 32 37 25 37 43 70 39 33 65
r-255 48 0.327128 35 0.677311 128847 86143 129094 86344 176014 148680 259127 166273 259193 165808 164872 136472 165117 136395
r-31 31 0.625806 25 0.84 418 2723 437 1805 1027 1414 1011 2878 733 3033 1769 1528 1376 2096
r-244 35 0.218487 41 0.363415 465011 172440 173587 464728 252253 433694 934160 322423 321936 938659 532372 330393 329270 532822
r-203 23 0.162055 17 0.389706 86 14 9 9 76 22 133 19 11 18 74 29 49 29
r-580 19 0.912281 37 0.429429 504 61 33 407 849 511 495 93 51 838 552 223 222 535
r-700 17 0.889706 44 0.494715 187 157 157 185 652 193 365 261 319 270 549 402 476 685
r-108 10 0.466667 44 0.608879 0 1 0 0 0 0 0 0 0 0 0 0 0 0
r-711 43 0.296788 38 0.344239 1000000 1000000 1000000 1000000 1000000 1000000 1000000 1000000 1000000 1000000 1000000 1000000 1000000 1000000
r-882 39 0.612686 34 0.668449 279728 562304 280397 564038 314860 478141 588900 1000000 588712 1000000 438144 327883 439473 328051
r-518 28 0.269841 48 0.636525 29887 17793 18137 29982 54542 30811 56752 31911 31873 56831 36462 33567 33728 37202
r-542 45 0.651515 31 0.301075 23769 17990 23389 17848 36020 35028 44561 32399 44771 32446 35413 49718 35403 49962
r-407 47 0.544866 25 0.896667 1687 7528 1657 7691 4886 3856 2155 12943 2192 12720 2126 7234 2148 7308
r-215 40 0.226923 31 0.905376 113 240 68 145 251 196 118 256 205 256 147 279 147 279
r-400 46 0.691787 24 0.289855 2684 2036 3319 2035 4057 4707 4739 3047 4742 3080 5097 3681 5087 3452
r-736 50 0.277551 42 0.851336 5045 11592 4906 11368 9749 7251 9627 20742 9756 20560 8786 11581 8571 11433
r-753 26 0.966154 45 0.713131 1000000 9982 9901 1000000 747065 1000000 1000000 12998 12960 1000000 1000000 151463 151797 1000000
r-408 36 0.115873 43 0.41639 92149 12810 12831 91459 33902 59371 165523 21608 21883 164913 122522 34768 34720 122604
r-816 14 0.978022 45 0.179798 8 1 2 4 15 7 19 5 2 19 10 2 2 10
r-67 47 0.395005 21 0.595238 7936 5297 5058 5528 8990 8219 14141 8363 8398 8512 13214 8555 8632 8743
r-155 36 0.487302 29 0.192118 3262 11725 3273 11684 5723 7320 5567 23020 5683 23008 5964 9047 6236 8835
r-611 47 0.747456 37 0.89039 446666 1000000 446892 1000000 1000000 1000000 642531 1000000 645582 1000000 1000000 1000000 1000000 1000000
r-389 13 0.115385 23 0.418972 8 3 1 8 4 4 9 3 3 5 3 9 9 6
r-758 30 0.632184 47 0.521739 555795 464274 464742 554136 512477 546295 1000000 1000000 1000000 1000000 510887 531461 531998 511414
r-767 43 0.361019 33 0.0700758 2766 123119 3552 122820 30000 20471 4538 192515 4410 191738 9602 142624 10027 142938
r-503 20 0.584211 14 0.0769231 0 4 0 4 2 2 1 3 1 6 0 2 1 4
r-821 15 0.485714 42 0.868757 12 40 7 7 94 15 17 94 10 17 30 74 28 17
r-229 50 0.52898 45 0.60101 1000000 1000000 1000000 1000000 1000000 1000000 1000000 1000000 1000000 1000000 1000000 1000000 1000000 1000000
r-980 24 0.826087 25 0.0166667 1 2 1 1 4 0 1 10 2 1 1 5 1 1
r-787 45 0.841414 43 0.45515 158512 67257 67875 67328 194207 143214 276467 127458 128156 127466 188687 115441 115318 114939
r-501 31 0.406452 12 0.0454545 23 135 48 135 134 153 61 158 31 158 145 277 72 308
r-770 47 0.114709 20 0.252632 1156 73 56 55 1115 172 1504 65 66 66 1018 288 292 393
r-609 42 0.463415 43 0.928018 1355 20764 1285 1357 8589 1924 2236 35443 2072 2072 4143 16747 4137 4133
r-814 32 0.219758 37 0.593093 5717 4399 4212 5656 9013 6834 9708 7885 7639 9589 9876 6516 6644 9883
r-707 38 0.613087 20 0.215789 351 449 230 421 764 455 549 571 370 432 510 700 464 590
r-868 22 0.233766 26 0.181538 83 313 84 84 290 85 104 423 64 107 343 542 244 337
r-416 28 0.222222 39 0.65587 2245 1485 1766 2165 3739 2572 3699 2684 2661 3771 3157 2492 2585 3160
r-139 25 0.143333 14 0.0549451 39 21 40 47 41 26 38 39 18 17 29 29 62 60
r-417 36 0.144444 45 0.374747 343512 71711 70586 341892 131108 278682 629845 123198 123291 633108 491694 173032 172202 489267
r-782 11 0.654545 37 0.813814 0 7 0 0 7 0 0 4 0 0 1 2 1 1
r-481 22 0.350649 38 0.118065 152 1283 148 153 828 119 212 1674 126 214 202 1119 260 252
r-970 25 0.37 49 0.370748 90171 212332 212475 89384 207861 89475 158384 430711 431194 158648 108591 197625 197641 108700
r-689 23 0.711462 33 0.3125 166 248 157 166 752 223 320 404 256 263 402 543 358 296
r-112 36 0.598413 17 0.801471 203 273 319 332 429 239 364 314 433 294 631 339 558 401
r-879 43 0.978959 24 0.42029 2086 8 8 4 3115 389 3071 12 6 6 1749 136 70 133
r-432 24 0.34058 26 0.267692 705 719 517 515 983 527 464 1878 655 459 683 984 434 689
r-339 30 0.744828 33 0.42803 4084 4094 3994 4718 7347 4455 6905 7459 7441 6966 6028 7630 6252 5967
r-540 10 0.911111 38 0.883357 0 0 0 0 0 0 0 0 0 0 0 0 0 0
r-429 36 0.649206 28 0.380952 11769 11319 11425 11267 16048 15535 21534 21095 21122 21086 16669 16003 16000 16142
r-224 44 0.234672 23 0.632411 1587 562 401 556 1685 1603 2141 569 792 697 2197 1025 1074 953
r-570 13 0.192308 26 0.996923 0 1 0 0 0 0 0 1 0 0 0 0 0 0
r-104 16 0.358333 12 0.318182 1 0 1 0 1 1 1 1 2 1 1 0 1 0
r-543 15 0.0571429 42 0.894309 1 0 0 1 4 2 3 2 2 5 2 0 0 3
r-390 48 0.526596 24 0.663043 83985 90105 84127 90098 93405 82828 167304 178028 167489 176687 96175 85653 95504 85539
r-435 13 0.512821 23 0.679842 1 13 2 2 13 1 2 20 3 3 3 7 3 3
r-744 49 0.253401 23 0.00790514 1000000 1000000 1000000 1000000 1000000 1000000 1000000 1000000 1000000 1000000 1000000 1000000 1000000 1000000
r-368 19 0.736842 13 0.397436 2 1 1 1 4 3 2 1 2 1 3 3 2 2
r-290 33 0.719697 30 0.062069 31 143 18 136 84 69 55 274 32 156 28 89 49 59
r-808 27 0.988604 20 0.542105 1151 3 3 6 803 3 698 8 8 8 836 131 127 134
r-671 44 0.837209 35 0.141176 177 173 282 173 519 383 308 321 421 318 418 377 491 513
r-654 47 0.320074 13 0.538462 71 29 30 29 120 41 131 22 22 34 189 41 27 27
r-823 16 0.708333 18 0.993464 9 2196 9 4 2163 8 4 2503 10 10 148 2483 148 310
r-273 23 0.948617 21 0.885714 15595 12 24 25 6735 32 16502 24 12 24 28163 2609 2543 2549
r-440 15 0.428571 29 0.805419 5 17 5 8 37 10 7 23 12 12 9 25 9 9
r-601 44 0.596195 25 0.106667 292 1135 277 995 992 1084 494 1600 680 1980 704 1485 735 1478
r-568 16 0.483333 40 0.414103 348 498 233 352 746 351 313 756 446 451 451 724 302 450
r-426 10 0.844444 47 0.702128 0 0 0 0 0 0 0 0 0 0 0 0 0 0
r-47 27 0.145299 20 0.342105 157 33 34 21 159 65 257 49 50 49 174 45 45 44
r-73 29 0.546798 12 0.136364 5 6 5 6 12 10 4 8 5 8 13 14 7 14
r-997 28 0.465608 13 0.205128 17 9 17 14 25 8 23 18 14 18 21 10 20 10
r-993 12 0.757576 34 0.793226 0 1 0 0 0 0 0 0 0 0 0 0 0 0
r-132 13 0.333333 18 0.333333 2 4 2 1 4 2 2 4 1 2 2 2 2 3
r-260 28 0.269841 45 0.619192 20253 15333 15307 20290 38786 22989 36433 28589 28579 36539 30410 30873 31092 30600
r-627 11 0.327273 31 0.496774 3 8 8 3 5 2 1 1 2 2 1 4 4 1
r-673 40 0.769231 39 0.0917679 251 444 149 514 471 292 265 612 351 608 320 400 331 465
r-138 50 0.183673 22 0.545455 2381 791 613 612 2470 1927 2875 1006 1005 1133 1913 1055 828 828
r-686 36 0.371429 11 0.436364 23 3 3 3 23 2 23 2 2 2 20 3 3 3
r-372 13 0.910256 43 0.228128 10 3 3 5 19 8 18 11 11 18 16 10 10 16
r-605 23 0.545455 44 0.552854 26748 49103 26773 26757 48332 26467 49508 101777 49463 49583 31796 42568 31908 31712
r-338 35 0.72437 40 0.834615 127968 617508 127870 128106 491813 150852 203280 1000000 202410 202330 263675 617137 263330 263539
r-129 49 0.789116 18 0.915033 16 8 16 16 17 15 5 2 5 2 67 14 36 26
r-961 42 0.627178 22 0.190476 572 1372 862 1468 1035 1504 983 2422 1110 2420 1103 1737 1304 1890
r-800 13 0.884615 46 0.708213 2 0 1 2 1 2 0 0 0 1 0 0 0 0
r-545 24 0.612319 18 0.712418 74 120 125 120 138 105 117 115 116 154 146 72 90 72
r-592 32 0.866935 36 0.228571 222 176 167 153 288 171 359 291 177 224 343 209 123 273
r-728 15 0.12381 24 0.677536 3 1 2 3 4 5 8 2 3 8 5 4 2 5
r-91 19 0.397661 18 0.882353 0 2 0 3 2 1 1 3 1 5 1 3 1 3
r-672 41 0.195122 37 0.396396 272848 79873 79661 80127 216504 121084 553563 144470 144959 144662 235050 136786 136809 136770
r-932 50 0.361633 21 0.919048 197 760 197 606 561 879 340 1082 191 1192 485 918 323 961
r-884 15 0.714286 18 0.202614 1 0 1 1 2 0 1 1 0 0 0 1 1 1
r-903 11 0.654545 38 0.790896 0 0 0 0 0 0 0 0 0 0 0 0 0 0
r-866 21 0.385714 12 0.181818 4 7 2 7 7 3 6 9 6 9 6 9 6 5
r-555 27 0.529915 12 0.833333 14 26 14 26 12 23 21 35 20 37 23 24 13 14
r-434 15 0.4 15 0.209524 0 2 1 1 1 1 1 1 0 1 0 1 1 0
r-513 40 0.902564 30 0.77931 72169 1194 996 989 55385 1943 95555 1291 1292 1292 185749 15249 15252 15056
r-839 35 0.956303 25 0.0833333 2 1 1 1 5 6 10 6 7 7 5 1 3 3
r-263 44 0.614165 38 0.581792 1000000 1000000 1000000 1000000 1000000 1000000 1000000 1000000 1000000 1000000 1000000 1000000 1000000 1000000
r-18 29 0.667488 34 0.130125 135 208 96 96 397 235 281 350 218 268 118 295 136 194
r-524 42 0.7259 37 0.258258 10370 11704 10355 11276 18125 12991 20045 21515 20226 21696 16666 18219 17917 17998
r-34 10 0.644444 17 0.639706 0 0 0 0 0 0 0 1 1 0 0 0 0 0
r-659 20 0.0947368 31 0.11828 1 91 91 1 170 2 2 93 93 1 1 121 118 2
r-109 45 0.659596 42 0.703833 1000000 1000000 1000000 1000000 1000000 1000000 1000000 1000000 1000000 1000000 1000000 1000000 1000000 1000000
r-662 50 0.367347 47 0.66975 1000000 1000000 1000000 1000000 1000000 1000000 1000000 1000000 1000000 1000000 1000000 1000000 1000000 1000000
r-873 38 0.98293 42 0.358885 1149 33 62 1135 1365 488 2281 71 123 2316 1342 142 142 1171
r-160 22 0.12987 41 0.32439 3314 1643 1506 3615 2220 3061 4661 2303 2293 4799 3258 3921 4052 3251
r-90 15 0.00952381 24 0.152174 1000000 486 435 1000000 317237 982493 1000000 367 370 1000000 1000000 323644 326891 1000000
r-367 22 0.861472 32 0.899194 4 315 4 4 292 6 4 390 7 4 154 2011 163 202
r-624 10 0.177778 20 0.363158 0 0 1 0 1 0 0 1 1 0 0 1 0 0
r-50 17 0.147059 30 0.795402 2 5 5 5 10 2 8 4 8 8 5 9 5 5
r-651 13 0.435897 50 0.511837 58 185 222 59 259 38 59 144 219 59 51 357 277 51
r-774 35 0.0235294 19 0.403509 864 4 7 7 940 7 1065 9 5 9 1217 17 10 18
r-348 37 0.521021 22 0.316017 3540 2244 3086 2092 3740 3674 4894 3436 5035 3444 3340 3587 3217 3718
r-714 36 0.307937 18 0.111111 155 59 91 67 224 39 121 50 164 50 108 74 130 71
r-402 49 0.232993 15 0.447619 519 103 103 67 766 111 770 87 132 86 390 96 149 147
r-431 45 0.547475 50 0.92898 8773 131024 8121 8091 101786 11615 13185 223651 13196 13427 13362 185824 13065 13273
r-755 25 0.306667 20 0.657895 61 39 40 40 104 90 88 38 38 37 84 64 40 64
r-883 15 0.790476 43 0.439646 139 117 164 138 467 135 184 179 178 179 102 215 347 102
r-828 29 0.571429 39 0.387314 64163 65167 63970 63908 96220 69025 130289 129510 130673 130648 83466 102305 83792 83514
r-113 20 0.873684 25 0.396667 46 12 12 46 39 46 45 18 32 72 67 39 39 66
r-691 43 0.0985604 21 0.361905 216 29 48 48 192 88 341 33 33 20 430 142 142 86
r-655 37 0.111111 14 0.923077 0 1 0 1 0 0 1 2 2 2 1 1 1 1
r-856 45 0.361616 46 0.244444 1000000 1000000 1000000 1000000 1000000 1000000 1000000 1000000 1000000 1000000 1000000 1000000 1000000 1000000
r-670 48 0.370567 30 0.921839 553 1944 386 1896 1150 1244 722 3696 711 3704 917 2952 955 1923
r-404 24 0.105072 49 0.193878 3193 15406 15292 3199 16899 3373 2636 17540 17539 2721 7476 32395 31866 7463
r-539 33 0.291667 24 0.311594 3811 2643 2645 2877 3872 2945 6743 4313 4435 4827 4053 2568 2525 2585
r-965 28 0.968254 13 0.24359 0 0 0 0 0 0 1 0 0 0 1 0 0 1
r-849 16 0.2 43 0.790698 14 18 18 23 79 25 42 16 28 42 28 26 45 28
r-841 32 0.653226 49 0.577381 1000000 1000000 1000000 1000000 1000000 1000000 1000000 1000000 1000000 1000000 1000000 1000000 1000000 1000000
r-324 35 0.0722689 48 0.719858 904 170 170 828 855 673 1589 349 293 1472 1167 421 515 1235
r-694 39 0.175439 17 0.948529 2 7 3 7 4 6 7 17 3 17 4 5 7 9
r-322 37 0.46997 40 0.430769 1000000 1000000 1000000 1000000 1000000 1000000 1000000 1000000 1000000 1000000 1000000 1000000 1000000 1000000
r-874 26 0.492308 37 0.746246 2376 4063 2600 2350 6356 3016 4033 6584 4112 4059 4129 4576 4001 4032
r-23 10 0.733333 30 0.471264 1 5 3 1 6 1 1 3 3 1 2 4 7 2
r-704 19 0.830409 19 0.0175439 0 1 0 0 1 0 0 1 0 0 0 1 0 0
r-374 37 0.478979 33 0.19697 11331 30365 10706 30200 20698 21348 19519 63801 19658 63915 14408 24693 14445 24816
r-674 13 0.769231 21 0.0952381 0 0 0 0 0 0 0 1 0 0 0 0 0 0
r-699 21 0.309524 40 0.0820513 3 2017 3 5 1970 14 6 2307 6 3 38 5057 37 22
r-357 21 0.433333 45 0.983838 11 285 11 21 275 21 16 258 31 31 39 155 40 40
r-177 30 0.737931 11 0.345455 2 0 0 0 3 3 5 1 1 1 2 2 2 2
r-667 13 0.576923 47 0.752081 8 68 5 8 65 8 9 77 5 5 11 31 11 7
r-283 46 0.0376812 14 0.604396 7 1 2 2 7 13 10 3 1 3 6 2 1 1
r-335 30 0.232184 44 0.978858 5 29 5 2 22 5 13 135 6 12 16 27 9 9
r-509 12 0.318182 45 0.710101 13 23 13 12 74 12 16 56 16 10 16 48 25 16
r-763 27 0.737892 34 0.477718 6884 4501 4541 6711 9566 7327 11457 8035 8051 11304 8033 5496 5252 7221
r-462 24 0.315217 12 0.984848 1 6 0 6 4 2 1 9 1 9 1 3 1 3
r-19 26 0.784615 20 0.642105 246 109 67 107 202 141 311 160 147 99 138 66 66 66
r-493 39 0.379217 46 0.144928 162521 984481 162504 162542 719011 231009 279588 1000000 281403 280314 399541 1000000 400583 400319
r-127 42 0.648084 42 0.293844 118407 155453 118581 118301 218869 144334 246450 319332 247944 246810 160942 195128 160626 160360
r-353 14 0.736264 18 0.431373 2 4 4 3 6 2 3 6 6 5 5 4 4 5
r-80 20 0.536842 14 0.395604 7 3 4 6 5 9 10 8 10 8 12 12 12 7
r-302 35 0.0168067 18 0.379085 1769 2 4 4 1404 2 1558 6 3 6 1801 37 68 37
r-428 46 0.553623 19 0.0643275 120 336 120 570 334 542 318 682 388 533 422 708 416 661
r-202 10 0.288889 16 0.00833333 0 16 0 0 15 0 0 7 0 0 0 6 0 0
r-560 46 0.26087 36 0.995238 68 762 67 890 1049 68 75 1520 79 1382 116 627 115 907
r-683 32 0.522177 20 0.889474 107 345 101 290 180 177 90 559 157 680 144 267 205 390
r-201 20 0.610526 47 0.106383 45 134 44 45 171 65 43 346 71 43 63 172 62 62
r-793 25 0.61 44 0.179704 384 461 309 373 1006 417 465 449 720 464 937 1313 687 683
r-206 21 0.890476 47 0.847364 16 575 495 9 271 16 8 403 348 14 21 318 489 12
r-373 17 0.882353 19 0.251462 1 0 0 1 2 2 3 1 0 3 1 2 1 1
r-833 16 0.00833333 28 0.846561 1 0 0 1 2 0 2 0 1 2 2 0 0 1
r-773 29 0.458128 12 0.545455 21 9 20 6 21 14 26 11 16 11 20 12 33 12
r-857 13 0.833333 45 0.29697 11 22 22 11 57 12 28 33 34 28 41 23 23 42
r-282 17 0.294118 18 0.346405 16 12 7 16 15 15 16 17 10 16 15 15 15 15
r-861 16 0.516667 25 0.82 7 28 7 7 25 9 11 51 6 6 8 12 5 8
r-834 15 0.0571429 11 0.727273 0 0 0 0 0 0 0 0 0 0 0 0 0 0
r-266 36 0.57619 14 0.824176 113 71 114 68 125 40 89 80 89 51 153 34 91 53
r-239 17 0.404412 21 0.828571 1 4 2 2 7 3 2 6 2 2 6 5 6 3
r-792 36 0.955556 44 0.529598 36643 1531 848 36018 9831 4156 61003 1672 1597 60970 48142 5858 6093 48352
r-551 45 0.408081 22 0.30303 26223 23343 26317 23292 26971 21462 48086 39627 47539 39758 22103 20642 22486 20715
r-54 18 0.705882 35 0.919328 9 91 5 5 89 6 12 229 6 6 21 160 37 37
r-419 26 0.633846 45 0.0858586 51 182 50 51 113 39 86 164 83 50 83 124 83 50
r-900 23 0.339921 17 0.970588 0 7 0 4 4 1 0 13 0 7 2 4 2 8
r-535 42 0.240418 46 0.0241546 17273 1000000 17086 17166 1000000 17379 21843 1000000 21831 21896 1000000 1000000 1000000 1000000
r-811 22 0.761905 46 0.562319 20294 13905 13971 19960 16790 19674 35351 24444 24288 35248 17885 21041 20539 17959
r-534 10 0.555556 11 0.418182 0 0 0 0 0 0 0 0 0 0 0 0 0 0
r-911 35 0.677311 47 0.705828 1000000 1000000 1000000 1000000 1000000 1000000 1000000 1000000 1000000 1000000 1000000 1000000 1000000 1000000
r-307 20 0.921053 10 0.244444 0 0 0 0 0 0 0 0 0 0 0 0 0 0
r-363 11 0.490909 46 0.119807 1 7 1 1 7 2 2 10 2 2 1 6 1 1
r-122 34 0.522282 38 0.177809 5864 9782 5893 5805 13049 8180 10416 14886 10617 10456 8457 14053 8460 8403
r-204 35 0.660504 48 0.336879 175759 189404 175253 175371 227442 213289 346143 377849 346882 346137 165605 188852 166491 164865
r-996 23 0.102767 19 0.19883 101 5 2 2 82 7 70 3 6 6 67 46 87 47
r-375 38 0.192034 27 0.698006 306 280 335 350 854 759 550 476 477 747 757 512 512 512
r-387 49 0.37415 45 0.951515 821 5668 879 5816 3265 1450 1254 10486 1207 10531 2449 4957 2497 4657
r-556 45 0.0393939 47 0.231267 1000000 51115 50898 1000000 1000000 1000000 1000000 75152 75146 1000000 1000000 1000000 1000000 1000000
r-397 16 0.241667 46 0.737198 44 133 153 44 173 40 103 244 248 66 105 117 197 64
r-943 20 0.178947 19 0.760234 3 3 3 3 6 2 4 5 3 5 2 4 4 2
r-940 45 0.250505 44 0.639535 173214 156426 156424 157501 274338 201440 339472 332482 332706 332526 262006 211805 212429 212379
r-864 35 0.359664 39 0.175439 31434 172318 31663 31431 132633 40913 52770 314811 52689 52741 116281 164457 116426 116169
r-256 41 0.809756 40 0.665385 1000000 699701 697059 696109 1000000 981254 1000000 1000000 1000000 1000000 1000000 1000000 1000000 1000000
r-466 40 0.561538 21 0.695238 5906 6897 5826 6938 6641 6341 10438 12053 10461 12101 7824 4292 8446 4257
r-766 16 0.766667 38 0.105263 5 8 9 9 17 5 11 12 6 6 11 11 6 6
r-319 49 0.510204 26 0.332308 158147 139397 157640 139244 183919 176633 320419 257119 320544 257788 190333 181095 189858 181174
r-166 41 0.05 41 0.0182927 343524 1000000 342510 342962 1000000 1000000 350457 1000000 351913 346642 1000000 1000000 1000000 1000000
r-640 36 0.849206 25 0.0133333 1 5 0 11 5 3 3 14 3 15 3 12 3 6
r-334 41 0.252439 44 0.88055 980 1935 1102 1084 2342 1301 2072 3122 2298 1925 2115 2681 1835 1783
r-639 13 0.794872 22 0.65368 1 3 3 1 2 1 1 2 4 2 2 3 5 1
r-495 14 0.285714 16 0.175 1 2 1 0 3 1 1 5 1 1 2 2 2 2
r-48 42 0.267131 37 0.429429 808709 344145 344720 344173 661871 478434 1000000 688854 690684 689620 632546 493697 530451 493258
r-630 40 0.0448718 38 0.672831 1117 59 61 58 669 356 900 62 102 105 664 69 109 69
r-86 17 0.654412 19 0.94152 1 37 1 1 34 0 1 49 1 1 1 53 1 2
r-211 24 0.822464 35 0.507563 1857 697 698 1827 1016 1481 3722 699 1143 3848 1632 846 890 1362
r-1 35 0.82521 48 0.182624 460 1247 778 459 1225 951 865 1474 1419 873 1043 923 866 997
r-240 25 0.243333 29 0.871921 12 21 21 21 27 14 19 64 19 33 49 32 51 29
r-913 15 0.238095 16 0.175 0 2 0 0 1 0 0 2 0 0 1 6 1 1
r-582 20 0.905263 30 0.282759 28 7 7 26 19 13 29 12 12 52 21 13 13 35
r-796 41 0.236585 13 0.333333 14 0 0 0 8 0 15 0 0 0 7 1 1 1
r-785 21 0.87619 33 0.0643939 1 3 2 2 4 2 4 3 4 4 1 2 1 1
r-297 36 0.361905 34 0.377897 368804 305665 302940 302682 356863 297564 799956 641349 637104 639393 357946 326708 327478 326726
r-962 25 0.5 20 0.621053 522 421 652 645 890 471 870 816 1355 1081 609 552 818 653
r-272 46 0.10628 44 0.497886 81365 10207 10263 10442 55437 21385 153846 17696 17789 18521 70122 37867 37924 38277
r-863 15 0.371429 35 0.292437 38 125 24 37 161 37 31 280 47 48 75 121 74 75
r-522 22 0.38961 42 0.643438 3760 4070 3606 3647 10186 3840 6264 7085 6213 6117 6090 8505 6011 6004
r-726 24 0.264493 28 0.563492 615 407 605 611 917 669 1004 644 660 1007 798 809 549 790
r-88 39 0.916329 37 0.686186 125033 3942 3910 3912 69443 8085 188348 6042 5836 6110 146993 36804 36731 37496
r-26 47 0.641998 13 0.487179 85 26 41 41 142 62 135 47 47 30 119 84 54 54
r-489 34 0.0320856 33 0.973485 0 0 0 1 0 0 2 6 2 7 0 0 0 0
r-912 49 0.636905 16 0.0333333 45 209 45 208 187 92 90 194 47 237 80 272 79 155
r-442 22 0.705628 25 0.616667 594 323 332 808 638 686 1013 542 542 1175 680 414 416 658
r-696 21 0.619048 18 0.20915 11 5 6 5 19 13 10 7 17 12 13 11 8 11
r-517 27 0.566952 25 0.0766667 8 121 4 72 59 37 7 137 13 121 20 144 34 86
r-986 29 0.512315 13 0 60 741 30 1098 370 266 69 676 33 675 263 1088 264 1000
r-923 35 0.423529 33 0.647727 18241 17233 18288 17174 26991 25899 36072 31895 35895 31857 30522 31433 30567 31341
r-210 27 0.384615 30 0.606897 3659 3963 4075 3801 5764 3896 6591 7483 7469 6858 5736 4927 4922 5595
r-100 48 0.0992908 22 0.0822511 6 1 6 2 2 4 0 0 0 0 534 2 687 2
r-572 43 0.660022 11 0.2 9 6 15 6 27 12 23 7 13 7 17 18 28 11
r-604 26 0.329231 18 0.529412 82 38 38 57 66 71 76 91 58 63 156 74 74 47
r-799 12 0.818182 13 0.397436 0 0 0 0 0 0 0 0 0 0 0 0 0 0
r-325 13 0.5 16 0.691667 0 1 0 0 1 0 0 1 0 0 2 1 2 1
r-16 26 0.187692 42 0.706156 472 573 489 422 1530 545 778 975 980 695 958 1106 689 1156
r-184 22 0.238095 27 0.806268 12 17 21 20 31 27 33 26 33 20 25 23 25 40
r-247 46 0.458937 27 0.461538 224549 198376 199048 198867 223702 185900 510341 427731 426257 424356 274161 198952 199322 199068
r-169 31 0.963441 41 0.908537 1000000 23256 23200 1000000 1000000 1000000 299372 20724 20603 298689 1000000 1000000 1000000 1000000
r-97 34 0.782531 47 0.0860315 141 95 84 84 206 112 270 184 158 269 195 276 192 248
r-929 18 0.0261438 24 0.880435 0 0 0 0 0 0 1 0 0 1 0 0 0 0
r-344 18 0.647059 22 0.753247 23 33 23 14 28 30 32 88 32 19 26 51 16 26
r-843 38 0.42532 44 0.825581 11086 22124 10961 10945 32228 17484 20769 38408 20561 20489 23161 29446 23093 23221
r-546 46 0.0724638 35 0.497479 9919 1270 1156 1364 7406 2666 19372 2339 1987 2018 12060 3010 2647 2694
r-995 44 0.92389 45 0.888889 1000000 1000000 1000000 1000000 1000000 1000000 1000000 1000000 1000000 1000000 1000000 1000000 1000000 1000000
r-382 48 0.117021 31 0.483871 4466 1324 1395 1280 3797 2499 8339 1926 1938 2661 4146 1892 1879 2051
r-647 23 0.355731 15 0.819048 2 5 2 3 7 10 6 4 6 7 4 4 7 8
r-762 28 0.417989 13 0.24359 11 7 11 11 12 7 24 13 25 8 22 12 21 7
r-341 30 0.0827586 21 0.166667 515 2 1 1 361 3 560 1 2 2 3366 2 4 4
r-303 15 0.104762 46 0.057971 0 0 0 0 0 0 0 0 0 0 16 427684 16 16
r-76 38 0.371266 12 0.939394 15 29 15 15 38 43 25 41 24 23 41 30 42 30
r-365 28 0.719577 33 0.94697 253 6925 141 265 5623 299 253 9651 185 185 732 9517 731 732
r-695 17 0.75 24 0.387681 5 24 23 5 18 10 12 22 22 7 25 22 13 16
r-710 27 0.438746 40 0.861538 363 814 423 413 1541 440 605 1503 498 581 549 948 644 551
r-237 25 0.133333 31 0.582796 133 98 161 133 378 253 211 160 207 296 368 99 164 238
r-890 12 0.0909091 43 0.603544 10 7 7 10 48 11 8 18 10 14 33 34 63 33
r-280 36 0.614286 17 0.580882 712 301 213 315 934 266 1169 306 307 485 589 652 661 582
r-79 29 0.746305 24 0.0217391 2 20 1 20 7 7 4 68 4 36 3 14 2 15
r-95 40 0.69359 37 0.716216 1000000 1000000 1000000 1000000 1000000 1000000 1000000 1000000 1000000 1000000 1000000 1000000 1000000 1000000
r-983 48 0.690603 32 0.362903 65218 56027 56048 56109 89461 88033 123990 106760 106684 106820 94466 90586 91844 90470
r-287 22 0.844156 47 0.13136 20 33 20 33 48 44 39 52 65 39 67 33 67 40
r-876 50 0.529796 45 0.447475 1000000 1000000 1000000 1000000 1000000 1000000 1000000 1000000 1000000 1000000 1000000 1000000 1000000 1000000
r-698 13 0.730769 15 0.419048 1 0 0 0 2 1 1 1 1 1 2 1 1 2
r-727 48 0.135638 26 0.538462 2938 934 777 751 4082 3798 4525 1377 1173 1169 3251 1315 1234 1967
r-124 42 0.692218 21 0.538095 7944 2486 2249 2296 7364 2467 14915 3674 3659 3788 5560 4341 4016 4021
r-737 23 0.256917 18 1 3 4 2 8 8 1 4 7 2 14 4 4 2 4
r-30 24 0.724638 15 0.466667 5 3 5 3 13 18 12 6 6 4 13 14 9 14
r-447 21 0.466667 11 0.854545 0 0 1 1 4 3 1 1 0 1 0 2 1 3
r-589 15 0.485714 14 0.813187 0 0 0 0 1 1 1 1 0 0 1 1 1 1
r-131 12 0.833333 13 0.397436 0 0 0 0 1 0 0 0 0 1 1 0 0 1
r-468 50 0.131429 47 0.402405 1000000 664214 668470 665098 1000000 1000000 1000000 1000000 1000000 1000000 1000000 1000000 1000000 1000000
r-236 44 0.193446 39 0.639676 16099 12339 12506 12710 27446 21318 27623 24245 24359 24128 28245 17662 17743 17617
r-880 47 0.958372 42 0.829268 1000000 54727 55023 54913 1000000 67477 1000000 37652 37811 37956 1000000 466488 460097 460633
r-471 40 0.84359 45 0.940404 60166 1000000 60500 61942 1000000 74059 78770 1000000 79589 78686 479725 1000000 480541 479241
r-812 29 0.593596 42 0.379791 63732 70977 64160 63825 114921 71211 126683 139468 127016 126727 91238 96352 91114 91224
r-842 30 0.77931 14 0.736264 17 2 4 2 17 2 21 3 2 3 10 9 6 9
r-930 18 0.156863 29 0.85468 1 1 1 1 6 1 3 2 3 3 2 2 2 2
r-628 45 0.436364 19 0.48538 8180 3745 3694 3698 8027 3747 15195 5865 6357 5948 8527 4884 4947 5347
r-815 29 0.955665 49 0.392007 5088 273 274 4198 6302 4387 7520 288 475 7639 4383 542 540 4355
r-70 41 0.590244 31 0.0344086 57 1088 105 1265 307 272 161 1774 206 1631 139 1128 242 890
r-328 31 0.526882 13 0.192308 17 6 10 11 27 16 24 9 25 9 14 19 24 12
r-590 40 0.489744 20 0.842105 487 479 439 529 895 862 816 646 971 645 682 1040 1010 1051
r-735 32 0.675403 18 0.54902 702 159 160 234 468 266 990 386 248 246 511 239 365 375
r-461 33 0.174242 44 0.961945 11 85 11 11 60 24 35 80 19 34 24 70 24 43
r-44 32 0.731855 30 0.062069 20 48 10 28 43 40 20 121 36 119 27 59 27 58
r-172 31 0.15914 49 0.584184 19065 10017 9929 19061 22335 20445 31742 18338 18390 31689 28370 16695 16679 28427
r-957 17 0.919118 34 0.292335 19 5 9 11 24 20 37 8 8 37 39 18 18 39
r-148 10 0.0666667 17 0.0294118 0 0 0 0 0 0 0 0 0 0 0 0 0 0
r-666 13 0.25641 13 0.74359 0 0 0 0 0 0 0 0 0 0 0 0 0 0
r-955 14 0.978022 29 0.963054 0 0 0 0 0 0 0 0 0 0 0 0 0 0
r-301 43 0.110742 42 0.857143 138 127 127 126 244 196 439 224 363 365 252 224 368 284
r-764 16 0.741667 26 0.738462 3 26 25 6 16 6 4 35 21 7 26 38 23 27
r-258 11 0.381818 15 0.0190476 0 4 0 0 9 0 0 5 0 0 1 11 1 2
r-523 19 0.187135 18 0.0522876 8 121 8 229 195 54 5 149 5 180 15 182 15 183
r-641 21 0.766667 31 0.724731 256 716 617 258 744 253 573 1063 1007 436 339 758 931 382
r-55 21 0.942857 39 0.730094 33911 5160 4749 33695 25382 22869 38808 6315 6162 38760 66860 30493 30062 67127
r-745 50 0.0889796 14 0.934066 0 2 0 1 1 2 2 3 2 6 1 2 1 2
r-313 30 0.356322 17 0.264706 262 146 303 146 206 86 282 126 282 154 234 132 148 134
r-479 14 0.912088 47 0.648474 7 31 32 7 45 12 6 31 16 6 2 139 139 4
r-99 22 0.688312 28 0.748677 187 656 302 187 587 336 277 1117 448 277 454 645 462 321
r-415 24 0.431159 40 0.160256 425 2405 422 422 2112 635 628 4251 629 633 1179 1968 1026 1617
r-350 23 0.549407 18 0.48366 146 71 111 112 153 135 240 173 110 170 109 122 134 109
r-140 22 0.614719 24 0.949275 4 249 4 9 206 5 12 208 6 6 29 223 16 16
r-7 11 0.454545 38 0.763869 1 5 1 1 14 1 1 7 2 2 2 6 2 1
r-405 34 0.41533 37 0.617117 95859 88887 95349 95450 124105 106197 198019 178140 197026 198186 129819 120418 130282 130224
r-424 37 0.971471 10 0.333333 1 0 0 0 1 3 5 0 0 0 1 0 0 0
r-779 14 0.56044 46 0.848309 8 47 4 8 78 8 9 63 9 5 9 13 9 9
r-952 50 0.507755 45 0.821212 643930 1000000 644154 1000000 894525 936675 1000000 1000000 1000000 1000000 984367 1000000 983897 1000000
r-197 46 0.386473 14 0.164835 176 45 105 29 175 44 151 30 107 30 165 54 166 35
r-515 32 0.780242 20 0.168421 10 6 10 6 32 27 26 12 25 20 20 30 33 31
r-225 38 0.628734 36 0.655556 662761 634050 665409 634596 722526 576827 1000000 1000000 1000000 1000000 632006 727215 629330 730123
r-315 47 0.651249 35 0.12437 2549 3184 2631 3217 4949 3967 4866 5663 5047 5554 3222 6198 3153 6234
r-235 38 0.899004 10 0.111111 0 0 0 0 0 0 0 0 1 1 0 0 0 0
r-102 19 0.877193 18 0.79085 2 0 0 0 1 0 5 0 1 0 10 4 2 2
r-989 30 0.583908 11 0.436364 4 2 1 1 7 2 4 1 1 1 4 5 3 5
r-191 50 0.306939 40 0.0192308 100384 1000000 100285 1000000 1000000 1000000 135059 1000000 135828 1000000 1000000 1000000 1000000 1000000
r-423 17 0.926471 42 0.346109 69 13 7 69 106 60 109 24 13 108 86 82 81 140
r-463 18 0.673203 14 0.868132 0 1 0 1 0 1 0 1 0 1 3 3 4 1
r-644 26 0.209231 47 0.107308 463 5366 767 564 4607 608 445 6705 538 388 981 5307 985 1134
r-840 10 0.977778 19 0.175439 0 0 0 0 0 0 0 0 0 0 0 0 0 0
r-207 21 0.252381 26 0.507692 126 184 180 126 333 133 190 224 308 190 265 158 159 262
r-573 20 0.5 35 0.34958 904 2706 1003 916 2571 1132 1441 5651 1780 1447 1166 2137 1297 1379
r-12 10 0.533333 46 0.841546 2 16 1 2 16 2 2 11 2 1 3 6 2 3
r-798 15 0.352381 38 0.0654339 0 109 0 0 57 0 0 116 0 0 1 100 1 1
r-10 40 0.442308 34 0.809269 7977 15071 7926 14960 16358 18050 14421 25014 14636 25005 17875 25960 17865 25886
r-349 48 0.797872 48 0.317376 58269 68260 68250 57971 86730 65686 110544 140835 140962 110030 78126 79760 79747 78470
r-717 43 0.0221484 21 0.0571429 1000000 0 0 0 1000000 0 1000000 0 0 0 1000000 22 22 22
r-216 31 0.858065 48 0.443262 18165 8701 8639 18207 21302 19952 30669 15539 16738 30678 30822 17130 17234 30903
r-248 16 0.816667 18 0.588235 12 1 1 7 3 6 20 4 2 21 9 3 6 9
r-250 27 0.225071 30 0.117241 235 1283 231 230 924 320 178 1925 223 178 695 1755 411 693
r-712 25 0.01 44 0.538055 12759 271 451 12971 16386 7441 19828 447 446 20089 15492 1095 1358 15314
r-277 10 0.333333 35 0.847059 0 0 1 0 2 1 1 1 1 1 1 0 1 1
r-190 34 0.573975 29 0.384236 18830 18625 19083 18732 23414 24604 36687 36141 36739 35961 25626 27109 25672 26931
r-460 34 0.477718 11 0.0181818 12 79 6 147 48 92 9 177 10 95 37 78 76 149
r-484 15 0.52381 48 0.580674 420 1570 627 629 1632 624 531 2322 807 779 669 1424 785 892
r-614 48 0.781028 28 0.031746 52 176 52 175 131 52 94 246 53 227 52 183 54 250
r-956 12 0.878788 37 0.195195 2 1 1 2 3 2 3 2 2 3 1 1 1 2
r-158 26 0.0707692 30 0.937931 0 2 1 0 3 0 2 7 2 2 2 1 1 1
r-482 33 0.518939 11 0.290909 11 3 11 3 20 4 21 2 20 4 34 7 34 5
r-702 11 0.890909 44 0.038055 0 0 0 0 0 0 1 1 1 0 0 0 0 0
r-85 14 0.725275 28 0.558201 48 28 47 30 53 29 63 68 68 63 26 33 33 26
r-692 20 0.210526 36 0.825397 14 24 8 8 32 14 25 37 15 25 32 24 20 34
r-314 39 0.991903 43 0.435216 9629 779 486 9475 8224 2548 16056 596 926 16155 9811 906 1681 9851
r-413 43 0.387597 37 0.966967 116 1359 117 1361 414 236 254 3046 269 2698 116 1651 116 936
r-406 18 0.633987 31 0.296774 27 48 16 16 78 39 38 72 39 25 65 80 67 67
r-278 35 0.633613 29 0.389163 9448 7108 7193 7072 12393 12211 17736 12992 12899 12847 14522 13274 13183 12969
r-491 23 0.735178 33 0.267045 140 160 100 135 257 137 214 156 157 133 319 331 226 294
r-687 40 0.766667 14 0.626374 58 12 12 7 55 8 71 9 14 9 56 4 7 8
r-164 23 0.640316 11 0.490909 1 1 0 1 3 2 2 1 1 1 4 1 1 1
r-867 16 1 41 0.158537 5 2 1 11 5 3 13 5 5 25 6 2 5 12
r-437 46 0.0637681 39 0.51552 14751 1056 1057 1055 15861 4661 21589 1937 1761 2394 12000 5285 5156 5340
r-134 39 0.983806 34 0.522282 21137 389 388 246 18373 393 31065 284 331 529 22376 1206 661 803
r-252 27 0.339031 24 0.619565 453 551 422 422 554 696 475 722 756 836 860 813 663 647
r-979 18 0.313725 42 0.295006 165 1112 251 202 1181 256 220 1667 328 249 219 970 337 220
r-825 42 0.569106 40 0.74359 748505 1000000 748172 1000000 1000000 1000000 1000000 1000000 1000000 1000000 1000000 1000000 1000000 1000000
r-84 50 0.755102 37 0.684685 1000000 1000000 1000000 1000000 1000000 1000000 1000000 1000000 1000000 1000000 1000000 1000000 1000000 1000000
r-331 45 0.0919192 11 0.218182 0 0 0 0 0 0 0 0 0 0 0 0 0 0
r-600 28 0.656085 18 0.830065 35 44 61 75 89 61 50 59 84 99 84 70 87 43
r-739 48 0.140071 45 0.731313 6206 4235 4218 4330 9482 5955 11238 9460 9122 9105 8980 7191 7612 7148
r-776 50 0.512653 45 0.0777778 10104 90377 10146 90741 44290 30054 17834 156681 17616 157603 24595 93370 24734 92920
r-384 23 0.249012 15 0.828571 0 1 1 1 2 2 1 3 2 2 2 3 1 3
r-855 31 0.606452 38 0.0156472 14 678 14 14 546 15 25 1105 14 25 46 850 26 46
r-3 41 0.632927 45 0.957576 1766 779663 2714 1942 543597 2627 2743 1000000 2740 2902 31307 849033 31399 31272
r-968 35 0.141176 12 0.924242 0 1 0 1 1 0 1 1 1 2 1 1 0 1
r-51 44 0.00211416 35 0.0638655 1000000 1000000 1000000 1000000 1000000 1000000 1000000 1000000 1000000 1000000 1000000 1000000 1000000 1000000
r-634 36 0.974603 28 0.248677 80 6 6 3 41 52 78 12 6 12 41 13 7 12
r-274 44 0.0803383 29 0.0615764 636 29 695 29 695 54 600 42 647 43 6606 106 6346 236
r-1000 17 0.654412 32 0.247984 42 30 43 26 157 53 64 72 65 63 83 115 52 52
r-200 48 0.552305 50 0.981224 5151 1000000 6025 5098 1000000 5251 6921 1000000 10192 7163 9885 1000000 10935 9909
r-93 37 0.71021 18 0.326797 210 113 113 114 211 379 205 221 176 177 255 237 237 238
r-768 47 0.493062 49 0.467687 1000000 1000000 1000000 1000000 1000000 1000000 1000000 1000000 1000000 1000000 1000000 1000000 1000000 1000000
r-454 23 0.221344 35 0.636975 403 162 262 407 652 513 616 262 262 433 560 547 393 609
r-192 20 0.557895 11 0.218182 2 0 2 0 3 3 1 1 1 1 2 2 2 2
r-802 11 0.690909 30 0.473563 2 7 7 1 9 1 2 13 14 1 5 12 7 5
r-896 14 0.417582 30 0.8 3 4 3 4 15 5 4 5 4 4 8 14 8 13
r-317 45 0.785859 20 0.4 420 255 163 257 501 581 524 314 265 320 408 466 636 558
r-550 45 0.237374 44 0.169133 1000000 1000000 1000000 1000000 1000000 1000000 1000000 1000000 1000000 1000000 1000000 1000000 1000000 1000000
r-114 15 0.266667 12 0.560606 0 0 0 0 0 1 0 0 0 0 0 0 0 0
r-422 14 0.0769231 30 0.347126 79 144 162 142 110 126 142 175 172 141 169 240 202 100
r-472 23 0.525692 11 0.0727273 1 1 1 1 2 5 2 2 2 4 3 3 3 3
r-558 36 0.414286 40 0.65 142893 155267 142972 142860 227352 165403 297864 313628 298654 298554 184940 185842 185275 185095
r-300 25 0.803333 30 0.383908 136 171 171 137 223 163 225 284 456 212 347 211 158 346
r-150 19 0.555556 49 0.447279 6688 10892 10873 6544 14987 6595 10193 18959 18916 10315 8251 15247 15158 8366
r-340 11 0.927273 50 0.608163 20 36 69 19 70 11 19 74 35 18 29 75 75 30
r-780 26 0.766154 27 0.541311 1754 551 553 1628 1177 1492 3390 1034 958 3705 1488 716 622 1740
r-118 44 0.560254 36 0.12381 3211 15397 3200 15460 7211 8992 5803 26042 5706 26043 8414 15721 8382 19313
r-723 43 0.353267 18 0.928105 39 47 39 79 117 112 74 133 73 137 67 154 38 152
r-125 35 0.670588 15 0.0666667 7 35 6 35 20 31 12 57 12 57 14 28 7 51
r-998 24 0.0181159 44 0.891121 7 1 1 7 11 10 34 9 4 18 12 4 2 13
r-935 31 0.088172 35 0.885714 15 9 9 9 31 9 17 28 16 32 22 12 12 21
r-254 49 0.186224 36 0.996825 26 73 13 73 61 51 55 438 56 234 173 162 93 83
r-933 10 0.844444 38 0.156472 0 0 0 1 1 0 1 1 1 1 0 0 0 1
r-681 32 0.554435 23 0.296443 1910 812 1585 1097 1752 2041 2322 1948 2985 1337 1659 2372 1811 2410
r-249 19 0.45614 35 0.929412 5 21 2 2 20 5 4 33 3 4 3 15 3 6
r-990 37 0.701201 13 0.0512821 2 7 2 14 13 10 4 13 4 23 12 22 12 22
r-418 17 0.580882 45 0.514141 1329 3803 2600 1291 2984 1208 1732 4027 4094 1723 1343 2672 2680 1346
r-22 42 0.558653 27 0.866097 3093 13335 2998 13259 6445 9223 5595 25308 5198 25586 4566 15205 4201 15052
r-130 22 0.601732 13 0.974359 2 70 2 142 116 57 8 160 8 84 6 147 6 145
r-897 41 0.731707 13 0.423077 33 11 7 11 42 70 46 9 9 14 57 25 40 25
r-32 24 0.373188 36 0.214286 576 2863 658 685 1837 815 1095 3663 859 860 904 2739 908 905
r-411 37 0.791291 42 0.8223 591463 1000000 591195 588258 1000000 623001 894584 1000000 902431 894578 1000000 1000000 1000000 1000000
r-597 18 0.562092 44 0.472516 1765 3076 2929 1738 3455 1871 2615 4981 5045 2653 1871 3959 3969 1879
r-145 22 0.904762 28 0.259259 23 5 5 22 23 14 36 8 15 21 34 25 25 19
r-905 16 0.966667 38 0.59744 1962 141 169 1884 1437 1166 2222 124 123 2261 1778 584 587 2058
r-269 12 0.469697 47 0.786309 3 9 2 2 31 3 4 11 3 2 6 23 5 5
r-916 27 0.196581 10 0.688889 0 0 0 0 1 1 1 0 0 0 1 0 0 0
r-450 13 0.115385 29 0.12069 0 0 0 0 0 0 0 0 0 0 0 9 8 0
r-917 30 0.82069 10 0.177778 0 0 0 0 0 0 1 0 0 0 1 0 1 1
r-83 21 0.0619048 16 0.0416667 801 4795 1230 3914 3357 3275 894 1324 885 2135 552 1437 411 1438
r-660 47 0.150786 49 0.823129 2111 1753 2173 1991 3494 2347 3972 3702 3677 3946 3080 2572 2637 2608
r-583 23 0.225296 13 0.564103 1 0 0 0 1 2 2 0 0 0 2 1 1 2
r-885 36 0.601587 41 0.429268 638428 605613 605100 640735 767493 642889 1000000 1000000 1000000 1000000 814489 751043 748129 819038
r-795 33 0.507576 26 0.876923 151 935 150 935 519 447 251 2184 425 1965 528 977 689 914
r-751 38 0.662873 26 0.873846 4333 16360 4330 15717 9755 11359 6425 26478 6456 26626 5685 13615 5803 13690
r-709 39 0.574899 11 0.963636 63 46 65 26 59 32 18 29 18 17 111 50 112 28
r-299 32 0.0625 15 0.72381 6 1 0 1 4 5 5 1 2 1 4 1 2 2
r-298 43 0.72979 22 0.891775 2532 1911 2389 1966 3385 1742 3206 2973 3746 2628 5954 2518 6058 2568
r-467 35 0.712605 34 0.249554 1227 1654 1230 1646 3278 2084 2192 3014 2598 3012 2554 3139 2334 3103
r-226 35 0.0957983 13 0.128205 0 0 0 0 0 0 0 0 0 0 171 0 0 0
r-889 15 0.571429 39 0.225371 23 51 14 14 103 28 21 43 34 34 21 49 21 13
r-492 17 0.970588 12 0.484848 1 0 0 0 1 1 1 0 0 0 1 0 0 0
r-945 48 0.00975177 49 0.317177 1000000 35870 35340 1000000 1000000 1000000 1000000 56668 56430 1000000 1000000 1000000 1000000 1000000
r-771 26 0.947692 36 0.579365 4856 124 200 4696 1652 1118 7611 330 225 7387 5223 512 511 5348
r-530 11 0.0363636 29 0.251232 10 8 9 11 20 4 8 8 8 8 0 0 0 0
r-75 13 0.692308 14 0.164835 0 0 0 0 0 0 0 0 0 0 0 0 0 0
r-516 39 0.099865 46 0.830918 227 143 247 131 321 171 291 387 443 373 246 270 162 247
r-94 13 0.641026 30 0.6 13 46 28 8 46 8 10 36 37 10 10 34 34 10
r-502 23 0.0909091 36 0.815873 19 20 11 19 59 20 64 33 33 38 61 20 20 36
r-665 48 0.243794 46 0.147826 1000000 1000000 1000000 1000000 1000000 1000000 1000000 1000000 1000000 1000000 1000000 1000000 1000000 1000000
r-497 34 0.122995 16 0.716667 3 2 2 4 6 10 6 7 7 4 11 5 3 5
r-409 26 0.230769 40 0.885897 36 39 61 60 72 86 108 115 63 107 91 90 90 93
r-722 31 0.453763 40 0.216667 13970 31596 13497 13524 24690 16723 23809 67092 23885 23830 15827 22288 15957 15868
r-182 42 0.426249 20 0.673684 3632 2543 3604 2538 4654 4583 6141 4046 6546 4035 5665 4077 5495 3990
r-28 32 0.1875 25 0.516667 570 179 218 203 768 426 625 451 282 376 663 502 498 312
r-388 26 0.270769 37 0.163664 2100 14004 2458 2100 12699 2529 3266 23425 3248 3060 4223 15489 4244 4234
r-853 35 0.867227 18 0.915033 0 0 0 0 0 0 0 0 0 0 580 0 1082 0
r-103 30 0.386207 42 0.227642 38617 138117 38659 38579 118178 44750 69679 281200 69116 69192 54111 115661 54437 54203
r-205 44 0.0549683 24 0.692029 89 10 18 10 57 50 145 17 30 17 52 19 19 19
r-607 17 0.404412 29 0.108374 3 22 3 3 19 3 4 34 4 4 3 22 5 5
r-927 11 0.509091 17 0.272059 0 0 0 0 2 0 0 0 0 0 1 0 0 0
r-784 49 0.355442 11 0.181818 0 0 0 0 0 0 0 0 0 0 0 0 0 0
r-526 31 0.501075 11 0.872727 4 10 8 10 6 5 5 7 10 7 16 8 16 7
r-926 12 0.378788 14 0.67033 0 0 0 0 0 0 0 0 0 0 0 0 0 0
r-480 31 0.595699 44 0.859408 4668 30642 4762 4687 24477 6665 7725 56775 7739 8019 10631 16315 10387 10338
r-738 17 0.926471 11 0.490909 1 0 0 0 0 0 2 0 0 0 0 0 0 0
r-765 24 0.768116 46 0.593237 43167 31811 31805 43210 38036 42350 75287 55826 55810 75378 37716 41581 41335 37477
r-964 41 0.613415 23 0.0711462 51 523 51 422 309 274 156 811 88 709 181 648 180 645
r-362 18 0.169935 32 0.677419 26 23 23 16 64 32 24 22 22 40 31 53 33 48
r-286 35 0.196639 50 0.48 670570 251989 251831 669937 424663 581853 1000000 481853 482776 1000000 491396 365619 363844 491982
r-126 33 0.791667 32 0.731855 54264 20559 20718 20685 46241 23671 89669 31512 31514 31537 30763 31637 31964 31730
r-925 47 0.86124 33 0.238636 665 505 360 359 980 660 1083 667 826 836 694 550 551 550
r-817 37 0.418919 41 0.341463 1000000 1000000 1000000 1000000 1000000 1000000 1000000 1000000 1000000 1000000 1000000 1000000 1000000 1000000
r-198 22 0.012987 39 0.37112 530555 1841 1834 532197 198452 77478 661947 2608 2779 667937 567473 36962 37034 564698
r-931 37 0.600601 29 0.162562 924 1874 852 2235 2010 1960 1516 2533 1521 2485 1421 2057 1510 2199
r-308 21 0.285714 34 0.743316 123 160 196 194 290 250 201 171 321 201 179 227 226 180
r-246 13 0.884615 17 0.845588 0 0 0 0 0 0 0 0 0 0 1 2 4 1
r-305 17 0.0220588 35 0.778151 16 1 1 16 19 11 30 2 2 30 18 5 3 17
r-268 34 0.327986 49 0.0357143 857 614448 701 763 521767 835 965 861066 1332 1175 4129 735858 4092 4280
r-732 41 0.617073 20 0.252632 997 723 667 462 1231 1867 1099 796 1097 706 1177 1167 1085 1011
r-562 17 0.5 10 0.244444 0 0 0 0 0 0 0 0 0 0 0 0 0 0
r-64 12 0.848485 50 0.60898 0 0 1 0 0 0 0 1 0 0 0 0 0 0
r-831 18 0.718954 34 0.723708 195 829 245 249 792 291 264 1373 426 266 165 568 166 165
r-378 26 0.0830769 30 0.103448 68 343 230 68 472 98 82 239 286 51 1166 2983 2867 1357
r-238 43 0.818383 33 0.248106 1110 984 985 1060 1791 1364 1963 1872 2051 2175 1885 1660 1665 1779
r-217 21 0.0333333 28 0.455026 874 22 12 695 378 172 1007 20 20 915 795 86 55 870
r-837 20 1 13 0.115385 0 0 0 0 0 0 0 0 0 0 0 0 0 0
r-386 30 0.671264 44 0.35518 29017 22221 22913 29001 52354 33492 54694 40974 40901 54471 40130 45854 45960 39795
r-632 22 0.0735931 38 0.450925 1945 126 71 1683 464 757 2690 117 116 2580 2070 384 383 1862
r-661 12 0.727273 10 0.755556 0 0 0 0 0 0 0 0 0 0 0 0 0 0
r-276 32 0.983871 43 0.666667 1000000 1565 2077 1000000 1000000 1000000 1000000 2165 2248 1000000 1000000 177581 177735 1000000
r-757 18 0.640523 29 0.975369 1 182 1 1 356 1 2 254 2 2 29 325 15 29
r-676 36 0.103175 42 0.637631 2191 834 1167 1608 2544 1964 2913 1548 1561 2824 3101 1351 1471 2872
r-115 23 0.652174 31 0.2 133 89 130 82 268 119 215 134 219 137 79 151 130 126
r-512 42 0.665505 30 0.558621 231379 96342 96421 96741 210891 108963 519740 191409 191228 191828 174817 170801 170813 170765
r-414 33 0.511364 24 0.0869565 71 455 69 538 124 243 67 606 109 835 73 469 129 506
r-574 11 1 14 0.032967 0 0 0 0 0 0 0 0 0 0 0 0 0 0
r-826 16 0.783333 22 0.861472 0 5 0 0 9 0 0 11 0 0 1 5 1 1
r-920 36 0.347619 20 0.7 268 282 263 302 640 634 657 563 414 439 449 786 448 627
r-527 20 0.0210526 39 0.773279 25 2 4 25 15 18 51 4 4 28 17 5 11 17
r-208 15 0.533333 40 0.635897 80 397 80 80 284 51 67 596 67 101 108 305 95 72
r-141 44 0.308668 47 0.713228 179417 194634 178703 178665 291944 220293 358544 412798 357072 357689 226597 235601 226117 225946
r-928 25 0.613333 19 0.754386 71 123 116 205 150 162 200 256 177 324 158 116 96 117
r-337 45 0.478788 25 0.846667 1125 4899 1126 4621 2946 5272 1810 7280 2170 7328 3397 6615 3443 6408
r-638 15 0.733333 19 0.684211 4 9 9 6 6 3 9 14 13 9 5 9 9 9
r-854 13 1 42 0.624855 33636 3186 2961 33353 46397 29363 33615 2560 2543 32710 31200 4155 4439 31063
r-769 14 0.978022 26 0.430769 35 3 1 36 53 25 56 3 3 29 47 10 10 25
r-366 50 0.878367 40 0.702564 1000000 375465 374568 376636 1000000 593260 1000000 599955 599940 600575 1000000 977165 981138 979267
r-610 24 0.311594 33 0.897727 23 48 39 41 40 48 63 51 64 38 36 40 36 36
r-157 15 0.495238 13 0.269231 0 1 0 1 1 0 0 3 0 3 0 0 0 1
r-218 46 0.154589 28 0.777778 208 172 181 114 342 222 369 341 242 331 391 390 248 246
r-68 37 0.13964 24 0.666667 128 108 112 67 139 117 126 194 118 119 219 135 85 137
r-427 24 0.630435 42 0.10453 69 179 69 110 341 156 185 211 114 187 116 208 175 165
r-915 29 0.837438 20 0.00526316 0 4 0 4 2 2 1 9 1 5 1 4 0 2
r-105 30 0.337931 27 0.264957 6641 8623 6662 9221 8047 7210 11604 15652 11551 16175 6912 8199 6865 8523
r-494 20 0.789474 14 0.0879121 0 0 0 0 0 0 0 1 0 1 0 0 0 0
r-967 17 0.360294 40 0.578205 501 796 796 587 1254 555 973 1269 1272 640 565 1677 1187 777
r-571 27 0.780627 25 0.846667 152 338 262 338 350 282 274 470 321 529 555 983 781 690
r-41 47 0.595745 23 0.387352 9589 12063 9671 12022 11760 16748 17471 20914 17728 20971 19859 16105 20093 16140
r-719 22 0.506494 40 0.976923 11 351 11 11 508 12 15 643 8 15 81 651 82 81
r-403 30 0.367816 38 0.74111 4486 6313 4759 4950 8222 6447 7826 11048 8085 7882 7579 9054 7177 8715
r-261 19 0.853801 30 0.464368 50 51 50 46 64 30 82 64 37 84 76 35 59 47
r-43 38 0.507824 49 0.420918 1000000 1000000 1000000 1000000 1000000 1000000 1000000 1000000 1000000 1000000 1000000 1000000 1000000 1000000
r-718 48 0.838652 39 0.237517 2692 3065 3287 3252 4548 2837 5109 5924 5953 6073 3360 3724 3670 3708
r-477 10 0.955556 20 0.526316 6 1 0 3 1 2 3 1 1 3 7 1 2 3
r-969 20 0.626316 16 0.641667 28 20 29 31 25 19 44 31 43 50 20 17 19 17
r-371 22 0.515152 31 0.483871 2142 4523 2147 2213 3141 2041 4323 8798 3961 4054 2294 4566 2294 2335
r-159 34 0.317291 12 0.954545 3 17 1 17 4 8 7 28 7 28 1 8 1 16
r-61 43 0.728682 32 0.241935 1914 2649 1837 2975 3663 3318 3162 4735 3210 4827 3335 4858 3963 4989
r-487 38 0.738265 46 0.902415 89521 1000000 90029 89572 1000000 119495 129663 1000000 130123 129528 224725 1000000 224535 224915
r-39 43 0.112957 31 0.249462 126914 2304 2480 2342 90297 5165 178813 3454 3421 3296 221966 13789 13610 13694
r-21 21 0.180952 12 0.863636 0 0 0 0 0 0 0 0 0 1 0 0 0 0
r-500 50 0.08 12 0.833333 1 1 0 1 1 1 1 1 3 3 1 1 1 1
r-746 43 0.533776 27 0.880342 2431 9341 2666 9046 6319 5670 4205 17073 3915 17078 3069 7822 3062 7411
r-703 42 0.0569106 49 0.789116 367 193 111 516 505 317 748 190 252 703 481 126 214 461
r-749 26 0.627692 16 0.0833333 3 12 1 8 8 5 4 13 4 23 7 16 4 9
r-228 13 0.102564 11 0.381818 0 0 0 0 0 0 0 0 0 0 0 0 0 0
r-436 46 0.903382 10 1 0 0 0 0 0 0 0 0 0 0 0 0 0 0
r-296 24 0.876812 35 0.161345 13 11 6 7 18 9 16 10 19 27 26 27 16 16
r-438 49 0.0637755 39 0.234818 1000000 28609 29111 29709 1000000 49959 1000000 41169 41662 42003 1000000 553436 557430 555237
r-958 11 0.418182 20 0.857895 0 0 0 0 1 0 0 0 0 0 0 1 0 0
r-506 20 0.526316 38 0.324324 731 1254 717 636 2172 1014 1065 2199 1164 1184 1106 1730 1220 1159
r-789 16 0.05 42 0.190476 66 16 8 133 22 96 10 9 9 10 189 391 249 190
r-144 13 0.217949 32 0.391129 33 70 70 33 44 21 38 86 86 24 35 73 74 22
r-547 47 0.435708 40 0.670513 1000000 1000000 1000000 1000000 1000000 1000000 1000000 1000000 1000000 1000000 1000000 1000000 1000000 1000000
r-107 25 0.543333 43 0.320044 8086 16141 8091 9123 25050 9179 14015 28448 13989 14142 12602 20158 12659 12693
r-685 25 0.723333 41 0.0378049 4 59 7 7 38 9 13 61 13 7 22 43 13 22
r-701 48 0.414894 18 0.562092 2770 2042 2052 2281 3094 2910 4336 3413 3105 3253 5637 3405 3434 3422
r-603 11 0.945455 32 0.510081 41 20 20 42 17 36 32 28 28 52 45 32 31 26
r-985 33 0.308712 41 0.67439 24311 19444 19546 24104 44394 28738 44746 36792 36881 45111 31783 34006 33947 31904
r-650 42 0.325203 24 0.228261 25498 21024 25539 21110 28007 20128 42553 32333 42550 32472 31895 25239 31812 25490
r-797 38 0.532006 40 0.587179 1000000 1000000 1000000 1000000 1000000 1000000 1000000 1000000 1000000 1000000 1000000 1000000 1000000 1000000
r-596 31 0.0731183 12 0.742424 0 0 0 0 0 0 1 1 0 1 1 0 0 1
r-563 14 0.615385 35 0.973109 2 70 4 4 139 5 5 196 2 5 5 157 5 5
r-761 21 0.12381 43 0.806202 19 16 16 31 34 35 68 27 26 69 46 15 15 46
r-872 21 0.547619 34 0.550802 2314 3134 2352 2257 3216 2198 3807 6142 3833 3804 3470 3470 2949 2934
r-525 47 0.827012 49 0.896259 1000000 1000000 1000000 1000000 1000000 1000000 1000000 1000000 1000000 1000000 1000000 1000000 1000000 1000000
r-549 10 0.244444 32 0.520161 1 7 4 1 6 2 1 4 4 2 2 6 6 2
r-358 38 0.517781 14 0.791209 107 106 120 106 92 147 99 138 99 185 184 62 140 98
r-881 44 0.128964 44 0.536998 27069 8854 8880 26973 45312 32853 46177 16082 16294 46464 29003 19869 19597 28987
r-306 16 0.833333 34 0.663102 79 202 191 116 225 134 154 265 154 133 183 313 313 110
r-152 14 0.252747 24 0.836957 2 3 1 1 6 1 1 3 3 3 3 3 3 2
r-356 17 0.448529 20 0.315789 6 23 6 6 12 10 15 25 9 9 10 13 16 16
r-786 26 0.596923 38 0.692745 13323 36265 13865 13188 34089 13945 22300 70474 22206 22776 24859 31601 24987 24877
r-496 14 1 41 0.181707 9 2 2 9 4 8 12 3 6 11 10 6 6 5
r-715 45 0.467677 36 0.884127 3920 17494 3916 18916 8321 6994 5979 29451 6028 29367 5999 12057 5608 11995
r-859 48 0.719858 22 0 29 510 29 309 561 139 55 633 100 797 158 648 157 528
r-612 47 0.424607 25 0.743333 9926 10755 10207 10881 16707 20084 18099 17941 17867 17979 17075 15086 16778 14955
r-251 36 0.852381 13 0.397436 10 3 5 5 8 15 13 7 7 7 8 7 4 8
r-476 25 0.756667 21 0.809524 64 127 64 76 73 108 142 180 96 108 166 57 102 78
r-459 21 0.657143 23 0.774704 63 143 40 66 105 46 91 215 55 55 80 193 130 79
r-729 14 0.527473 14 0.736264 0 3 0 0 1 0 0 3 0 0 1 1 0 0
r-620 25 0.303333 28 0.759259 137 98 139 136 185 105 129 154 208 194 149 243 231 235
r-14 27 0.737892 32 0.625 17081 9819 9507 17159 12129 15906 31888 16916 16994 32388 15886 14242 14086 16021
r-312 28 0.346561 34 0.0909091 250 2870 151 252 2631 335 215 4304 370 363 672 2500 533 678
r-310 34 0.105169 41 0.052439 1032 900162 601 707 825699 622 612 946550 667 623 155378 1000000 158300 156599
r-120 46 0.896618 17 0.0955882 2 4 1 4 4 2 3 5 6 9 2 2 3 5
r-977 17 0.198529 47 0.761332 55 52 87 34 151 69 59 140 140 94 60 125 131 60
r-154 50 0.188571 34 0.160428 1000000 1000000 1000000 1000000 1000000 1000000 1000000 1000000 1000000 1000000 1000000 1000000 1000000 1000000
r-922 36 0.3 34 0.28164 248125 363789 248500 362609 274152 319133 464209 675668 463170 675306 289659 329513 289229 328810
r-953 12 0.0606061 17 0.948529 0 0 0 0 0 0 0 0 0 0 0 0 0 0
r-369 46 0.0879227 37 0.884384 93 56 96 56 125 72 95 114 115 197 145 50 87 87
r-809 33 0.738636 20 0.652632 711 258 394 258 733 314 1200 447 545 426 1022 1275 1184 920
r-682 42 0.66899 44 0.609937 1000000 1000000 1000000 1000000 1000000 1000000 1000000 1000000 1000000 1000000 1000000 1000000 1000000 1000000
r-142 29 0.682266 48 0.741135 274888 845892 274392 274247 808660 279774 445435 1000000 444354 445256 421751 763772 423014 423212
r-554 15 0 49 0.260204 1000000 1000000 1000000 1000000 1000000 1000000 1000000 1000000 1000000 1000000 1000000 1000000 1000000 1000000
r-938 42 0.672474 12 0.257576 14 9 24 9 37 24 36 12 21 19 52 23 52 23
r-585 21 0.390476 15 0.67619 7 3 11 3 17 16 16 5 17 5 18 10 11 17
r-346 49 0.0255102 26 0.101538 1000000 6 11 6 1000000 12 1000000 11 11 11 1000000 1000000 1000000 1000000
r-60 16 0.816667 48 0.58156 249 636 669 251 790 248 400 1313 886 306 326 902 1052 202
r-529 32 0.22379 44 0.141649 57333 253592 57257 57039 223621 62794 79554 371982 79603 79836 48198 535055 46387 46335
r-380 18 0.339869 39 0.993252 0 9 0 0 10 0 1 23 1 1 4 11 4 4
r-806 36 0.720635 44 0.286469 19165 22407 22713 19322 29849 23262 36767 42261 42667 37102 31489 32151 31655 31407
r-975 10 0.111111 14 0.615385 0 0 0 0 0 0 0 0 0 0 0 0 0 0
r-657 28 0.759259 10 0.488889 0 0 0 0 0 0 0 0 0 0 1 0 0 0
r-253 13 0.0641026 21 0.628571 5 0 0 2 7 4 4 1 1 4 3 2 1 3
r-486 44 0.556025 14 0.362637 108 69 174 70 201 68 140 52 175 53 341 88 341 88
r-594 11 0.581818 29 0.12069 0 1 0 0 2 0 0 1 0 0 1 2 0 0
r-858 39 0.611336 45 0.781818 495536 1000000 495624 496585 1000000 604886 894952 1000000 896418 898907 729880 1000000 726831 731146
r-613 12 0.590909 45 0.732323 0 24 1 1 14 1 1 15 1 1 4 11 4 4
r-162 19 0.450292 41 0.395122 1828 4962 1794 1743 4706 1968 2747 8775 3055 2744 2375 4035 2381 2611
r-289 40 0.766667 41 0.392683 44777 42430 42564 45134 73575 53554 82037 87070 86868 81688 74741 60957 61227 74658
r-675 16 0.258333 33 0.094697 1 37 1 1 33 0 1 51 0 1 1 34 1 1
r-219 24 0.98913 15 0.180952 1 0 0 0 1 0 1 0 0 0 0 0 0 0
r-57 30 0.163218 40 0.578205 4751 2202 2132 3904 3111 3767 6362 3522 3492 6300 4596 2542 2459 5008
r-974 41 0.236585 17 0.191176 426 40 610 64 544 66 724 38 623 38 586 47 541 47
r-170 38 0.194879 28 0.042328 4567 1000000 4372 1000000 1000000 802601 6123 1000000 6430 1000000 460916 1000000 460191 1000000
r-65 11 1 46 0.537198 2431 478 480 2553 2024 2083 2452 936 898 2269 2470 1896 1886 2200
r-591 18 0.993464 21 0.257143 4 0 0 2 4 2 4 1 0 9 2 1 0 2
r-949 48 0.352837 33 0.1875 469270 964332 474846 960878 655315 742810 845174 1000000 842166 1000000 1000000 787867 1000000 786217
r-532 44 0.631078 45 0.817172 1000000 1000000 1000000 1000000 1000000 1000000 1000000 1000000 1000000 1000000 1000000 1000000 1000000 1000000
r-441 48 0.0558511 34 0.445633 9957 1510 1469 1564 8947 2971 16849 1986 2136 2009 13434 3023 2964 2991
r-52 23 0.513834 50 0.121633 326 808 373 407 1276 404 467 1180 742 588 672 1112 818 563
r-288 16 0.833333 41 0.0560976 1 2 1 1 2 1 3 4 3 2 2 2 1 2
r-652 47 0.0305273 25 0.936667 4 1 3 3 5 2 11 5 9 5 2 5 3 2
r-82 33 0.268939 21 0.514286 749 231 315 232 630 772 881 376 377 456 695 420 388 525
r-504 12 0.484848 41 0.329268 5 31 8 8 18 8 9 32 9 9 6 15 4 4
r-901 17 0.0882353 32 0.366935 238 60 107 388 113 214 396 165 94 335 389 258 359 457
r-336 29 0.6133 16 0.891667 27 37 15 37 56 32 44 90 43 93 53 57 55 35
r-106 35 0.586555 29 0.655172 56082 53065 55980 52893 59549 47277 111983 111836 112150 111636 37478 53661 37652 53996
r-323 13 0.730769 46 0.983575 0 88 0 0 41 0 0 94 0 0 3 99 5 5
r-505 43 0.300111 21 0.952381 19 126 18 225 118 63 66 232 67 416 67 195 36 213
r-89 43 0.479513 38 0.780939 144432 195851 142993 196042 250622 258497 289866 369463 288764 370324 203512 225955 203726 225473
r-951 24 0.688406 42 0.463415 12531 13905 14249 12875 20309 12907 21811 25865 25971 21795 20976 18006 18150 20706
r-791 14 0.626374 27 0.105413 0 2 0 0 3 0 1 3 1 1 2 4 1 1
r-642 22 0.229437 10 0.4 0 0 0 0 0 0 1 0 0 0 0 0 0 0
r-9 32 0.495968 11 0.963636 18 29 19 16 46 16 15 38 15 37 35 48 17 47
r-78 29 0.389163 31 0.944086 20 173 11 20 78 14 20 269 35 20 27 59 27 16
r-803 47 0.46901 22 0.406926 44608 32715 44461 32784 45212 30351 87304 59702 86657 59238 49980 37129 49708 37086
r-361 39 0.630229 40 0.415385 451401 524321 524017 451571 644494 466347 947640 1000000 1000000 945706 667425 671860 670372 665325
r-295 28 0.328042 44 0.299154 42638 123830 43290 42679 115595 41795 71044 230722 71145 76045 49323 114188 49257 49557
r-355 31 0.0451613 33 0.278409 218152 549 843 222594 69126 12741 287747 693 917 287252 214010 2375 2089 214191
r-625 10 0.711111 45 0.0757576 0 0 0 0 1 0 0 0 0 0 0 1 0 0
r-420 34 0.666667 15 0.27619 35 24 35 39 55 65 86 53 86 34 62 51 101 54
r-845 25 0.606667 35 0.937815 48 951 27 50 794 60 36 1576 65 36 71 1140 71 123
r-451 41 0.529268 36 0.765079 203189 483272 203568 481912 294356 376105 397848 1000000 399047 1000000 293566 409795 292469 409719
r-223 12 0.863636 12 0.772727 0 0 0 0 0 0 0 0 0 0 0 0 0 0
r-212 42 0.905923 46 0.217391 729 610 631 727 722 1068 1602 758 1285 1656 781 1042 696 532
r-121 12 0.590909 22 0.991342 0 127 0 0 300 0 0 135 0 0 1 296 3 1
r-623 24 0.84058 38 0.644381 9097 3686 3616 9904 5206 8786 15631 6387 6194 15693 9587 8809 8829 9783
r-616 11 0.727273 17 0.360294 0 0 0 0 0 0 0 0 0 0 1 0 0 1
r-871 29 0.0812808 10 0.444444 0 0 0 0 0 0 1 0 0 0 0 0 0 0
r-566 11 0.163636 25 0.8 0 0 0 0 1 0 0 0 0 0 1 1 1 1
r-870 35 0.640336 48 0.837766 139004 596357 138985 138886 503780 178863 238546 1000000 238520 239914 255996 506467 256247 255748
r-748 29 0.704433 26 0.495385 1557 1106 1522 1594 3117 1511 2664 1853 1854 1908 2904 1824 1823 1820
r-128 12 0.833333 48 0.589539 2 4 4 4 2 4 4 2 4 4 0 0 0 0
r-567 49 0.203231 30 0.0413793 363121 1000000 364260 1000000 1000000 1000000 475616 1000000 483653 1000000 1000000 1000000 1000000 1000000
r-599 22 0.82684 29 0.189655 10 15 15 6 19 17 11 14 24 11 22 31 18 22
r-264 11 0.563636 30 0.813793 0 5 0 0 5 0 0 7 0 0 0 3 0 0
r-887 40 0.483333 29 0.657635 57912 64606 57966 64582 74746 84528 118502 123987 119034 123725 81309 87447 81166 87327
r-456 37 0.168168 30 0.381609 35158 6471 6459 6464 27931 11730 65177 10580 10588 10788 29138 13184 13023 13048
r-71 43 0.625692 48 0.900709 123111 1000000 123387 123010 844172 187488 201783 1000000 202871 201135 225494 1000000 226060 225523
r-564 48 0.927305 32 0.770161 695985 4700 4528 4526 620593 8911 841059 6166 6264 6161 1000000 12030 12090 11942
r-117 36 0.592063 24 0.735507 9594 11277 10132 10837 11805 9635 17610 21064 17619 20831 8596 8672 8525 8862
r-731 50 0.626122 46 0.884058 406949 1000000 407862 1000000 1000000 1000000 714505 1000000 718640 1000000 1000000 1000000 1000000 1000000
r-458 35 0.568067 17 0.117647 75 135 40 221 118 180 120 212 68 351 228 315 227 201
r-221 36 0.925397 47 0.830712 1000000 318778 318009 1000000 1000000 1000000 1000000 432609 432325 1000000 1000000 1000000 1000000 1000000
r-443 11 0.163636 49 0.619898 11 15 25 19 71 11 13 21 37 21 29 36 36 30
r-448 35 0.895798 45 0.129293 113 139 138 81 114 140 136 179 197 201 160 120 119 96
r-559 10 0 40 0.828205 2 2 2 2 5 1 8 3 3 4 4 1 1 2
r-15 27 0.148148 30 0.54023 516 273 267 571 1342 775 928 287 471 967 903 322 430 1169
r-966 21 0.590476 35 0.927731 13 189 21 22 306 18 17 512 30 17 70 249 41 41
r-991 50 0.0416327 35 0.835294 55 24 43 24 52 63 224 81 82 45 60 45 25 25
r-449 47 0.913969 29 0.640394 15789 847 1455 947 13155 1462 24056 767 810 991 20668 8733 8529 8524
r-455 39 0.496626 45 0.867677 13586 31251 13259 13292 35633 20111 23976 51271 24188 24010 21204 39204 21155 21102
r-175 30 0.997701 24 0.199275 7 1 1 1 15 12 31 4 4 4 16 4 4 4
r-452 20 0.457895 46 0.102415 19 218 20 19 232 33 27 267 17 28 60 225 60 100
r-399 42 0.226481 13 0.0641026 0 0 0 0 0 0 0 0 0 0 0 0 0 0
r-194 49 0.84949 27 0.931624 37484 9372 37670 10227 49310 8119 36213 7510 35649 7647 588395 14023 589827 14045
r-942 17 0.448529 13 0.897436 0 12 0 6 2 1 0 14 0 14 3 5 3 5
r-899 25 0.276667 49 0.0671769 354 13789 213 217 12439 475 268 17724 273 423 1621 14557 1605 1605
r-293 25 0.83 22 0.575758 165 34 34 58 144 93 347 49 49 49 86 96 98 58
r-939 26 0.0492308 17 0.75 1 0 0 0 2 1 2 0 0 1 1 0 0 0
r-342 33 0.596591 13 0.692308 53 23 53 15 54 23 113 28 66 27 81 29 81 30
r-193 23 0.0750988 39 0.426451 2612 292 285 1704 587 1151 2808 245 291 2767 2675 423 510 2539
r-553 25 0.703333 49 0.308673 4150 3534 3517 4888 11227 4672 7011 6256 6168 6986 5391 5736 6020 5468
r-531 36 0.109524 28 0.693122 136 124 73 116 281 266 373 125 127 206 194 190 229 231
r-741 16 0.158333 41 0.913415 4 3 4 4 5 5 9 3 9 9 6 6 3 6
r-153 48 0.0921986 16 0.133333 842 0 0 0 616 0 601 0 0 0 2082 0 0 0
r-464 23 0.715415 31 0.268817 64 138 64 64 298 160 103 233 138 119 219 162 219 213
r-156 42 0.110337 37 0.0465465 90329 1000000 89761 1000000 1000000 1000000 90630 1000000 91115 1000000 1000000 1000000 1000000 1000000
r-199 47 0.584644 48 0.679965 1000000 1000000 1000000 1000000 1000000 1000000 1000000 1000000 1000000 1000000 1000000 1000000 1000000 1000000
r-528 41 0.846341 12 0.393939 3 2 4 2 9 5 8 3 6 6 11 4 4 2
r-830 24 0.434783 20 0.931579 10 83 10 85 23 35 19 133 18 138 8 50 15 80
r-294 27 0.626781 45 0.173737 475 1128 502 506 1927 781 814 1915 846 962 1237 1510 1253 1409
r-621 35 0.443697 16 0.4 443 238 442 360 443 220 698 336 826 354 444 273 443 276
r-781 18 0.96732 47 0.284921 70 11 22 40 51 53 81 23 23 107 118 13 13 111
r-631 15 0.542857 38 0.550498 118 440 118 169 341 176 154 797 221 234 139 272 213 139
r-485 15 0.733333 39 0.668016 24 196 251 24 149 24 27 310 306 27 64 188 186 64
r-189 42 0.46806 14 0.186813 112 100 67 99 135 92 88 80 145 120 114 76 114 84
r-584 37 0 22 0.298701 1000000 1000000 1000000 1000000 1000000 1000000 1000000 1000000 1000000 1000000 1000000 1000000 1000000 1000000
r-321 36 0.503175 46 0.647343 1000000 1000000 1000000 1000000 1000000 1000000 1000000 1000000 1000000 1000000 1000000 1000000 1000000 1000000
r-588 15 0.457143 19 0.567251 6 13 10 6 15 9 14 11 14 14 11 9 7 11
r-829 48 0.490248 10 0.0444444 20 32 20 20 25 19 41 33 42 34 82 21 82 36
r-822 23 0.0237154 48 0.83422 36 9 9 37 25 16 95 18 9 53 21 18 18 21
r-820 24 0.692029 50 0.967347 35 87797 35 35 83857 25 20 97473 20 20 2479 142367 2456 2569
r-165 20 0.668421 35 0.715966 380 1773 597 429 1688 599 904 3042 594 775 1089 1569 1083 1084
r-330 39 0.848853 44 0.893235 552653 1000000 552515 552720 1000000 690241 739074 1000000 739976 740295 1000000 1000000 1000000 1000000
r-66 36 0.153968 21 0.719048 37 19 32 31 92 44 84 32 32 32 104 73 42 70
r-5 23 0.920949 38 0.186344 37 14 14 37 34 36 81 12 23 84 49 20 37 50
r-20 28 0.859788 30 0.714943 1960 287 342 2144 893 1582 2772 258 368 2766 3316 1699 1563 3167
r-8 26 0.793846 33 0.992424 26176 1000000 26201 26061 1000000 26511 26961 1000000 26792 26062 1000000 1000000 1000000 1000000
r-946 50 0.796735 21 0.238095 148 81 82 84 256 228 272 90 152 145 157 122 121 158
r-579 31 0.498925 43 0.511628 691746 729932 691056 692870 800265 679163 1000000 1000000 1000000 1000000 723251 814046 722772 723003
r-220 25 0.163333 46 0.0115942 978 1000000 965 1209 1000000 966 1047 1000000 998 1678 319397 1000000 319883 318773
r-708 41 0.0439024 19 0.298246 585 1 0 1 552 0 777 0 0 0 653 164 294 274
