instance n1 density1 n2 density2 mcsplit mcsplit+f mcsplit+bigf
r-815 16 0.525 16 0.525 1 1 1
r-929 18 0.111111 18 0.111111 0 0 0
r-935 18 0.522876 18 0.522876 1 1 0
r-208 13 0.384615 13 0.384615 1 1 1
r-346 20 0.189474 20 0.189474 0 0 0
r-970 33 0.265152 33 0.265152 0 0 0
r-997 21 0.32381 21 0.32381 0 0 0
r-773 30 0.508046 30 0.508046 913 846 732
r-524 40 0.507692 40 0.507692 20749 19104 17160
r-799 20 0.336842 20 0.336842 10 11 5
r-595 30 0.517241 30 0.517241 167 89 79
r-744 24 0.507246 24 0.507246 96 73 131
r-289 38 0.398293 38 0.398293 130755 125194 116217
r-233 13 0.153846 13 0.153846 0 0 0
r-654 13 0.512821 13 0.512821 0 0 0
r-259 49 0.219388 49 0.219388 1 1 1
r-598 29 0.487685 29 0.487685 1642 1585 1434
r-181 49 0.484694 49 0.484694 46170 53968 36346
r-475 13 0.538462 13 0.538462 0 0 0
r-246 27 0.39886 27 0.39886 0 0 0
r-409 44 0.510571 44 0.510571 44274 45777 35943
r-747 39 0.510121 39 0.510121 21120 20887 16098
r-743 23 0.403162 23 0.403162 114 89 85
r-496 44 0.502114 44 0.502114 166245 145849 132826
r-925 14 0.43956 14 0.43956 0 0 0
r-620 23 0.442688 23 0.442688 46 39 24
r-725 17 0.220588 17 0.220588 1 1 2
r-589 41 0.139024 41 0.139024 0 0 0
r-901 42 0.250871 42 0.250871 221291 265116 194405
r-192 45 0.353535 45 0.353535 13 14 12
r-770 28 0.515873 28 0.515873 150 82 128
r-736 50 0.372245 50 0.372245 1000000 1000000 1000000
r-798 43 0.389812 43 0.389812 1000000 1000000 954754
r-13 42 0.250871 42 0.250871 0 0 0
r-439 18 0.424837 18 0.424837 10 5 8
r-236 49 0.079932 49 0.079932 1000000 1000000 751418
r-568 44 0.502114 44 0.502114 141738 205752 119870
r-616 38 0.512091 38 0.512091 16336 26758 14663
r-372 18 0.424837 18 0.424837 6 5 8
r-347 11 0.436364 11 0.436364 0 0 0
r-910 33 0.503788 33 0.503788 3575 5067 3109
r-453 39 0.415655 39 0.415655 99 82 74
r-364 32 0.175403 32 0.175403 0 0 0
r-1000 38 0.371266 38 0.371266 13 12 6
r-472 32 0.443548 32 0.443548 5576 4301 4383
r-802 15 0.47619 15 0.47619 1 1 1
r-850 34 0.258467 34 0.258467 17276 21358 14495
r-58 39 0.391363 39 0.391363 14 14 7
r-55 49 0.44898 49 0.44898 7946 10675 8482
r-627 18 0.503268 18 0.503268 17 12 6
r-940 24 0.507246 24 0.507246 22 9 21
r-883 32 0.225806 32 0.225806 2990 3296 2586
r-854 10 0.466667 10 0.466667 0 0 0
r-768 25 0.28 25 0.28 116 68 93
r-573 25 0.28 25 0.28 0 0 0
r-571 23 0.403162 23 0.403162 0 0 0
r-162 35 0.161345 35 0.161345 2834 4041 2145
r-605 12 0.484848 12 0.484848 0 0 0
r-724 17 0.485294 17 0.485294 0 0 0
r-542 40 0.05 40 0.05 0 0 0
r-291 16 0.325 16 0.325 0 0 0
r-74 10 0.355556 10 0.355556 0 0 0
r-534 16 0.533333 16 0.533333 0 0 0
r-114 11 0.436364 11 0.436364 0 0 0
r-445 43 0.48948 43 0.48948 143580 125071 106065
r-324 36 0.5 36 0.5 651 695 385
r-509 11 0.509091 11 0.509091 0 0 0
r-131 15 0.514286 15 0.514286 1 0 1
r-8 10 0.2 10 0.2 0 0 0
r-686 47 0.492137 47 0.492137 343072 292063 251677
r-902 34 0.213904 34 0.213904 6509 6360 5673
r-722 33 0.515152 33 0.515152 670 917 593
r-488 38 0.371266 38 0.371266 156513 150013 134694
r-676 47 0.471785 47 0.471785 726342 595022 568972
r-184 34 0.513369 34 0.513369 820 873 1037
r-920 23 0.474308 23 0.474308 124 158 133
r-60 49 0.505102 49 0.505102 179122 146334 83700
r-737 24 0.431159 24 0.431159 0 0 0
r-396 30 0.287356 30 0.287356 0 0 0
r-315 21 0.380952 21 0.380952 0 0 0
r-123 23 0.498024 23 0.498024 137 105 59
r-450 13 0.538462 13 0.538462 0 0 0
r-49 46 0.347826 46 0.347826 17 7 14
r-644 19 0.409357 19 0.409357 0 0 0
r-399 10 0.555556 10 0.555556 0 0 0
r-354 28 0.515873 28 0.515873 216 140 120
r-180 39 0.48583 39 0.48583 44299 35358 34349
r-393 37 0.378378 37 0.378378 6 14 9
r-965 30 0.186207 30 0.186207 153 250 92
r-848 48 0.478723 48 0.478723 1000000 951238 854272
r-137 17 0.514706 17 0.514706 0 1 0
r-247 21 0.257143 21 0.257143 23 23 28
r-252 20 0.268421 20 0.268421 0 0 0
r-591 37 0.24024 37 0.24024 30574 39798 25584
r-389 18 0.503268 18 0.503268 5 4 2
r-19 24 0.463768 24 0.463768 209 147 212
r-960 48 0.467199 48 0.467199 1000000 1000000 1000000
r-551 21 0.52381 21 0.52381 21 10 10
r-977 12 0.530303 12 0.530303 0 0 0
r-282 21 0.380952 21 0.380952 0 0 0
r-175 22 0.17316 22 0.17316 0 0 0
r-461 47 0.388529 47 0.388529 662 530 441
r-692 29 0.487685 29 0.487685 1499 1375 1160
r-272 39 0.48583 39 0.48583 23789 21092 18037
r-191 28 0.47619 28 0.47619 1651 1332 1331
r-779 21 0.466667 21 0.466667 51 45 26
r-67 25 0.333333 25 0.333333 82 103 104
r-783 30 0.434483 30 0.434483 8 10 6
r-203 33 0.117424 33 0.117424 1395 2801 1393
r-648 13 0.512821 13 0.512821 0 0 0
r-952 48 0.467199 48 0.467199 1000000 1000000 1000000
r-527 50 0.392653 50 0.392653 589 618 488
r-452 28 0.507937 28 0.507937 53 46 77
r-149 12 0.166667 12 0.166667 0 0 0
r-256 15 0.247619 15 0.247619 0 0 0
r-310 32 0.417339 32 0.417339 9 8 4
r-2 34 0.336898 34 0.336898 0 0 0
r-187 38 0.234708 38 0.234708 64573 61320 58332
r-408 18 0.522876 18 0.522876 1 2 1
r-757 17 0.308824 17 0.308824 3 5 2
r-752 18 0.20915 18 0.20915 0 0 0
r-549 28 0.42328 28 0.42328 1763 1827 1615
r-855 44 0.359408 44 0.359408 78 34 34
r-800 21 0.428571 21 0.428571 0 0 0
r-666 25 0.52 25 0.52 111 94 92
r-992 39 0.391363 39 0.391363 265554 273730 233674
r-266 28 0.518519 28 0.518519 112 106 151
r-107 38 0.308677 38 0.308677 1 1 0
r-634 15 0.133333 15 0.133333 0 0 0
r-110 18 0.366013 18 0.366013 13 14 7
r-553 13 0.512821 13 0.512821 0 0 0
r-911 38 0.507824 38 0.507824 9741 10605 8872
r-24 46 0.511111 46 0.511111 105350 96753 73545
r-938 13 0.282051 13 0.282051 0 0 0
r-781 44 0.510571 44 0.510571 81422 94198 51175
r-554 47 0.444033 47 0.444033 4157 4382 4058
r-258 27 0.205128 27 0.205128 176 225 225
r-76 23 0.513834 23 0.513834 20 11 14
r-955 14 0.263736 14 0.263736 0 0 0
r-12 25 0.42 25 0.42 338 241 257
r-268 46 0.507246 46 0.507246 188240 189686 145937
r-477 31 0.27957 31 0.27957 2924 3430 2498
r-790 29 0.192118 29 0.192118 0 0 0
r-837 35 0.510924 35 0.510924 4179 3826 3626
r-284 27 0.461538 27 0.461538 4 4 3
r-387 37 0.504505 37 0.504505 3306 3635 2596
r-608 22 0.311688 22 0.311688 92 86 51
r-973 28 0.388889 28 0.388889 0 0 0
r-34 19 0.51462 19 0.51462 1 1 1
r-830 41 0.0487805 41 0.0487805 0 0 0
r-260 17 0.485294 17 0.485294 3 1 2
r-77 50 0.470204 50 0.470204 1000000 1000000 1000000
r-881 31 0.473118 31 0.473118 4045 3663 3247
r-754 32 0.314516 32 0.314516 9308 10400 7678
r-321 11 0.327273 11 0.327273 0 0 0
r-868 19 0.409357 19 0.409357 15 12 13
r-164 18 0.522876 18 0.522876 2 3 2
r-200 34 0.513369 34 0.513369 4657 4878 4239
r-448 40 0.224359 40 0.224359 46685 51549 39768
r-273 11 0.509091 11 0.509091 0 0 0
r-541 31 0.425806 31 0.425806 2 3 2
r-239 30 0.45977 30 0.45977 3030 2305 2206
r-864 41 0.487805 41 0.487805 75829 66737 60968
r-760 24 0.463768 24 0.463768 92 127 118
r-817 34 0.499109 34 0.499109 4404 3592 3074
r-537 27 0.14245 27 0.14245 43 85 73
r-484 40 0.466667 40 0.466667 124858 108360 98426
r-548 31 0.473118 31 0.473118 33 21 28
r-890 13 0.512821 13 0.512821 0 0 0
r-304 41 0.497561 41 0.497561 9094 11254 7702
r-424 35 0.329412 35 0.329412 0 1 1
r-267 46 0.463768 46 0.463768 833980 795789 690441
r-490 38 0.462304 38 0.462304 659 499 510
r-44 14 0.538462 14 0.538462 0 0 0
r-72 26 0.409231 26 0.409231 409 439 410
r-99 23 0.166008 23 0.166008 4 14 7
r-693 37 0.279279 37 0.279279 0 0 0
r-465 36 0.514286 36 0.514286 4249 3645 3157
r-946 19 0.280702 19 0.280702 4 5 6
r-31 44 0.426004 44 0.426004 324 407 244
r-745 36 0.157143 36 0.157143 0 0 0
r-776 28 0.0714286 28 0.0714286 0 0 0
r-139 28 0.388889 28 0.388889 0 1 1
r-489 15 0.342857 15 0.342857 0 0 0
r-759 42 0.501742 42 0.501742 52820 52729 45722
r-860 26 0.443077 26 0.443077 1263 801 805
r-525 44 0.241015 44 0.241015 1000000 1000000 1000000
r-18 19 0.491228 19 0.491228 9 8 5
r-16 12 0.166667 12 0.166667 0 0 0
r-182 32 0.225806 32 0.225806 1850 2712 1766
r-165 23 0.498024 23 0.498024 48 57 39
r-368 28 0.518519 28 0.518519 696 353 258
r-314 10 0.533333 10 0.533333 0 0 0
r-355 41 0.509756 41 0.509756 8734 15532 7257
r-667 16 0.525 16 0.525 2 1 2
r-947 40 0.0974359 40 0.0974359 51030 32876 20685
r-898 38 0.513514 38 0.513514 11240 10899 8797
r-118 19 0.51462 19 0.51462 1 1 1
r-641 10 0.555556 10 0.555556 0 0 0
r-748 37 0.153153 37 0.153153 13582 10805 7604
r-255 21 0.495238 21 0.495238 83 40 38
r-458 24 0.344203 24 0.344203 0 0 0
r-1 39 0.415655 39 0.415655 94 30 37
r-112 33 0.170455 33 0.170455 2605 4474 2363
r-517 20 0.526316 20 0.526316 7 4 6
r-567 37 0.468468 37 0.468468 38877 31060 30798
r-332 45 0.29899 45 0.29899 1000000 1000000 1000000
r-344 27 0.461538 27 0.461538 5 6 7
r-966 24 0.463768 24 0.463768 345 180 272
r-640 48 0.0416667 48 0.0416667 0 0 0
r-863 24 0.15942 24 0.15942 21 64 21
r-298 11 0.436364 11 0.436364 0 0 0
r-803 35 0.514286 35 0.514286 2475 2200 1736
r-871 48 0.382979 48 0.382979 96 83 78
r-199 33 0.117424 33 0.117424 0 0 0
r-56 43 0.511628 43 0.511628 43864 45374 37303
r-193 10 0.355556 10 0.355556 0 0 0
r-48 28 0.198413 28 0.198413 0 0 0
r-36 15 0.514286 15 0.514286 0 0 1
r-587 13 0.153846 13 0.153846 0 0 0
r-796 37 0.513514 37 0.513514 8633 8752 6192
r-339 24 0.463768 24 0.463768 3 4 3
r-474 21 0.380952 21 0.380952 0 0 0
r-856 36 0.412698 36 0.412698 34 22 43
r-831 27 0.205128 27 0.205128 223 134 159
r-86 21 0.257143 21 0.257143 0 0 0
r-189 36 0.412698 36 0.412698 45321 39576 35572
r-532 17 0.485294 17 0.485294 13 11 7
r-526 21 0.180952 21 0.180952 9 11 4
r-682 13 0.538462 13 0.538462 0 0 0
r-222 19 0.105263 19 0.105263 0 0 0
r-214 29 0.44335 29 0.44335 1676 1291 1203
r-79 17 0.514706 17 0.514706 1 0 1
r-538 18 0.522876 18 0.522876 1 3 1
r-579 33 0.503788 33 0.503788 539 642 449
r-103 36 0.5 36 0.5 1413 1526 1062
r-945 31 0.451613 31 0.451613 6282 5531 5105
r-867 44 0.332981 44 0.332981 1000000 1000000 1000000
r-719 45 0.509091 45 0.509091 78731 78295 63433
r-325 11 0.436364 11 0.436364 0 0 0
r-196 50 0.480816 50 0.480816 1000000 906198 821074
r-169 17 0.529412 17 0.529412 3 3 3
r-404 19 0.491228 19 0.491228 0 0 0
r-560 16 0.5 16 0.5 0 0 0
r-270 27 0.39886 27 0.39886 1 1 1
r-635 20 0.505263 20 0.505263 0 0 0
r-766 17 0.308824 17 0.308824 0 0 0
r-515 30 0.287356 30 0.287356 0 0 0
r-75 23 0.300395 23 0.300395 0 0 0
r-700 29 0.295567 29 0.295567 1361 2231 1148
r-333 42 0.493612 42 0.493612 147160 112805 100109
r-206 15 0.247619 15 0.247619 0 0 0
r-701 26 0.443077 26 0.443077 3 1 1
r-544 26 0.516923 26 0.516923 110 67 75
r-419 48 0.509752 48 0.509752 133872 99398 103251
r-680 36 0.322222 36 0.322222 54284 59971 44803
r-51 50 0.04 50 0.04 0 0 0
r-186 19 0.280702 19 0.280702 0 0 0
r-33 12 0.166667 12 0.166667 0 0 0
r-835 43 0.498339 43 0.498339 93035 71689 70247
r-293 22 0.484848 22 0.484848 45 46 36
r-713 21 0.514286 21 0.514286 3 2 3
r-657 41 0.512195 41 0.512195 18162 14622 9910
r-318 38 0.513514 38 0.513514 4474 4647 3589
r-772 31 0.503226 31 0.503226 175 193 125
r-784 25 0.22 25 0.22 45 84 64
r-728 25 0.5 25 0.5 168 79 77
r-483 12 0.409091 12 0.409091 0 0 0
r-746 47 0.227567 47 0.227567 0 1 0
r-711 22 0.519481 22 0.519481 9 10 15
r-862 14 0.527473 14 0.527473 1 0 0
r-65 34 0.513369 34 0.513369 2723 2914 2022
r-696 34 0.499109 34 0.499109 5789 4608 4417
r-838 30 0.45977 30 0.45977 3330 2683 2637
r-563 50 0.457959 50 0.457959 1000000 1000000 1000000
r-518 34 0.299465 34 0.299465 9485 10151 8188
r-330 50 0.326531 50 0.326531 1000000 1000000 1000000
r-570 42 0.214866 42 0.214866 0 0 0
r-174 14 0.142857 14 0.142857 0 0 0
r-905 23 0.498024 23 0.498024 109 112 90
r-392 30 0.186207 30 0.186207 0 0 0
r-360 10 0.2 10 0.2 0 0 0
r-594 26 0.443077 26 0.443077 1 1 1
r-775 26 0.212308 26 0.212308 141 140 111
r-895 44 0.359408 44 0.359408 54 44 71
r-441 17 0.117647 17 0.117647 0 0 0
r-604 29 0.512315 29 0.512315 46 45 65
r-159 14 0.494505 14 0.494505 0 0 0
r-984 22 0.0909091 22 0.0909091 0 0 0
r-348 20 0.505263 20 0.505263 37 42 34
r-601 26 0.212308 26 0.212308 0 0 0
r-669 16 0.325 16 0.325 0 0 0
r-749 32 0.352823 32 0.352823 0 0 0
r-980 34 0.486631 34 0.486631 892 463 396
r-681 45 0.20202 45 0.20202 537546 549697 413677
r-564 29 0.487685 29 0.487685 685 644 563
r-954 43 0.431894 43 0.431894 469858 398618 381049
r-140 25 0.08 25 0.08 0 0 0
r-703 12 0.30303 12 0.30303 0 0 0
r-178 42 0.396051 42 0.396051 621516 611866 544241
r-565 49 0.5 49 0.5 545486 516196 389409
r-611 44 0.332981 44 0.332981 14 13 11
r-382 15 0.47619 15 0.47619 0 0 0
r-188 13 0.538462 13 0.538462 0 0 0
r-702 21 0.32381 21 0.32381 10 9 8
r-628 19 0.409357 19 0.409357 8 7 6
r-431 25 0.333333 25 0.333333 0 0 0
r-730 23 0.237154 23 0.237154 0 0 0
r-212 50 0.502857 50 0.502857 783862 895284 651767
r-625 13 0.512821 13 0.512821 0 0 0
r-195 32 0.225806 32 0.225806 0 0 0
r-219 38 0.102418 38 0.102418 3903 3055 4108
r-385 44 0.473573 44 0.473573 4483 3114 2293
r-253 11 0.327273 11 0.327273 0 0 0
r-828 43 0.172757 43 0.172757 196702 313855 182589
r-283 13 0.282051 13 0.282051 0 0 0
r-937 50 0.497143 50 0.497143 605676 607284 462505
r-504 49 0.331633 49 0.331633 1000000 1000000 1000000
r-811 18 0.470588 18 0.470588 0 0 0
r-853 28 0.42328 28 0.42328 1715 1812 1697
r-340 16 0.458333 16 0.458333 0 0 0
r-990 47 0.194265 47 0.194265 1000000 1000000 1000000
r-957 16 0.5 16 0.5 0 0 0
r-705 21 0.180952 21 0.180952 25 8 23
r-958 18 0.366013 18 0.366013 0 0 0
r-275 46 0.476329 46 0.476329 778298 626303 578627
r-729 38 0.0526316 38 0.0526316 0 0 0
r-237 37 0.153153 37 0.153153 0 0 0
r-791 50 0.392653 50 0.392653 525 596 542
r-234 14 0.362637 14 0.362637 0 0 0
r-422 28 0.349206 28 0.349206 1666 1561 2099
r-685 46 0.198068 46 0.198068 1000000 1000000 1000000
r-150 21 0.466667 21 0.466667 46 39 25
r-513 11 0.545455 11 0.545455 0 0 0
r-694 24 0.463768 24 0.463768 228 186 174
r-603 10 0.355556 10 0.355556 0 0 0
r-459 37 0.348348 37 0.348348 1 1 2
r-17 22 0.52381 22 0.52381 23 13 21
r-432 29 0.502463 29 0.502463 1398 1503 1982
r-370 48 0.223404 48 0.223404 0 0 0
r-138 38 0.398293 38 0.398293 119129 111745 101438
r-485 50 0.497143 50 0.497143 1000000 968499 775343
r-581 34 0.508021 34 0.508021 4406 4046 3423
r-264 50 0.183673 50 0.183673 1000000 1000000 1000000
r-716 10 0.2 10 0.2 0 0 0
r-403 30 0.331034 30 0.331034 2578 2989 2314
r-92 22 0.246753 22 0.246753 0 0 0
r-363 12 0.30303 12 0.30303 0 0 0
r-495 32 0.508065 32 0.508065 749 688 720
r-457 49 0.416667 49 0.416667 1120 1467 928
r-689 14 0.263736 14 0.263736 0 0 0
r-421 43 0.431894 43 0.431894 530806 469315 448518
r-943 10 0.355556 10 0.355556 0 0 0
r-555 44 0.332981 44 0.332981 330464 379846 302600
r-413 45 0.20202 45 0.20202 0 0 0
r-482 13 0.538462 13 0.538462 0 0 0
r-66 31 0.490323 31 0.490323 93 82 128
r-633 30 0.0666667 30 0.0666667 0 0 0
r-823 34 0.499109 34 0.499109 1376 776 755
r-292 11 0.181818 11 0.181818 0 0 0
r-109 48 0.421986 48 0.421986 1000000 1000000 1000000
r-417 26 0.52 26 0.52 164 109 159
r-201 24 0.289855 24 0.289855 0 0 0
r-205 33 0.477273 33 0.477273 87 42 67
r-877 14 0.43956 14 0.43956 1 1 1
r-265 20 0.442105 20 0.442105 31 30 25
r-3 32 0.352823 32 0.352823 6311 6104 5350
r-630 41 0.256098 41 0.256098 0 0 0
r-819 40 0.480769 40 0.480769 3486 3877 2426
r-767 48 0.336879 48 0.336879 23 10 20
r-481 16 0.458333 16 0.458333 5 5 3
r-148 43 0.504983 43 0.504983 93211 85977 81127
r-614 19 0.491228 19 0.491228 0 0 0
r-708 10 0.466667 10 0.466667 0 0 0
r-824 50 0.470204 50 0.470204 1000000 1000000 1000000
r-758 24 0.521739 24 0.521739 21 16 26
r-582 42 0.418118 42 0.418118 168 155 139
r-428 36 0.512698 36 0.512698 6059 7636 4951
r-674 47 0.510638 47 0.510638 108659 122089 89289
r-546 26 0.507692 26 0.507692 94 81 57
r-688 19 0.19883 19 0.19883 0 0 0
r-720 45 0.490909 45 0.490909 23409 17640 13523
r-170 20 0.526316 20 0.526316 7 4 2
r-786 18 0.294118 18 0.294118 0 0 0
r-967 17 0.382353 17 0.382353 0 0 0
r-511 12 0.409091 12 0.409091 0 0 0
r-10 13 0.538462 13 0.538462 0 0 0
r-402 15 0.533333 15 0.533333 0 0 0
r-45 33 0.378788 33 0.378788 1 1 1
r-869 40 0.261538 40 0.261538 140283 185512 118734
r-505 10 0.355556 10 0.355556 0 0 0
r-46 30 0.404598 30 0.404598 1 2 1
r-535 46 0.371981 46 0.371981 1000000 1000000 1000000
r-683 18 0.522876 18 0.522876 0 0 1
r-741 22 0.519481 22 0.519481 32 28 28
r-251 42 0.371661 42 0.371661 801584 771502 699237
r-232 10 0.555556 10 0.555556 0 0 0
r-221 19 0.19883 19 0.19883 0 0 0
r-467 23 0.498024 23 0.498024 7 7 6
r-788 27 0.48433 27 0.48433 2 4 3
r-934 43 0.245847 43 0.245847 700562 835803 615751
r-956 25 0.453333 25 0.453333 1 1 2
r-469 40 0.45 40 0.45 213322 194498 179217
r-572 24 0.228261 24 0.228261 28 47 31
r-983 47 0.508788 47 0.508788 288581 259331 173131
r-449 38 0.443812 38 0.443812 131186 116994 109327
r-43 32 0.443548 32 0.443548 5779 4874 4641
r-493 36 0.412698 36 0.412698 30638 27853 24937
r-825 35 0.393277 35 0.393277 7 10 11
r-230 10 0.533333 10 0.533333 0 0 0
r-976 23 0.513834 23 0.513834 13 6 12
r-717 24 0.391304 24 0.391304 204 173 284
r-365 24 0.289855 24 0.289855 185 143 206
r-395 14 0.263736 14 0.263736 0 0 0
r-5 36 0.512698 36 0.512698 2920 2484 2021
r-468 21 0.428571 21 0.428571 0 0 0
r-235 47 0.499537 47 0.499537 214702 155714 133396
r-847 36 0.203175 36 0.203175 0 0 0
r-454 39 0.437247 39 0.437247 109676 98985 91427
r-566 22 0.519481 22 0.519481 5 4 7
r-62 32 0.314516 32 0.314516 7017 8214 6308
r-81 34 0.370766 34 0.370766 28897 28151 25858
r-243 11 0.436364 11 0.436364 0 0 0
r-335 37 0.153153 37 0.153153 0 0 0
r-994 19 0.491228 19 0.491228 11 5 5
r-918 49 0.462585 49 0.462585 1000000 1000000 1000000
r-653 47 0.259019 47 0.259019 1 1 0
r-462 27 0.501425 27 0.501425 616 855 594
r-130 26 0.147692 26 0.147692 10 8 13
r-989 10 0.533333 10 0.533333 0 0 0
r-144 47 0.508788 47 0.508788 193607 203474 150645
r-809 24 0.228261 24 0.228261 0 0 0
r-323 39 0.472335 39 0.472335 72236 56553 55357
r-656 16 0.525 16 0.525 2 2 2
r-460 49 0.44898 49 0.44898 14649 11610 10577
r-909 13 0.384615 13 0.384615 0 0 0
r-229 29 0.517241 29 0.517241 388 401 317
r-602 47 0.288622 47 0.288622 1000000 1000000 1000000
r-851 47 0.366327 47 0.366327 1000000 1000000 1000000
r-128 11 0.436364 11 0.436364 0 0 0
r-519 32 0.352823 32 0.352823 1 2 2
r-427 13 0.538462 13 0.538462 0 0 0
r-326 35 0.292437 35 0.292437 0 0 0
r-665 39 0.510121 39 0.510121 4387 3185 3799
r-367 25 0.5 25 0.5 15 16 7
r-185 31 0.451613 31 0.451613 4642 3781 3901
r-294 40 0.357692 40 0.357692 14 7 6
r-619 39 0.437247 39 0.437247 181127 171948 156990
r-136 12 0.530303 12 0.530303 0 0 0
r-806 33 0.435606 33 0.435606 21932 20568 18252
r-415 35 0.161345 35 0.161345 0 0 0
r-89 40 0.501282 40 0.501282 47726 42589 35731
r-4 27 0.0740741 27 0.0740741 0 0 0
r-249 24 0.518116 24 0.518116 13 11 18
r-820 14 0.263736 14 0.263736 0 0 0
r-497 17 0.308824 17 0.308824 0 0 0
r-559 24 0.15942 24 0.15942 0 0 0
r-210 20 0.521053 20 0.521053 16 18 9
r-543 35 0.208403 35 0.208403 6061 7596 5446
r-915 20 0.336842 20 0.336842 0 0 0
r-225 34 0.336898 34 0.336898 14541 14749 13230
r-706 44 0.359408 44 0.359408 8 12 12
r-597 25 0.28 25 0.28 0 0 0
r-827 30 0.434483 30 0.434483 1 1 2
r-366 19 0.105263 19 0.105263 0 0 0
r-584 22 0.506494 22 0.506494 2 5 2
r-639 14 0.263736 14 0.263736 0 0 0
r-936 19 0.409357 19 0.409357 19 16 17
r-198 42 0.507549 42 0.507549 29587 26805 19548
r-529 34 0.508021 34 0.508021 6509 6264 5465
r-583 44 0.485201 44 0.485201 311056 288988 217507
r-70 28 0.42328 28 0.42328 670 494 512
r-712 20 0.394737 20 0.394737 33 28 17
r-585 20 0.1 20 0.1 0 0 0
r-322 30 0.404598 30 0.404598 3 2 2
r-430 44 0.332981 44 0.332981 1000000 1000000 1000000
r-907 25 0.22 25 0.22 105 43 51
r-675 27 0.262108 27 0.262108 0 0 0
r-261 50 0.506939 50 0.506939 134255 180839 110714
r-808 49 0.510204 49 0.510204 263380 252043 189622
r-998 43 0.0908084 43 0.0908084 90323 247756 83807
r-842 33 0.409091 33 0.409091 6 10 4
r-22 25 0.153333 25 0.153333 0 0 0
r-97 29 0.517241 29 0.517241 294 193 215
r-975 38 0.422475 38 0.422475 46 53 37
r-592 45 0.505051 45 0.505051 30341 36295 23748
r-556 16 0.233333 16 0.233333 0 0 0
r-841 48 0.254433 48 0.254433 1 0 0
r-916 34 0.165775 34 0.165775 0 0 0
r-626 26 0.516923 26 0.516923 93 100 50
r-993 40 0.480769 40 0.480769 3765 3653 3437
r-961 38 0.490754 38 0.490754 1106 853 951
r-437 38 0.490754 38 0.490754 2352 2510 1950
r-329 49 0.397959 49 0.397959 455 489 398
r-6 40 0.466667 40 0.466667 116756 101024 98711
r-262 26 0.492308 26 0.492308 37 52 21
r-889 28 0.47619 28 0.47619 9 14 11
r-733 50 0.372245 50 0.372245 1000000 1000000 1000000
r-502 39 0.099865 39 0.099865 30341 15785 17512
r-704 42 0.437863 42 0.437863 553703 521686 477760
r-900 49 0.416667 49 0.416667 1492 1320 1203
r-39 29 0.512315 29 0.512315 248 433 211
r-245 41 0.443902 41 0.443902 708 515 537
r-988 39 0.510121 39 0.510121 14625 22002 12419
r-119 35 0.494118 35 0.494118 12096 8566 8100
r-42 14 0.494505 14 0.494505 1 1 1
r-843 26 0.147692 26 0.147692 12 27 12
r-859 49 0.355442 49 0.355442 145 121 84
r-908 33 0.458333 33 0.458333 11910 10201 10053
r-662 44 0.5074 44 0.5074 100284 107492 79926
r-930 33 0.409091 33 0.409091 13508 11642 11564
r-288 41 0.095122 41 0.095122 0 0 0
r-429 26 0.470769 26 0.470769 509 529 364
r-312 26 0.492308 26 0.492308 24 14 11
r-949 14 0.263736 14 0.263736 0 0 0
r-646 46 0.263768 46 0.263768 1000000 1000000 1000000
r-664 21 0.428571 21 0.428571 0 0 0
r-190 45 0.327273 45 0.327273 4 4 2
r-167 16 0.458333 16 0.458333 3 1 1
r-173 47 0.388529 47 0.388529 215 118 184
r-411 20 0.268421 20 0.268421 10 14 8
r-473 25 0.28 25 0.28 320 330 200
r-303 14 0.142857 14 0.142857 0 0 0
r-763 42 0.493612 42 0.493612 224944 190465 141204
r-726 10 0.466667 10 0.466667 0 0 0
r-108 37 0.495495 37 0.495495 10233 10253 7872
r-576 30 0.331034 30 0.331034 3109 2855 2668
r-141 12 0.409091 12 0.409091 0 0 0
r-152 32 0.443548 32 0.443548 6397 5489 4751
r-738 21 0.428571 21 0.428571 0 0 0
r-172 50 0.470204 50 0.470204 55224 32981 27772
r-897 45 0.0868687 45 0.0868687 0 0 0
r-331 47 0.505088 47 0.505088 73605 83788 62340
r-296 33 0.265152 33 0.265152 0 0 0
r-652 45 0.454545 45 0.454545 1000000 911214 834272
r-687 18 0.20915 18 0.20915 0 0 0
r-606 14 0.527473 14 0.527473 0 0 0
r-269 14 0.43956 14 0.43956 1 0 0
r-143 22 0.454545 22 0.454545 0 0 0
r-903 50 0.428571 50 0.428571 3971 3902 3271
r-913 18 0.470588 18 0.470588 0 0 0
r-32 34 0.258467 34 0.258467 0 0 0
r-615 40 0.05 40 0.05 0 0 0
r-885 40 0.507692 40 0.507692 38003 35474 24944
r-834 41 0.443902 41 0.443902 187948 159747 148628
r-80 28 0.198413 28 0.198413 480 344 352
r-691 18 0.424837 18 0.424837 0 0 0
r-35 35 0.329412 35 0.329412 15775 18077 13112
r-840 30 0.45977 30 0.45977 25 14 12
r-177 27 0.0740741 27 0.0740741 0 0 0
r-434 14 0.527473 14 0.527473 0 0 0
r-982 31 0.180645 31 0.180645 398 670 327
r-480 24 0.431159 24 0.431159 340 183 215
r-307 44 0.30444 44 0.30444 802631 1000000 713239
r-873 47 0.0425532 47 0.0425532 0 0 0
r-116 21 0.466667 21 0.466667 0 0 0
r-878 23 0.498024 23 0.498024 98 86 72
r-358 16 0.458333 16 0.458333 0 0 0
r-805 16 0.525 16 0.525 1 0 0
r-933 25 0.5 25 0.5 182 134 142
r-29 15 0.47619 15 0.47619 0 1 1
r-63 43 0.27907 43 0.27907 0 1 1
r-547 29 0.246305 29 0.246305 0 0 0
r-470 13 0.282051 13 0.282051 0 0 0
r-28 17 0.485294 17 0.485294 0 0 0
r-7 26 0.270769 26 0.270769 0 0 0
r-821 32 0.120968 32 0.120968 639 6480 738
r-520 39 0.334683 39 0.334683 2 4 2
r-244 49 0.493197 49 0.493197 238269 203369 188702
r-999 23 0.166008 23 0.166008 2 3 1
r-147 24 0.507246 24 0.507246 20 9 18
r-870 12 0.409091 12 0.409091 0 0 0
r-742 41 0.095122 41 0.095122 224356 1000000 348619
r-281 11 0.327273 11 0.327273 0 0 0
r-904 17 0.529412 17 0.529412 1 1 1
r-317 27 0.433048 27 0.433048 1239 921 812
r-600 14 0.538462 14 0.538462 0 0 0
r-963 25 0.48 25 0.48 260 330 247
r-106 40 0.492308 40 0.492308 2554 2695 1910
r-836 46 0.476329 46 0.476329 14457 14751 11579
r-561 46 0.476329 46 0.476329 789975 682951 609469
r-638 25 0.453333 25 0.453333 398 351 324
r-765 28 0.198413 28 0.198413 191 111 188
r-887 48 0.50266 48 0.50266 496735 473343 373264
r-540 27 0.358974 27 0.358974 687 897 799
r-68 26 0.507692 26 0.507692 55 41 43
r-631 11 0.181818 11 0.181818 0 0 0
r-337 38 0.422475 38 0.422475 7 11 10
r-41 36 0.436508 36 0.436508 27 23 14
r-374 44 0.130021 44 0.130021 118427 197227 113916
r-309 37 0.429429 37 0.429429 66162 56545 53846
r-832 35 0.161345 35 0.161345 0 0 0
r-90 46 0.495652 46 0.495652 202247 162950 135320
r-129 10 0.466667 10 0.466667 0 0 0
r-647 47 0.388529 47 0.388529 107 123 98
r-892 37 0.315315 37 0.315315 3 1 2
r-670 38 0.193457 38 0.193457 14724 12535 11881
r-280 50 0.506939 50 0.506939 613394 716203 498215
r-894 18 0.366013 18 0.366013 0 0 0
r-85 48 0.496454 48 0.496454 124502 116894 88958
r-278 21 0.466667 21 0.466667 0 0 0
r-919 49 0.462585 49 0.462585 24734 26345 21499
r-926 24 0.48913 24 0.48913 119 153 137
r-194 46 0.463768 46 0.463768 561966 460638 441848
r-492 28 0.0714286 28 0.0714286 0 0 0
r-202 20 0.394737 20 0.394737 0 0 0
r-157 19 0.526316 19 0.526316 1 1 0
r-142 26 0.470769 26 0.470769 327 198 415
r-874 45 0.49899 45 0.49899 183451 147833 129888
r-533 12 0.30303 12 0.30303 0 0 0
r-361 45 0.511111 45 0.511111 64679 70663 52951
r-302 49 0.306122 49 0.306122 1000000 1000000 1000000
r-14 41 0.47561 41 0.47561 90319 76888 68244
r-569 17 0.117647 17 0.117647 0 0 0
r-279 46 0.43285 46 0.43285 1000000 1000000 1000000
r-698 45 0.327273 45 0.327273 1000000 1000000 1000000
r-734 42 0.250871 42 0.250871 0 0 0
r-679 31 0.425806 31 0.425806 9 8 4
r-38 43 0.365449 43 0.365449 1000000 1000000 1000000
r-166 22 0.367965 22 0.367965 0 0 0
r-276 26 0.470769 26 0.470769 5 4 4
r-154 17 0.117647 17 0.117647 0 0 0
r-857 47 0.122109 47 0.122109 710673 833887 597705
r-756 26 0.212308 26 0.212308 46 108 69
r-962 15 0.342857 15 0.342857 0 0 0
r-971 19 0.526316 19 0.526316 4 3 1
r-672 27 0.14245 27 0.14245 0 0 0
r-442 21 0.180952 21 0.180952 0 0 0
r-650 17 0.441176 17 0.441176 7 5 5
r-101 47 0.122109 47 0.122109 0 0 0
r-764 24 0.344203 24 0.344203 0 0 0
r-94 33 0.492424 33 0.492424 807 451 389
r-609 33 0.170455 33 0.170455 0 0 0
r-306 41 0.42439 41 0.42439 64 101 88
r-751 19 0.280702 19 0.280702 11 11 5
r-163 23 0.498024 23 0.498024 1 1 0
r-715 16 0.458333 16 0.458333 4 3 3
r-435 24 0.0833333 24 0.0833333 0 0 0
r-336 31 0.516129 31 0.516129 633 938 627
r-218 12 0.409091 12 0.409091 0 0 0
r-343 13 0.282051 13 0.282051 0 0 0
r-223 35 0.420168 35 0.420168 49 37 38
r-590 40 0.511538 40 0.511538 8962 9092 6231
r-623 43 0.27907 43 0.27907 0 1 0
r-226 43 0.365449 43 0.365449 8 7 10
r-394 50 0.489796 50 0.489796 1000000 1000000 1000000
r-443 34 0.0588235 34 0.0588235 0 0 0
r-319 14 0.263736 14 0.263736 0 0 0
r-506 35 0.329412 35 0.329412 1 1 1
r-539 23 0.442688 23 0.442688 87 98 109
r-678 33 0.511364 33 0.511364 7891 6770 5774
r-183 24 0.228261 24 0.228261 0 0 0
r-447 43 0.33887 43 0.33887 1000000 1000000 1000000
r-290 15 0.419048 15 0.419048 1 0 1
r-73 41 0.290244 41 0.290244 1 0 1
r-732 43 0.245847 43 0.245847 0 0 1
r-710 11 0.509091 11 0.509091 0 0 0
r-440 37 0.429429 37 0.429429 82 51 97
r-558 22 0.484848 22 0.484848 0 1 0
r-418 42 0.437863 42 0.437863 585668 530177 503706
r-755 10 0.533333 10 0.533333 0 0 0
r-359 21 0.257143 21 0.257143 4 7 6
r-822 45 0.454545 45 0.454545 2969 1662 1712
r-810 50 0.392653 50 0.392653 255 100 183
r-254 16 0.325 16 0.325 0 0 0
r-536 22 0.454545 22 0.454545 137 110 70
r-176 14 0.538462 14 0.538462 0 0 0
r-629 16 0.458333 16 0.458333 4 3 2
r-697 20 0.478947 20 0.478947 24 14 20
r-179 40 0.328205 40 0.328205 1 0 0
r-20 29 0.46798 29 0.46798 29 13 21
r-286 40 0.501282 40 0.501282 2124 3160 1780
r-953 31 0.451613 31 0.451613 10 6 8
r-709 24 0.507246 24 0.507246 84 102 44
r-552 39 0.099865 39 0.099865 0 0 0
r-510 29 0.246305 29 0.246305 0 0 0
r-274 37 0.504505 37 0.504505 2222 2065 1563
r-341 17 0.529412 17 0.529412 1 0 1
r-300 39 0.188934 39 0.188934 0 0 0
r-924 11 0.545455 11 0.545455 0 0 0
r-350 29 0.246305 29 0.246305 640 443 619
r-774 39 0.437247 39 0.437247 113619 102661 94886
r-160 29 0.295567 29 0.295567 0 0 0
r-612 37 0.315315 37 0.315315 0 1 0
r-888 31 0.232258 31 0.232258 0 0 0
r-826 19 0.105263 19 0.105263 0 0 0
r-621 33 0.492424 33 0.492424 196 177 206
r-914 16 0.4 16 0.4 3 1 1
r-792 33 0.265152 33 0.265152 2973 3421 2524
r-228 47 0.288622 47 0.288622 1000000 1000000 1000000
r-896 23 0.521739 23 0.521739 13 12 20
r-213 12 0.530303 12 0.530303 0 0 0
r-21 38 0.234708 38 0.234708 64548 61967 55362
r-61 22 0.367965 22 0.367965 0 0 0
r-353 24 0.289855 24 0.289855 129 141 121
r-416 40 0.0974359 40 0.0974359 0 0 0
r-478 15 0.419048 15 0.419048 0 0 0
r-921 14 0.527473 14 0.527473 0 0 0
r-812 30 0.128736 30 0.128736 311 245 137
r-507 28 0.494709 28 0.494709 1292 1117 1082
r-531 13 0.153846 13 0.153846 0 0 0
r-380 39 0.188934 39 0.188934 0 0 0
r-668 40 0.45 40 0.45 2003 1158 1297
r-613 16 0.4 16 0.4 0 0 0
r-814 44 0.241015 44 0.241015 0 0 0
r-586 36 0.512698 36 0.512698 3556 4004 3093
r-25 33 0.503788 33 0.503788 3639 3337 2976
r-158 10 0.533333 10 0.533333 0 0 0
r-494 20 0.336842 20 0.336842 0 0 0
r-690 40 0.466667 40 0.466667 63641 53929 49905
r-377 29 0.133005 29 0.133005 61 87 50
r-83 11 0.327273 11 0.327273 0 0 0
r-241 38 0.512091 38 0.512091 3043 5677 2780
r-384 14 0.362637 14 0.362637 0 0 0
r-981 13 0.384615 13 0.384615 0 0 0
r-866 16 0.4 16 0.4 0 0 0
r-69 13 0.461538 13 0.461538 0 0 0
r-96 22 0.367965 22 0.367965 0 0 0
r-795 37 0.513514 37 0.513514 3042 2781 2379
r-845 22 0.0909091 22 0.0909091 0 0 0
r-991 22 0.415584 22 0.415584 138 79 73
r-125 31 0.0645161 31 0.0645161 0 0 0
r-948 39 0.512821 39 0.512821 6580 7096 5566
r-124 48 0.421986 48 0.421986 1000000 1000000 1000000
r-617 47 0.408881 47 0.408881 322 613 513
r-762 42 0.344948 42 0.344948 585470 676318 509098
r-412 50 0.326531 50 0.326531 18 20 16
r-906 48 0.509752 48 0.509752 224132 242284 176716
r-673 49 0.5 49 0.5 462588 411936 319071
r-426 42 0.470383 42 0.470383 2098 1794 1547
r-951 38 0.422475 38 0.422475 35 21 22
r-964 40 0.184615 40 0.184615 0 0 0
r-512 35 0.393277 35 0.393277 9 9 8
r-852 39 0.0512821 39 0.0512821 0 0 0
r-301 14 0.494505 14 0.494505 0 0 0
r-642 45 0.165657 45 0.165657 0 0 0
r-231 32 0.314516 32 0.314516 11640 12623 11008
r-316 13 0.282051 13 0.282051 0 0 0
r-818 35 0.393277 35 0.393277 10 5 8
r-209 19 0.491228 19 0.491228 0 0 0
r-349 28 0.507937 28 0.507937 975 749 607
r-47 23 0.498024 23 0.498024 6 5 7
r-637 48 0.507092 48 0.507092 660297 737198 510275
r-588 47 0.194265 47 0.194265 0 0 0
r-216 30 0.370115 30 0.370115 4197 3951 3676
r-54 26 0.323077 26 0.323077 478 492 401
r-968 34 0.45098 34 0.45098 25166 21480 20206
r-931 49 0.306122 49 0.306122 1000000 1000000 1000000
r-684 35 0.0571429 35 0.0571429 0 0 0
r-922 10 0.533333 10 0.533333 0 0 0
r-438 32 0.497984 32 0.497984 350 451 425
r-146 24 0.463768 24 0.463768 331 149 153
r-876 28 0.518519 28 0.518519 125 122 68
r-577 24 0.521739 24 0.521739 20 32 28
r-466 28 0.349206 28 0.349206 0 0 0
r-401 35 0.514286 35 0.514286 4949 4749 3829
r-211 29 0.517241 29 0.517241 329 345 366
r-207 24 0.521739 24 0.521739 68 66 34
r-939 23 0.166008 23 0.166008 7 8 3
r-263 15 0.533333 15 0.533333 0 0 0
r-917 48 0.507092 48 0.507092 271357 364702 226275
r-320 16 0.233333 16 0.233333 1 0 1
r-171 49 0.462585 49 0.462585 18377 18848 14411
r-723 10 0.533333 10 0.533333 0 0 0
r-740 12 0.409091 12 0.409091 0 0 0
r-816 33 0.492424 33 0.492424 799 570 542
r-407 20 0.189474 20 0.189474 0 0 0
r-375 21 0.514286 21 0.514286 2 3 4
r-941 49 0.278912 49 0.278912 1000000 1000000 1000000
r-986 45 0.377778 45 0.377778 160 172 97
r-287 11 0.509091 11 0.509091 0 0 0
r-846 47 0.408881 47 0.408881 2548 1566 1833
r-400 23 0.166008 23 0.166008 13 29 20
r-995 48 0.43883 48 0.43883 5253 3330 3413
r-398 18 0.424837 18 0.424837 9 4 4
r-865 42 0.501742 42 0.501742 81892 83020 59467
r-794 26 0.52 26 0.52 107 88 144
r-133 40 0.492308 40 0.492308 42564 36164 32774
r-530 16 0.458333 16 0.458333 0 0 0
r-451 36 0.457143 36 0.457143 259 266 222
r-295 14 0.362637 14 0.362637 0 0 0
r-498 30 0.496552 30 0.496552 2810 2510 2685
r-227 17 0.308824 17 0.308824 1 1 1
r-250 15 0.533333 15 0.533333 0 0 0
r-557 11 0.436364 11 0.436364 0 0 0
r-168 26 0.270769 26 0.270769 0 0 0
r-23 34 0.336898 34 0.336898 31825 26005 27512
r-593 40 0.501282 40 0.501282 5866 5536 4256
r-839 40 0.296154 40 0.296154 1 3 2
r-651 15 0.342857 15 0.342857 0 1 0
r-884 47 0.366327 47 0.366327 1000000 1000000 1000000
r-550 26 0.492308 26 0.492308 8 12 7
r-95 19 0.409357 19 0.409357 0 0 0
r-155 25 0.5 25 0.5 17 13 8
r-645 11 0.181818 11 0.181818 0 0 0
r-120 37 0.315315 37 0.315315 32072 32958 27565
r-420 47 0.388529 47 0.388529 527 398 302
r-308 45 0.377778 45 0.377778 64 24 46
r-699 44 0.443975 44 0.443975 1546 1130 994
r-618 39 0.334683 39 0.334683 2 13 3
r-100 39 0.504723 39 0.504723 8973 8416 5418
r-942 12 0.30303 12 0.30303 0 0 0
r-844 20 0.442105 20 0.442105 0 0 0
r-624 36 0.203175 36 0.203175 10444 25165 10256
r-436 37 0.279279 37 0.279279 0 1 0
r-305 18 0.294118 18 0.294118 1 2 1
r-197 50 0.480816 50 0.480816 75498 58092 48118
r-11 10 0.555556 10 0.555556 0 0 0
r-797 47 0.0425532 47 0.0425532 0 0 0
r-727 26 0.212308 26 0.212308 0 0 0
r-974 49 0.117347 49 0.117347 1000000 1000000 1000000
r-985 41 0.47561 41 0.47561 87904 76124 66705
r-932 33 0.477273 33 0.477273 7413 6214 5974
r-405 36 0.385714 36 0.385714 6 10 5
r-376 49 0.153061 49 0.153061 1000000 1000000 1000000
r-750 35 0.463866 35 0.463866 27480 22250 20918
r-677 29 0.512315 29 0.512315 687 653 605
r-501 49 0.219388 49 0.219388 1 1 0
r-102 24 0.507246 24 0.507246 34 13 15
r-972 33 0.344697 33 0.344697 2 4 1
r-486 29 0.339901 29 0.339901 1487 1332 989
r-636 36 0.107937 36 0.107937 0 0 0
r-718 24 0.15942 24 0.15942 19 4 18
r-240 43 0.41196 43 0.41196 108 125 165
r-833 44 0.494715 44 0.494715 203585 164445 142662
r-132 18 0.111111 18 0.111111 0 0 0
r-735 43 0.172757 43 0.172757 175176 243393 120606
r-487 20 0.521053 20 0.521053 11 10 5
r-777 33 0.265152 33 0.265152 0 0 0
r-793 21 0.32381 21 0.32381 0 0 0
r-277 25 0.28 25 0.28 262 136 193
r-950 50 0.0783673 50 0.0783673 0 0 0
r-780 19 0.45614 19 0.45614 0 0 0
r-643 25 0.48 25 0.48 2 5 3
r-410 17 0.529412 17 0.529412 1 1 1
r-406 38 0.273115 38 0.273115 0 0 1
r-787 24 0.391304 24 0.391304 196 200 135
r-479 25 0.52 25 0.52 66 41 56
r-113 28 0.494709 28 0.494709 1299 1154 944
r-53 40 0.142308 40 0.142308 0 0 0
r-927 44 0.359408 44 0.359408 1000000 1000000 1000000
r-151 46 0.0850242 46 0.0850242 1000000 1000000 1000000
r-731 27 0.262108 27 0.262108 0 0 0
r-338 19 0.51462 19 0.51462 9 19 13
r-126 32 0.120968 32 0.120968 0 0 0
r-433 47 0.227567 47 0.227567 0 0 0
r-30 23 0.474308 23 0.474308 47 59 36
r-84 26 0.369231 26 0.369231 334 273 188
r-721 31 0.36129 31 0.36129 0 0 0
r-386 18 0.111111 18 0.111111 0 0 0
r-342 32 0.120968 32 0.120968 177 351 96
r-82 49 0.510204 49 0.510204 238649 241269 165858
r-87 44 0.383721 44 0.383721 1000000 1000000 896420
r-397 48 0.31117 48 0.31117 10 20 6
r-425 50 0.0783673 50 0.0783673 0 0 0
r-285 20 0.268421 20 0.268421 0 0 0
r-238 19 0.409357 19 0.409357 37 35 33
r-829 34 0.114082 34 0.114082 0 0 0
r-122 38 0.273115 38 0.273115 0 0 0
r-599 46 0.124638 46 0.124638 0 0 0
r-499 26 0.270769 26 0.270769 118 121 100
r-714 37 0.279279 37 0.279279 54662 55385 46056
r-503 29 0.133005 29 0.133005 0 0 0
r-455 38 0.462304 38 0.462304 874 1068 886
r-978 22 0.484848 22 0.484848 46 17 20
r-516 32 0.483871 32 0.483871 112 86 73
r-161 19 0.409357 19 0.409357 34 30 29
r-328 29 0.512315 29 0.512315 67 71 84
r-545 29 0.37931 29 0.37931 1671 1834 1497
r-378 28 0.137566 28 0.137566 120 81 92
r-105 40 0.430769 40 0.430769 312941 320142 268513
r-789 29 0.295567 29 0.295567 1402 1426 1187
r-369 29 0.133005 29 0.133005 0 0 0
r-145 31 0.232258 31 0.232258 0 0 0
r-655 39 0.415655 39 0.415655 293317 276093 244635
r-671 25 0.38 25 0.38 227 237 191
r-351 21 0.0952381 21 0.0952381 0 0 0
r-632 29 0.133005 29 0.133005 0 0 0
r-327 49 0.25 49 0.25 1 1 0
r-91 27 0.262108 27 0.262108 0 0 0
r-220 40 0.296154 40 0.296154 307646 337838 250122
r-476 32 0.175403 32 0.175403 0 0 0
r-928 31 0.27957 31 0.27957 0 0 0
r-414 42 0.214866 42 0.214866 57016 104380 50127
r-528 20 0.478947 20 0.478947 1 0 0
r-381 16 0.525 16 0.525 1 1 1
r-778 49 0.433673 49 0.433673 2207 1894 1566
r-886 47 0.492137 47 0.492137 749404 670022 586119
r-523 32 0.514113 32 0.514113 311 423 190
r-872 36 0.474603 36 0.474603 250 247 194
r-37 31 0.490323 31 0.490323 2678 2166 1959
r-514 28 0.349206 28 0.349206 1165 901 890
r-471 34 0.508021 34 0.508021 670 1210 718
r-362 28 0.253968 28 0.253968 100 76 136
r-661 33 0.170455 33 0.170455 1808 1907 1727
r-313 25 0.52 25 0.52 66 67 90
r-944 50 0.489796 50 0.489796 152396 155473 109260
r-383 11 0.181818 11 0.181818 0 0 0
r-357 17 0.308824 17 0.308824 2 4 2
r-575 46 0.371981 46 0.371981 1000000 1000000 1000000
r-782 48 0.283688 48 0.283688 1000000 1000000 1000000
r-134 31 0.180645 31 0.180645 0 0 0
r-456 13 0.461538 13 0.461538 1 0 0
r-578 27 0.358974 27 0.358974 0 0 0
r-695 25 0.28 25 0.28 0 0 0
r-153 19 0.350877 19 0.350877 10 5 7
r-875 11 0.509091 11 0.509091 0 0 0
r-707 19 0.526316 19 0.526316 6 7 3
r-801 20 0.394737 20 0.394737 18 8 13
r-93 48 0.283688 48 0.283688 1000000 1000000 1000000
r-769 22 0.484848 22 0.484848 3 3 3
r-923 14 0.43956 14 0.43956 0 0 0
r-849 20 0.336842 20 0.336842 0 0 0
r-813 16 0.325 16 0.325 0 0 0
r-52 25 0.153333 25 0.153333 0 0 0
r-115 41 0.42439 41 0.42439 544 507 466
r-508 35 0.252101 35 0.252101 20488 19634 17942
r-969 25 0.333333 25 0.333333 311 193 218
r-311 44 0.332981 44 0.332981 1000000 1000000 1000000
r-804 49 0.079932 49 0.079932 0 0 0
r-574 30 0.45977 30 0.45977 30 29 25
r-580 31 0.425806 31 0.425806 4 7 6
r-658 36 0.488889 36 0.488889 279 391 217
r-891 12 0.530303 12 0.530303 0 0 0
r-996 39 0.22942 39 0.22942 133703 181774 125005
r-59 45 0.268687 45 0.268687 1000000 1000000 1000000
r-156 45 0.438384 45 0.438384 1000000 995040 866215
r-500 19 0.350877 19 0.350877 27 18 15
r-660 23 0.403162 23 0.403162 0 0 0
r-204 31 0.490323 31 0.490323 81 34 53
r-858 38 0.14936 38 0.14936 0 0 0
r-64 28 0.518519 28 0.518519 148 104 75
r-879 41 0.47561 41 0.47561 141396 111215 107675
r-596 41 0.487805 41 0.487805 3217 2605 2424
r-882 18 0.424837 18 0.424837 8 10 10
r-663 32 0.465726 32 0.465726 14711 11650 11086
r-423 13 0.384615 13 0.384615 0 0 0
r-388 37 0.504505 37 0.504505 12184 11008 9459
r-622 38 0.341394 38 0.341394 101324 94033 84830
r-979 19 0.45614 19 0.45614 0 0 0
r-987 32 0.508065 32 0.508065 400 404 251
r-959 18 0.20915 18 0.20915 0 0 0
r-248 50 0.480816 50 0.480816 1000000 1000000 1000000
r-649 23 0.474308 23 0.474308 2 1 0
r-610 45 0.511111 45 0.511111 66546 75716 48760
r-50 23 0.498024 23 0.498024 171 79 77
r-352 47 0.388529 47 0.388529 1000000 1000000 1000000
r-463 40 0.357692 40 0.357692 4 2 2
r-104 46 0.321739 46 0.321739 1000000 1000000 1000000
r-15 10 0.2 10 0.2 0 0 0
r-224 23 0.474308 23 0.474308 0 2 1
r-117 35 0.110924 35 0.110924 0 0 0
r-391 11 0.436364 11 0.436364 0 0 0
r-491 46 0.43285 46 0.43285 1433 1398 1147
r-785 19 0.280702 19 0.280702 0 0 0
r-371 44 0.473573 44 0.473573 243983 204960 174086
r-379 17 0.308824 17 0.308824 0 0 0
r-446 15 0.419048 15 0.419048 0 0 0
r-71 27 0.31339 27 0.31339 345 391 273
r-464 25 0.513333 25 0.513333 7 15 10
r-807 50 0.480816 50 0.480816 121252 85150 75092
r-373 43 0.365449 43 0.365449 56 55 26
r-98 30 0.128736 30 0.128736 7758 4249 5611
r-912 14 0.263736 14 0.263736 0 0 0
r-57 47 0.0425532 47 0.0425532 0 0 0
r-271 44 0.332981 44 0.332981 12 7 16
r-257 24 0.463768 24 0.463768 72 55 96
r-761 27 0.39886 27 0.39886 0 0 0
r-753 44 0.5074 44 0.5074 36341 38806 29160
r-356 30 0.514943 30 0.514943 259 401 326
r-215 23 0.166008 23 0.166008 0 0 0
r-739 37 0.279279 37 0.279279 0 1 0
r-345 27 0.205128 27 0.205128 186 175 161
r-78 30 0.45977 30 0.45977 41 29 17
r-217 47 0.408881 47 0.408881 1000000 1000000 1000000
r-334 40 0.328205 40 0.328205 253011 305873 220250
r-659 20 0.336842 20 0.336842 12 16 9
r-444 32 0.352823 32 0.352823 7250 6845 6318
r-40 26 0.212308 26 0.212308 0 0 0
r-562 26 0.147692 26 0.147692 28 27 23
r-88 26 0.409231 26 0.409231 791 601 680
r-127 35 0.420168 35 0.420168 49 39 41
r-521 48 0.382979 48 0.382979 276 294 238
r-607 45 0.490909 45 0.490909 289428 285152 207603
r-522 34 0.165775 34 0.165775 2603 2962 2105
r-390 48 0.403369 48 0.403369 1000000 1000000 1000000
r-899 18 0.20915 18 0.20915 0 0 0
r-893 28 0.137566 28 0.137566 538 393 249
r-861 34 0.427807 34 0.427807 26 35 37
r-299 33 0.344697 33 0.344697 0 1 0
r-771 21 0.428571 21 0.428571 43 41 34
r-135 32 0.225806 32 0.225806 0 0 0
r-297 34 0.486631 34 0.486631 12946 12684 10007
r-121 16 0.4 16 0.4 2 1 1
r-9 13 0.384615 13 0.384615 0 0 0
r-27 17 0.382353 17 0.382353 0 0 0
r-242 27 0.262108 27 0.262108 0 0 0
r-111 20 0.268421 20 0.268421 0 0 0
r-880 21 0.514286 21 0.514286 5 4 8
r-26 42 0.250871 42 0.250871 0 0 1
