instance n1 density1 n2 density2 mcsplit mcsplit-swapped mcsplit-smart-swapped mcsplit+f mcsplit+bigf mcsplit-b mcsplit-b-swapped mcsplit-b-smart-swapped mcsplit-nosort mcsplit-nosort-swapped mcsplit-nosort-smart-swapped
r-248 24 0.561594 24 0.73913 318 647 422 496 298 449 1267 449 453 525 495
r-320 24 0.550725 24 0.0652174 7 141 7 49 9 10 244 10 18 80 18
r-939 24 0.503623 24 0.619565 789 1148 721 981 706 1348 2461 1297 1378 844 1129
r-197 24 0.735507 24 0.271739 39 38 38 71 74 60 94 59 66 76 76
r-788 24 0.0942029 24 0.166667 506 142 80 351 224 588 165 167 1130 209 373
r-623 24 0.793478 24 0.130435 8 8 8 17 5 8 8 13 13 16 8
r-890 24 0.630435 24 0.717391 339 531 249 677 254 619 965 411 315 462 302
r-969 24 0.221014 24 0.996377 1 5 1 10 0 3 11 3 6 5 3
r-400 24 0.0978261 24 0.753623 10 2 2 11 17 17 7 7 16 7 4
r-868 24 0.235507 24 0.286232 459 412 328 369 475 1019 390 429 650 384 551
r-955 24 0.905797 24 0.34058 17 11 6 20 16 18 11 19 12 14 8
r-660 24 0.264493 24 0.652174 89 70 71 207 66 135 114 115 132 116 181
r-478 24 0.173913 24 0.123188 18 181 32 89 34 23 226 23 119 400 202
r-377 24 0.938406 24 0.721014 1185 27 27 317 155 954 35 65 921 75 64
r-45 24 0.246377 24 0.438406 574 233 155 349 607 1039 242 344 457 303 475
r-799 24 0.778986 24 0.862319 61 112 60 145 71 75 156 76 439 314 380
r-214 24 0.0615942 24 0.746377 3 1 0 2 4 7 3 2 3 1 2
r-398 24 0.931159 24 0.246377 12 2 3 5 6 13 6 6 9 3 3
r-935 24 0.717391 24 0.65942 877 622 619 794 888 1556 1305 1016 877 915 965
r-109 24 0.00362319 24 0.862319 1 0 0 1 0 2 2 1 1 0 0
r-950 24 0.23913 24 0.855072 4 7 4 7 4 6 12 6 6 12 11
r-280 24 0.257246 24 0.0543478 67 8523 67 5628 36 45 9159 82 382 7450 212
r-139 24 0.84058 24 0.42029 43 44 44 116 56 43 43 70 100 115 71
r-332 24 0.268116 24 0.34058 525 264 233 330 408 970 397 433 529 589 917
r-870 24 0.25 24 0.721014 27 34 34 72 28 33 85 53 95 54 35
r-517 24 0.797101 24 0.188406 21 11 21 26 15 36 18 36 22 31 22
r-719 24 0.257246 24 0.724638 53 28 28 133 40 54 44 70 87 97 61
r-780 24 0.166667 24 0.246377 167 27 44 55 130 255 58 58 87 291 241
r-982 24 0.0905797 24 0.641304 16 4 7 21 27 40 10 6 34 11 6
r-494 24 0.333333 24 0.202899 119 449 156 269 166 170 793 228 504 345 318
r-699 24 0.597826 24 0.0833333 8 42 8 21 5 7 44 12 11 47 11
r-945 24 0.706522 24 0.467391 208 230 198 231 163 326 358 331 179 250 202
r-473 24 0.916667 24 0.48913 48 11 6 159 55 129 15 15 57 12 21
r-722 24 0.0615942 24 0.231884 3215 34 34 764 534 3316 41 41 3173 149 151
r-298 24 0.0289855 24 0.663043 55 1 0 21 45 51 1 2 13 3 1
r-489 24 0.532609 24 0.431159 424 567 428 540 404 735 1484 1050 713 662 792
r-364 24 0.663043 24 0.778986 173 494 109 237 146 156 857 161 222 230 259
r-53 24 0.945652 24 0.289855 12 1 1 9 11 22 4 2 8 4 7
r-279 24 0.576087 24 0.768116 264 299 256 350 242 254 578 288 151 464 237
r-504 24 0.771739 24 0.775362 264 216 182 245 293 273 466 274 593 303 586
r-693 24 0.373188 24 0.496377 1021 594 891 817 1321 2047 1160 1041 961 687 912
r-680 24 0.0362319 24 0.547101 46 5 2 156 57 133 8 8 48 8 14
r-513 24 0.706522 24 0.413043 220 189 223 329 160 253 443 480 384 239 365
r-42 24 0.166667 24 0.728261 14 8 14 34 23 36 14 14 34 21 13
r-27 24 0.873188 24 0.605072 144 51 31 120 65 281 73 74 140 57 57
r-531 24 0.210145 24 0.471014 381 93 126 275 290 562 202 171 218 114 147
r-545 24 0.163043 24 0.23913 91 16 27 63 102 107 35 22 190 78 93
r-899 24 0.155797 24 0.181159 125 136 117 75 76 162 116 97 332 76 76
r-757 24 0.101449 24 0.742754 11 3 2 15 6 13 4 4 11 5 9
r-144 24 0.735507 24 0.822464 93 195 92 158 106 131 302 84 211 433 166
r-963 24 0.0507246 24 0.264493 2166 39 40 1564 305 2774 28 51 2880 120 68
r-299 24 0.257246 24 0.884058 1 16 1 12 2 5 28 3 4 12 4
r-863 24 0.275362 24 0.514493 150 334 217 315 168 320 422 428 519 236 242
r-185 24 0.224638 24 0.724638 15 29 29 73 31 23 28 28 60 29 46
r-20 24 0.855072 24 0.326087 26 19 19 46 30 41 32 31 59 25 15
r-591 24 0.619565 24 0.206522 59 21 59 67 40 96 33 60 77 93 49
r-559 24 0.681159 24 0.891304 59 285 58 208 121 133 670 88 271 316 160
r-433 24 0.163043 24 0.757246 12 10 6 11 8 12 9 15 21 14 14
r-272 24 0.326087 24 0.775362 41 58 42 149 76 62 133 62 125 80 79
r-718 24 0.623188 24 0.166667 17 85 28 48 22 36 85 36 33 57 33
r-703 24 0.213768 24 0.619565 51 29 29 104 60 125 75 74 110 49 49
r-390 24 0.293478 24 0.557971 286 220 334 578 314 375 373 374 320 297 361
r-676 24 0.963768 24 0.246377 8 0 0 5 3 14 1 0 3 0 0
r-648 24 0.793478 24 0.949275 20 6550 39 4007 37 38 7624 38 357 8047 231
r-859 24 0.905797 24 0.605072 174 36 37 58 90 269 33 33 240 92 154
r-291 24 0.15942 24 0.608696 68 38 23 79 48 105 43 57 63 42 69
r-819 24 0.865942 24 0.166667 3 5 3 5 3 6 9 5 6 3 6
r-532 24 0.978261 24 0.858696 1000000 4089 4033 1000000 81856 1000000 4060 5358 1000000 3261 3264
r-347 24 0.460145 24 0.855072 8 97 8 27 10 19 157 11 8 45 8
r-470 24 0.663043 24 0.938406 36 705 19 494 38 42 1019 23 139 816 169
r-313 24 0.318841 24 0.231884 576 641 673 488 566 829 987 679 397 449 415
r-321 24 0.786232 24 0.684783 344 193 207 290 431 564 194 194 281 310 192
r-178 24 0.0326087 24 0.202899 52097 34 18 34806 2658 16976 3 3 51017 963 1160
r-856 24 0.275362 24 0.26087 206 270 204 171 187 460 297 400 407 362 432
r-695 24 0.166667 24 0.547101 86 61 38 119 66 85 96 60 132 153 149
r-482 24 0.568841 24 0.65942 1406 1439 919 1255 1155 1667 2788 1670 1105 1403 1271
r-602 24 0.844203 24 0.32971 23 15 24 34 25 23 22 22 24 17 17
r-644 24 0.746377 24 0.202899 30 15 19 56 23 32 37 51 26 37 42
r-264 24 0.543478 24 0.206522 62 73 63 142 73 62 104 62 62 105 81
r-839 24 0.391304 24 0.942029 0 21 0 9 1 3 41 1 7 17 4
r-784 24 0.902174 24 0.605072 211 39 65 202 131 523 99 59 385 140 205
r-32 24 0.496377 24 0.257246 222 588 331 467 251 461 1163 354 337 540 443
r-737 24 0.184783 24 0.836957 7 3 4 15 9 11 9 11 6 6 6
r-526 24 0.963768 24 0.32971 28 4 2 17 11 33 7 7 16 7 6
r-851 24 0.73913 24 0.67029 1079 404 355 584 687 1440 680 551 708 329 410
r-114 24 0.344203 24 0.474638 1213 567 541 842 956 2276 1032 1363 851 695 682
r-997 24 0.257246 24 0.057971 34 2091 19 1348 36 46 2661 26 112 2617 119
r-530 24 0.130435 24 0.231884 262 92 114 273 149 301 127 128 531 157 218
r-683 24 0.952899 24 0.431159 54 3 3 82 81 94 9 5 57 16 29
r-697 24 0.800725 24 0.974638 37 313462 37 167876 79 28 330525 59 2526 342183 2531
r-516 24 0.449275 24 0.789855 84 84 54 171 105 43 128 43 100 96 101
r-495 24 0.702899 24 0.807971 154 553 252 463 280 218 683 218 228 285 372
r-334 24 0.115942 24 0.286232 137 6 6 37 61 164 15 15 260 215 127
r-579 24 0.449275 24 0.0434783 2 214 1 113 2 2 323 2 37 377 21
r-962 24 0.960145 24 0.119565 3 0 0 1 1 3 1 1 1 1 1
r-557 24 0.42029 24 0.188406 156 200 101 158 107 205 441 205 105 275 168
r-506 24 0.173913 24 0.0434783 90 16838 73 13117 48 106 17892 57 1071 9214 1220
r-52 24 0.202899 24 0.539855 58 94 94 195 106 86 178 157 233 96 113
r-543 24 0.130435 24 0.652174 24 15 15 37 46 37 25 25 41 38 23
r-713 24 0.0869565 24 0.605072 39 5 5 52 29 72 13 13 17 8 8
r-395 24 0.278986 24 0.942029 1 18 0 8 0 2 30 2 3 8 2
r-219 24 0.684783 24 0.15942 17 34 17 69 24 43 55 44 44 39 27
r-609 24 0.873188 24 1 25695 1000000 24076 1000000 24427 27271 1000000 27949 1000000 1000000 1000000
r-13 24 0.887681 24 0.836957 202 89 78 101 170 247 117 65 487 403 400
r-74 24 0.891304 24 0.373188 11 13 7 14 22 34 15 9 24 7 7
r-319 24 0.0688406 24 0.865942 2 1 0 3 2 6 1 3 1 1 1
r-840 24 0.945652 24 0.836957 17015 28 28 6381 2626 11354 18 18 47895 652 651
r-503 24 0.434783 24 0.246377 220 653 221 448 368 562 1219 561 329 423 326
r-761 24 0.0869565 24 0.576087 22 16 9 32 39 60 14 23 54 14 11
r-116 24 0.789855 24 0.224638 13 14 23 31 22 33 21 21 15 29 28
r-775 24 0.626812 24 0.695652 561 964 561 839 651 1006 1742 1280 665 910 788
r-876 24 0.206522 24 0.525362 120 77 74 210 132 291 125 184 145 104 104
r-9 24 0.98913 24 0.101449 0 0 0 0 0 3 1 1 0 0 0
r-479 24 0.822464 24 0.206522 12 8 8 18 22 32 19 11 16 14 14
r-329 24 0.927536 24 0.0181159 0 0 0 0 0 1 2 1 0 0 0
r-852 24 0.199275 24 0.108696 10 63 10 36 10 6 62 11 43 88 43
r-29 24 0.699275 24 0.246377 53 61 35 164 63 49 151 78 75 100 115
r-152 24 0.876812 24 0.449275 43 62 62 130 55 68 86 96 90 50 80
r-171 24 0.652174 24 0.634058 1038 896 1384 989 1345 1674 1568 1563 1083 1411 925
r-502 24 0.336957 24 0.514493 329 378 278 483 338 665 608 480 555 593 627
r-875 24 0.076087 24 0.612319 9 4 4 16 16 19 13 13 16 11 11
r-595 24 0.0326087 24 0.876812 2 0 0 3 3 4 1 2 4 0 0
r-905 24 0.568841 24 0.0905797 22 96 22 51 31 26 149 22 47 86 47
r-454 24 0.583333 24 0.173913 32 53 20 98 29 34 128 53 80 96 52
r-2 24 0.782609 24 0.293478 48 29 47 78 49 67 74 73 66 54 34
r-259 24 0.355072 24 0.275362 446 812 412 772 420 671 1649 689 857 741 735
r-471 24 0.695652 24 0.42029 172 191 260 511 215 267 364 420 293 284 278
r-89 24 0.0905797 24 0.48913 143 9 5 57 46 140 10 10 93 17 10
r-927 24 0 24 0.844203 11 1 3 4 3 18 4 2 5 2 4
r-191 24 0.0144928 24 0.503623 924 7 7 972 401 1675 10 10 971 41 73
r-283 24 0.0398551 24 0.771739 7 1 0 4 3 8 2 1 8 2 2
r-585 24 0.637681 24 0.597826 1199 698 699 838 674 1441 1206 1203 498 437 425
r-986 24 0.373188 24 0.735507 127 63 133 129 159 137 61 138 142 207 143
r-661 24 0.456522 24 0.724638 151 145 153 319 290 255 228 252 297 277 298
r-572 24 0.626812 24 0.235507 42 102 67 171 81 63 102 64 104 204 78
r-768 24 0.942029 24 0.15942 2 0 0 4 1 5 2 2 2 1 2
r-330 24 0.721014 24 0.960145 10 28588 20 23198 20 11 29888 12 372 35398 356
r-885 24 0.48913 24 0.981884 6 179 6 125 3 4 309 4 17 190 9
r-335 24 0.336957 24 0.40942 980 431 434 570 867 1664 727 835 923 622 590
r-792 24 0.318841 24 0.17029 58 228 58 198 70 88 417 140 186 439 187
r-138 24 0.32971 24 0.228261 213 514 335 457 377 337 822 336 343 441 368
r-201 24 0.467391 24 0.351449 695 1356 803 886 643 1092 2477 1045 899 1049 813
r-217 24 0.5 24 0.394928 678 1343 676 800 791 1598 1905 1324 826 1476 824
r-762 24 0.228261 24 0.612319 103 68 68 114 75 155 64 64 187 101 152
r-232 24 0.384058 24 0.40942 1505 575 491 583 1019 1929 899 901 577 513 642
r-958 24 0.786232 24 0.0181159 0 7 0 2 0 1 14 1 1 3 1
r-256 24 0.282609 24 0.471014 640 212 213 419 523 1301 498 355 594 482 350
r-252 24 0.297101 24 0.594203 150 141 218 210 127 254 351 230 219 184 184
r-647 24 0.126812 24 0.173913 69 70 61 83 62 58 23 23 112 101 145
r-786 24 0.713768 24 0.257246 34 53 54 122 63 82 133 51 97 98 63
r-934 24 0.913043 24 0.445652 49 15 15 38 23 46 15 25 31 35 35
r-421 24 0.463768 24 0.688406 321 265 280 349 258 399 423 531 422 487 446
r-187 24 0.442029 24 0.57971 404 459 404 535 507 779 1193 782 726 835 749
r-736 24 0.942029 24 0.619565 524 9 9 300 97 685 6 6 618 42 42
r-244 24 0.681159 24 0.992754 1293 130339 662 116726 658 684 147756 923 2612 141917 2702
r-51 24 0.561594 24 0.42029 454 682 450 594 451 790 756 1209 566 716 570
r-304 24 0.224638 24 0.365942 536 242 194 419 496 1003 335 301 447 356 317
r-360 24 0.228261 24 0.474638 466 164 124 292 532 943 314 203 308 155 155
r-665 24 0.786232 24 0.445652 47 51 47 168 90 115 77 78 106 108 109
r-177 24 0.601449 24 0.00362319 3 70 6 61 6 6 120 11 18 161 32
r-823 24 0.880435 24 0.376812 62 12 19 43 57 97 19 32 87 38 38
r-393 24 0.365942 24 0.115942 28 147 17 62 22 41 151 25 90 179 57
r-887 24 0.644928 24 0.42029 486 409 405 736 461 754 683 682 838 551 683
r-889 24 0.0471014 24 0.224638 2654 21 37 1621 345 1630 9 16 2978 36 27
r-782 24 0.485507 24 0.572464 742 856 740 941 715 1337 1193 1336 900 843 950
r-113 24 0.898551 24 0.474638 42 17 10 56 38 68 24 24 96 63 36
r-862 24 0.0181159 24 0.0144928 0 0 0 0 0 0 0 0 1000000 1000000 1000000
r-618 24 0.387681 24 0.15942 114 250 71 184 91 106 455 106 86 242 142
r-226 24 0.0181159 24 0.692029 31 1 1 7 18 28 2 3 10 4 2
r-787 24 0.242754 24 0.202899 145 416 145 367 245 218 459 218 416 390 273
r-441 24 0.942029 24 0.960145 22 94235 22 87705 10 10 85829 22 4635 121734 4645
r-679 24 0.228261 24 0.492754 465 241 154 486 400 1002 383 385 463 352 226
r-190 24 0.438406 24 0.137681 38 280 38 208 29 32 302 53 51 296 51
r-71 24 0.463768 24 0.210145 78 409 67 259 132 169 767 162 111 183 175
r-976 24 0.902174 24 0.163043 2 1 2 6 2 5 4 4 3 5 2
r-16 24 0.521739 24 0.797101 187 543 130 352 248 208 765 315 157 374 247
r-730 24 0.811594 24 0.894928 36 117 35 47 24 44 155 44 41 410 41
r-315 24 0.315217 24 0.293478 404 321 404 439 465 979 545 797 292 352 299
r-841 24 0.916667 24 0.927536 1 8 1 4 1 2 9 1 7 12 7
r-455 24 0.507246 24 0.710145 118 364 183 416 123 249 858 182 209 192 135
r-182 24 0.855072 24 0.518116 46 25 24 32 24 53 33 20 50 15 25
r-6 24 0.210145 24 0.862319 9 8 9 13 9 8 14 8 12 8 7
r-707 24 0.713768 24 0.634058 711 332 463 602 571 1209 644 602 643 553 615
r-325 24 0.195652 24 0.373188 415 124 123 228 233 565 265 310 302 194 252
r-797 24 0.427536 24 0.793478 25 73 25 60 30 38 115 23 25 134 25
r-749 24 0.608696 24 0.630435 620 428 573 566 359 1094 936 719 519 711 523
r-568 24 0.0869565 24 0.644928 17 3 5 15 9 16 7 5 8 8 5
r-715 24 0.539855 24 0.228261 61 85 94 166 67 95 205 149 196 202 125
r-594 24 0.673913 24 0.282609 59 71 56 106 61 141 91 141 172 111 173
r-565 24 0.358696 24 0.449275 1344 785 832 1334 1672 2766 1441 1459 1083 888 1347
r-908 24 0.275362 24 0.0326087 23 19426 23 7759 24 55 23525 55 1124 27193 949
r-67 24 0.155797 24 0.514493 34 14 14 181 42 74 33 33 57 32 32
r-508 24 0.315217 24 0.438406 497 389 323 542 449 1035 628 589 437 488 336
r-28 24 0.76087 24 0.865942 169 411 260 451 294 211 851 274 192 1044 324
r-867 24 0.137681 24 0.304348 579 121 90 271 408 686 203 206 378 463 319
r-450 24 0.905797 24 0.0833333 0 2 1 1 1 2 2 3 0 1 1
r-540 24 0.916667 24 0.0797101 0 1 1 1 1 1 1 3 1 1 2
r-102 24 0.931159 24 0.92029 725 37668 37548 25262 6498 776 37408 37654 39963 107647 107688
r-808 24 0.952899 24 0.786232 34656 13 26 21987 3747 35079 18 18 82985 553 754
r-250 24 0.413043 24 0.945652 1 95 1 28 1 3 81 3 16 52 8
r-131 24 0.5 24 0.5 655 853 654 581 676 897 1251 896 724 598 682
r-61 24 0.576087 24 0.789855 122 559 109 324 197 277 772 175 224 295 207
r-237 24 0.655797 24 0.00724638 1 13 1 25 3 5 49 5 10 16 16
r-215 24 0.76087 24 0.73913 180 145 165 174 252 294 211 210 373 305 361
r-651 24 0.894928 24 0.815217 132 18 10 75 96 91 11 11 310 85 151
r-496 24 0.344203 24 0.710145 172 110 173 354 126 176 173 176 204 255 208
r-979 24 0.623188 24 0.793478 118 456 189 403 147 268 717 240 171 365 266
r-162 24 0.076087 24 0.452899 93 15 9 64 27 149 23 14 110 42 42
r-483 24 0.449275 24 0.496377 1251 1352 1056 1017 1119 2327 1886 1929 1267 1270 1187
r-895 24 0.431159 24 0.952899 4 103 2 43 3 8 90 8 8 78 8
r-500 24 0.445652 24 0.59058 501 474 389 745 415 683 751 1033 752 560 751
r-778 24 0.583333 24 0.869565 21 90 36 69 42 53 150 53 28 144 46
r-356 24 0.800725 24 0.148551 10 8 6 10 10 17 7 17 8 15 8
r-554 24 0.996377 24 0.394928 141 16 16 313 49 211 12 25 331 44 44
r-247 24 0.492754 24 0.467391 1162 1293 1171 1370 1018 2011 2653 2918 1439 1313 1439
r-838 24 0.507246 24 0.423913 817 611 634 588 730 956 1475 1018 766 842 822
r-603 24 0.594203 24 0.51087 1127 836 888 1042 997 2278 1482 1479 1102 1027 1043
r-384 24 0.15942 24 0.902174 4 2 4 3 2 7 7 4 3 3 3
r-323 24 0.634058 24 0.717391 534 886 534 744 560 1003 1636 724 803 623 831
r-635 24 0.438406 24 0.177536 165 189 165 233 122 200 339 168 184 254 181
r-70 24 0.471014 24 0.742754 103 144 109 422 162 160 223 160 200 409 311
r-238 24 0.289855 24 0.985507 2 13 2 5 2 4 28 3 2 5 1
r-413 24 0.257246 24 0.126812 139 660 85 492 104 168 974 189 169 732 168
r-844 24 0.166667 24 0.365942 401 132 97 293 270 553 234 237 285 170 172
r-188 24 0.902174 24 0.688406 178 6 6 73 97 414 6 6 400 21 21
r-988 24 0.75 24 0.597826 681 244 244 461 563 1238 376 458 548 510 369
r-837 24 0.945652 24 0.217391 4 1 1 4 2 9 2 4 3 5 3
r-777 24 0.231884 24 0.00362319 30245 1000000 29187 1000000 29294 96 1000000 140 8934 1000000 8643
r-836 24 0.0471014 24 0.554348 103 7 7 133 92 154 12 7 59 17 30
r-936 24 0.699275 24 0.634058 647 393 397 576 832 1162 668 1050 679 708 954
r-763 24 0.804348 24 0.887681 28 281 48 279 52 36 358 36 122 688 214
r-209 24 0.195652 24 0.181159 157 180 254 178 144 357 311 254 292 385 270
r-518 24 0.746377 24 0.25 38 23 38 41 29 37 23 37 47 34 74
r-711 24 0.815217 24 0.978261 91 1000000 120 1000000 52 56 1000000 56 2043 1000000 1438
r-897 24 0.311594 24 0.25 270 346 171 330 262 400 638 255 337 399 411
r-166 24 0.65942 24 0.702899 510 484 513 523 503 937 876 1247 1222 752 864
r-941 24 0.706522 24 0.333333 51 102 66 134 53 62 143 160 66 94 142
r-150 24 0.778986 24 0.380435 57 27 27 156 63 148 65 41 104 66 66
r-872 24 0.217391 24 0.355072 511 124 195 292 337 839 173 217 172 154 178
r-199 24 0.583333 24 0.202899 63 84 64 122 56 98 127 62 62 81 62
r-153 24 0.76087 24 0.449275 82 194 194 208 163 126 290 336 242 182 183
r-655 24 0.253623 24 0.304348 627 414 506 591 583 1067 692 719 548 685 441
r-728 24 0.0724638 24 0.692029 15 3 3 18 10 14 3 3 12 7 4
r-998 24 0.630435 24 0.0688406 4 57 4 30 2 4 54 8 11 41 6
r-994 24 0.108696 24 0.380435 231 15 17 180 54 331 35 34 163 44 26
r-974 24 0.75 24 0.492754 147 152 133 411 140 219 175 273 319 151 236
r-397 24 0.967391 24 0.0108696 0 0 0 0 0 1 1 1 0 0 0
r-36 24 0.65942 24 0.576087 1380 960 1205 1325 1161 2472 1466 1462 999 1033 979
r-733 24 0.902174 24 0.539855 68 10 10 37 22 76 16 9 163 31 18
r-663 24 0.728261 24 0.0833333 5 10 5 11 3 5 21 5 3 8 6
r-308 24 0.300725 24 0.0144928 19 48503 34 39423 35 23 56821 25 292 34627 292
r-961 24 0.394928 24 0.898551 6 22 10 33 8 16 62 12 15 20 25
r-548 24 0.851449 24 0.757246 322 127 127 189 286 467 140 101 444 131 130
r-691 24 0.0543478 24 0.387681 571 11 11 264 62 676 28 28 589 114 70
r-650 24 0.757246 24 0.978261 138 104068 122 63082 135 104 118753 77 2424 108937 3017
r-546 24 0.655797 24 0.0471014 1 22 2 10 2 5 40 2 6 30 6
r-630 24 0.384058 24 0.681159 208 120 176 287 147 219 188 217 370 245 243
r-589 24 0.724638 24 0.115942 1 10 1 12 1 5 18 5 4 18 4
r-136 24 0.543478 24 0.173913 65 78 66 83 77 108 75 68 86 102 53
r-801 24 0.557971 24 0.434783 716 589 979 746 779 1224 1242 1362 1055 1125 704
r-515 24 0.0869565 24 0.626812 29 3 3 28 18 28 8 4 19 14 14
r-731 24 0.228261 24 0.503623 260 151 102 320 278 382 154 208 309 218 138
r-83 24 0.235507 24 0.177536 49 148 78 212 53 107 297 108 221 179 137
r-254 24 0.188406 24 0.376812 381 124 124 256 309 798 192 248 327 695 680
r-306 24 0.123188 24 0.431159 116 20 20 77 90 128 47 47 93 33 33
r-625 24 0.0978261 24 0.677536 24 6 6 35 26 47 10 17 21 20 19
r-881 24 0.706522 24 0.764493 229 251 143 209 215 299 533 272 213 358 132
r-574 24 0.717391 24 0.898551 18 302 11 153 18 24 392 14 961 339 1045
r-672 24 0.471014 24 0.148551 41 214 41 92 55 102 403 103 99 129 61
r-938 24 0.195652 24 0.0905797 12 408 12 153 12 25 332 14 134 1238 134
r-101 24 0.503623 24 0.923913 6 65 6 27 7 9 69 9 27 38 28
r-984 24 0.536232 24 0.307971 185 289 285 318 297 296 312 385 345 292 333
r-814 24 0.373188 24 0.731884 97 171 97 212 162 157 172 177 183 275 139
r-756 24 0.688406 24 0.471014 189 352 352 444 197 447 614 675 460 465 557
r-452 24 0.847826 24 0.594203 255 80 49 255 343 455 117 72 330 230 367
r-260 24 0.0905797 24 0.264493 861 16 16 397 499 1076 12 21 1825 583 486
r-300 24 0.0434783 24 0.576087 17 2 3 20 8 31 5 3 9 3 3
r-288 24 0.65942 24 0.507246 842 405 419 1005 672 1826 826 767 747 618 664
r-216 24 0.539855 24 0.804348 60 261 54 199 83 54 339 89 106 242 107
r-776 24 0.811594 24 0.836957 31 21 30 20 17 21 49 28 322 107 233
r-388 24 0.358696 24 0.634058 208 198 156 330 220 343 308 310 323 252 251
r-957 24 0.130435 24 0.326087 267 39 24 102 196 367 28 28 125 25 26
r-951 24 0.815217 24 0.728261 371 94 155 155 181 503 172 221 273 162 106
r-770 24 0.224638 24 0.905797 7 10 7 19 7 11 19 11 12 11 7
r-339 24 0.568841 24 0.59058 1437 858 1231 667 1059 2198 1298 2280 686 888 891
r-667 24 0.34058 24 0.666667 203 223 228 206 160 329 233 243 144 143 147
r-614 24 0.518116 24 0.898551 8 34 8 38 7 8 67 8 40 60 24
r-529 24 0.0326087 24 0.608696 21 5 5 37 23 32 4 4 13 1 1
r-351 24 0.884058 24 0.532609 101 12 7 94 58 178 19 11 107 64 64
r-815 24 0.0942029 24 0.931159 1 0 1 0 0 1 2 2 1 1 1
r-235 24 0.0289855 24 0.210145 85690 257 137 49514 3673 99087 157 288 105398 1112 814
r-80 24 0.449275 24 0.905797 13 33 13 30 11 13 86 22 13 56 22
r-348 24 1 24 0.586957 77755 136 220 77982 1231 85880 130 176 89234 2565 2560
r-243 24 0.0507246 24 0.235507 517 12 21 234 141 627 20 12 1647 55 30
r-22 24 0.173913 24 0.311594 258 64 56 162 367 628 123 124 321 137 138
r-864 24 0.608696 24 0.257246 62 45 66 97 49 101 103 63 101 208 101
r-921 24 0.655797 24 0.525362 954 549 607 705 809 1863 916 796 727 741 594
r-605 24 0.608696 24 0.221014 56 29 69 63 82 56 68 56 104 102 67
r-764 24 0.945652 24 0.0326087 0 0 0 0 0 2 2 1 0 1 0
r-684 24 0.76087 24 0.59058 429 269 171 508 432 898 352 407 480 666 418
r-539 24 0.228261 24 0.0362319 87 9827 158 9344 159 171 11846 96 226 6582 338
r-181 24 0.199275 24 0.98913 0 5 0 1 0 1 12 1 0 2 1
r-363 24 0.815217 24 0.474638 129 65 104 237 91 125 111 111 227 99 145
r-488 24 0.713768 24 0.84058 64 199 64 154 82 150 375 126 144 250 140
r-322 24 0.586957 24 0.460145 774 904 594 824 746 1321 1203 1077 826 897 945
r-577 24 0.373188 24 0.467391 923 573 646 818 770 1800 1099 1080 723 667 599
r-581 24 0.75 24 0 1 18 1 14 2 3 16 3 13 9 24
r-913 24 0.376812 24 0.615942 353 327 496 615 372 653 577 720 552 584 583
r-702 24 0.862319 24 0.528986 185 30 17 109 76 292 44 26 101 72 71
r-613 24 0.891304 24 0.0978261 2 1 1 3 2 3 1 5 2 1 1
r-888 24 0.731884 24 0.481884 352 364 424 467 296 418 546 500 569 466 467
r-820 24 0.416667 24 0.90942 6 58 6 19 12 16 59 16 13 52 8
r-240 24 0.456522 24 0.293478 459 1136 299 838 519 732 1586 743 550 603 478
r-192 24 0.644928 24 0.518116 1010 499 506 657 1102 1803 1016 869 820 886 705
r-292 24 0.898551 24 0.48913 75 10 10 43 37 70 8 8 70 23 13
r-758 24 0.612319 24 0.253623 163 117 105 222 150 171 192 171 162 228 245
r-745 24 0.0253623 24 0.398551 634 10 10 473 58 661 15 8 534 43 43
r-331 24 0.275362 24 0.543478 245 239 153 420 273 337 244 244 328 237 314
r-359 24 0.996377 24 0.576087 15906 4423 4342 17921 4365 18094 4300 4360 9705 818 659
r-200 24 0.90942 24 0.199275 7 3 3 4 3 12 3 3 9 2 2
r-658 24 0.873188 24 0.942029 30 6734 30 4861 71 65 6723 32 2443 34557 2183
r-954 24 0.873188 24 0.481884 44 36 59 120 48 87 57 57 54 40 67
r-72 24 0.362319 24 0.445652 985 660 592 718 826 1750 1091 1280 1334 818 945
r-253 24 0.413043 24 0.155797 24 148 38 66 36 34 162 54 43 103 43
r-760 24 0.0434783 24 0.0833333 202076 946 944 34396 102956 201971 1047 958 425249 6796 6500
r-159 24 0.949275 24 0.550725 92 2 2 52 16 133 2 3 184 15 28
r-129 24 0.503623 24 0.347826 718 651 608 685 618 1058 918 978 858 807 1021
r-879 24 0.713768 24 0.594203 826 364 265 445 960 1570 446 498 1284 560 727
r-909 24 0.547101 24 0.836957 116 276 79 126 147 117 523 189 76 117 117
r-93 24 0.92029 24 0.235507 6 5 3 7 6 20 8 8 15 7 4
r-125 24 0.0181159 24 0.297101 26436 33 33 14398 1129 30475 73 39 30259 1780 1772
r-804 24 0.0253623 24 0.394928 1172 9 9 935 100 1706 11 11 2391 45 45
r-592 24 0.800725 24 0.902174 18 810 34 570 34 23 933 23 253 1276 455
r-442 24 0.605072 24 0.73913 264 529 319 469 231 363 1528 364 227 360 254
r-64 24 0.916667 24 0.0652174 0 1 1 1 1 2 3 2 1 1 2
r-541 24 0.246377 24 0.771739 17 17 27 23 18 24 26 39 42 24 42
r-604 24 0.51087 24 0.155797 39 88 63 139 90 103 174 63 132 180 132
r-636 24 0.119565 24 0.547101 76 31 18 112 75 119 29 29 105 33 33
r-290 24 0.634058 24 0.467391 451 496 438 783 356 732 1024 738 426 759 601
r-977 24 0.960145 24 0.0108696 0 0 0 0 0 1 2 0 0 0 0
r-631 24 0.48913 24 0.137681 14 92 23 71 17 21 140 21 59 62 59
r-357 24 0.257246 24 0.0869565 9 322 9 176 5 7 371 7 216 360 124
r-294 24 0.652174 24 0.76087 441 493 441 308 301 652 683 521 607 540 380
r-923 24 0.0108696 24 0.605072 60 3 2 54 14 50 7 7 35 18 10
r-850 24 0.148551 24 0.202899 263 174 175 255 241 376 234 234 569 359 272
r-800 24 0.057971 24 0.384058 518 3 3 113 87 807 8 8 606 38 37
r-833 24 0.00724638 24 0.481884 1590 136 115 1330 277 2192 127 84 1616 256 149
r-24 24 0.905797 24 0.858696 103 10 18 23 46 123 12 12 220 21 21
r-375 24 0.692029 24 0.0398551 0 13 1 6 1 2 13 2 1 7 1
r-58 24 0.173913 24 0.282609 473 102 153 238 319 476 150 241 314 264 222
r-490 24 0.0869565 24 0.0543478 2 661 1 636 2 1 127 2 905 324 841
r-372 24 0.0652174 24 0.623188 48 8 8 40 44 76 14 13 58 23 13
r-309 24 0.17029 24 0.373188 210 125 126 88 190 217 105 66 235 87 123
r-402 24 0.202899 24 0.873188 5 7 5 6 6 9 12 5 9 9 9
r-810 24 0.902174 24 0.119565 1 1 1 3 1 3 2 4 2 2 1
r-147 24 0.474638 24 0.166667 36 347 58 167 52 52 444 83 65 220 65
r-806 24 0.981884 24 0.057971 0 0 0 0 0 1 0 0 0 0 0
r-380 24 0.67029 24 0.605072 719 462 508 607 633 2058 1260 821 742 585 640
r-21 24 0.967391 24 0.692029 3543 27 27 2368 237 5017 18 19 3838 28 27
r-255 24 0.514493 24 0.057971 4 67 4 30 5 5 167 9 21 50 12
r-880 24 0.0942029 24 0.753623 11 6 6 7 6 17 10 10 13 9 7
r-549 24 0.0652174 24 0.25 2041 134 136 1393 361 2686 168 103 1869 314 341
r-485 24 0.163043 24 0.0217391 78 1000000 77 1000000 139 132 1000000 73 327 1000000 318
r-270 24 0.5 24 0.713768 253 248 393 298 291 523 384 422 435 323 281
r-662 24 0.971014 24 0.289855 14 1 1 20 18 49 2 1 22 1 2
r-273 24 0.65942 24 0.684783 743 934 873 906 1153 1498 1570 1372 910 927 943
r-430 24 0.655797 24 0.597826 784 580 432 603 749 1709 846 1171 714 651 681
r-438 24 0.438406 24 0.199275 41 183 41 130 46 91 374 58 84 110 57
r-621 24 0.572464 24 0.134058 26 31 25 23 22 39 31 39 30 40 18
r-831 24 0.318841 24 0.59058 285 142 220 353 299 470 293 288 395 306 311
r-593 24 0.666667 24 0.286232 74 118 75 163 133 121 117 189 209 216 164
r-813 24 0.945652 24 0.565217 114 8 8 34 17 117 7 7 89 17 9
r-700 24 0.485507 24 0.351449 609 1136 610 839 612 1650 3106 1090 682 1103 1025
r-497 24 0.59058 24 0.586957 725 739 713 891 782 1338 1433 1630 1203 776 840
r-469 24 0.380435 24 0.224638 160 524 206 384 197 282 1056 253 407 335 441
r-649 24 0.311594 24 0.75 57 56 85 129 108 89 138 123 94 128 147
r-180 24 0.485507 24 0.307971 525 849 346 654 375 603 1752 805 519 635 508
r-275 24 0.282609 24 0.630435 65 59 91 119 117 150 141 91 194 81 78
r-970 24 0.452899 24 0.474638 1348 1639 1203 1282 1249 2606 2273 2900 1407 1471 1305
r-586 24 0.927536 24 0.445652 35 9 9 52 58 94 15 15 53 27 27
r-884 24 0.688406 24 0.438406 376 285 187 558 372 532 475 418 390 439 413
r-76 24 0.195652 24 0.913043 2 10 2 7 1 2 11 5 2 7 2
r-127 24 0.695652 24 0.224638 32 47 20 45 41 31 49 51 63 68 63
r-98 24 0.855072 24 0.938406 51 3884 51 1841 28 56 4096 30 674 18421 494
r-590 24 0.257246 24 0.728261 69 26 26 122 82 71 63 63 91 63 40
r-426 24 0.782609 24 0.876812 54 301 30 244 37 26 311 26 178 252 178
r-774 24 0.137681 24 0.0978261 9 48 9 24 10 12 36 20 133 873 133
r-906 24 0.594203 24 0.15942 17 38 18 72 24 28 94 45 33 118 21
r-759 24 0.474638 24 0.217391 256 613 242 654 212 307 1247 304 433 395 327
r-669 24 0.34058 24 0.938406 1 44 1 8 1 1 76 1 10 26 5
r-368 24 0.0108696 24 0.427536 4418 7 13 3758 152 6357 18 11 4822 285 286
r-601 24 0.362319 24 0.0869565 9 191 17 161 10 13 382 13 50 181 47
r-892 24 0.188406 24 0.815217 10 7 10 14 7 10 7 16 7 7 12
r-924 24 0.0181159 24 0.528986 84 2 2 387 83 124 2 2 78 4 4
r-474 24 0.880435 24 0.576087 163 26 26 73 89 357 40 68 170 71 70
r-437 24 0.333333 24 0.576087 288 435 286 690 332 686 746 577 417 344 348
r-785 24 0.507246 24 0.561594 785 962 663 800 648 1284 1859 1664 847 912 874
r-657 24 0.677536 24 0.974638 19 7641 30 5155 37 55 10012 54 1199 7128 1207
r-600 24 0.873188 24 0.467391 53 28 28 109 62 80 42 42 102 47 47
r-305 24 0.148551 24 0.782609 17 5 5 19 18 28 16 16 14 6 11
r-268 24 0.434783 24 0.0797101 10 107 10 52 19 16 112 16 34 71 34
r-746 24 0.402174 24 0.684783 168 175 162 310 134 173 436 175 206 255 315
r-511 24 0.605072 24 0.0724638 8 36 8 16 5 12 108 7 4 48 8
r-233 24 0.637681 24 0.793478 140 636 88 274 146 127 643 128 177 509 179
r-194 24 0.391304 24 0.507246 549 515 616 608 458 867 822 816 769 801 665
r-659 24 0.199275 24 0.793478 6 6 6 13 10 16 11 11 8 19 12
r-706 24 0.605072 24 0.768116 231 555 233 415 229 399 985 277 396 449 412
r-317 24 0.815217 24 0.496377 265 65 103 339 171 240 143 140 188 132 209
r-119 24 0.166667 24 0.583333 53 16 16 100 56 84 40 25 78 35 43
r-481 24 0.0688406 24 0.184783 242 3 3 93 72 158 2 4 678 24 24
r-77 24 0.0144928 24 0.246377 1000000 121 120 1000000 29689 1000000 125 237 1000000 2019 2018
r-342 24 0.264493 24 0.115942 93 361 69 206 64 72 590 120 130 462 132
r-111 24 0.793478 24 0.57971 205 86 86 141 182 377 123 185 250 288 186
r-556 24 0.822464 24 0.786232 186 134 133 206 170 436 310 187 364 327 282
r-712 24 0.612319 24 0.858696 88 421 87 195 68 131 496 131 169 412 104
r-44 24 0.623188 24 0.949275 8 814 15 450 18 18 1149 9 121 758 222
r-830 24 0.163043 24 0.387681 285 82 137 219 178 482 158 156 143 56 91
r-476 24 0.873188 24 0.684783 402 106 63 364 377 502 71 70 341 295 294
r-858 24 0.952899 24 0.166667 2 0 0 3 1 6 1 1 2 2 1
r-883 24 0.271739 24 0.434783 430 258 186 242 264 760 417 344 328 303 351
r-499 24 0.253623 24 0.427536 1149 296 295 551 694 1463 508 579 555 408 546
r-843 24 0.82971 24 0.673913 622 154 251 371 502 1046 228 228 901 310 354
r-100 24 0.862319 24 0.202899 4 3 5 8 9 8 4 4 10 12 12
r-418 24 0.923913 24 0.217391 4 1 1 7 3 13 4 2 5 2 3
r-387 24 0.057971 24 0.188406 6788 57 30 4347 713 6327 9 16 13696 609 603
r-167 24 0.786232 24 0.880435 63 206 63 174 129 136 439 106 128 276 75
r-414 24 0.0507246 24 0.547101 44 1 1 43 40 125 2 2 64 7 12
r-115 24 0.0181159 24 0.242754 448282 38 20 287501 8804 486796 40 40 660158 5835 5741
r-142 24 0.463768 24 0.931159 6 38 3 26 4 9 60 9 15 60 15
r-656 24 0.492754 24 0.134058 26 100 27 71 32 40 150 40 63 77 38
r-269 24 0.778986 24 0.92029 20 705 36 519 35 45 869 49 1188 1699 987
r-91 24 0.612319 24 0.471014 739 515 483 982 534 1102 674 883 959 614 664
r-943 24 0.188406 24 0.0905797 26 560 46 315 56 25 822 25 105 1050 156
r-207 24 0.434783 24 0.076087 18 123 19 155 17 16 254 16 16 176 15
r-674 24 0.355072 24 0.253623 283 971 365 795 370 465 1492 727 398 707 487
r-828 24 0.59058 24 0.235507 68 105 68 169 135 105 244 105 113 210 174
r-39 24 0.869565 24 0.398551 51 13 13 43 58 85 35 21 42 34 34
r-845 24 0.253623 24 0.724638 46 44 28 73 55 61 70 44 54 49 78
r-620 24 0.894928 24 0.641304 247 23 41 136 146 395 33 33 392 121 152
r-916 24 0.746377 24 0.952899 11 2449 11 1305 11 8 2539 15 108 5621 199
r-849 24 0.394928 24 0.423913 756 717 540 544 654 1444 1002 1026 1484 755 837
r-90 24 0.518116 24 0.84058 32 152 20 68 39 31 178 31 30 91 30
r-68 24 0.0869565 24 0.51087 67 10 9 102 79 110 24 23 114 24 24
r-925 24 0.757246 24 0.887681 36 391 36 145 24 49 416 28 113 281 64
r-860 24 0.992754 24 0.242754 7 0 1 12 2 16 2 2 8 1 1
r-918 24 0.735507 24 0.293478 25 41 41 114 48 62 63 98 84 51 52
r-251 24 0.057971 24 0.768116 3 1 1 3 2 14 4 4 7 4 4
r-681 24 0.547101 24 0.0507246 9 77 9 22 9 14 124 14 18 30 10
r-767 24 0.996377 24 0.286232 45 4 2 18 10 76 6 6 24 18 17
r-848 24 0.431159 24 0.978261 3 65 7 36 7 12 153 12 7 56 8
r-110 24 0.721014 24 0.771739 212 162 134 138 149 200 353 200 181 226 181
r-980 24 0.0869565 24 0.184783 1026 41 75 671 493 1350 75 86 1171 43 43
r-901 24 0.155797 24 0.0615942 61 1177 50 856 48 78 919 78 334 8360 335
r-276 24 0.913043 24 0.804348 626 12 6 309 304 664 15 8 1122 156 159
r-87 24 0.173913 24 0.0144928 727 1000000 1010 1000000 1166 810 1000000 747 63662 1000000 61070
r-687 24 0.318841 24 0.90942 3 26 3 10 3 10 27 10 4 15 4
r-877 24 0.235507 24 0.199275 364 543 367 670 242 323 718 514 538 628 459
r-26 24 0.880435 24 0.373188 63 26 15 55 40 60 32 33 73 33 33
r-399 24 0.318841 24 0.771739 37 48 23 76 28 56 120 57 87 64 55
r-972 24 0.713768 24 0.141304 17 22 10 35 15 26 21 27 31 30 31
r-748 24 0.576087 24 0.213768 68 64 68 94 86 106 97 108 66 121 43
r-928 24 0.913043 24 0.391304 8 9 9 30 13 14 15 15 20 6 11
r-65 24 0.0144928 24 0.344203 9887 14 25 7455 278 11594 18 32 5910 2801 2830
r-981 24 0.641304 24 0.333333 73 117 113 161 122 108 240 168 220 278 220
r-809 24 0.460145 24 0.692029 170 288 170 268 188 218 310 225 421 305 513
r-726 24 0.0362319 24 0.851449 2 0 0 2 1 2 1 2 2 0 0
r-218 24 0.82971 24 0.757246 180 124 124 143 184 301 84 138 83 125 123
r-741 24 0.384058 24 0.967391 2 11 1 15 1 2 21 1 19 26 10
r-536 24 0.0978261 24 1 3 3 3 3 1 2 7 4 4 1 4
r-314 24 0.673913 24 0.855072 18 196 18 152 27 25 423 25 106 286 64
r-796 24 0.916667 24 0.405797 49 3 3 31 44 84 6 10 54 10 10
r-964 24 0.865942 24 0.423913 39 13 23 45 61 97 21 20 52 24 24
r-632 24 0.612319 24 0.637681 690 1073 514 940 542 947 1846 1054 1004 614 775
r-401 24 0.391304 24 0.655797 184 192 180 511 246 431 304 284 381 405 336
r-311 24 0.844203 24 0.996377 161908 1000000 160825 1000000 161193 49907 1000000 59390 1000000 1000000 1000000
r-937 24 0.445652 24 0.721014 246 178 194 485 332 491 322 367 305 321 427
r-381 24 0.228261 24 0.775362 17 27 16 32 30 27 25 27 41 34 41
r-230 24 0.583333 24 0.753623 156 438 171 342 201 241 785 167 275 304 433
r-673 24 0.630435 24 0.148551 30 30 30 76 40 48 51 29 66 47 41
r-553 24 0.568841 24 0.67029 665 1429 946 1427 837 1152 2338 1197 484 667 459
r-779 24 0.630435 24 0.112319 6 22 5 26 6 8 26 8 10 33 6
r-249 24 0.137681 24 0.0724638 19 493 35 210 36 35 286 35 722 2175 943
r-975 24 0.884058 24 0.449275 60 13 7 63 53 92 11 19 41 33 33
r-429 24 0.655797 24 0.235507 32 52 21 141 43 32 48 32 68 117 68
r-96 24 0.945652 24 0.634058 660 11 21 408 91 894 16 16 687 304 366
r-717 24 0.0833333 24 0.681159 10 5 5 8 13 12 5 5 14 8 8
r-612 24 0.40942 24 0.554348 1214 1316 1705 1582 1355 2287 2405 2408 1573 1661 1631
r-284 24 0.724638 24 0.858696 45 297 76 140 59 76 407 75 94 202 94
r-567 24 0.0217391 24 0.927536 0 0 0 0 0 1 1 1 0 0 0
r-472 24 0.536232 24 0.253623 118 219 184 281 209 299 275 298 279 348 180
r-135 24 0.144928 24 0.572464 29 17 17 52 34 30 46 45 42 26 43
r-910 24 0.32971 24 0.463768 1095 681 603 754 897 2373 767 772 786 682 617
r-336 24 0.0652174 24 0.855072 1 1 1 2 1 3 1 3 1 1 1
r-580 24 0.771739 24 0.521739 400 62 99 264 214 494 148 93 336 285 181
r-619 24 0.423913 24 0.543478 444 514 569 888 504 884 952 980 1081 773 706
r-456 24 0.217391 24 0.648551 34 26 41 56 57 83 40 63 45 23 23
r-865 24 0.572464 24 0.398551 530 414 412 605 408 743 728 734 713 659 746
r-132 24 0.528986 24 0.786232 217 354 247 169 183 247 437 245 120 211 121
r-641 24 0.278986 24 0.844203 8 12 13 32 13 12 20 11 13 25 21
r-169 24 0.26087 24 0.786232 22 16 37 48 40 38 25 38 46 48 29
r-285 24 0.130435 24 0.692029 24 9 15 38 43 35 20 20 41 14 22
r-407 24 0.0507246 24 0.213768 4964 8 4 1601 1144 5650 10 6 8980 110 110
r-627 24 0.394928 24 0.887681 18 14 18 20 14 17 42 17 35 49 35
r-807 24 0.26087 24 0.858696 6 7 10 18 9 11 21 10 12 17 12
r-463 24 0.952899 24 0.586957 293 5 5 108 25 250 8 14 164 9 16
r-287 24 0.717391 24 0.235507 27 26 43 65 51 41 64 67 48 67 76
r-993 24 0.702899 24 0.0253623 0 11 0 3 1 1 21 3 2 8 1
r-578 24 0.275362 24 0.0724638 19 246 19 247 12 26 333 15 349 713 630
r-919 24 0.804348 24 0.278986 37 47 29 54 26 56 51 51 39 49 78
r-88 24 0.539855 24 0.818841 46 158 64 120 58 116 343 116 117 102 116
r-708 24 0.108696 24 0.0362319 16 708551 30 272336 19 17 706178 17 9163 1000000 9139
r-853 24 0.916667 24 0.833333 550 20 11 120 181 343 11 21 1250 260 426
r-608 24 0.894928 24 0.405797 16 6 6 30 16 28 18 18 19 8 8
r-818 24 0.735507 24 0.963768 5 3095 9 2747 9 11 3975 6 40 3020 22
r-266 24 0.84058 24 1 1000000 1000000 1000000 1000000 1000000 1000000 1000000 1000000 1000000 1000000 1000000
r-826 24 0.619565 24 0.282609 52 118 52 149 61 121 114 117 128 144 199
r-480 24 0.706522 24 0.398551 132 139 215 234 143 203 226 350 159 268 173
r-43 24 0.666667 24 0.456522 267 473 327 370 400 466 601 560 502 598 503
r-716 24 0.525362 24 0.942029 3 297 3 129 6 4 354 4 53 287 52
r-326 24 0.286232 24 0.818841 18 18 30 57 31 30 30 48 47 35 47
r-5 24 0.115942 24 0.92029 1 2 1 3 1 4 2 2 1 2 1
r-449 24 0.804348 24 0.554348 602 182 218 306 401 1330 284 313 322 289 236
r-821 24 0.586957 24 0.0507246 2 43 2 28 2 2 42 2 13 45 13
r-558 24 0.0398551 24 0.90942 0 0 0 2 1 3 1 1 2 0 1
r-358 24 0.0471014 24 0.40942 373 4 8 312 39 863 8 7 431 60 60
r-37 24 0.978261 24 0.688406 93391 162 217 67853 2347 109824 186 271 113900 10135 10819
r-932 24 0.663043 24 0.811594 66 414 106 209 73 87 654 126 128 286 129
r-186 24 0.728261 24 0.699275 467 383 418 404 438 651 799 601 471 575 522
r-221 24 0.833333 24 0.844203 56 46 32 77 30 73 56 42 205 387 193
r-173 24 0.449275 24 0.286232 294 771 269 428 226 312 1054 312 452 435 449
r-861 24 0.945652 24 0.163043 4 1 0 4 3 4 2 2 2 1 2
r-966 24 0.478261 24 0.721014 236 347 370 565 277 493 546 492 452 523 340
r-634 24 0.213768 24 0.268116 226 96 96 134 153 233 147 130 233 142 227
r-894 24 0.278986 24 0.594203 85 132 160 274 94 133 338 217 162 220 221
r-973 24 0.634058 24 0.231884 47 81 48 133 93 118 78 117 121 93 76
r-354 24 0.057971 24 0.75 8 1 1 7 10 16 3 3 15 4 4
r-168 24 0.731884 24 0.557971 595 161 252 268 317 1040 248 248 310 371 370
r-163 24 0.405797 24 0.847826 26 19 26 88 18 42 30 26 41 43 67
r-41 24 0.800725 24 0.865942 59 279 59 230 65 137 432 136 152 270 138
r-404 24 0.757246 24 0.996377 2283 1000000 2397 1000000 2447 2583 1000000 2411 1000000 1000000 1000000
r-409 24 0.554348 24 0.971014 9 1066 20 677 19 11 938 23 20 1058 20
r-151 24 0.268116 24 0.586957 110 78 50 148 76 112 76 118 197 156 150
r-755 24 0.17029 24 0.945652 1 1 0 3 1 2 6 2 1 5 1
r-242 24 0.833333 24 0.634058 260 102 102 172 216 713 241 156 262 179 110
r-281 24 0.518116 24 0.0398551 3 116 6 65 3 5 128 9 19 53 10
r-204 24 0.23913 24 0.405797 459 213 136 442 409 845 211 208 326 276 176
r-791 24 0.630435 24 0.913043 10 118 17 119 12 15 187 25 26 258 26
r-203 24 0.304348 24 0.478261 771 415 315 787 716 1510 567 530 609 435 436
r-542 24 0.398551 24 0.543478 615 1234 808 748 573 1027 1449 1499 1410 972 940
r-267 24 0.445652 24 0.594203 612 547 589 630 395 686 675 717 662 529 621
r-822 24 0.695652 24 0.57971 751 275 383 367 397 919 395 394 702 479 567
r-512 24 0.568841 24 0.65942 826 1444 831 1163 837 1412 2577 1414 1113 1428 1135
r-468 24 0.601449 24 0.702899 402 611 504 501 328 816 1125 614 444 496 442
r-307 24 0.5 24 0.224638 167 390 180 301 209 216 770 181 305 212 306
r-106 24 0.456522 24 0.478261 1399 981 1012 1580 1145 2473 1810 1811 1215 1119 1680
r-467 24 0.916667 24 0.0833333 0 1 0 3 1 3 2 3 1 1 1
r-729 24 0.423913 24 0.695652 195 168 195 393 331 324 412 440 262 265 262
r-933 24 0.597826 24 0.65942 654 753 607 684 526 960 1407 1110 858 779 1009
r-462 24 0.807971 24 0.913043 248 432 248 404 237 171 578 213 122 873 122
r-155 24 0.192029 24 0.619565 92 80 49 194 151 134 110 125 110 112 89
r-328 24 0.369565 24 0.23913 269 484 277 411 303 433 1133 278 217 402 247
r-406 24 0.521739 24 0.945652 6 147 11 110 6 15 188 15 9 85 16
r-871 24 0.59058 24 0.231884 46 42 46 120 86 117 63 75 90 192 90
r-263 24 0.0253623 24 0.416667 579 19 34 474 50 757 23 23 643 40 70
r-97 24 0.884058 24 0.48913 99 5 8 117 57 115 6 6 35 9 9
r-425 24 0.34058 24 0.525362 430 304 460 442 316 620 540 489 428 371 495
r-985 24 0.217391 24 0.648551 53 35 57 72 37 79 60 62 55 56 56
r-903 24 0.26087 24 0.336957 391 214 243 344 396 685 518 392 358 497 322
r-172 24 0.536232 24 0.695652 434 564 347 464 318 483 1225 472 304 280 436
r-205 24 0.434783 24 0.32971 928 1481 875 1288 931 1446 2972 1848 993 1091 991
r-412 24 0.224638 24 0.836957 10 27 17 36 14 26 42 15 35 26 22
r-882 24 0.905797 24 0.369565 67 7 7 65 31 64 6 6 30 12 12
r-816 24 0.456522 24 0.67029 360 203 335 360 362 568 429 674 517 646 480
r-709 24 0.532609 24 0.971014 10 242 20 177 10 14 368 14 37 469 20
r-78 24 0.695652 24 0.105072 11 11 6 21 7 11 35 19 15 13 15
r-575 24 0.057971 24 0.782609 2 1 2 3 4 5 3 3 5 2 2
r-121 24 0.373188 24 0.0471014 7 269 7 159 8 8 304 8 22 225 22
r-944 24 0.92029 24 0.213768 5 5 5 2 2 10 5 5 4 2 1
r-15 24 0.318841 24 0.942029 2 18 1 3 2 4 35 4 3 15 3
r-781 24 0.898551 24 0.163043 3 2 2 3 1 4 3 3 6 3 5
r-597 24 0.0507246 24 0.514493 109 2 2 62 43 171 2 2 51 3 6
r-19 24 0.967391 24 0.905797 1000000 197 345 1000000 815082 1000000 202 201 1000000 247334 248278
r-10 24 0.485507 24 0.746377 282 389 283 362 212 452 616 450 336 333 333
r-652 24 0.594203 24 0.887681 41 228 68 167 53 111 429 111 111 264 67
r-533 24 0.380435 24 0.442029 1506 1173 954 1140 1294 2798 1829 1780 1304 1140 1173
r-793 24 0.815217 24 0.952899 23 8896 46 4082 35 48 10270 53 442 14746 278
r-978 24 0.257246 24 0.485507 453 225 144 448 378 875 355 227 373 258 322
r-371 24 0.702899 24 0.731884 323 412 469 356 279 477 976 751 430 361 539
r-366 24 0.177536 24 0.257246 221 63 64 225 216 319 141 86 364 203 145
r-55 24 0.210145 24 0.884058 6 14 10 15 10 14 14 8 14 11 8
r-535 24 0.865942 24 0.974638 466 1000000 296 1000000 418 366 1000000 306 21735 1000000 21625
r-140 24 0.467391 24 0.65942 285 306 253 620 266 618 635 414 323 424 324
r-675 24 0.438406 24 0.434783 1419 1582 1416 1473 1343 2730 3109 2772 1595 1453 1387
r-415 24 0.48913 24 0.974638 7 1045 3 976 3 5 1681 11 35 1091 19
r-95 24 0.398551 24 0.778986 71 65 71 158 83 123 103 171 93 109 123
r-148 24 0.724638 24 0.0108696 1 17 1 14 1 1 17 3 8 19 4
r-886 24 0.985507 24 0.51087 686 19 19 752 42 915 27 13 805 55 103
r-789 24 0.543478 24 0.623188 994 1429 1527 1400 972 1818 2831 1965 1162 1299 1241
r-344 24 0.75 24 0.297101 77 41 41 142 60 79 62 98 94 121 114
r-156 24 0.322464 24 0.394928 1053 1008 843 1007 967 2187 1483 1996 1149 896 922
r-59 24 0.974638 24 0.152174 1 0 0 1 2 2 1 0 2 0 1
r-428 24 0.623188 24 0.818841 89 325 55 152 107 87 337 88 82 233 80
r-4 24 0.858696 24 0.931159 3 213 5 185 3 3 235 6 119 617 118
r-49 24 0.90942 24 0.336957 24 7 7 19 27 23 12 13 13 15 9
r-671 24 0.416667 24 0.0434783 6 453 11 248 11 17 894 10 146 387 91
r-56 24 0.902174 24 0.550725 102 9 9 63 52 172 14 14 155 31 52
r-63 24 0.623188 24 0.431159 330 460 494 751 300 477 646 517 409 605 596
r-158 24 0.485507 24 0.0507246 8 159 8 119 4 6 312 6 16 223 16
r-274 24 0.742754 24 0.373188 142 111 71 208 160 227 158 101 279 185 131
r-990 24 0.960145 24 0.967391 0 0 0 0 0 0 0 0 58 10405 122
r-505 24 0.528986 24 0.833333 50 188 31 82 72 39 337 63 64 68 102
r-615 24 0.735507 24 0.224638 49 40 30 104 37 50 61 51 45 82 45
r-794 24 0.554348 24 0.677536 533 918 422 816 429 704 1700 764 968 843 783
r-750 24 0.413043 24 0.710145 233 197 315 346 335 386 312 436 227 417 314
r-193 24 0.913043 24 0.405797 27 6 3 20 29 28 4 8 22 14 14
r-942 24 0.0108696 24 0.865942 2 0 0 1 2 8 1 1 1 0 0
r-57 24 0.894928 24 0.474638 93 22 13 125 88 137 33 33 74 38 65
r-874 24 0.934783 24 0.894928 648 7 15 72 646 672 15 15 1429 332 274
r-510 24 0.963768 24 0.543478 345 3 1 126 13 258 2 2 474 24 24
r-519 24 0.456522 24 0.474638 1097 1103 1141 1018 1068 2054 1952 1917 1008 1233 1141
r-261 24 0.543478 24 0.605072 722 1044 808 823 855 1352 1948 1498 897 1204 927
r-448 24 0.663043 24 0.992754 20 40096 22 31325 41 28 47034 56 3945 42882 5882
r-1 24 0.25 24 0.73913 19 17 28 35 41 45 31 42 27 22 22
r-922 24 0.550725 24 0.981884 8 1239 4 842 8 6 1407 6 177 1170 132
r-422 24 0.532609 24 0.0471014 5 100 5 126 10 8 225 8 25 109 14
r-576 24 0.0978261 24 0.938406 0 1 0 2 1 3 2 2 2 3 1
r-459 24 0.434783 24 0.615942 940 662 1099 978 834 1927 1150 1277 1200 974 1095
r-11 24 0.112319 24 0.166667 211 45 46 96 160 441 33 33 288 141 83
r-126 24 0.0543478 24 0.115942 2317 1 1 756 256 1678 1 1 54554 613 649
r-419 24 0.949275 24 0.710145 1073 8 8 616 122 1576 10 5 1185 135 75
r-128 24 0.304348 24 0.76087 18 36 29 128 25 49 35 31 54 62 84
r-873 24 0.300725 24 0.449275 915 359 343 946 671 1754 642 561 786 452 678
r-352 24 0.199275 24 0.764493 14 16 10 45 16 22 25 25 45 32 32
r-588 24 0.630435 24 0.452899 395 332 233 590 324 553 432 373 618 734 717
r-725 24 0.873188 24 0.677536 110 18 30 59 128 165 32 19 216 32 32
r-690 24 0.355072 24 0.275362 499 980 329 513 337 805 1109 515 471 633 506
r-245 24 0.981884 24 0.528986 325 3 6 408 27 490 9 9 359 33 33
r-551 24 0.177536 24 0.355072 357 149 148 298 419 652 143 143 407 233 189
r-405 24 0.681159 24 0.576087 853 303 464 445 835 1699 515 610 561 610 539
r-911 24 0.851449 24 0.17029 6 7 12 22 7 10 12 12 19 8 14
r-427 24 0.905797 24 0.166667 1 3 2 4 2 6 4 6 3 2 4
r-365 24 0.76087 24 0.105072 6 12 6 17 6 11 21 11 9 9 9
r-374 24 0.275362 24 0.0181159 50 127514 49 92643 26 67 146677 41 1005 144370 992
r-40 24 0.0978261 24 0.481884 48 6 6 19 18 80 5 5 50 18 31
r-424 24 0.655797 24 0.0615942 4 22 4 12 4 4 43 2 3 9 3
r-94 24 0.148551 24 0.40942 190 31 51 87 118 239 46 74 249 61 66
r-566 24 0.307971 24 0.351449 985 567 618 830 975 1737 936 975 887 401 504
r-949 24 0.119565 24 0.405797 111 14 19 65 120 199 22 32 131 57 54
r-524 24 0.851449 24 0.141304 5 3 3 8 6 10 11 10 12 8 12
r-99 24 0.873188 24 0.293478 9 6 11 9 7 22 5 8 21 6 6
r-176 24 0.0543478 24 0.307971 931 17 30 587 82 829 37 37 625 63 64
r-633 24 0.452899 24 0.847826 25 17 25 36 28 17 43 29 44 25 27
r-389 24 0.905797 24 0.905797 6 5 13 4 14 1 0 0 4 12 8
r-694 24 0.184783 24 0.858696 5 14 9 23 6 15 24 8 9 21 16
r-564 24 0.0507246 24 0.112319 1011 6 12 467 90 224 7 7 1534 13 13
r-451 24 0.0942029 24 0.873188 1 2 1 5 2 4 5 3 2 1 3
r-362 24 0.518116 24 0.224638 185 136 151 273 206 221 196 295 219 208 222
r-439 24 0.706522 24 0.0362319 4 11 4 5 4 4 12 7 6 8 6
r-92 24 0.00724638 24 0.318841 504898 62 65 394205 5670 554054 73 73 501478 30239 20422
r-811 24 0.702899 24 0.862319 12 128 13 88 32 23 178 23 26 247 45
r-900 24 0.452899 24 0.362319 597 862 600 688 720 1141 1730 1127 798 871 900
r-271 24 0.231884 24 0.358696 650 287 284 629 584 1794 574 476 777 487 517
r-754 24 0.347826 24 0.724638 58 116 92 228 106 140 216 139 152 226 99
r-62 24 0.811594 24 0.32971 46 36 36 49 48 76 55 55 71 50 32
r-202 24 0.362319 24 0.0978261 13 178 11 74 14 16 201 16 29 163 50
r-316 24 0.333333 24 0.583333 288 242 244 509 322 643 399 431 455 392 390
r-355 24 0.507246 24 0.398551 894 595 598 791 591 1045 1045 1180 863 969 929
r-436 24 0.478261 24 0.641304 600 463 464 559 593 998 1168 968 646 751 743
r-721 24 0.0507246 24 0.101449 61747 555 451 16768 18553 61495 416 787 100499 6248 6244
r-498 24 0.710145 24 0.398551 182 187 121 196 173 285 201 200 253 234 329
r-968 24 0.652174 24 0.974638 65 3816 65 3069 65 72 4537 146 158 4583 196
r-952 24 0.503623 24 0.460145 751 712 665 654 612 1674 1285 1796 803 828 1038
r-904 24 0.641304 24 0.916667 13 248 7 284 18 11 409 19 42 426 24
r-231 24 0.974638 24 0.228261 4 0 0 15 3 15 1 0 4 1 2
r-854 24 0.532609 24 0.336957 458 582 458 772 732 771 1005 1172 655 920 655
r-835 24 0.641304 24 0.311594 47 136 46 217 53 107 164 69 132 183 86
r-521 24 0.684783 24 0.836957 29 191 29 228 35 66 355 53 122 300 121
r-995 24 0.0615942 24 0.865942 3 1 1 3 3 7 2 2 1 2 2
r-120 24 0.525362 24 0.652174 534 1132 534 887 825 1475 2195 962 715 883 721
r-987 24 0.481884 24 0.608696 606 738 696 619 696 784 846 914 692 709 692
r-914 24 0.0144928 24 0.423913 606 21 11 494 65 1350 11 6 662 19 33
r-704 24 0.836957 24 0.586957 383 144 92 177 353 719 156 146 202 161 163
r-611 24 0.315217 24 0.634058 92 226 223 171 102 217 355 229 212 233 170
r-891 24 0.615942 24 0.23913 95 62 96 193 109 245 93 244 144 164 144
r-534 24 0.731884 24 0.713768 478 366 504 627 432 737 489 492 453 659 668
r-773 24 0.75 24 0.742754 637 206 207 239 456 748 319 319 611 532 332
r-361 24 0.565217 24 0.818841 52 208 52 139 73 131 373 82 79 277 125
r-552 24 0.246377 24 0.202899 225 574 224 423 161 278 611 201 809 305 512
r-333 24 0.605072 24 0.307971 207 157 204 277 239 215 388 249 265 198 271
r-705 24 0.514493 24 0.434783 863 780 776 1284 881 1846 1590 1556 1074 930 1056
r-296 24 0.108696 24 0.485507 115 15 25 50 56 131 35 21 63 25 25
r-222 24 0.902174 24 0.764493 290 107 106 225 176 400 91 153 612 211 155
r-991 24 0.65942 24 0.952899 7 453 7 205 14 10 389 5 34 431 34
r-385 24 0.518116 24 0.902174 7 44 12 16 8 8 75 8 16 43 9
r-376 24 0.387681 24 0.782609 92 42 59 153 67 95 62 95 64 117 100
r-724 24 0.518116 24 0.398551 791 601 831 860 737 1620 1069 1326 1071 1591 1019
r-547 24 0.971014 24 0.594203 1359 13 13 609 75 1410 11 6 1202 332 219
r-739 24 0.601449 24 0.858696 40 176 40 155 50 105 393 106 69 111 69
r-104 24 0.923913 24 0.887681 68 19 41 99 36 60 20 43 33655 998 999
r-35 24 0.224638 24 0.528986 96 148 95 238 118 97 108 167 195 167 230
r-537 24 0.130435 24 0.59058 32 23 23 51 55 49 39 39 65 35 35
r-369 24 0.543478 24 0 81 1843 45 987 82 46 1428 78 958 1047 912
r-383 24 0.485507 24 0.181159 54 330 54 157 71 81 401 81 68 257 109
r-1000 24 0.00724638 24 0.0217391 1000000 9 9 1000000 1000000 1000000 5 5 1000000 4 7
r-983 24 0.934783 24 0.289855 8 2 4 16 14 29 4 4 13 2 2
r-492 24 0.0217391 24 0.876812 1 0 0 2 1 2 1 1 2 0 1
r-857 24 0.474638 24 0.771739 112 117 71 302 93 116 279 181 157 212 163
r-211 24 0.826087 24 0.0543478 1 6 1 2 1 1 11 1 1 4 1
r-720 24 0.358696 24 0.663043 91 139 127 353 97 136 220 136 313 178 406
r-599 24 0.528986 24 0.518116 1176 1176 1141 1099 1097 2298 2180 2166 1348 1541 1486
r-827 24 0.688406 24 0.0615942 2 13 2 12 1 3 40 3 6 15 3
r-629 24 0.735507 24 0.894928 4 141 8 71 8 11 184 11 47 389 82
r-378 24 0.0289855 24 0.496377 141 8 8 197 33 224 7 12 280 13 13
r-550 24 0.757246 24 0.731884 486 308 398 404 654 742 465 467 656 338 536
r-596 24 0.949275 24 0.586957 195 10 5 112 48 189 16 16 124 90 49
r-108 24 0.434783 24 0.0326087 5 371 5 142 7 16 335 9 57 373 57
r-223 24 0.576087 24 0.0217391 6 56 6 65 6 8 88 8 11 97 6
r-198 24 0.876812 24 0.51087 56 15 15 56 68 116 24 24 79 34 35
r-783 24 0.126812 24 0.231884 330 49 81 274 235 721 64 64 924 139 161
r-293 24 0 24 0.65942 39 7 7 83 23 68 9 16 84 46 26
r-607 24 0.155797 24 0.800725 5 8 5 20 9 8 9 15 9 9 14
r-338 24 0.684783 24 0.902174 13 178 7 109 17 18 264 10 30 228 50
r-38 24 0.376812 24 0.51087 577 611 590 1206 840 982 1039 1512 973 817 1231
r-765 24 0.347826 24 0.358696 656 652 644 873 625 1567 1376 1227 1073 1150 759
r-133 24 0.297101 24 0.536232 236 174 266 389 226 357 443 343 321 312 356
r-340 24 0.333333 24 1 84 138 83 69 44 86 270 86 28 81 15
r-920 24 0.815217 24 0.666667 629 181 181 449 497 1023 254 177 660 236 235
r-66 24 0.634058 24 0.90942 9 206 9 93 9 15 177 8 157 220 156
r-616 24 0.391304 24 0.173913 86 432 140 463 172 192 702 191 253 537 227
r-391 24 0.73913 24 0.492754 189 124 123 205 132 183 205 206 206 209 192
r-145 24 0.478261 24 0.800725 104 101 104 204 121 108 131 107 137 120 155
r-898 24 0.644928 24 0.51087 620 519 524 494 684 1498 730 676 883 655 755
r-493 24 0.717391 24 0.768116 587 603 597 544 350 883 1510 551 669 1121 661
r-210 24 0.0181159 24 0.76087 3 1 0 6 2 8 1 1 6 3 1
r-301 24 0.15942 24 0.471014 172 20 20 96 76 250 30 30 110 32 32
r-740 24 0.521739 24 0.0398551 8 184 14 120 8 14 266 14 12 284 11
r-769 24 0.206522 24 0.365942 513 227 146 324 467 844 227 271 281 242 159
r-370 24 0.0507246 24 0.539855 67 1 2 90 69 62 4 2 51 9 9
r-930 24 0.971014 24 0.923913 1000000 247 314 1000000 1000000 1000000 254 256 1000000 6666 6771
r-458 24 0.554348 24 0.561594 1455 1474 1454 1479 1468 2880 3228 4340 1320 1476 1260
r-295 24 0.369565 24 0.764493 45 62 45 117 55 66 99 42 118 93 119
r-688 24 0.155797 24 0.771739 9 7 12 29 9 25 22 22 16 21 23
r-772 24 0.318841 24 0.981884 4 14 4 13 4 7 55 3 7 15 4
r-434 24 0.362319 24 0.141304 30 214 30 98 57 68 337 41 94 220 93
r-929 24 0.905797 24 0.532609 109 27 27 60 99 188 43 28 135 44 74
r-520 24 0.688406 24 0.126812 8 37 8 29 11 14 56 10 12 23 12
r-528 24 0.557971 24 0.713768 372 853 295 630 315 490 1539 659 570 704 595
r-453 24 0.278986 24 0.757246 33 33 33 90 60 53 52 53 63 41 63
r-107 24 0.32971 24 0.612319 133 142 165 379 143 207 168 256 425 211 303
r-386 24 0.572464 24 0.188406 48 142 47 95 62 77 134 123 96 140 96
r-582 24 0.471014 24 0.996377 12 311 12 210 23 29 383 19 75 513 55
r-208 24 0 24 0.576087 1685 89 139 815 406 1145 165 95 920 114 90
r-571 24 0.996377 24 0.594203 46626 54 30 37112 423 52353 8 8 46504 18495 18561
r-189 24 0.826087 24 0.771739 486 143 143 499 367 908 196 196 616 265 266
r-392 24 0.601449 24 0.119565 10 44 17 31 23 28 40 17 17 62 27
r-902 24 0.550725 24 0.967391 3 432 3 446 6 9 658 5 29 472 16
r-25 24 0.402174 24 0.65942 235 262 308 413 335 501 528 458 349 383 389
r-345 24 0.213768 24 0.105072 11 225 19 165 14 13 192 14 127 1729 115
r-561 24 0.398551 24 0.166667 47 124 75 134 62 57 347 57 46 97 46
r-341 24 0.514493 24 0.326087 380 271 291 389 385 475 441 503 312 371 381
r-465 24 0.666667 24 0.0797101 2 12 1 10 2 4 24 4 5 16 8
r-12 24 0.652174 24 0.32971 145 119 223 289 162 356 202 243 336 203 229
r-118 24 0.847826 24 0.108696 1 5 1 6 2 2 9 2 4 4 2
r-164 24 0.507246 24 0.315217 344 307 245 453 291 463 606 491 432 643 281
r-956 24 0.76087 24 0.25 22 11 11 45 17 36 17 28 29 24 24
r-817 24 0.5 24 0.934783 7 87 7 45 9 6 130 6 9 69 9
r-948 24 0.677536 24 0.967391 5 2070 5 1214 10 9 2361 5 74 3584 74
r-123 24 0.728261 24 0.565217 1122 394 354 583 1117 1678 615 588 871 467 407
r-184 24 0.655797 24 0.547101 1398 719 720 1092 1338 2876 1370 1286 990 1219 915
r-396 24 0.833333 24 0.0543478 1 4 1 6 1 2 5 2 3 5 1
r-723 24 0.48913 24 0.23913 92 190 101 216 77 102 364 102 134 269 214
r-154 24 0.355072 24 0.351449 992 1406 1000 1225 1175 1680 1926 2555 999 928 981
r-47 24 0.865942 24 0.307971 19 13 7 19 14 25 21 12 33 17 18
r-408 24 0.0253623 24 0.572464 116 2 2 106 35 102 7 7 112 5 5
r-228 24 0.717391 24 0.692029 430 487 658 525 578 714 848 762 850 701 477
r-324 24 0.503623 24 0.0688406 6 87 3 27 3 5 142 9 8 78 14
r-477 24 0.753623 24 0.992754 109 1000000 221 1000000 219 122 1000000 233 2448 1000000 2567
r-501 24 0.518116 24 0.34058 454 334 299 560 330 507 643 507 417 442 410
r-234 24 0.90942 24 0.463768 48 22 13 77 63 125 20 34 92 25 25
r-69 24 0.0326087 24 0.615942 73 2 3 114 153 162 3 3 122 23 13
r-239 24 0.572464 24 0.387681 415 336 432 584 404 483 730 478 433 500 473
r-677 24 0.862319 24 0.0217391 0 2 0 1 0 2 5 2 1 1 0
r-457 24 0.681159 24 0.891304 34 554 59 235 61 83 794 82 152 499 263
r-940 24 1 24 0.0362319 0 0 0 0 0 2 1 2 0 0 0
r-959 24 0.438406 24 0.626812 381 254 380 880 471 696 394 658 798 392 534
r-525 24 0.0362319 24 0.65942 22 4 2 9 17 43 7 4 11 3 6
r-842 24 0.644928 24 0.576087 1376 1025 1063 1240 1250 2601 1823 1895 1312 1364 1242
r-637 24 0.927536 24 0.757246 1004 48 26 589 410 1340 59 32 973 138 136
r-33 24 0.568841 24 0.666667 488 797 607 692 556 783 1496 777 706 1518 620
r-926 24 0.981884 24 0.0434783 0 0 0 0 0 2 0 1 0 0 0
r-175 24 0.695652 24 0.641304 785 502 788 656 673 1787 865 823 732 814 913
r-466 24 0.112319 24 0.923913 1 1 1 1 0 1 4 1 1 1 1
r-812 24 0.677536 24 0.967391 13 3136 13 1316 13 39 3249 40 22 5415 40
r-668 24 1 24 0.775362 1000000 2596 2614 1000000 1000000 1000000 1324 1329 1000000 1000000 1000000
r-996 24 0.942029 24 0.706522 1594 4 4 599 323 2110 11 11 2249 1090 1114
r-18 24 0.42029 24 0.764493 52 66 49 184 90 112 99 75 68 87 68
r-417 24 0.326087 24 0.57971 366 317 212 434 384 395 339 379 595 579 375
r-312 24 0.315217 24 0.949275 3 11 5 13 6 10 22 5 6 10 6
r-286 24 0.942029 24 0.985507 48 1000000 25 1000000 25 57 1000000 56 785214 1000000 787787
r-735 24 0.75 24 0.0398551 0 4 1 2 0 1 20 3 2 4 2
r-475 24 0.721014 24 0.677536 479 443 280 619 437 1217 446 696 514 433 433
r-992 24 0.32971 24 0.442029 1047 534 538 1241 874 1936 985 822 702 373 516
r-622 24 0.90942 24 0.778986 1346 29 29 378 387 2003 64 36 1285 783 466
r-416 24 0.311594 24 0.0978261 8 73 8 56 14 9 97 5 48 211 48
r-289 24 0.898551 24 0.474638 30 9 5 65 47 45 13 7 33 9 9
r-638 24 0.057971 24 0.634058 19 2 4 29 13 34 4 7 39 4 6
r-170 24 0.315217 24 0.644928 74 82 82 259 105 113 202 204 235 210 271
r-486 24 0.615942 24 0.644928 547 643 543 761 475 924 1753 998 858 704 818
r-696 24 0.0978261 24 0.0362319 395 851411 393 383426 570 418 498485 747 248 1000000 218
r-277 24 0.40942 24 0.0144928 16 6885 9 3705 16 26 6441 26 614 5430 372
r-738 24 0.289855 24 0.307971 734 866 776 898 673 1270 1299 1302 674 1085 1023
r-747 24 0.619565 24 0.92029 18 82 17 49 11 15 126 15 34 132 19
r-265 24 0.985507 24 0.677536 51129 181 356 41251 1000 60696 397 279 29593 4314 5304
r-766 24 0.257246 24 0.126812 28 232 28 119 64 66 259 40 63 377 63
r-224 24 0.880435 24 0.514493 100 32 19 60 64 191 50 29 126 24 41
r-423 24 0.0797101 24 0.0217391 1495 1000000 1473 1000000 1716 689 1000000 888 28428 1000000 28623
r-34 24 0.684783 24 0.507246 771 349 542 573 576 1965 902 641 590 592 702
r-443 24 0.202899 24 0.123188 31 163 52 117 33 67 222 40 315 666 366
r-48 24 0.00362319 24 0.355072 811544 82 83 671723 10143 944581 62 62 809304 8523 7690
r-907 24 0.884058 24 0.351449 15 11 18 44 29 25 31 18 36 18 18
r-824 24 0.326087 24 0.199275 188 433 133 310 268 286 810 206 147 313 148
r-598 24 0.503623 24 0.630435 505 993 630 797 510 872 2030 1324 1304 975 849
r-967 24 0.23913 24 0.213768 179 205 139 191 215 240 495 211 387 480 344
r-931 24 0.59058 24 0.405797 272 531 271 468 272 623 1147 590 364 604 368
r-989 24 0.384058 24 0.681159 180 151 189 504 134 192 360 295 258 227 258
r-420 24 0.677536 24 0.192029 24 24 15 60 19 36 41 36 36 35 35
r-103 24 0.518116 24 0.550725 1113 971 875 721 796 1340 1671 1423 1031 961 1199
r-640 24 0.0833333 24 0.728261 8 3 1 22 9 27 3 5 12 9 5
r-584 24 0.583333 24 0.626812 1279 1602 1284 1458 1354 3384 3241 2300 1490 1452 1515
r-670 24 0.148551 24 0.844203 6 7 7 10 6 10 8 13 8 6 10
r-587 24 0.442029 24 0.800725 56 156 56 204 79 142 248 90 141 177 102
r-130 24 0.981884 24 0.873188 1000000 14 29 1000000 1000000 1000000 27 27 1000000 566563 567776
r-866 24 0.514493 24 0.387681 611 567 827 713 578 963 1111 1341 653 830 780
r-527 24 0.333333 24 0.967391 1 11 0 5 1 3 23 1 2 13 1
r-509 24 0.688406 24 0.641304 910 618 621 727 692 1536 1059 1050 894 1132 1121
r-753 24 0.413043 24 0.380435 1063 1103 1290 1533 891 1673 2159 1611 763 1047 793
r-206 24 0.963768 24 0.565217 103 4 4 64 21 275 5 5 255 19 19
r-350 24 0.586957 24 0.286232 219 135 221 254 255 264 242 232 218 272 255
r-626 24 0.307971 24 0.532609 322 146 146 407 346 510 247 299 462 368 362
r-213 24 0.601449 24 0.442029 1168 778 932 1066 936 1477 1268 1356 1162 1053 1045
r-446 24 0.130435 24 0.231884 676 60 104 244 395 824 70 69 720 399 271
r-297 24 0.297101 24 0.869565 6 16 10 29 8 10 17 16 11 18 11
r-122 24 0.333333 24 0.677536 82 170 81 210 149 124 184 125 156 170 242
r-752 24 0.98913 24 0.173913 2 0 0 2 2 5 1 2 2 1 1
r-790 24 0.503623 24 0.996377 8 1298 16 1420 8 23 2343 23 335 1415 266
r-337 24 0.217391 24 0.492754 314 95 115 176 244 404 151 149 156 109 109
r-645 24 0.25 24 0.518116 252 194 211 451 488 608 328 247 537 271 279
r-686 24 0.876812 24 0.467391 44 25 26 75 26 44 24 24 59 30 49
r-569 24 0.115942 24 0.771739 5 2 3 7 12 16 5 5 7 5 3
r-484 24 0.699275 24 0.0326087 0 10 0 8 1 1 20 2 2 13 4
r-829 24 0.112319 24 0.431159 215 18 31 128 76 225 29 29 169 40 40
r-710 24 0.144928 24 0.90942 2 3 1 2 1 3 6 2 3 3 2
r-379 24 0.394928 24 0.355072 749 708 749 742 513 943 1326 920 950 795 707
r-744 24 0.768116 24 0.865942 106 518 63 333 135 98 937 82 612 809 824
r-727 24 0.376812 24 0.431159 1876 937 1031 1245 1053 2375 1718 1751 1433 1297 1053
r-834 24 0.445652 24 0.557971 464 757 463 615 448 790 912 966 973 814 645
r-896 24 0.315217 24 0.456522 1004 507 434 725 828 2038 760 1052 893 722 719
r-917 24 0.757246 24 0.826087 106 328 107 324 120 157 564 200 535 292 322
r-751 24 0.351449 24 0.351449 557 871 556 594 488 1085 1095 980 977 575 682
r-343 24 0.507246 24 0.710145 311 672 481 770 341 626 1335 548 497 479 333
r-971 24 0.836957 24 0.0543478 1 2 0 2 1 3 9 3 2 2 2
r-869 24 0.105072 24 0.286232 268 31 52 180 251 341 73 44 365 55 33
r-653 24 0.894928 24 0.876812 15 12 6 8 14 18 14 8 311 27 15
r-743 24 0.550725 24 0.344203 361 415 360 527 381 684 558 547 332 485 331
r-394 24 0.32971 24 0.0398551 6 1311 6 921 3 5 1854 9 116 1699 65
r-81 24 0.246377 24 0.916667 1 8 2 7 2 4 15 4 2 12 2
r-161 24 0.405797 24 0.192029 139 336 80 222 91 115 425 182 114 283 180
r-646 24 0.442029 24 0.666667 150 226 230 301 156 242 243 317 183 272 232
r-855 24 0.115942 24 0.358696 202 10 6 61 58 228 8 14 300 35 35
r-666 24 0.59058 24 0.188406 31 41 36 65 28 35 102 56 86 72 85
r-432 24 0.804348 24 0.181159 10 10 6 14 7 10 16 10 17 7 17
r-562 24 0.336957 24 0.057971 13 256 21 199 13 24 317 16 23 568 40
r-610 24 0.134058 24 0.15942 54 49 49 76 46 93 52 58 196 136 86
r-318 24 0.152174 24 0.228261 411 100 161 399 283 542 137 226 334 192 191
r-798 24 0.927536 24 0.59058 91 25 26 106 32 159 19 32 201 19 17
r-802 24 0.0688406 24 0.789855 8 2 1 4 7 15 2 4 6 1 1
r-225 24 1 24 0.565217 21423 2467 2405 19897 8423 28318 2421 2398 21050 13112 13152
r-282 24 0.362319 24 0.224638 88 287 56 142 63 124 347 116 156 212 246
r-431 24 0.101449 24 0.880435 1 1 1 3 2 2 2 2 1 1 2
r-14 24 0.731884 24 0.717391 547 669 623 518 485 818 650 651 481 424 516
r-805 24 0.344203 24 0.268116 483 609 352 545 337 533 1135 560 668 626 557
r-278 24 0.692029 24 1 201 1000000 377 1000000 374 145 1000000 146 139552 1000000 132526
r-327 24 0.923913 24 0.644928 218 21 37 76 103 304 33 33 251 57 57
r-606 24 0.141304 24 0.887681 6 5 6 5 6 11 5 6 9 7 9
r-639 24 0.615942 24 0.057971 1 20 3 13 2 3 34 5 7 28 4
r-555 24 0.452899 24 0.956522 4 19 4 12 5 7 55 7 14 20 7
r-7 24 0.826087 24 0.26087 17 23 24 36 27 27 23 23 35 13 21
r-85 24 0 24 0.916667 0 0 0 1 0 3 1 2 1 0 0
r-825 24 0.673913 24 0.355072 244 166 118 250 230 248 190 287 333 419 366
r-403 24 0.721014 24 0.597826 804 427 369 519 553 1497 628 853 445 627 400
r-262 24 0.518116 24 0.442029 836 729 756 1339 724 1677 1208 1474 1090 923 889
r-563 24 0.0797101 24 0.967391 0 0 0 1 0 1 2 1 0 0 0
r-522 24 0.713768 24 0.688406 574 363 362 419 346 688 597 594 1047 518 425
r-174 24 0.826087 24 0.561594 120 37 59 84 126 224 54 54 172 107 108
r-141 24 0.891304 24 0.210145 10 9 9 14 9 19 14 14 8 5 9
r-523 24 0.931159 24 0.210145 8 2 1 7 9 8 2 5 5 6 5
r-847 24 0.644928 24 0.275362 61 73 39 137 47 86 86 54 98 180 154
r-445 24 0.5 24 0.351449 406 685 361 670 282 428 2056 438 360 518 360
r-86 24 0.916667 24 0.485507 71 15 8 83 100 170 13 22 50 25 15
r-84 24 0.800725 24 0.40942 49 17 17 62 35 47 25 40 35 28 45
r-573 24 0.365942 24 0.905797 12 18 7 17 13 10 51 11 12 29 7
r-349 24 0.289855 24 0.40942 608 365 413 771 834 1192 641 738 545 375 375
r-960 24 0.460145 24 0.0289855 7 156 7 280 7 5 390 9 15 132 15
r-212 24 0.583333 24 0.608696 1122 1304 1126 1227 1043 2171 2445 2076 1530 1300 1322
r-893 24 0.192029 24 0.778986 10 10 6 23 18 16 10 10 16 12 12
r-302 24 0.811594 24 0.311594 51 31 31 71 35 86 84 84 41 65 66
r-310 24 0.434783 24 0.98913 7 127 7 263 6 18 379 9 25 161 25
r-346 24 0.293478 24 0.0144928 5149 66007 2733 64361 2816 2718 78254 2650 1712 71409 1118
r-137 24 0.307971 24 0.811594 15 17 15 43 20 39 48 24 27 29 44
r-642 24 0.318841 24 0.221014 286 666 452 341 313 449 830 521 354 535 328
r-946 24 0.228261 24 0.971014 0 14 0 2 1 1 27 2 2 4 1
r-149 24 0.949275 24 0.246377 12 2 2 6 7 10 4 2 4 3 1
r-654 24 0.351449 24 0.503623 537 880 591 601 532 918 1022 1144 1176 606 728
r-714 24 0.663043 24 0.445652 446 509 509 1008 493 788 883 881 804 601 601
r-196 24 0.876812 24 0.235507 3 2 2 5 5 6 3 3 6 5 5
r-685 24 0.5 24 0.40942 921 1224 959 1062 858 1650 2585 1670 1084 1486 1081
r-23 24 0.73913 24 0.673913 564 277 439 372 500 944 427 427 385 650 448
r-75 24 0.597826 24 0.51087 836 777 727 655 887 1489 974 976 889 812 746
r-82 24 0.34058 24 0.00724638 114 20199 205 8527 197 261 11584 147 362 7091 275
r-160 24 0.956522 24 0.597826 1619 6 12 1608 174 2300 8 15 2279 86 85
r-795 24 0.144928 24 0.836957 4 4 4 6 2 4 4 4 6 3 6
r-507 24 0.818841 24 0.528986 208 44 71 140 161 246 93 91 178 141 88
r-382 24 0.601449 24 0.597826 1200 1317 1326 1227 1195 2267 2331 2402 1283 1426 1377
r-257 24 0.891304 24 0.463768 31 10 6 34 42 77 9 15 25 11 11
r-179 24 0.927536 24 0.460145 40 7 4 126 42 113 6 12 87 66 37
r-514 24 0.84058 24 0.800725 405 128 180 207 377 374 272 164 289 679 868
r-447 24 0.778986 24 0.40942 73 47 75 115 77 117 105 75 171 97 137
r-79 24 0.82971 24 0.902174 4 31 8 18 8 5 28 5 6 36 6
r-117 24 0.485507 24 0.155797 42 161 26 119 29 64 199 64 86 149 56
r-878 24 0.84058 24 0.17029 12 10 10 20 12 20 10 17 19 12 7
r-435 24 0.278986 24 0.445652 912 462 372 688 815 1855 693 696 606 563 588
r-165 24 0.539855 24 0.67029 437 814 438 654 444 795 1633 755 590 635 609
r-30 24 0.123188 24 0.518116 77 10 10 77 79 127 28 17 134 27 27
r-50 24 0.0253623 24 0.92029 0 0 0 1 0 2 1 1 1 0 0
r-570 24 0.134058 24 0.521739 106 13 13 182 84 96 32 32 85 49 30
r-124 24 0.467391 24 0.735507 112 131 125 204 214 180 187 179 166 124 256
r-701 24 0.525362 24 0 182 2853 186 1195 105 116 2678 185 190 1464 338
r-411 24 0.228261 24 0.576087 133 184 182 249 156 316 199 200 244 182 182
r-803 24 0.15942 24 0.195652 160 109 127 200 136 222 160 159 298 432 440
r-678 24 0.764493 24 0.286232 100 56 78 162 72 161 125 125 127 76 120
r-8 24 0.25 24 0.702899 29 26 16 78 23 42 25 41 44 46 72
r-440 24 0.15942 24 0.416667 180 80 80 161 162 439 83 84 238 143 113
r-617 24 0.978261 24 0.112319 1 0 0 1 1 5 1 2 2 1 0
r-689 24 0.0978261 24 0.742754 5 4 7 11 8 11 6 6 8 4 7
r-544 24 0.206522 24 0.452899 304 96 96 150 269 398 242 155 167 97 130
r-134 24 0.644928 24 0.927536 12 397 7 267 7 9 587 9 30 930 30
r-487 24 0.48913 24 0.608696 452 687 546 530 437 1013 763 898 821 927 823
r-246 24 0.0217391 24 0.26087 19685 29 16 17557 544 20830 25 13 12667 821 823
r-583 24 0.547101 24 0.630435 593 672 584 611 573 1045 1314 1411 800 713 535
r-734 24 0.15942 24 0.554348 79 25 41 136 61 143 64 40 89 97 97
r-373 24 0.503623 24 0.228261 126 82 127 137 89 151 126 155 96 165 150
r-258 24 0.981884 24 0.73913 94371 120 171 75392 2103 100242 260 123 110679 2487 3343
r-157 24 0.0289855 24 0.0833333 1000000 61 30 1000000 264068 1000000 30 30 1000000 1235 1540
r-461 24 0.300725 24 0.268116 226 452 225 273 201 355 474 428 497 403 388
r-912 24 0.644928 24 0.65942 319 470 319 422 348 544 744 540 677 555 676
r-229 24 0.666667 24 0.974638 4 4250 4 2099 9 13 4938 13 196 4768 251
r-220 24 0.73913 24 0.811594 100 374 85 272 85 112 601 113 113 192 113
r-236 24 0.282609 24 0.862319 10 26 17 41 12 16 72 27 20 55 19
r-367 24 0.355072 24 0.963768 5 60 2 44 2 8 100 4 4 29 8
r-664 24 0.706522 24 0.847826 77 617 75 476 148 170 789 168 217 721 165
r-60 24 0.894928 24 0.195652 8 6 6 4 5 9 8 9 7 2 2
r-682 24 0.949275 24 0.373188 33 2 2 16 12 34 4 7 16 4 7
r-73 24 0.326087 24 0.380435 753 725 780 732 698 1279 1142 1133 656 704 703
r-3 24 0.793478 24 0.467391 113 88 88 144 87 113 143 91 177 87 87
r-698 24 0.724638 24 0.391304 97 69 108 168 115 240 169 108 163 236 154
r-195 24 0.731884 24 0.663043 360 266 186 272 296 653 442 285 451 375 390
r-460 24 0.942029 24 0.539855 209 2 4 104 23 341 3 3 433 30 16
r-410 24 0.347826 24 0.568841 505 403 417 777 445 713 655 653 877 627 857
r-491 24 0.905797 24 0.51087 127 7 12 45 31 223 19 19 93 67 68
r-353 24 0.347826 24 0.076087 17 418 10 377 16 25 659 25 97 312 96
r-732 24 0.126812 24 0.394928 138 41 41 93 179 256 100 100 113 70 64
r-742 24 0.916667 24 0.623188 161 6 7 109 49 229 15 9 213 26 15
r-771 24 0.307971 24 0.076087 3 624 3 334 5 3 477 6 53 622 95
r-464 24 0.507246 24 0.836957 25 114 26 130 56 42 323 70 73 86 45
r-915 24 0.231884 24 0.688406 40 80 79 151 49 97 81 81 134 75 110
r-112 24 0.105072 24 0.202899 1747 227 228 560 815 1663 165 280 1911 310 461
r-846 24 0.65942 24 0.181159 23 39 23 57 41 57 61 56 64 54 45
r-143 24 0.644928 24 1 295425 676352 292069 643372 292403 264593 756264 263862 8476 675303 6693
r-54 24 0.891304 24 0.644928 133 26 15 131 109 319 37 37 220 54 54
r-643 24 0.460145 24 0.807971 53 68 87 135 111 107 64 107 83 59 84
r-947 24 0.496377 24 0.728261 417 433 394 613 309 676 482 574 669 543 525
r-31 24 0.26087 24 0.557971 131 91 91 196 208 208 215 219 170 155 244
r-953 24 0.644928 24 0.0144928 1 32 1 9 1 1 92 1 2 19 1
r-692 24 0.282609 24 0.757246 26 59 42 80 31 67 59 67 80 52 81
r-146 24 0.0181159 24 0.666667 113 4 4 63 26 91 5 5 21 5 10
r-227 24 0.786232 24 0.40942 104 51 50 121 98 105 44 44 141 78 50
r-241 24 0.98913 24 0.347826 52 2 2 50 13 42 4 4 26 6 6
r-105 24 0.195652 24 0.677536 25 16 16 89 32 58 26 42 46 36 58
r-965 24 0.188406 24 0.210145 185 197 121 271 170 250 270 272 293 220 217
r-183 24 0.293478 24 0.76087 27 61 44 70 34 68 61 42 79 68 50
r-538 24 0.98913 24 0.32971 37 4 2 56 36 39 3 6 26 3 6
r-17 24 0.778986 24 0.681159 613 147 147 321 466 1275 226 226 328 322 203
r-999 24 0.981884 24 0.73913 483876 35 39 297423 9689 549196 101 108 558202 1804 2357
r-444 24 0.358696 24 0.913043 3 21 5 9 3 4 39 8 8 22 4
r-560 24 0.192029 24 0.84058 4 5 4 18 5 13 16 13 8 11 9
r-624 24 0.876812 24 0.844203 70 59 34 130 71 113 69 70 263 309 257
r-46 24 0.65942 24 0.692029 563 532 362 304 472 803 600 612 576 773 487
r-832 24 0.572464 24 0.0688406 6 33 6 13 5 4 54 7 6 65 11
r-303 24 0.637681 24 0.945652 15 504 8 203 9 22 584 12 51 462 28
r-628 24 0.913043 24 0.768116 624 35 36 270 352 801 63 42 923 674 432
