mcsplit mcsplit-h mcsplit+f mcsplit+fmm mcsplit+bigf mcsplit-swapped mcsplit+S
102514 125965 112709 128204 96457 98745 102063
416 530 551 539 336 435 299
2 3 2 3 2 1 1
268176 322617 364328 406968 257331 338657 267791
921 1243 1746 1662 967 1370 920
64047 77304 80817 88544 55138 68227 68238
1864 1926 1893 2429 1231 1525 2101
28 20 43 47 25 35 18
1000000 1000000 1000000 1000000 1000000 1000000 1000000
1000000 1000000 1000000 1000000 1000000 1000000 1000000
1000000 1000000 1000000 1000000 1000000 1000000 1000000
3 2 3 3 4 4 1
445 695 503 479 383 450 610
1000000 1000000 1000000 1000000 949437 1000000 1000000
176 321 348 381 243 187 214
1000000 1000000 1000000 1000000 1000000 1000000 1000000
3273 3645 3633 4047 2853 3412 3225
980898 1000000 1000000 1000000 930207 1000000 984449
233 284 440 336 318 405 254
1000000 1000000 1000000 1000000 1000000 1000000 1000000
15 17 5 6 13 5 3
232 276 138 149 223 198 232
0 0 0 0 0 1 0
363150 402890 693776 773405 348717 474464 362659
3 5 2 3 1 1 2
1 0 1 1 1 1 0
21337 22610 45331 47727 17660 21544 21443
0 0 0 0 0 0 0
6104 6881 17156 18898 5587 16335 5838
634382 716373 744852 831758 571297 715802 634484
614 563 483 626 615 455 443
16 18 26 28 23 16 25
1000000 1000000 1000000 1000000 1000000 1000000 1000000
209 225 591 372 183 218 389
32371 40996 24405 27086 24187 17109 32445
0 0 0 0 0 0 0
2211 2897 2613 2911 2623 2207 1927
298335 327033 526850 561389 277074 437455 298883
5 6 11 12 5 6 5
7 14 4 2 6 3 7
7 5 13 14 4 12 4
0 0 0 1 0 1 0
0 0 0 0 0 0 0
0 0 0 0 0 0 0
64948 70690 80381 87786 63594 79374 65104
0 0 0 0 0 0 0
16901 19489 17238 19017 15930 16283 16850
340204 373075 296980 329686 325286 219340 339249
0 0 0 0 0 0 0
36955 40386 67972 70547 29675 43522 36756
266 297 461 476 427 361 401
200524 230638 217203 231421 183589 166687 197510
12325 14522 19077 21385 10465 13827 14014
1 1 1 1 1 1 1
1000000 1000000 1000000 1000000 1000000 1000000 1000000
4 5 4 4 6 3 3
1000000 1000000 1000000 1000000 1000000 1000000 1000000
1 1 1 1 0 1 1
2 4 4 2 3 2 2
552 616 396 462 328 552 562
13872 15387 32226 33081 11462 32037 13906
717 967 1018 677 822 518 518
1000000 1000000 1000000 1000000 1000000 1000000 1000000
0 0 0 0 0 0 0
29762 39037 48154 52325 28273 39108 29493
5 3 6 6 2 3 5
1 0 1 0 1 1 0
30 41 37 25 69 79 80
0 0 0 0 0 0 0
8 10 13 8 8 10 8
1000000 1000000 1000000 1000000 936501 1000000 1000000
1000000 1000000 1000000 1000000 1000000 1000000 1000000
0 0 0 0 0 0 0
655062 761130 797060 906727 578436 754771 690019
1000000 1000000 1000000 1000000 1000000 1000000 1000000
1 1 1 1 1 1 1
3558 3946 5593 4414 3404 3500 3470
0 0 0 0 1 0 0
14 65 24 17 14 9 14
127 83 64 71 132 52 72
0 0 0 0 0 0 0
2584 3071 4707 4228 2483 4594 2580
1000000 1000000 1000000 1000000 1000000 1000000 1000000
129550 148828 406038 449064 114482 285747 130161
202389 222430 356689 396276 176806 290019 202843
154752 151998 161696 171449 131531 125457 126293
7 7 4 11 6 4 7
625 442 706 595 549 633 412
0 0 0 0 0 0 0
1 1 2 2 1 2 1
1000000 1000000 1000000 1000000 1000000 1000000 1000000
0 0 0 0 0 0 0
183 148 98 102 198 62 204
5 10 15 15 7 8 8
3584 6777 5789 7203 3856 4899 3676
8 9 6 3 8 5 8
0 0 0 0 0 0 0
0 1 0 1 1 1 1
1806 2251 1623 1729 1678 1469 1631
2 2 2 2 2 1 2
2518 2489 4613 4730 2293 3550 2489
3 3 6 6 3 7 3
422 657 604 443 372 548 326
0 0 0 0 0 0 0
1000000 1000000 1000000 1000000 1000000 1000000 1000000
1000000 1000000 1000000 1000000 1000000 1000000 1000000
24 15 12 7 13 6 6
0 0 0 0 0 0 0
1000000 1000000 1000000 1000000 1000000 1000000 1000000
2 2 1 3 1 4 2
1000000 1000000 1000000 1000000 1000000 1000000 1000000
1000000 1000000 624368 642578 937541 417899 1000000
526 240 623 593 342 421 532
4106 5082 4696 5049 4099 4096 4015
20 33 29 19 11 11 27
11778 12829 13284 12882 10865 9453 9325
93504 107279 104581 117927 85068 93806 93826
50 107 29 53 48 12 12
195 142 151 234 112 206 117
0 0 0 0 0 0 0
867 755 643 1166 753 677 1214
15000 16825 22052 23568 12879 15273 15367
1000000 1000000 1000000 1000000 1000000 1000000 1000000
139779 147043 296708 313104 132351 193166 193908
9 17 10 10 8 8 18
2 3 5 5 2 5 5
2 2 3 3 2 1 3
2 2 1 1 1 2 1
85 91 57 111 86 56 86
1146 668 735 1277 754 579 697
910 730 752 858 654 773 627
34012 39150 166831 177985 34429 140967 33655
4697 5689 3749 4091 3985 4043 4840
1000000 1000000 1000000 1000000 1000000 1000000 1000000
0 0 0 0 0 0 0
0 0 0 0 0 0 0
11 15 6 12 9 8 5
1000000 1000000 1000000 1000000 1000000 1000000 1000000
86766 97936 278512 301210 81742 205624 87242
62528 70834 97327 109357 55854 82722 62503
1000000 1000000 1000000 1000000 1000000 1000000 1000000
22 25 31 34 18 19 21
1000000 1000000 1000000 1000000 1000000 1000000 1000000
300984 388626 313353 343483 274904 262100 262527
14 7 12 12 6 8 8
439 594 482 533 596 472 480
1876 2520 2015 2040 1874 1768 1861
278 393 512 810 378 378 280
3 4 2 3 3 1 3
60565 65853 144909 157190 53818 111842 61436
1 1 0 0 1 0 1
1000000 1000000 1000000 1000000 1000000 1000000 1000000
45276 48834 76288 83332 46473 55029 45521
4 4 3 6 6 6 4
892 1053 352 580 551 331 716
9533 11019 10913 12080 8905 9825 9409
0 0 0 0 0 0 0
13 14 9 10 12 8 13
0 0 0 0 0 0 0
19 12 20 37 12 39 19
0 0 0 0 0 0 0
7080 8434 6772 6868 6886 8243 6856
328714 432912 331438 360065 308591 321517 321213
4 5 3 4 4 4 8
1675 1910 1367 1341 1246 1663 1219
11 21 21 13 18 20 11
702817 812685 775201 850119 643577 632083 696043
1266 1027 915 1037 950 607 936
16682 17922 20637 23114 13948 15972 15809
1 2 3 3 1 3 2
95 66 114 201 57 164 94
2 2 2 1 1 2 1
18 25 23 40 24 30 30
402 413 647 428 237 446 378
1066 865 1286 1166 1005 955 960
1 2 3 3 1 2 1
1000000 1000000 1000000 1000000 1000000 1000000 1000000
0 0 0 1 0 0 0
0 0 0 0 0 0 0
0 0 0 0 0 0 0
0 0 0 0 0 0 0
145 177 100 63 82 56 147
1000000 1000000 1000000 1000000 1000000 1000000 1000000
1000000 1000000 1000000 1000000 1000000 1000000 1000000
1000000 1000000 1000000 1000000 1000000 1000000 1000000
131 241 222 148 189 219 166
0 0 0 0 0 0 0
0 0 0 0 0 0 0
335381 377383 416456 448608 304149 217617 216866
9331 11116 10067 11418 7702 8456 9277
18502 19076 64445 68456 17421 39875 18720
93708 110412 106370 117597 87039 98072 98005
119233 137731 327131 363912 105260 284014 119580
7 13 13 14 6 10 7
260 274 175 184 193 156 154
58 61 134 143 56 70 102
1000000 1000000 1000000 1000000 1000000 1000000 1000000
0 1 1 1 1 1 0
0 0 0 0 0 0 0
41484 47145 31712 35475 40279 26429 41348
201627 229225 299152 315159 186846 216717 215319
119100 132788 170013 182393 107199 103205 117252
1578 1650 1941 1605 1954 1121 1234
3 5 2 4 2 2 3
1470 1382 1549 1424 953 1144 1230
153 169 167 176 83 77 93
0 0 0 0 0 0 0
19418 20521 25283 27121 18072 22202 19383
1000000 1000000 1000000 1000000 1000000 1000000 1000000
3881 3858 5198 5349 3387 3769 3736
83 101 80 86 101 52 83
1 0 0 0 0 1 1
43 29 40 73 43 40 43
0 0 0 0 0 0 0
3641 3570 5328 5389 3192 5600 3601
108 95 86 139 64 141 108
0 0 1 1 0 0 0
5550 6760 15560 17289 5298 13049 13056
338655 383107 435863 484975 290899 294496 339071
3886 4571 4574 4918 3567 4906 3713
1000000 1000000 1000000 1000000 1000000 1000000 1000000
2106 2543 605 647 2008 840 2107
12994 15464 13037 13659 11319 8834 12910
1000000 1000000 1000000 1000000 1000000 1000000 1000000
55339 64755 61617 67665 49584 55320 55500
6420 7345 6701 7346 6131 5307 6434
1000000 1000000 1000000 1000000 1000000 1000000 1000000
1000000 1000000 1000000 1000000 1000000 1000000 1000000
56559 60983 147447 154812 45160 102039 58400
1000000 1000000 1000000 1000000 1000000 1000000 1000000
2960 2315 2810 2946 1938 2033 3025
192 210 217 378 179 179 279
54214 58051 64157 69655 51074 52194 54265
0 0 0 0 0 0 0
2 4 2 2 2 4 4
382 307 295 277 258 300 322
22 21 32 19 17 30 20
0 0 0 0 0 0 0
2329 2445 5629 6546 2518 5019 2907
433 539 348 377 522 183 296
2399 2798 2558 2191 2212 1885 2714
17829 18341 30862 31858 16808 20909 17864
10426 11507 10775 14228 10090 12980 10345
1000000 1000000 1000000 1000000 1000000 1000000 1000000
419 570 846 549 600 811 389
18445 18877 28354 30608 14937 18491 17662
1 1 1 0 1 1 1
0 0 0 0 0 0 0
0 0 0 0 0 0 0
32 20 71 42 31 59 49
8515 10597 3076 3538 8000 2646 8438
6 6 5 4 2 2 2
1000000 1000000 1000000 1000000 1000000 1000000 1000000
108394 120357 265316 287305 96771 192805 108339
0 0 0 0 0 0 0
194 168 185 358 144 458 260
18 33 30 32 17 17 30
1062 1275 1322 1417 893 792 1336
0 0 0 0 0 0 0
110712 120714 110634 113066 92530 64594 111520
376496 432930 324466 364111 333503 267065 376873
400 398 440 742 363 735 340
378618 425739 500225 548575 342638 402683 380518
86507 101907 131027 149771 75505 106690 86224
32239 36044 62257 67445 29765 65470 32691
2333 2434 2492 2743 1966 2423 2094
0 0 0 0 0 0 0
0 1 1 1 1 1 1
22553 25097 30379 33246 21126 23143 23073
701 827 921 1229 1840 1874 939
177 317 203 217 276 243 282
74 86 100 66 68 59 73
2 0 1 1 1 1 2
690 540 710 541 470 444 602
644322 688297 1000000 1000000 589214 863325 651750
1000000 1000000 1000000 1000000 1000000 1000000 1000000
0 0 0 0 0 0 0
2 3 2 2 1 3 2
90596 93379 133925 146373 83855 109048 108876
160722 173012 569322 588510 119432 298709 159537
55 100 57 64 87 99 91
1000000 1000000 1000000 1000000 1000000 1000000 1000000
57 61 85 51 95 72 101
22 28 21 23 16 29 29
135 177 258 168 146 229 140
470 409 354 425 268 416 281
1000000 1000000 1000000 1000000 1000000 1000000 1000000
1000000 1000000 1000000 1000000 1000000 1000000 1000000
1000000 1000000 1000000 1000000 1000000 1000000 1000000
138799 173405 141345 160370 130776 127427 127453
3834 3551 4459 4844 3410 3412 3351
5944 7091 4470 4411 5796 3825 3762
1000000 1000000 1000000 1000000 1000000 1000000 1000000
9 10 6 6 4 6 9
3 4 3 3 1 2 2
1000000 1000000 1000000 1000000 1000000 1000000 1000000
3834 4184 3034 4701 3726 2518 3843
0 0 0 0 0 0 0
0 0 0 0 0 0 0
1000000 1000000 1000000 1000000 1000000 1000000 1000000
414 313 221 205 242 292 239
0 0 0 0 0 0 0
25 32 16 19 8 10 25
390 527 545 547 506 522 335
27 35 21 27 22 23 31
0 0 0 0 0 0 0
1000000 1000000 1000000 1000000 1000000 1000000 1000000
1 1 1 1 1 1 1
439 283 622 424 232 281 256
0 0 0 0 0 0 0
0 0 0 0 0 0 0
1000000 1000000 1000000 1000000 1000000 1000000 1000000
4 3 3 3 4 4 4
147 180 101 160 86 92 89
805 822 981 1206 882 794 735
1000000 1000000 1000000 1000000 1000000 1000000 1000000
22 24 14 15 19 23 13
0 0 0 0 0 0 0
1000000 1000000 1000000 1000000 1000000 1000000 1000000
7 10 11 7 10 13 11
1928 1342 1685 1920 1487 1651 1973
714 861 1149 1393 846 1073 669
4221 4882 3895 4362 3941 3670 4435
1000000 1000000 1000000 1000000 1000000 1000000 1000000
1000000 1000000 1000000 1000000 1000000 1000000 1000000
0 0 0 0 0 0 0
0 0 0 0 0 0 0
1000000 1000000 828933 879849 1000000 500632 1000000
0 0 0 0 0 0 0
1000000 1000000 1000000 1000000 1000000 1000000 1000000
2 4 3 3 4 3 4
1000000 1000000 1000000 1000000 1000000 1000000 1000000
0 0 0 0 0 0 0
45 47 189 179 25 465 45
1000000 1000000 1000000 1000000 1000000 1000000 1000000
102999 121767 125861 138433 97520 104589 103172
1000000 1000000 1000000 1000000 1000000 1000000 1000000
1 1 1 1 1 0 0
1000000 1000000 1000000 1000000 1000000 1000000 1000000
8733 10243 16386 17723 9169 15502 8805
20 49 7 12 16 13 32
0 0 0 0 0 0 0
9 11 10 6 12 6 6
1000000 1000000 1000000 1000000 1000000 1000000 1000000
404 413 378 229 234 166 169
190 157 203 372 136 190 244
983 1414 1570 1732 893 1034 1103
2 2 0 1 2 1 1
31934 43607 205222 226675 30727 207699 207246
925478 1000000 1000000 1000000 856706 1000000 922363
4 5 5 3 2 3 2
98167 117500 85233 93706 85808 66016 65998
33372 39120 37831 40807 31600 32545 32469
0 0 0 0 0 0 0
2 1 1 2 2 1 2
983527 1000000 1000000 1000000 832318 1000000 1000000
1000000 1000000 1000000 1000000 1000000 740932 1000000
5713 6444 4888 5056 4758 3167 5866
197 210 210 291 249 186 349
1 2 2 3 1 2 1
7957 9304 8166 9322 7699 7195 8242
1000000 1000000 1000000 1000000 1000000 1000000 1000000
823 974 1190 1149 756 963 818
1000000 1000000 1000000 1000000 1000000 1000000 1000000
1926 2058 1885 1927 1597 1763 1658
3 2 5 6 2 3 3
1675 1754 1531 1913 1265 1828 1339
1000000 1000000 1000000 1000000 1000000 1000000 1000000
0 0 1 1 0 0 0
962 1171 255 269 1103 216 217
47 59 107 74 64 105 74
10854 14059 7804 8700 8967 5807 11303
104 131 173 180 109 143 126
114 142 150 167 100 131 112
1000000 1000000 1000000 1000000 924778 744785 1000000
112 122 111 120 59 48 48
10 8 18 12 6 15 10
178 200 378 296 249 358 289
261288 313518 300502 342444 243371 272707 272687
78023 83999 132553 141476 72995 101565 78304
18080 21593 19677 21547 16547 17538 17621
0 0 0 0 0 0 0
2077 2181 1619 1780 1750 1318 1967
15 16 13 8 8 11 11
248599 256971 579790 610465 197260 406847 246747
1000000 1000000 1000000 1000000 1000000 1000000 1000000
32 38 57 39 41 55 32
201913 230890 435243 483630 180168 400895 204847
0 0 0 0 0 0 0
118 80 119 111 114 48 79
228 407 460 296 370 383 229
133401 155253 217121 233217 131830 184951 134221
51580 55793 78001 82856 40780 50918 50208
1 1 0 0 0 1 1
344 554 337 376 315 408 410
210705 239878 1000000 1000000 214883 826152 210834
11163 14353 10654 11706 10101 10101 11230
0 0 0 0 0 0 0
3627 4362 4826 5261 3784 4341 3944
51665 61081 72908 78968 48665 70196 70337
37 42 42 45 34 36 37
2 1 2 2 2 1 1
70 45 107 112 43 106 69
1000000 1000000 1000000 1000000 960295 789581 805830
1000000 1000000 1000000 1000000 1000000 1000000 1000000
16 18 28 30 14 15 27
1000000 1000000 1000000 1000000 1000000 1000000 1000000
0 0 0 0 0 0 0
131658 145197 168434 181269 116000 120076 132038
12206 14547 2961 3016 11993 2485 12212
21 13 38 38 11 38 12
0 0 0 0 0 0 0
3495 3780 3619 3973 3159 2386 3416
2935 2454 2799 2998 2309 2556 2276
583 658 355 372 364 456 455
8 8 10 10 7 9 8
2432 2303 2064 2345 1807 1560 2714
98 79 89 101 56 102 67
1000000 1000000 1000000 1000000 1000000 1000000 1000000
322664 422270 291757 321932 287259 254554 254307
111804 118701 115481 122233 88659 92881 110827
0 0 0 0 0 0 0
20655 24036 20025 21151 25056 23882 21876
23 24 31 34 39 26 40
2 2 2 2 2 1 1
3 7 6 3 3 4 6
21357 23327 23072 25585 18934 19181 19075
2 4 4 2 3 4 3
12 13 11 11 19 9 23
41 51 32 55 35 46 29
0 1 1 0 0 0 0
1000000 1000000 1000000 1000000 1000000 1000000 1000000
1000000 1000000 1000000 1000000 1000000 1000000 1000000
9303 10125 15468 16884 8181 12423 9394
0 0 0 0 0 0 0
10832 9416 20051 22395 10224 19544 10883
1 0 0 0 1 2 1
2 2 2 4 1 3 2
1000000 1000000 1000000 1000000 1000000 1000000 1000000
1846 2263 2221 3128 1642 1996 1855
890868 1000000 1000000 1000000 786412 979506 983929
2 2 1 1 1 2 1
1000000 1000000 1000000 1000000 1000000 1000000 1000000
11020 12179 3437 3893 10085 3266 11025
0 0 0 1 0 0 0
9446 10476 9235 9816 7111 4598 10233
4 4 6 7 3 3 3
3 4 4 4 3 3 3
1000000 1000000 1000000 1000000 1000000 1000000 1000000
0 1 1 2 1 0 0
62 68 89 169 101 126 110
652684 748831 752828 823705 568949 611626 655768
1577 1757 2494 2603 1561 2549 1912
0 0 0 0 0 0 0
4677 5559 3287 3777 5030 2994 4936
3545 3856 3869 4038 3751 3102 3513
7173 6736 7998 8971 5069 4606 5845
496401 537416 880015 961188 466822 604282 505870
467 490 825 689 502 664 636
12638 15711 10226 11417 10908 8699 8805
52 166 35 153 53 200 52
5045 5040 13585 14354 4268 11537 4996
267 292 149 157 205 131 477
147 276 203 220 129 176 237
5866 7348 7269 8182 5214 6707 6164
1000000 1000000 1000000 1000000 1000000 1000000 1000000
340308 401607 545479 597325 290915 350549 355909
1000000 1000000 1000000 1000000 1000000 1000000 1000000
110707 127445 150849 168267 108165 147324 110378
0 0 0 0 0 0 0
273 496 230 343 218 176 273
1277 1295 1563 1613 1031 1350 1259
0 0 0 0 0 0 0
1497 1343 1361 1655 1173 915 1346
56137 62163 82132 85795 41589 48534 54337
0 0 0 0 0 1 1
1000000 1000000 1000000 1000000 1000000 1000000 1000000
7 7 5 5 5 5 7
1000000 1000000 1000000 1000000 1000000 1000000 1000000
1 0 0 0 0 0 1
0 0 0 0 0 0 0
547 418 550 865 313 432 462
1 1 3 1 1 2 2
1000000 1000000 1000000 1000000 1000000 1000000 1000000
0 0 0 0 0 0 0
2600 2797 1470 1800 2157 1509 2550
120 103 114 125 73 111 127
175 115 160 282 172 115 98
1000000 1000000 1000000 1000000 1000000 1000000 1000000
275 169 312 214 201 159 158
0 0 0 0 0 0 0
1000000 1000000 1000000 1000000 1000000 1000000 1000000
2 2 2 2 1 1 1
15817 21071 17180 19208 23776 30092 15975
7 8 3 6 4 65 7
0 0 0 0 0 0 0
0 0 0 0 0 0 0
220946 252302 213359 227208 189957 118157 221171
27732 32795 30532 32953 26217 28521 28635
40 26 57 58 39 33 39
130 177 304 333 86 268 158
49551 49602 53045 56048 38297 33845 49922
1000000 1000000 1000000 1000000 1000000 1000000 1000000
21583 26305 21620 24128 19876 21880 21731
7148 8574 10135 11194 6922 8968 9033
384 418 383 299 227 279 382
3956 5597 4447 4932 4195 4735 3949
4 2 3 6 4 4 2
24417 28029 20969 22554 20417 12842 12854
0 0 0 0 0 0 0
215556 274824 146013 162032 179157 117405 117267
0 0 0 0 0 0 0
133 179 142 159 106 124 87
1246 1453 1265 1281 985 1200 1205
0 0 0 0 0 0 0
1 1 2 2 1 1 2
401 305 318 556 383 278 245
0 0 0 0 0 0 0
7651 8775 25501 27057 7428 22009 7715
11 13 13 15 19 19 20
20 12 10 11 10 17 11
166 108 407 317 153 284 165
1000000 1000000 1000000 1000000 1000000 1000000 1000000
0 0 0 0 0 0 0
1000000 1000000 1000000 1000000 1000000 1000000 1000000
1000000 1000000 1000000 1000000 1000000 1000000 1000000
1 1 1 2 0 2 1
174 200 162 95 276 139 175
5362 5807 8118 8616 5266 7039 5435
25109 32354 24062 26497 22804 22924 25057
19 22 24 25 10 21 13
4 4 2 2 2 3 3
86 70 92 446 99 71 84
1000000 1000000 1000000 1000000 1000000 1000000 1000000
0 0 2 2 1 2 0
1000000 1000000 1000000 1000000 1000000 1000000 1000000
0 0 0 0 0 0 0
1000000 1000000 956517 1000000 1000000 858910 1000000
1 1 0 0 1 0 1
21327 25083 26744 26479 19341 20239 20285
533 413 591 529 471 322 323
44922 46744 45039 46524 33952 30595 44964
98249 109380 423349 445926 80871 261757 261815
32 37 19 34 29 31 32
0 3 0 1 1 0 0
0 1 0 1 0 0 0
12 14 16 16 10 9 7
18 34 21 23 18 22 31
569 699 1742 2010 809 1726 567
220 153 187 349 125 181 219
1000000 1000000 1000000 1000000 1000000 1000000 1000000
1766 1527 2246 2256 1716 1378 1661
1 1 0 0 0 0 1
2728 3139 4800 5061 2403 4004 2615
139 164 141 155 211 125 201
412029 565624 996008 1000000 374267 1000000 1000000
924240 1000000 917007 1000000 815790 678576 671496
1 0 1 1 0 0 0
0 0 0 0 0 0 0
82934 92449 99670 109907 81225 99879 82137
186 189 169 171 231 143 233
0 0 0 0 0 0 0
0 0 0 0 0 0 0
11129 10904 20921 21879 8773 15646 10320
13 24 54 55 15 22 13
111629 128428 131640 142517 106685 110811 111183
0 0 0 0 0 0 0
13 10 16 30 9 12 7
0 0 0 0 0 0 0
1 1 1 0 0 0 0
1000000 1000000 1000000 1000000 1000000 1000000 1000000
53 58 75 46 52 76 53
540 445 503 562 370 566 417
407208 448303 647244 701603 372864 413503 411218
472 503 927 554 513 378 322
0 0 0 0 0 0 0
0 0 0 0 0 0 0
16 30 16 17 24 24 16
1000000 1000000 1000000 1000000 1000000 1000000 1000000
153 178 167 288 138 259 94
98 187 230 240 99 215 175
0 1 1 1 0 1 1
8853 9137 10556 11016 7699 7008 7302
48 54 77 64 75 63 48
1000000 1000000 1000000 1000000 1000000 1000000 1000000
6194 6882 4218 4546 4821 2537 2442
122 126 154 101 73 86 122
1567 1750 2134 2518 1291 1634 1659
14 16 28 19 20 24 15
264 291 332 217 177 170 282
0 0 0 0 0 0 0
1000000 1000000 1000000 1000000 1000000 1000000 1000000
0 0 0 0 0 0 0
374061 386376 252040 265145 286140 146195 377137
3 3 5 5 5 3 5
1000000 1000000 1000000 1000000 1000000 1000000 1000000
89441 113169 133846 147575 84438 224566 89265
955 1080 1203 1045 1261 824 954
813 1096 1129 1229 774 1105 814
0 0 0 0 0 0 0
35 37 23 43 34 32 21
1927 2174 2642 2917 1630 2497 2551
21172 28036 11035 11789 20893 15757 21406
6 11 13 7 10 15 10
1000000 1000000 1000000 1000000 1000000 1000000 1000000
0 0 0 0 0 0 0
1000000 1000000 1000000 1000000 1000000 1000000 1000000
1000000 1000000 1000000 1000000 1000000 1000000 1000000
463 813 622 735 715 654 467
1000000 1000000 1000000 1000000 1000000 1000000 1000000
1306 1709 1371 1495 1341 1424 1311
1000000 1000000 1000000 1000000 1000000 1000000 1000000
280951 315581 526207 556335 219262 251911 257099
657 625 1084 878 675 1280 1155
36 34 60 34 35 55 36
1055 1017 2135 2428 781 2334 1006
3 3 1 1 2 2 2
1000000 1000000 1000000 1000000 1000000 1000000 1000000
0 0 0 0 0 0 0
335 426 912 1078 492 1012 840
100372 116386 207842 231391 88545 177544 100496
13535 13979 48685 50214 11452 25952 26409
1802 2202 1932 1930 1464 1535 1859
93494 103829 101958 108613 85801 76021 93665
1800 2450 2104 2658 1883 2277 1810
217511 256282 158159 177178 205435 150152 218360
6 4 6 7 4 4 3
58356 65272 50638 56633 52533 44420 44326
220 293 312 382 202 256 262
1000000 1000000 1000000 1000000 1000000 1000000 1000000
0 0 0 0 0 1 0
2 3 2 1 1 2 2
9635 10508 20163 21211 10735 13842 10099
8789 9033 8569 9468 7417 5618 8255
0 0 0 0 0 0 0
168 317 320 338 285 557 277
0 0 0 0 0 0 0
1636 2298 1094 999 1656 1090 1607
154 167 157 177 76 132 97
450 443 512 850 575 494 415
13729 14255 17745 18788 11525 11665 13517
286055 388466 76721 83087 277688 83104 285513
1407 1560 4715 3286 1191 3042 1379
6602 7023 14664 15025 5582 8885 6406
1799 1668 3811 3937 1334 6386 1556
31552 37158 43484 48660 28463 29799 31660
8550 9803 8258 8893 8282 7739 8552
7479 8675 7613 8416 6857 7231 7335
23134 24184 26544 29093 22045 20462 23529
1000000 1000000 1000000 1000000 1000000 1000000 1000000
0 0 0 0 0 0 0
6 12 6 6 5 10 6
18 20 158 100 46 145 30
0 0 0 0 0 0 0
898 627 518 418 422 336 331
5396 5877 6312 6569 5292 5876 5392
288 324 411 382 281 407 488
54 58 75 69 90 75 54
87459 103792 93880 104721 76365 78784 87673
20 22 8 10 21 8 39
410847 430816 404120 416875 290778 333602 409809
1000000 1000000 1000000 1000000 1000000 1000000 1000000
46671 48378 59817 63630 38314 33326 33455
7 7 9 9 3 4 4
1000000 1000000 1000000 1000000 1000000 1000000 1000000
4738 5967 15839 16032 4898 13524 4737
0 0 0 0 0 0 0
595 905 533 357 450 337 487
1000000 1000000 1000000 1000000 1000000 1000000 1000000
9 8 5 5 9 5 9
295 241 333 237 290 247 134
257 242 1010 1276 205 1066 254
0 0 0 0 0 0 0
284572 344643 487314 545903 254581 411033 283830
282 308 742 466 200 368 325
46 90 70 132 45 64 46
7 9 7 4 4 7 7
859092 1000000 1000000 1000000 811392 925375 859041
2 5 6 7 2 6 4
0 0 0 0 0 0 0
1337 1562 1722 2072 1191 1633 1288
9103 9989 17858 18716 9945 21247 9190
598847 708865 590736 660216 541040 546589 604963
49 59 44 49 39 45 50
1000000 1000000 1000000 1000000 1000000 1000000 1000000
0 0 0 0 0 0 0
1 0 1 0 1 1 1
23506 23817 41987 42932 18711 28028 23419
0 0 0 0 0 0 0
98615 115465 103065 114467 91920 90113 97996
21 13 18 31 21 16 21
106 111 120 72 95 83 61
0 0 0 0 0 0 0
55724 70344 518291 574900 50492 402878 404005
1000000 1000000 1000000 1000000 1000000 1000000 1000000
1000000 1000000 1000000 1000000 1000000 1000000 1000000
1164 700 970 995 749 866 723
1377 1611 2082 2100 1249 1205 1366
209 138 142 246 186 175 211
1483 1523 2516 2583 1298 1949 1388
197113 225487 296460 327001 164471 207133 196844
137 151 226 328 211 218 134
0 0 0 0 0 0 0
10 10 5 6 9 3 6
112579 129300 133493 146790 109498 126033 112513
0 0 0 0 0 0 0
650575 808818 1000000 1000000 623090 1000000 1000000
1000000 1000000 1000000 1000000 1000000 1000000 1000000
27805 34779 28767 30226 25322 27012 27070
1768 2111 1841 2410 1742 1704 1735
1 2 1 1 1 0 1
5363 5040 6884 7551 3739 5564 5452
0 0 0 0 0 0 0
1557 1594 2141 2383 1460 2311 1283
114388 135349 123663 139412 108770 120712 114332
0 0 0 0 0 0 0
66840 81022 87645 99064 57215 76365 66642
9 11 12 12 9 12 9
1417 1659 1664 1684 1456 1203 1605
0 0 0 0 0 0 0
352946 394506 234981 258535 334487 198050 198563
9607 10073 20447 20828 8706 14367 9391
244 409 479 340 416 374 238
49736 53440 112793 124927 44416 123717 124296
291 207 207 132 306 211 293
0 0 0 0 0 0 0
1000000 1000000 1000000 1000000 1000000 1000000 1000000
150725 168077 102084 108883 139724 88853 89449
363517 398363 502108 529138 302246 324447 322588
0 0 0 0 0 0 0
469 412 695 621 234 425 410
45171 51486 33451 37953 47144 29325 44471
7 5 8 9 7 5 5
14 27 21 22 22 18 18
13059 15003 19840 20864 13224 15607 15352
24 27 27 29 22 23 24
64476 76442 78171 82042 57875 62227 64454
53 43 78 56 32 27 32
1000000 1000000 1000000 1000000 1000000 1000000 1000000
1000000 1000000 1000000 1000000 1000000 1000000 1000000
715144 805747 1000000 1000000 673300 722497 709286
118 128 136 144 112 232 204
2 4 3 3 2 2 3
293469 340222 335573 371112 283592 261331 291847
1 3 3 1 2 1 1
6571 6803 9379 9606 5155 5633 5728
1000000 1000000 1000000 1000000 1000000 1000000 1000000
562593 623660 681966 751159 525286 616754 613079
609 489 427 461 376 407 402
1438 1884 1569 1708 1353 1552 1433
206 222 384 294 291 170 209
5 5 5 9 7 7 5
0 0 0 0 0 0 0
2 4 2 2 3 1 1
1384 1359 2603 1556 1275 938 1393
123 229 150 155 200 141 122
89 103 42 44 78 68 43
27264 32999 6765 7149 24094 5969 27446
6 7 6 4 6 6 4
49362 52273 60699 62769 42165 43897 49912
10396 12630 9701 10562 8695 6490 6461
52 54 49 32 47 18 30
31658 42586 17368 19685 30453 17007 16912
0 0 0 0 0 0 0
12 24 18 34 13 28 12
8 6 9 9 8 13 4
5463 7001 21281 23092 4636 19830 5727
5823 6019 4726 4785 5091 3264 6218
190359 217145 252159 282909 160919 196111 190172
422 468 670 509 404 575 691
3 2 3 2 1 4 1
265672 295973 470914 504441 242480 320702 264104
11 8 8 16 11 13 11
133 106 136 92 78 99 95
158 196 88 95 101 48 101
196 217 115 205 103 180 150
1000000 1000000 1000000 1000000 1000000 1000000 1000000
148 274 149 266 215 215 147
0 0 0 1 0 0 0
0 0 1 0 0 1 0
13 15 19 12 13 19 8
0 1 0 0 1 0 0
12 9 9 10 9 15 12
339861 386780 456621 480414 295698 348579 339968
357 366 86 90 139 65 65
1 1 3 3 1 6 1
545054 657618 378568 416758 478198 244994 244871
1000000 1000000 1000000 1000000 1000000 1000000 1000000
565196 609180 540063 541316 439970 396787 564503
46743 53705 54911 60412 47823 48787 46124
0 0 0 0 0 0 0
21 50 42 46 20 34 21
1094 1004 1445 1559 852 1192 1204
4011 5250 913 968 3801 920 4238
1859 1248 1418 1819 1181 986 1427
5 5 5 3 4 2 3
20996 25238 22855 25520 17883 20656 20989
5630 6141 10580 11331 5191 13087 5716
3030 3255 3275 3455 2827 2593 3031
10161 12833 8330 9110 9449 7319 10277
6 11 11 12 7 5 8
0 0 0 0 0 0 0
594 713 767 687 633 761 761
3 4 1 1 3 2 3
1386 1391 1406 1213 1160 1226 1414
1063 1315 1150 1194 935 1128 1151
156274 203910 152938 168745 142215 145841 145306
30129 31761 22661 23881 26715 18705 30470
34 24 27 29 18 38 20
6934 7924 11853 13061 7665 10960 6907
2 1 2 3 1 2 2
5927 6204 14135 14648 5203 9520 5832
1415 1239 636 642 936 871 1108
2614 3456 2397 2308 2486 2503 2861
3548 4095 13236 14288 3275 11257 3799
22967 36877 17057 18647 19691 17534 17754
809346 1000000 1000000 1000000 764019 1000000 1000000
5050 5371 7370 8152 4787 5781 4905
1 1 2 1 1 1 1
0 1 2 1 0 1 1
0 0 0 0 0 0 0
0 0 0 0 0 0 0
3820 4351 4964 5309 3648 4744 3765
6 8 7 4 3 4 6
1 1 2 2 2 2 2
910691 1000000 1000000 1000000 813862 1000000 905549
18 12 12 22 16 25 11
795 937 1102 1175 908 990 995
842700 984595 874995 990694 734746 849401 847034
462 596 608 611 584 566 703
0 0 0 0 0 0 0
1000000 1000000 1000000 1000000 1000000 1000000 1000000
167 186 291 317 158 354 167
34 36 65 70 59 35 33
95110 108645 52323 58907 85258 45914 46383
3 3 2 1 2 2 2
3 3 1 2 1 1 3
13 14 13 8 14 7 13
23297 27122 25806 27351 21595 20620 23357
1736 2027 2038 2399 1789 2004 1463
2237 2640 2974 3191 1991 1930 2741
0 0 0 0 0 0 0
0 0 0 0 0 1 0
1000000 1000000 1000000 1000000 1000000 1000000 1000000
1000000 1000000 1000000 1000000 1000000 1000000 1000000
5674 6175 8598 8490 4642 5778 5642
272026 300440 304837 336332 260581 216531 271993
33 23 31 20 26 17 33
1000000 1000000 1000000 1000000 1000000 1000000 1000000
13 30 6 7 12 10 23
0 0 0 0 0 0 0
0 1 0 1 1 1 0
296 451 452 464 88 229 466
1000000 1000000 1000000 1000000 1000000 1000000 1000000
1000000 1000000 1000000 1000000 1000000 1000000 1000000
61341 73365 70974 77425 57209 62144 60744
0 0 0 0 0 0 0
0 0 0 1 0 0 0
10 20 9 16 16 11 11
76124 94031 84302 94178 69683 96711 75682
543 426 473 465 294 341 379
0 0 0 0 0 0 0
6 7 6 4 5 2 2
0 0 1 0 0 0 0
87 184 142 176 80 156 87
0 0 0 0 0 0 0
6550 7289 5053 5236 5790 4195 6698
1000000 1000000 1000000 1000000 1000000 1000000 1000000
230900 259343 286323 307018 173906 152006 231091
12 12 10 11 11 7 12
306 329 363 683 457 385 421
11 7 7 13 6 11 6
1000000 1000000 1000000 1000000 1000000 1000000 1000000
0 0 0 1 0 0 0
1000000 1000000 1000000 1000000 1000000 1000000 1000000
17312 21725 15799 17656 16080 15690 17586
1 1 3 1 1 2 2
792727 875783 1000000 1000000 728927 1000000 1000000
2 4 1 1 2 1 3
0 1 1 1 0 1 0
30535 32782 31444 33239 26666 22168 30907
878 989 1167 1149 858 1082 844
0 0 0 0 0 0 0
3 3 3 6 2 3 4
148791 179111 140122 153947 124781 114335 114064
101849 115699 117774 134525 91387 82356 81569
173141 188048 352902 381656 167229 193682 171705
26114 28674 98949 101873 26242 67612 25752
183 353 213 272 259 202 284
385 479 383 427 549 411 289
9 18 17 11 5 10 9
0 0 0 0 0 0 0
1000000 1000000 1000000 1000000 1000000 1000000 1000000
644 678 710 788 564 571 572
14430 16599 20618 22701 12721 16892 14184
0 0 0 0 0 0 0
1 1 1 2 0 2 1
27 51 52 32 43 44 27
1165 1147 1203 1411 881 797 941
429 497 347 614 323 309 446
635 611 937 702 476 634 572
377 395 396 364 345 310 480
1000000 1000000 1000000 1000000 1000000 1000000 1000000
1 1 0 0 0 0 1
299 328 578 772 278 431 305
0 0 0 0 0 0 0
0 0 0 0 0 0 0
46 19 73 20 43 81 46
254 293 308 466 258 151 155
25 43 30 31 41 34 41
32694 36532 41390 42211 35177 34824 32774
6 11 3 4 10 3 6
33473 35656 42661 43074 29309 25084 32894
70 129 120 73 113 63 70
5 10 9 6 9 9 5
1000000 1000000 1000000 1000000 1000000 1000000 1000000
1000000 1000000 1000000 1000000 1000000 1000000 1000000
0 0 0 0 0 0 0
172 178 229 230 163 326 173
45087 52975 49101 54554 40694 43229 44911
1019 1174 1529 1704 1067 1590 1019
19117 22120 5135 5540 17462 4157 4187
25 26 23 23 15 13 21
1000000 1000000 1000000 1000000 1000000 1000000 1000000
1000000 1000000 1000000 1000000 1000000 1000000 1000000
56 99 80 87 85 73 91
4609 5106 4328 4419 2269 2370 2191
1000000 1000000 1000000 1000000 1000000 1000000 1000000
0 0 0 0 0 0 0
726136 886427 1000000 1000000 665612 618313 618331
1000000 1000000 1000000 1000000 1000000 1000000 1000000
1000000 1000000 1000000 1000000 1000000 1000000 1000000
1000000 1000000 1000000 1000000 1000000 1000000 1000000
1274 1647 2039 2306 1071 1529 1869
1 0 2 4 1 4 0
0 0 0 0 0 0 0
1000000 1000000 1000000 1000000 1000000 1000000 1000000
0 0 0 0 0 0 0
1 1 0 0 1 0 0
0 0 0 0 0 0 0
1000000 1000000 929066 1000000 1000000 747563 1000000
314 223 181 195 221 166 198
1000000 1000000 1000000 1000000 1000000 1000000 1000000
3639 4067 5067 5371 3611 5046 3760
4 1 8 9 3 3 7
1000000 1000000 1000000 1000000 1000000 1000000 1000000
2 1 1 1 2 1 1
133 155 146 155 72 69 135
4533 5256 6080 6606 4483 4973 4572
107 72 71 74 111 106 107
92 98 26 46 84 24 52
6679 7297 4835 5086 5801 4431 6689
37 30 42 46 34 25 38
1000000 1000000 1000000 1000000 1000000 1000000 1000000
0 1 0 1 0 0 0
76 78 32 31 55 17 75
0 0 0 0 0 0 0
2 1 2 2 1 1 2
1000000 1000000 1000000 1000000 1000000 1000000 1000000
1000000 1000000 1000000 1000000 1000000 1000000 1000000
162292 167681 337688 347682 133129 223635 157230
0 0 0 0 0 0 0
10 10 5 10 5 9 10
11 7 13 14 10 14 6
0 0 0 0 0 0 0
155940 166671 82711 88678 127627 61740 156302
21 22 22 25 11 81 21
0 0 0 0 0 0 0
32 28 28 29 22 23 31
512 610 546 901 478 654 572
7871 8399 10222 11056 6516 8852 7163
15 11 21 21 15 16 15
6 11 4 7 5 6 10
1000000 1000000 1000000 1000000 1000000 1000000 1000000
107 117 60 114 94 120 61
0 0 0 0 0 0 0
19 21 20 21 17 40 19
884629 1000000 1000000 1000000 926151 1000000 877983
351 210 383 483 176 169 196
670 530 587 546 399 612 674
37127 43113 93115 100902 37157 88884 36874
65968 70766 158526 167383 60978 93545 66824
2 1 2 2 2 2 2
0 0 0 0 0 0 0
2 1 1 1 1 1 1
4 5 6 3 2 3 2
1000000 1000000 1000000 1000000 1000000 1000000 1000000
24 25 21 22 23 34 19
28 35 29 21 13 13 21
3 4 3 3 3 1 3
1 1 1 1 1 2 2
3 2 2 2 1 3 1
105 82 70 116 83 104 104
90105 99376 85176 93025 80319 68919 90603
14 24 28 28 13 46 14
14217 15793 8784 9422 14172 7857 14295
31079 34219 40338 42105 22621 23795 30762
34742 41549 67231 70160 33515 57047 57050
284056 360169 101763 113036 270980 111858 285053
2 3 1 1 1 1 2
