mcsplit mcsplit-h mcsplit+f mcsplit+fmm mcsplit+bigf mcsplit+r mcsplit+S mcsplit+O mcsplitb mcsplitb+f mcsplitb+bigf mcsplitb+S mcsplitb+O mcsplit+randombigf mcsplitb+randombigf
220 187 313 183 179 336 223 323 226 295 312 225 374 321 321
12714 14017 126024 131694 16195 168654 12690 13008 17686 175968 22924 17904 17681 18065 18118
151511 153385 113069 112688 4121 3953 3159 3253 177450 132315 5487 4549 3893 3976 3973
23 24 302 324 23 302 22 14 25 338 26 25 15 15 15
31 39 556 1119 38 545 49 49 74 781 88 73 73 41 64
4012 8557 3706 4770 1326 1446 1386 1187 7981 6967 2081 2017 1974 1274 1354
9 15 55 60 9 52 33 15 17 69 16 68 17 9 9
289 499 417 267 25 17 27 16 653 524 34 22 22 41 41
1000000 1000000 1000000 1000000 954791 971908 1000000 1000000 1000000 1000000 1000000 1000000 1000000 988855 983685
1009 944 935 1167 1150 692 1060 1010 1238 2129 1712 1033 1296 723 851
2850 3032 650613 689966 3162 641117 2866 3034 3079 740454 3029 3305 3104 3400 2871
39895 44647 63012 69285 22229 25663 39954 26695 56123 86078 29869 56386 35476 23960 23758
1000000 1000000 1000000 1000000 1000000 1000000 1000000 1000000 1000000 1000000 1000000 1000000 1000000 1000000 1000000
4 2 134 113 5 134 4 4 3 158 7 3 3 6 6
18837 20162 12291 12175 539 268 375 220 23851 15198 647 376 267 465 381
714120 792132 589507 604509 23561 16680 713905 13878 823507 683333 26967 825486 15843 21496 21522
1000000 1000000 1000000 1000000 866432 718057 655528 656710 1000000 1000000 1000000 943928 948809 859860 859985
24538 25312 38979 40723 8436 10368 23792 10776 30077 47325 9852 30162 12273 9588 9365
4 7 27 32 6 15 4 4 9 41 8 9 5 6 6
7787 8627 10765 12073 7462 9683 7778 7788 11143 15012 10514 11276 11079 8025 7934
66 45 773 1002 100 727 76 76 88 1251 107 88 57 67 113
5 11 5 6 1 1 0 0 5 3 1 0 0 1 1
1000000 1000000 1000000 1000000 946451 853549 1000000 802214 1000000 1000000 1000000 1000000 873367 943991 944008
8556 12021 3504 3402 4869 1324 1118 8455 14025 4862 8770 1333 13956 4515 4682
6868 6988 16980 19970 6718 15957 16017 6724 9624 26216 10809 25158 9757 6911 7298
3178 3340 14245 14812 3587 19497 3080 3354 4489 21558 5188 4653 4476 3888 3841
8385 8919 76284 77290 15216 112068 8217 8447 13267 132911 26835 13378 13270 16813 16938
7 9 3 7 2 1 1 1 11 5 3 2 2 2 1
61973 68453 48283 48522 2591 2140 2027 1586 75634 58045 2984 1814 1971 2414 2593
6432 8951 5116 5407 585 262 392 338 8355 7017 532 377 427 542 507
0 0 0 0 0 0 0 0 0 0 0 0 0 0 0
7449 7989 5210 5744 22 7 6 11 8375 5767 17 12 12 12 21
0 1 1 0 0 0 0 0 0 1 0 0 0 0 0
0 0 0 0 0 0 0 0 0 0 0 0 0 0 0
382 410 228 253 49 35 31 31 611 443 59 37 22 47 78
857 1250 1081 1217 1080 1186 1053 1241 1168 1554 2312 1125 2002 1131 1277
1000000 1000000 1000000 1000000 1000000 1000000 1000000 1000000 1000000 1000000 1000000 1000000 1000000 1000000 1000000
1000000 1000000 1000000 1000000 1000000 1000000 1000000 1000000 1000000 1000000 1000000 1000000 1000000 1000000 1000000
11 12 600 882 23 1046 19 18 21 693 26 13 13 28 17
0 0 0 0 0 0 0 0 0 0 0 0 0 0 0
24000 26118 16991 16947 1477 993 818 875 34571 24146 1374 1026 937 1364 1526
365563 406177 190538 179305 339831 117815 104374 365383 639135 319805 602991 178894 638408 336005 336212
2 3 3 10 3 6 3 3 3 11 4 5 3 3 3
14849 15629 12504 15181 89 57 50 31 16795 14326 107 34 56 139 85
2180 1961 3129 2702 1235 1366 1877 1319 2903 3261 1555 2207 1720 1528 1698
657 595 304 487 853 283 292 535 435 209 626 206 691 705 792
1742 2032 55705 56684 2209 66861 1740 1680 2723 84066 3408 2782 2731 2535 2675
418 424 336 348 17 17 8 8 356 351 20 10 16 26 15
97948 140204 83606 91576 10461 7709 6814 6679 129106 110853 14298 8598 9439 9861 9635
3669 3757 21808 22495 15929 28925 3890 30233 3961 23261 15243 3965 36137 14696 14266
1000000 1000000 1000000 1000000 256990 282022 1000000 282286 1000000 1000000 287264 1000000 309903 274098 273461
8834 10133 7850 8135 3367 2917 9763 2809 10259 9106 3570 10037 2991 3189 3153
1000000 1000000 732349 783912 1000000 286027 243310 1000000 1000000 1000000 1000000 362033 1000000 1000000 1000000
571 420 1242 1461 618 1641 1266 403 565 1775 740 1725 631 656 657
7 8 26 63 5 45 7 7 6 74 13 11 11 9 5
0 0 0 0 0 0 0 0 0 0 0 0 0 0 0
126 376 114 100 3 1 2 1 161 85 7 3 3 5 5
14 8 124 132 15 71 14 8 9 157 16 15 9 18 10
5 6 10 19 7 26 3 5 7 31 10 7 4 8 5
1000000 1000000 1000000 1000000 1000000 1000000 1000000 1000000 1000000 1000000 1000000 1000000 1000000 1000000 1000000
1075 1290 726 679 24 37 31 31 1601 1173 52 40 24 40 40
0 0 0 1 0 0 0 0 0 0 0 0 0 0 0
98 361 90 193 10 4 4 4 130 69 8 3 5 5 9
47 73 27 28 42 8 12 29 79 26 73 11 81 41 41
111460 145853 99700 105076 9197 7672 7131 6687 166031 144667 14185 10259 10398 8864 8760
1000000 1000000 658220 681780 55305 39067 34412 34122 1000000 884669 59519 34960 34794 52667 52183
0 0 0 0 0 0 0 0 0 0 0 0 0 0 0
0 0 0 0 0 0 0 0 0 0 0 0 0 0 0
6 4 230 415 5 404 6 6 5 424 10 3 5 12 7
3496 3398 6204 6514 7675 9897 3291 10086 4229 8189 10247 4250 13257 8363 8351
55 38 297 372 43 202 55 35 82 312 100 52 52 47 74
0 1 5 7 0 5 1 1 1 5 1 1 1 1 1
8310 8929 14200 14802 7006 6901 6600 7891 9549 17487 8431 8438 9660 6539 7357
4255 4667 3491 3647 60 43 40 66 5655 4391 131 88 88 59 59
21540 22418 15318 15842 2386 1889 1618 1728 23674 17749 653 743 464 2138 2239
18 105 16 16 2 2 2 2 16 26 3 2 2 2 4
85 90 65 35 5 8 3 6 89 67 5 7 7 5 9
109 122 2016 1946 220 1537 109 180 190 1950 128 174 189 146 241
139093 142660 1000000 1000000 163416 1000000 138675 138430 187798 1000000 226184 187403 187147 183315 182204
136251 214224 115781 128231 50159 39838 36864 37570 259633 214070 86207 62472 62761 50108 50281
39788 45472 88957 96534 108106 149694 39636 166104 67528 154021 203368 67536 302172 117789 117391
1000000 1000000 1000000 1000000 1000000 1000000 1000000 1000000 1000000 1000000 1000000 1000000 1000000 1000000 1000000
2661 4896 2663 2645 559 530 313 468 3366 3316 458 609 398 431 441
88 88 233 304 87 322 53 88 54 218 90 90 91 56 56
147577 191461 125745 138548 10952 8115 7751 7214 196581 166468 13977 8999 9013 10620 10719
8 17 8 12 0 0 0 0 8 8 0 0 0 0 0
0 0 0 0 0 0 0 0 0 0 0 0 0 0 0
41031 42950 75272 80595 38167 67476 41691 41807 36829 80032 33050 36811 36917 40505 41533
211525 251844 179630 191408 81810 70140 66771 66967 270357 229851 106051 83906 83974 81104 81578
101778 113228 171624 180185 186965 203838 100286 213796 145128 243649 267007 145341 304607 198352 197986
95 61 88 53 7 7 53 4 104 99 6 104 3 4 7
1000000 1000000 688125 689087 8679 6844 6097 5876 1000000 860089 8415 5088 5164 8503 8285
959 954 172969 180072 1828 177986 873 867 1443 239924 2635 1179 1168 2153 2071
794 708 557 469 34 26 40 45 1014 554 67 28 48 34 34
1000000 1000000 1000000 1000000 1000000 1000000 1000000 1000000 1000000 1000000 1000000 1000000 1000000 1000000 1000000
1000000 1000000 1000000 1000000 121521 72328 56376 56733 1000000 1000000 130586 70076 69985 116132 116362
3 21 6 14 0 0 0 0 7 3 0 0 0 0 0
0 0 0 0 0 0 0 0 0 0 0 0 0 0 0
2 2 1 1 1 2 2 2 1 2 1 1 1 1 1
46 61 45 46 2 3 3 3 30 29 3 1 1 3 2
747296 776685 1000000 1000000 738891 1000000 1000000 747603 594828 1000000 585269 1000000 591115 773578 771526
362 384 1510 1801 407 1917 348 355 443 2714 528 512 742 450 451
36 49 57 34 2 2 2 2 68 62 2 1 2 3 1
1000000 1000000 1000000 1000000 1000000 1000000 1000000 1000000 1000000 1000000 1000000 1000000 1000000 1000000 1000000
1 1 8 11 0 8 1 1 1 10 1 1 1 0 1
0 0 0 0 0 0 0 0 0 0 0 0 0 0 0
0 0 1 3 0 2 0 0 0 3 0 0 0 0 0
92 144 56 102 23 16 14 14 100 74 22 13 8 13 22
153 229 1417 1633 246 2083 2058 154 158 1692 159 2468 186 256 162
242 243 1149 1005 241 819 285 243 350 873 211 212 348 434 297
0 0 2 2 0 3 0 0 0 5 1 0 0 0 0
3 2 10 24 4 18 2 2 4 26 3 4 4 5 3
219 226 649 438 788 1233 131 1400 202 559 1284 336 2110 936 1334
659 2072 586 900 89 29 27 27 984 1063 103 60 36 81 51
54908 55970 25133 25104 325 142 224 223 58981 26980 218 92 164 213 221
314 188 570 657 224 492 497 184 216 850 371 1008 215 193 285
3 5 1 3 0 0 0 0 3 1 0 0 0 0 0
54534 55329 111017 119730 49970 72230 54161 54051 62126 129691 57797 62417 62405 51202 51094
2 6 1 2 0 0 0 0 1 0 0 0 0 0 0
38829 67747 31176 35574 2711 1973 1661 1664 43879 36466 3116 1852 1835 2781 2656
1000000 1000000 1000000 1000000 1000000 1000000 1000000 1000000 1000000 1000000 1000000 1000000 1000000 1000000 1000000
0 0 0 2 0 1 0 0 0 1 0 0 0 0 0
214 429 194 341 178 161 120 187 603 351 191 305 308 117 181
260 328 271 210 21 32 31 17 362 236 25 35 35 21 38
656 4438 603 1223 130 68 64 64 1052 717 197 94 58 125 78
1000000 1000000 1000000 1000000 1000000 1000000 1000000 1000000 1000000 1000000 1000000 1000000 1000000 1000000 1000000
774118 1000000 629338 731138 220851 157115 142325 141985 1000000 1000000 309607 234733 235212 218067 217394
1000000 1000000 1000000 1000000 1000000 1000000 1000000 1000000 1000000 1000000 1000000 1000000 1000000 1000000 1000000
0 0 50 51 0 27 0 0 0 54 0 0 0 0 0
86 391 47 105 17 13 12 7 71 105 12 14 13 10 16
0 0 0 0 0 0 0 0 0 0 0 0 0 0 0
20536 22204 44644 49860 20662 43461 20491 20517 29500 66146 29760 30082 29661 22025 22100
2 7 4 5 0 0 0 0 4 2 0 0 0 0 0
64 126 165 176 67 80 114 46 125 177 61 125 39 73 72
1 5 1 2 0 0 0 0 3 1 0 0 0 0 0
1 2 11 8 2 11 2 2 2 12 2 1 1 3 3
59 243 85 106 12 17 16 16 83 74 12 9 15 19 19
12526 12893 581056 602865 15398 704342 12475 12554 16374 756779 19920 16299 16683 17040 16971
10 10 12 12 8 11 6 10 7 16 6 15 7 9 9
2824 3030 28645 31997 2726 27422 29855 2883 3289 32871 3156 34527 4562 3098 3090
19 13 80 80 19 49 19 19 25 75 25 25 25 13 13
26 28 181 191 21 192 26 15 35 162 49 21 35 40 40
3 3 1 1 2 0 0 0 2 1 0 0 0 1 1
288 364 433 247 19 14 7 7 323 262 13 14 8 11 18
0 0 0 0 0 0 0 0 0 0 0 0 0 0 0
36 67 1215 714 36 750 66 39 70 780 70 71 39 43 43
76 99 120 131 47 135 49 49 124 194 117 79 79 50 77
796701 1000000 834569 917385 381148 389544 796684 404899 1000000 1000000 705332 1000000 755294 392438 391509
1095 1947 1050 1156 181 207 1058 188 1414 1527 169 1745 231 179 213
0 0 77 77 0 140 0 0 0 142 0 0 0 0 0
126 666 78 162 12 11 6 10 203 183 10 13 13 8 12
11704 41805 10766 12048 265 137 156 162 17104 15135 384 278 168 258 410
13 17 8 15 17 8 9 13 34 9 17 8 34 9 9
7581 7439 112581 114462 7361 84622 84204 7424 8151 129894 7648 98281 7926 7279 7240
440 422 4933 5381 275 4893 434 438 546 6351 377 443 542 457 308
10387 14535 9407 10196 6515 5816 10764 5171 12954 11457 7809 12954 6202 6911 6339
30 42 26 15 1 2 1 1 20 29 2 2 2 1 1
1 1 0 0 0 0 0 0 1 0 0 0 0 0 0
31 35 246 309 67 258 51 51 74 306 65 74 46 74 74
75 76 123 68 0 0 0 0 76 123 0 0 0 0 0
1 1 1 1 0 0 1 0 0 0 0 0 0 0 0
159 169 81463 83654 107 82607 162 94 146 94267 209 185 172 126 126
24137 37243 24805 28429 5107 5049 24136 4722 35620 36289 6693 35646 6612 5220 5353
0 0 1 1 0 1 0 0 0 2 0 0 0 0 0
291 173 255 142 2 2 4 4 327 289 4 2 2 4 4
120 137 248 739 88 415 119 120 189 422 142 189 191 150 138
21 23 671 519 23 588 37 36 17 567 34 17 17 26 26
0 0 2 10 0 2 0 0 0 2 0 0 0 0 0
2 2 19 31 4 18 2 1 4 23 6 4 4 4 4
305 548 41289 42448 319 40662 536 306 279 43939 386 380 375 484 367
69 193 68 109 208 458 0 0 119 212 554 2 2 379 223
1000000 1000000 1000000 1000000 1000000 1000000 1000000 1000000 1000000 1000000 1000000 1000000 1000000 1000000 1000000
0 0 0 0 0 0 0 0 0 0 0 0 0 0 0
83 178 130 130 31 29 29 19 163 127 44 39 25 20 32
1000000 1000000 1000000 1000000 33462 30104 27003 27027 1000000 1000000 39727 32375 33909 32299 34449
68 76 2679 2865 209 2773 113 112 150 3742 271 132 149 227 187
2 1 19 35 2 34 2 2 3 22 3 1 1 1 1
1000000 1000000 1000000 1000000 1000000 1000000 1000000 1000000 1000000 1000000 1000000 1000000 1000000 1000000 1000000
147450 161056 1000000 1000000 190200 1000000 147898 147231 209713 1000000 273592 209001 209878 205019 205538
34006 35035 22421 22634 1602 877 716 836 41660 27732 1345 874 758 1346 1258
32120 48257 29930 31497 164 94 86 86 44290 41403 374 118 117 160 220
1597 1708 1079 1112 111 114 56 95 2076 1749 219 68 112 182 113
156 214 419 393 205 442 187 187 203 512 171 153 250 226 138
834 2689 611 1510 7 4 2 2 689 663 5 5 3 4 6
644 1078 504 840 43 42 686 40 652 513 38 617 39 44 45
0 1 1 2 0 3 1 1 0 4 1 1 0 0 0
432 823 414 277 88 90 48 79 1085 423 157 105 63 137 86
269 168 343 265 106 202 157 209 325 260 117 325 122 191 160
1000000 1000000 1000000 1000000 1000000 1000000 1000000 1000000 1000000 1000000 1000000 1000000 1000000 1000000 1000000
6034 8384 6091 6920 850 697 5900 720 7733 8039 772 7830 573 602 599
18388 19499 1000000 1000000 21008 1000000 18196 18404 26351 1000000 30494 26130 26441 22993 22758
380 531 7128 6748 504 6555 532 318 410 7655 376 585 462 322 373
1000000 1000000 1000000 1000000 64561 45468 41124 41252 1000000 1000000 82839 51081 51139 60826 60642
0 0 12 29 0 11 0 0 1 39 0 0 1 0 0
32 21 57 107 20 125 32 32 22 72 24 22 22 23 23
1000000 1000000 1000000 1000000 1000000 1000000 1000000 1000000 1000000 1000000 1000000 1000000 1000000 1000000 1000000
1000000 1000000 1000000 1000000 1000000 1000000 1000000 1000000 1000000 1000000 1000001 1000000 1000000 1000000 1000000
1000000 1000000 1000000 1000000 1000000 1000000 1000000 1000000 1000000 1000000 1000000 1000000 1000000 1000000 1000000
0 0 4 4 0 2 0 0 0 2 0 0 0 0 0
18 20 227 459 24 269 32 18 44 382 56 25 26 26 26
1 0 4 2 0 2 0 0 1 6 1 1 1 1 0
1000000 1000000 1000000 1000000 713772 481236 471871 1000000 1000000 1000000 846663 568164 1000000 661032 668376
230 303 193 205 40 12 10 18 420 356 25 19 11 36 21
0 0 4 7 0 3 0 0 0 5 0 0 0 0 0
164 662 146 323 17 17 16 16 260 396 24 20 20 28 17
81115 87380 64429 65423 569 343 379 301 84384 67682 634 308 323 501 488
1355 1504 3634 3707 1846 4972 1689 1357 1898 4730 2146 1811 1806 1702 1712
1869 2142 2462 2552 1715 1343 1242 2799 2358 3819 2242 1514 2358 1891 1815
5 5 11 11 3 11 3 5 7 18 9 4 7 7 7
105 172 59 63 7 3 5 5 74 115 7 3 5 4 7
82 126 73 126 14 13 6 11 110 133 7 9 9 14 8
77 44 12689 13164 77 13026 45 77 78 13133 77 45 45 51 88
0 0 1 8 0 1 0 0 0 3 0 0 0 0 0
0 1 0 0 0 0 0 0 0 0 0 0 0 0 0
2148 1982 5550 5900 2036 7343 1756 2235 2397 8043 3012 2535 2576 2413 2269
3 5 4 3 0 0 0 0 4 6 0 0 0 0 0
8428 9042 381001 391031 10693 473933 8202 8425 11272 528243 16231 11394 11234 12494 11816
4712 4699 1000000 1000000 4775 1000000 4953 5247 3854 1000000 3782 4874 3667 6635 5655
12 14 12 11 11 5 8 12 29 10 26 11 18 18 11
305 480 154 156 18 23 12 20 313 186 34 23 14 28 17
1 4 1 1 0 0 0 0 1 1 0 0 0 0 0
245208 266885 769876 824346 253048 1000000 244550 244683 331964 1000000 343264 333835 331425 286853 287547
9977 9138 30011 31108 7902 20641 20518 9249 10897 36447 8963 25545 9917 7850 7733
8155 10062 6607 7096 759 433 368 413 11259 8946 1399 582 481 645 758
1000000 1000000 1000000 1000000 1000000 1000000 1000000 1000000 1000000 1000000 1000000 1000000 1000000 1000000 1000000
0 0 0 0 0 0 0 0 0 0 0 0 0 0 0
2658 3722 1952 2005 570 271 290 228 3773 2883 893 249 404 581 414
0 0 4 10 0 4 0 0 0 3 0 0 0 0 0
592 778 579 833 2 2 1 1 1029 668 2 2 1 3 3
19095 19490 320269 331085 20555 294867 19115 19480 24261 368270 26065 24286 24334 21769 21620
19715 21399 1000000 1000000 23395 1000000 20040 19926 24486 1000000 28629 23677 24022 24727 25119
0 1 0 0 0 0 0 0 1 0 0 0 0 0 0
1 1 10 20 0 17 0 1 1 17 1 0 0 1 1
7971 8565 6470 6865 109 94 82 140 9007 6904 121 152 89 108 182
295 606 179 227 22 20 19 19 275 219 16 22 22 14 14
1566 1656 10869 12267 1791 10124 1682 1989 2958 11724 1925 1862 1672 1984 2070
1 0 5 11 0 5 0 1 1 8 0 0 1 1 0
576 922 399 627 37 37 465 20 434 565 24 435 21 38 24
111326 123419 697789 747381 105895 803300 111492 111658 158024 1000000 149302 158274 158344 117258 117151
8 35 21 27 24 27 1 0 22 33 34 1 1 25 15
621 1262 549 824 83 78 76 76 1292 712 90 76 83 53 53
0 0 0 0 0 0 0 0 0 0 0 0 0 0 0
711573 835271 566808 587073 11391 8644 7516 6813 758172 609812 10750 6829 6325 10448 10193
377 305 934 1072 477 774 945 353 445 1055 269 1531 411 396 487
563150 623676 264385 261826 517874 181868 165129 564348 968807 434016 903077 273864 965963 509660 509662
0 0 1 3 0 2 0 0 0 2 0 0 0 0 0
387963 436845 668494 684645 567833 718581 388048 807694 672328 1000000 1000000 671921 1000000 599946 599616
30 50 121 127 51 205 50 50 20 103 21 12 12 33 54
6 7 149 461 6 85 6 6 8 186 8 8 8 8 5
4428 5211 6558 7363 5910 6411 4381 6752 6919 10295 8696 6972 10252 5914 5934
163 209 1000000 1000000 295 1000000 285 283 176 1000000 230 309 175 181 311
0 0 6 9 0 6 0 0 0 4 0 0 1 0 0
1268 1541 7352 12653 1719 7100 1333 1292 1598 9202 1674 1875 1849 1722 1650
21 21 272 343 13 156 21 21 12 276 12 20 12 14 23
1 1 59 88 1 59 1 1 2 84 2 1 2 2 2
1000000 1000000 1000000 1000000 1000000 1000000 1000000 1000000 1000000 1000000 1000000 1000000 1000000 1000000 1000000
136 236 183 123 128 96 97 135 225 177 179 234 301 208 207
2 2 10 19 1 17 2 4 0 19 1 0 0 1 2
213 122 2283 2353 161 2329 120 212 225 2966 229 228 228 142 244
172326 185522 1000000 1000000 1000000 1000000 172543 1000000 235340 1000000 1000000 234961 1000000 1000000 1000000
79 49 210 355 49 205 214 47 88 267 94 272 88 85 84
8 9 4 6 0 0 0 0 5 4 0 0 0 0 0
189971 199913 1000000 1000000 200374 1000000 189632 188191 214169 1000000 233258 214223 212651 234460 233441
3 8 3 3 0 0 0 0 2 3 0 0 0 0 0
290 431 1000000 1000000 662 1000000 468 334 236 1000000 384 400 366 796 629
4715 7434 3662 4214 3301 2182 1992 4281 6977 4863 5659 2682 7066 3342 3416
52 35 130 138 43 280 32 52 41 341 91 69 41 46 47
119214 129960 232784 256274 110315 183006 119001 118793 164913 312451 154513 165159 165504 117997 117626
1 6 1 2 0 0 0 0 1 1 0 0 0 0 0
1000000 1000000 1000000 1000000 1000000 1000000 1000000 1000000 1000000 1000000 1000000 1000000 1000000 1000000 1000000
999 1561 5390 5663 1297 5130 1040 995 1227 7357 1093 1083 1091 1593 1107
1440 1564 3440 3850 1387 4084 1429 1237 2562 4180 1751 1502 1492 1560 2086
0 0 3 4 0 3 0 0 0 3 0 0 0 0 0
0 0 0 0 0 0 0 0 0 0 0 0 0 0 0
144 237 116 323 321 305 1 1 252 368 498 1 3 505 491
258625 507229 221752 265375 54262 37890 32731 32456 427727 365753 81317 47778 47768 51542 52016
0 1 10 20 1 10 0 0 1 23 1 1 1 1 1
0 0 0 0 0 0 0 0 0 0 0 0 0 0 0
8641 8895 11534 13866 8646 11159 11652 8549 13618 18020 12209 17887 12338 8754 8758
4080 4599 4940 5323 3836 3518 3480 3977 4461 6336 4230 4611 4593 3764 4110
79 90 75 80 99 178 79 170 72 180 214 121 323 173 171
6749 12818 5323 5654 260 153 135 128 9889 8163 389 120 164 245 279
4 8 10 6 4 10 6 7 8 12 5 12 8 8 8
25347 26121 258352 273101 29571 282949 25726 25312 31455 328562 36197 31198 31396 31645 31764
155873 271737 127249 131482 2171 1051 1057 1110 232052 186117 1825 838 738 2039 2254
1000000 1000000 1000000 1000000 1000000 1000000 1000000 1000000 1000000 1000000 1000000 1000000 1000000 1000000 1000000
16 17 40 72 25 80 27 16 18 57 29 31 18 26 27
493 530 65016 65714 596 69464 601 513 771 75419 638 511 523 705 647
0 0 3 6 0 2 0 0 0 5 0 0 0 0 0
1000000 1000000 1000000 1000000 76845 47912 38635 38372 1000000 1000000 93045 43993 43988 71492 70558
0 0 0 0 0 0 0 0 0 0 0 0 0 0 0
0 0 0 0 0 0 0 0 0 0 0 0 0 0 0
1 1 13 14 2 7 1 1 1 9 2 2 2 1 2
13 23 11 12 4 2 4 4 13 18 7 5 5 2 4
30 51 291 577 32 290 51 30 46 334 47 27 46 62 37
27 28 1040 1024 36 1003 27 16 36 1371 29 36 35 25 41
6 13 3 4 8 8 0 0 4 4 5 0 0 8 4
0 3 0 1 0 0 0 0 0 0 0 0 0 0 0
1000000 1000000 1000000 1000000 2442 2406 1992 1947 1000000 1000000 3016 2305 2388 2611 2704
2009 2392 4231 3853 3037 4349 2054 1978 2937 5812 3509 2916 3048 2596 2785
70 154 53 31 7 2 2 4 104 45 10 3 6 4 4
37 156 35 97 1 0 0 0 49 46 1 0 0 1 1
4 4 38 56 9 22 4 4 5 59 8 5 9 10 10
14 15 179 195 13 250 14 8 16 302 15 9 16 8 14
8 5 31 36 8 52 8 8 7 78 11 11 11 8 8
636 1405 511 625 144 88 82 133 1022 922 202 178 178 139 219
1000000 1000000 1000000 1000000 1000000 1000000 1000000 1000000 1000000 1000000 1000000 1000000 1000000 1000000 1000000
1186 1574 674 837 218 229 202 141 1175 1025 339 296 194 170 259
634 698 6276 6200 1007 7182 974 695 1353 9584 1269 924 1487 1119 1008
5703 5975 2917 4079 4310 703 603 5851 7211 3803 5547 839 7594 4098 4096
5909 7227 2875 2895 5046 1756 1663 6001 10253 4578 8854 2720 10123 4771 4876
1240 1902 1127 1212 514 492 1222 418 1303 1726 407 2143 540 502 405
1765 2728 1440 1864 1228 612 642 512 3264 2777 1529 1091 1261 970 1132
105 108 662 720 64 689 634 106 107 1220 108 772 109 67 111
3498 3621 6399 6567 3398 5840 5446 3427 4506 8907 4791 7809 4514 3603 3761
2 5 2 3 0 0 0 0 2 1 0 0 0 0 0
10187 11724 10517 11158 5630 5378 10185 5088 14276 15066 7529 14344 6893 5856 5681
3 6 2 4 0 0 0 0 6 5 0 0 0 0 0
13 14 10 19 2 0 0 1 27 11 1 0 0 2 1
13370 13936 10290 10500 237 202 164 163 14587 12161 333 171 172 278 172
1000000 1000000 1000000 1000000 1000000 1000000 1000000 1000000 1000000 1000000 1000000 1000000 1000000 1000000 1000000
1000000 1000000 1000000 1000000 71144 60195 54059 54202 1000000 1000000 94050 73520 74554 69203 70266
1265 1007 852 989 275 403 237 236 1205 1096 541 276 277 275 333
127 239 179 321 160 176 219 179 284 388 341 288 230 172 288
1532 1366 4339 4305 1139 8865 1052 1058 1494 6631 1589 1484 1689 1242 1327
5 5 14 18 8 21 22 5 9 19 6 19 6 5 9
47773 49666 638597 772033 49479 629763 48019 48154 63407 938304 65400 63479 63709 51969 52020
7254 7972 32801 36520 9712 35371 7403 7243 12013 58049 16387 11992 11883 10741 10577
67 45 87 53 69 46 40 77 93 71 92 56 105 73 46
93 56 149 159 59 161 54 53 61 177 108 61 106 109 96
477 396 1475 1417 328 996 1282 393 399 1643 483 1806 366 281 282
1000000 1000000 1000000 1000000 1000000 1000000 1000000 1000000 1000000 1000000 1000000 1000000 1000000 1000000 1000000
67 77 71 73 27 18 68 18 144 88 18 145 33 18 29
1000000 1000000 1000000 1000000 1000000 1000000 1000000 1000000 1000000 1000000 1000000 1000000 1000000 1000000 1000000
10 10 73 85 10 123 6 6 6 131 7 4 6 7 7
1468 1655 1229 1374 84 56 78 78 2070 1535 98 51 59 134 132
8834 13909 7163 7285 1578 1019 1183 831 14171 11178 2401 999 948 1532 1570
204274 211950 1000000 1000000 256782 1000000 208161 207743 259800 1000000 317220 250253 256046 292482 283590
217 462 291 249 104 106 125 160 441 475 159 159 201 163 105
52 54 224 343 67 227 31 31 72 303 103 42 72 71 43
1000000 1000000 1000000 1000000 1000000 1000000 1000000 1000000 1000000 1000000 1000000 1000000 1000000 1000000 1000000
108030 119421 1000000 1000000 140445 1000000 107584 107964 155845 1000000 208445 156858 156113 154227 153680
14544 15291 13440 14213 13384 9258 9091 14735 18950 17219 17480 11852 18875 13614 13440
274 179 7212 7848 296 7075 274 276 404 12018 379 345 245 369 450
9 11 130 185 13 228 5 9 6 152 16 11 6 15 9
1 2 1 2 0 0 0 0 2 2 0 0 0 0 0
0 0 0 0 0 0 0 0 0 0 0 0 0 0 0
14178 18537 18626 20069 15560 16886 14194 17895 24542 31956 26131 24508 31034 16175 15929
1 2 1 1 0 0 0 0 1 1 0 0 0 0 0
2085 17563 1711 5979 763 455 481 668 3395 3082 905 696 692 583 623
1000000 1000000 1000000 1000000 1000000 1000000 1000000 1000000 1000000 1000000 1000000 1000000 1000000 1000000 1000000
70978 72401 50605 51146 39385 9752 8819 70754 84229 58863 48759 10134 84086 37802 37179
3 6 2 1 0 0 0 0 3 1 0 0 0 0 0
437917 482720 358692 374772 303390 144678 135008 435058 565521 464061 391757 178920 568976 292387 288479
6 39 8 16 17 31 0 0 9 12 24 1 0 31 18
480965 528276 342214 363576 354220 157068 149796 481220 579460 412586 422559 181511 580623 348157 342533
7691 9884 6949 7854 1283 929 6785 975 8020 8162 1224 8085 888 1321 1528
1000000 1000000 1000000 1000000 1000000 1000000 1000000 1000000 1000000 1000000 1000000 1000000 1000000 1000000 1000000
8 8 526 1168 9 564 8 8 5 905 6 9 9 10 10
9 15 75 52 15 72 15 15 18 94 11 17 11 16 10
24 217 20 68 10 3 3 5 61 51 8 4 7 9 9
484 388 107841 110248 615 134795 560 499 573 146769 512 396 658 400 404
0 1 0 0 0 0 0 0 0 0 0 0 0 0 0
153 156 1412 1005 146 1627 89 89 191 1468 242 190 192 211 212
0 0 0 0 0 0 0 0 0 0 0 0 0 0 0
39103 43232 110552 117428 41329 108874 39235 39318 43160 137704 46166 43388 43547 45692 45947
209868 264088 194629 208663 12883 10173 7578 7879 222312 215412 11929 6572 6444 12622 12673
4 7 2 2 4 2 3 7 11 6 6 2 6 6 4
3659 6884 3483 4774 1486 1562 1417 1434 6713 6295 2190 2344 2328 1955 1492
19 35 47 49 31 29 32 19 45 64 44 44 45 34 34
114919 123179 102032 104300 395 286 162 274 132478 116208 303 271 254 234 231
161 272 1267 1212 312 1084 160 254 234 1398 462 316 234 444 299
37 131 35 69 22 21 13 13 84 79 20 28 18 23 23
38901 47189 48922 54089 10454 10633 39085 10592 32881 62796 10021 32799 12894 11075 10981
0 0 0 0 0 0 0 0 0 0 0 0 0 0 0
441 640 278 300 85 50 45 75 334 439 58 84 51 87 87
215 359 7094 7476 367 6869 261 251 270 8862 458 428 269 355 253
1000000 1000000 1000000 1000000 1000000 1000000 1000000 1000000 1000000 1000000 1000000 1000000 1000000 1000000 1000000
3504 7364 3395 4835 116 107 79 64 4952 4207 98 115 85 73 74
1167 1513 647 787 1030 657 406 1243 2083 1197 1863 638 2041 1427 1006
137653 138792 111124 112424 957 895 1157 720 188261 148311 1698 1402 1048 863 1298
1000000 1000000 1000000 1000000 53320 34318 28800 30108 1000000 1000000 56519 33681 32549 48444 48166
489 804 411 479 178 155 97 97 386 283 172 138 136 125 125
46959 117225 48319 61290 2554 1802 1839 1846 64844 61395 2476 2215 2100 2125 2298
2486 2648 5053 5656 2661 4678 4844 2490 3582 8127 3660 7531 3645 2539 2788
48620 48888 1000000 1000000 48666 1000000 48852 49476 26330 1000000 26589 26698 26380 50584 50639
1000000 1000000 1000000 1000000 1000000 1000000 1000000 1000000 1000000 1000000 1000000 1000000 1000000 1000000 1000000
1000000 1000000 1000000 1000000 1000000 221470 213013 1000000 1000000 1000000 1000000 251160 1000000 1000000 1000000
1000000 1000000 1000000 1000000 1000000 1000000 1000000 1000000 1000000 1000000 1000000 1000000 1000000 1000000 1000000
334480 349279 109634 108070 230135 43494 39361 334065 531313 170392 389520 64662 529879 219753 221386
96681 125917 46400 48779 70428 19545 17140 96076 163250 74856 124757 27575 163105 67305 67339
4410 5397 10596 11743 10446 15424 4498 16188 5811 13577 13523 5876 20853 12071 11808
157 282 354 467 242 484 158 239 284 651 247 364 272 256 168
284477 310489 390862 384733 208457 67985 62547 285113 344238 446610 255710 74001 338892 196626 198202
363 1019 352 424 60 41 423 62 387 488 61 562 62 62 42
1909 1802 12811 14724 2160 13442 1702 1739 2541 20256 3449 2535 2634 2428 2377
14706 16191 1000000 1000000 18305 1000000 14870 14646 16616 1000000 20259 16501 16548 19831 19608
19837 21242 1000000 1000000 27961 1000000 19765 19734 19464 1000000 24478 19668 19657 32321 32303
63522 65430 52856 52506 1133 485 411 408 85860 70557 834 372 246 668 685
233 578 197 437 43 53 50 51 336 282 103 41 69 65 64
1000000 1000000 1000000 1000000 1000000 1000000 1000000 1000000 1000000 1000000 1000000 1000000 1000000 1000000 1000000
1000000 1000000 1000000 1000000 1000000 1000000 1000000 1000000 1000000 1000000 1000000 1000000 1000000 1000000 1000000
8606 13146 7235 7722 495 269 162 162 12537 10378 527 387 278 515 394
1 1 11 13 1 11 0 1 0 9 0 0 0 0 1
0 0 0 0 0 0 0 0 0 0 0 0 0 0 0
2 1 237 131 3 156 2 1 2 131 2 1 2 4 2
7 5 7 4 0 1 0 1 8 8 1 0 0 0 0
0 0 1 2 0 2 0 0 0 3 0 0 0 0 0
0 0 1 1 0 1 0 0 0 1 0 0 0 0 0
42 94 66 66 1 1 1 1 40 63 1 0 0 1 1
1 0 32 37 1 18 1 1 1 35 0 1 1 1 1
117101 120208 1000000 1000000 146166 1000000 115256 116559 168064 1000000 210346 168063 168648 164902 165579
1 2 1 1 0 0 0 0 1 2 0 0 0 0 0
37574 39122 13770 14236 32527 6357 5649 37465 49975 18126 42958 7868 50303 29775 29808
29302 36253 25061 26434 10503 8670 7456 7409 38828 33093 13323 9223 9265 10554 10641
154704 154767 147654 148103 681 678 499 361 166252 158331 610 510 688 646 601
1 2 33 36 1 34 1 1 3 65 3 3 1 4 2
0 0 5 23 0 2 0 0 0 4 1 1 1 0 0
1102 1094 3044 2368 3898 5176 960 5582 1477 4026 7091 1337 8071 4323 4460
1000000 1000000 1000000 1000000 18601 9587 6196 6389 1000000 1000000 22881 6264 6607 16331 16759
1000000 1000000 1000000 1000000 167379 101046 80972 80565 1000000 1000000 231858 106139 106776 156745 157524
3 3 187 127 5 231 3 5 3 157 6 6 6 5 3
1000000 1000000 1000000 1000000 138963 105997 98480 98106 1000000 1000000 143109 105650 106230 133436 133159
729309 787354 1000000 1000000 725222 1000000 1000000 729330 878334 1000000 860572 1000000 886002 743529 746745
109 406 83 62 9 8 4 7 110 80 21 10 11 14 9
1000000 1000000 1000000 1000000 607507 583773 547569 547076 1000000 1000000 869075 776351 776079 615279 618669
2613 2731 11000 12043 2646 9958 10487 2565 2752 12437 2910 11849 2705 2640 2797
1000000 1000000 1000000 1000000 1000000 1000000 1000000 1000000 1000000 1000000 1000000 1000000 1000000 1000000 1000000
1877 2192 1466 1448 36 19 28 28 2175 1557 39 30 30 36 21
683 806 492 505 3 2 1 1 712 532 1 2 1 3 3
1000000 1000000 1000000 1000000 1000000 1000000 1000000 1000000 1000000 1000000 1000000 1000000 1000000 1000000 1000000
12 7 1008 955 12 923 13 7 7 1493 14 12 12 15 15
0 0 0 0 0 0 0 0 0 0 0 0 0 0 0
1000000 1000000 1000000 1000000 1000000 1000000 1000000 1000000 1000000 1000000 1000000 1000000 1000000 1000000 1000000
69 131 1806 1197 156 1475 69 113 178 2041 248 179 177 161 181
2 1 30 212 1 58 2 2 3 88 4 3 3 2 2
4 4 8 5 2 9 4 2 5 13 6 5 5 5 5
95 154 845 1091 95 809 95 148 198 1016 199 130 201 156 155
1000000 1000000 1000000 1000000 684808 484588 432874 432054 1000000 1000000 1000000 794262 796251 667641 667582
124023 127086 87640 88104 1178 518 674 406 174354 123644 1516 543 544 1052 1046
3986 3780 1672 1886 1904 493 456 3750 4561 2330 2749 328 4716 1838 1897
339 257 613 500 369 795 216 216 496 1214 519 397 355 252 252
1000000 1000000 1000000 1000000 1000000 566738 555211 1000000 1000000 1000000 1000000 722194 1000000 1000000 1000000
1000000 1000000 1000000 1000000 2510 1179 1226 1054 1000000 1000000 880 507 342 2176 2133
23 24 128 133 49 138 40 40 44 165 56 43 44 53 31
11052 11331 637903 641792 12555 660904 11156 10936 15058 795986 17299 14607 14745 13656 13970
26 56 37 54 3 2 2 2 58 52 4 3 2 3 2
1 1 19 21 1 11 1 1 1 24 1 1 1 1 1
21273 22537 14972 15204 2051 1788 1305 1361 30655 21910 2985 2015 2972 2191 1973
10978 18175 10076 11315 1024 667 493 641 14479 12634 1066 581 573 845 991
1000000 1000000 1000000 1000000 1000000 1000000 1000000 1000000 1000000 1000000 1000000 1000000 1000000 1000000 1000000
39 56 34 64 3 3 22 2 22 19 3 22 1 3 3
411 602 933 670 476 808 421 495 756 803 673 939 610 660 477
1000000 1000000 1000000 1000000 1000000 1000000 1000000 1000000 1000000 1000000 1000000 1000000 1000000 1000000 1000000
4 4 207 440 6 206 4 4 3 497 7 5 3 6 3
154 226 125 125 9 8 4 4 87 126 4 3 3 5 5
49932 66348 34276 35485 40560 13482 12268 50243 90769 59508 75125 20775 90852 39273 38979
1345 1353 3170 2920 1202 2911 2904 1215 1191 4266 1587 3708 1162 1265 1351
0 0 4 4 0 4 0 0 0 5 0 1 1 0 0
584 1002 506 920 32 24 35 35 796 666 68 45 45 30 48
1000000 1000000 1000000 1000000 1000000 487481 423195 1000000 1000000 1000000 1000000 710080 1000000 1000000 1000000
1 1 5 5 0 5 1 1 0 8 1 0 1 1 1
0 0 2 6 0 1 0 0 1 2 1 1 1 0 0
0 3 0 1 0 0 0 0 0 0 0 0 0 0 0
0 0 1 0 0 0 0 0 0 1 0 0 0 0 0
687990 759216 1000000 1000000 907379 1000000 693914 689664 1000000 1000000 1000000 1000000 1000000 971730 973635
350 436 4069 4363 800 5066 527 494 587 6761 865 577 578 594 870
1000000 1000000 1000000 1000000 1000000 1000000 1000000 1000000 1000000 1000000 1000000 1000000 1000000 1000000 1000000
322188 354530 1000000 1000000 449014 1000000 324899 321322 552308 1000000 783342 552074 551773 486170 483200
1000000 1000000 1000000 1000000 1000000 1000000 1000000 1000000 1000000 1000000 1000000 1000000 1000000 1000000 1000000
17768 23938 6531 6929 15218 3284 2970 18439 32308 10719 27730 4750 32574 14662 14851
6811 6113 4743 5111 166 76 108 65 7252 5738 199 109 71 91 99
0 0 0 0 0 0 0 0 0 0 0 0 0 0 0
3195 3393 24444 25025 4130 27263 3195 3154 4654 37077 6077 5106 4769 4714 4426
5316 5325 17048 18690 6037 18915 4936 4749 7717 31198 10894 7750 7766 6654 6490
1000000 1000000 1000000 1000000 1000000 1000000 1000000 1000000 1000000 1000000 1000000 1000000 1000000 1000000 1000000
409993 439748 1000000 1000000 403892 1000000 1000000 410955 492688 1000000 485916 1000000 492479 441593 443291
11277 10646 21815 20392 27012 30422 11367 32177 18071 34047 42022 18014 48433 28270 28291
729134 1000000 580601 604200 94701 58581 51677 51803 1000000 946572 158347 84201 84819 91992 91648
505 672 8107 10676 636 8316 501 857 652 9074 1112 603 691 577 633
111695 113336 35912 36940 50915 3569 3054 112197 148044 47221 70719 3855 145461 43629 43774
252 506 159 315 4 3 4 2 265 294 7 2 2 5 5
1000000 1000000 1000000 1000000 1000000 1000000 1000000 1000000 1000000 1000000 1000000 1000000 1000000 1000000 1000000
78 80 190 366 86 318 79 78 93 259 104 93 57 106 65
1993 2085 3314 3631 1719 2648 1921 1962 2228 4048 2010 2400 2341 1956 2137
24462 29660 21930 22439 7884 5192 4521 6923 29241 25712 4907 2489 2352 7107 7708
66181 76178 56877 62847 57532 35138 33717 65460 98508 82341 85579 47545 98278 59181 59243
0 0 0 0 0 0 0 0 0 0 0 0 0 0 0
1 5 1 2 0 0 0 0 2 1 0 0 0 0 0
314 454 199 289 76 76 73 74 454 374 64 96 96 78 51
28 30 221 228 20 129 28 17 35 302 25 35 35 42 26
205 144 157 95 58 42 25 24 223 141 46 52 52 56 35
19823 21681 10501 10623 12542 4197 2694 19795 23902 12414 15503 3504 24105 11397 11585
0 1 6 17 0 11 1 1 1 17 1 2 2 1 0
46 55 55 33 17 13 13 13 58 69 16 7 12 16 16
1000000 1000000 1000000 1000000 1000000 1000000 1000000 1000000 1000000 1000000 1000000 1000000 1000000 1000000 1000000
121 156 98 93 81 150 75 161 78 102 131 124 199 141 89
49095 51625 1000000 1000000 78110 1000000 48988 49657 64630 1000000 99847 63956 63130 87845 89671
222927 237143 1000000 1000000 217229 1000000 1000000 223015 74975 783098 74808 631582 75927 221664 222496
0 0 0 0 0 0 0 0 0 0 0 0 0 0 0
0 0 0 0 0 0 0 0 0 0 0 0 0 0 0
181 243 479 909 296 685 181 280 296 1024 343 457 296 316 320
948 664 2956 3109 769 2646 1079 724 521 1045 467 523 521 648 651
79 82 3378 4298 108 3430 47 80 58 4090 133 58 58 73 120
122898 127867 105321 106636 77 55 36 20 122086 105530 71 33 19 75 74
12 22 2078 1917 20 2398 12 12 23 2432 19 23 13 38 23
56 38 133 188 78 162 55 32 9 187 8 5 5 88 90
1000000 1000000 1000000 1000000 1000000 1000000 1000000 1000000 1000000 1000000 1000000 1000000 1000000 1000000 1000000
6921 6964 759524 773323 6699 753362 6488 6201 7290 897503 7907 7259 7288 7684 7636
2041 2492 13135 14418 3474 13813 2290 2045 2842 20564 4096 2716 2757 3698 3417
200 166 18163 19304 296 17562 160 201 72 18021 93 120 72 395 388
1 6 1 3 0 0 0 0 2 1 0 0 0 0 0
159 179 587 691 119 693 98 168 215 651 251 127 218 126 177
1000000 1000000 1000000 1000000 99199 84632 78484 79110 1000000 1000000 107146 86497 86729 95579 95063
354 358 159 277 159 83 78 475 508 291 313 114 525 153 154
1000000 1000000 1000000 1000000 1000000 1000000 1000000 1000000 1000000 1000000 1000000 1000000 1000000 1000000 1000000
14 14 30 17 15 37 8 8 19 40 21 19 11 17 16
3 3 2621 3488 7 2653 3 5 3 3008 14 6 6 13 8
867897 1000000 719283 793649 249327 188148 166100 165762 1000000 1000000 413594 262086 263025 238781 239365
85 59 382 470 55 465 84 84 67 485 66 71 102 87 58
107 108 923 1307 106 909 105 105 80 1220 80 120 123 113 73
1 4 2 4 0 0 0 0 2 2 0 0 0 0 0
595 656 777 633 421 248 663 255 937 823 261 665 371 419 262
69476 73826 1000000 1000000 77997 1000000 70316 69031 74364 1000000 88144 74085 75519 98610 99332
2 4 261 484 2 263 4 4 1 434 2 3 3 4 4
148696 176701 125214 137021 126291 101905 95420 148688 234275 194409 198144 144411 234056 124939 125699
777 1714 799 813 221 129 73 120 1145 908 204 163 127 213 134
8542 9874 11562 12721 8347 11709 8450 8418 14696 20697 14347 14749 14958 8767 8598
10 5 197 134 12 110 6 10 10 114 12 10 5 15 8
146 270 168 221 57 116 147 63 166 187 111 300 67 64 64
36 37 567 577 43 573 35 21 45 885 58 47 28 47 28
1 0 14 11 1 14 10 1 1 8 0 18 0 1 0
0 0 0 0 0 0 0 0 0 0 0 0 0 0 0
30 37 34 65 21 45 32 32 25 82 49 43 25 22 38
1000000 1000000 1000000 1000000 1000000 1000000 1000000 1000000 1000000 1000000 1000000 1000000 1000000 1000000 1000000
1000000 1000000 1000000 1000000 1000000 1000000 1000000 1000000 1000000 1000000 1000000 1000000 1000000 1000000 1000000
239499 250346 159101 161268 17859 15306 13335 14897 276592 183479 20565 14837 14755 17085 17007
92 82 81 88 2 1 0 1 55 50 1 1 0 2 1
28 48 27 33 10 5 10 5 26 25 1 10 10 10 6
476853 504588 296342 300766 6415 4189 3789 4507 651933 400182 8870 5378 5397 6986 6255
18255 30276 13705 12789 3836 2588 2085 1884 30633 21130 6048 2716 2702 3725 3682
0 0 2 4 0 3 0 0 0 3 0 0 0 0 0
84496 110671 68110 73759 5255 2648 2092 2263 98259 79553 5077 1961 2153 4570 4215
132 165 119 84 12 11 131 18 171 165 23 134 21 12 12
20 14 41 26 22 46 20 20 28 66 30 29 17 15 15
428 508 209 267 16 7 6 6 525 299 21 5 5 13 13
72 80 1279 1348 99 1436 72 42 89 1766 126 53 53 111 67
558 592 489 504 538 389 447 557 751 798 763 518 798 734 542
13662 14021 1000000 1000000 15404 1000000 13798 13919 14651 1000000 17148 14637 14958 17938 17856
9441 10955 11290 11718 4384 4573 9287 4800 12033 14342 5145 12217 6021 4643 4617
136 138 627 673 136 563 682 136 140 721 172 1192 140 221 224
83727 86856 932583 1000000 83177 846678 864998 83705 102491 1000000 100875 1000000 101822 85959 86028
2361 2699 1577 1694 489 529 266 447 2081 1647 690 430 466 530 510
9980 11474 9472 9564 2853 2425 2081 2092 11838 11061 3501 2781 2635 2732 2780
1 0 4 5 0 2 1 1 1 3 0 1 1 1 0
0 0 0 0 0 0 0 0 0 0 0 0 0 0 0
196 120 91 95 92 55 46 196 264 116 124 59 162 88 88
3 6 3 2 0 0 0 0 4 2 0 0 0 0 0
3253 5322 1519 1466 1286 462 436 3241 5386 2552 2617 518 5515 1420 1200
413 469 2580 2584 417 2213 412 573 665 2971 577 527 636 530 431
6 4 79 75 6 42 3 6 3 52 6 6 3 7 7
144768 193446 89410 99128 123747 54272 48005 144566 265308 150773 229613 80923 266404 120986 120873
23160 32300 24499 28007 3909 4112 23751 3820 25825 27059 4366 26792 4062 4217 4113
4 7 6 6 0 0 0 0 4 3 0 0 0 0 0
13 43 20 15 1 0 0 0 23 11 0 0 0 1 1
25 27 74 52 16 75 26 16 35 78 22 23 35 27 17
1035 1659 897 1052 129 121 105 104 1559 1328 122 77 77 90 138
31 32 217 170 30 168 31 31 38 232 45 58 57 30 46
14684 15112 258579 263409 17607 303748 14693 14510 16852 329399 19356 17142 17019 18422 18404
473 792 506 544 24 13 11 18 613 531 16 13 12 24 24
0 0 0 0 0 0 0 0 0 0 0 0 0 0 0
39 53 19 35 1 0 0 0 46 22 1 1 1 1 1
1000000 1000000 1000000 1000000 103101 62949 54215 54930 1000000 1000000 121520 67526 68044 99157 99944
22989 25638 21854 23780 22362 17289 16182 23853 35865 34586 34305 26241 35813 22380 22385
1 1 14 34 2 14 1 1 2 39 2 2 2 1 2
15 22 24 14 4 3 2 2 35 31 2 3 3 4 4
1 1 7 13 1 6 1 1 2 9 2 1 2 1 1
370423 439106 302872 304644 14541 12266 11362 11625 404867 326710 13095 10810 11109 14050 14314
1 2 28 18 3 28 2 2 2 36 4 2 2 2 3
2444 4841 2118 2480 450 383 235 292 3727 3082 658 327 330 525 432
56647 69270 74478 77635 46371 49459 56509 53855 80015 107360 67044 80399 75640 49031 49147
113 142 144 173 42 35 32 32 143 121 52 23 38 25 41
138 300 136 109 26 30 27 26 218 122 35 35 35 38 39
45485 65743 38390 42913 20463 17341 16303 16336 92350 77834 37579 30606 30549 20008 20086
505 830 634 598 181 155 100 145 817 451 199 113 160 184 184
96 165 230 138 146 144 136 96 202 317 214 339 234 127 138
289120 328279 420282 473564 284741 400728 410264 288689 437347 657563 432198 636930 437377 298959 299607
259249 289413 276717 293367 84410 83872 81235 80233 342049 362589 104787 99524 98583 87787 90040
2292 3460 1630 1870 713 297 259 342 3329 2531 895 336 340 637 589
0 0 0 0 0 0 0 0 0 0 0 0 0 0 0
2 13 2 2 1 1 0 0 2 3 1 0 0 1 1
3 6 164 160 6 94 3 3 4 125 7 4 6 4 4
523 599 3007 3333 617 2685 3220 482 631 3620 631 3748 553 781 564
965 1735 774 1057 859 1018 667 962 1846 1405 1479 1433 1703 909 994
145 98 12916 12783 114 13593 86 144 127 15518 114 152 91 206 205
504 507 3224 3766 544 3189 689 658 472 3388 472 471 536 535 592
1000000 1000000 1000000 1000000 1000000 1000000 1000000 1000000 1000000 1000000 1000000 1000000 1000000 1000000 1000000
296 310 6309 6664 488 6340 301 319 368 8043 805 363 366 515 578
6861 6954 205619 229022 6962 202960 7123 6983 7685 231209 7691 7763 7806 7810 7507
170 522 140 230 52 42 25 25 487 404 79 38 38 52 52
67753 68473 1000000 1000000 68329 1000000 67947 67668 89785 1000000 89316 88126 88101 73951 72695
310844 408464 275500 290759 11477 10435 9300 9690 363562 319598 12112 9522 9535 12962 11445
25189 34912 21565 23518 11607 9835 9358 9343 46960 40287 20086 17010 16505 11645 11557
13 8 77 80 13 78 51 8 13 46 8 86 8 13 8
6 23 6 7 1 1 2 1 6 6 1 1 1 2 1
163 182 39431 39138 301 43070 229 287 350 46775 224 204 201 240 296
1000000 1000000 1000000 1000000 1000000 1000000 1000000 1000000 1000000 1000000 1000000 1000000 1000000 1000000 1000000
490 628 438 419 31 22 20 12 607 421 34 23 23 18 29
0 0 292 294 0 503 0 0 0 312 0 0 0 0 0
2959 5878 2764 3555 323 234 181 280 3608 3438 396 256 265 208 294
11275 12448 15715 16899 11212 14741 15323 11258 21038 30333 19930 29076 20548 11393 11876
4 4 232 319 7 277 8 8 9 174 9 9 9 5 5
6837 7047 565778 600054 11216 555068 6587 6639 4124 669056 4816 4026 4108 12380 12416
402241 416356 1000000 1000000 407489 1000000 409557 411084 334855 1000000 338090 331769 339643 417506 418829
469257 498011 1000000 1000000 790460 1000000 469876 467586 656321 1000000 1000000 656361 654898 876007 874556
4 8 6 6 1 0 0 1 9 8 1 1 1 1 1
23 223 22 72 1 0 0 1 64 35 3 1 2 1 1
0 0 2 6 0 2 0 0 0 3 0 0 0 0 0
120 76 5343 4722 126 4404 87 121 141 5145 150 143 87 150 93
13 24 585 511 35 605 22 21 26 893 26 16 27 42 42
12426 13124 450450 454501 19552 538656 11987 12127 18758 700200 32219 18672 18819 21430 21450
149 156 458 537 243 362 241 149 363 604 363 227 283 254 250
12520 14278 19328 20722 20759 24485 13761 27010 20375 32637 37570 20652 48351 22320 22288
107 71 3519 2500 81 2498 66 107 145 3096 154 143 144 92 146
394914 450815 638385 673265 886685 1000000 393951 1000000 723283 1000000 1000000 724756 1000000 946699 949626
81796 87384 183802 192359 63341 91040 90173 81751 87144 209250 70001 105278 84010 60753 62199
51 33 265 522 70 277 51 50 43 677 63 43 43 49 81
1000000 1000000 1000000 1000000 219119 173091 152462 153369 1000000 1000000 276715 199182 199632 218670 216962
0 0 0 0 0 0 0 0 0 0 0 0 0 0 0
3 3 5 5 4 3 3 5 8 7 7 4 8 4 3
107768 126712 79001 81731 5249 3516 3197 3090 143193 106758 6620 4768 4265 4534 4748
0 1 0 0 0 1 0 0 0 0 0 0 0 0 0
0 0 1 1 0 1 0 0 0 1 0 0 0 0 0
1000000 1000000 1000000 1000000 1000000 1000000 1000000 1000000 1000000 1000000 1000000 1000000 1000000 1000000 1000000
73 49 32516 33030 55 33129 42 42 48 40407 105 84 84 102 102
146 229 74 216 14 9 8 5 236 200 13 12 12 14 9
21175 35941 16174 16970 5882 3425 2966 3041 35381 26549 9784 4670 4637 5700 5673
5 3 27 33 4 18 5 3 7 26 6 4 4 8 5
23669 24616 1000000 1000000 27068 1000000 23991 23723 10627 1000000 11805 10689 10705 30714 31444
117 254 100 108 41 52 48 48 168 241 53 39 61 64 65
1000000 1000000 1000000 1000000 35702 25832 22587 23189 1000000 1000000 50605 31238 31573 34509 34693
454632 458997 358367 360577 5289 4144 3673 3866 498977 393422 5924 4184 4780 4739 4760
52070 65337 29326 29278 44347 17291 14907 51647 98419 54074 85386 26359 98644 42674 42310
64857 67298 134206 138199 62068 116456 117971 65487 75023 151836 71985 132755 75849 65670 65848
0 0 3 14 0 3 0 0 0 2 0 0 0 0 0
567 466 606 789 590 488 451 424 1003 1014 804 725 757 410 567
1 1 65 104 1 61 1 1 2 97 2 1 2 2 1
37286 38988 1000000 1000000 47263 1000000 37105 36617 36887 1000000 50312 36750 36820 52242 52140
0 0 0 0 0 0 0 0 0 0 0 0 0 0 0
379 465 318 191 25 9 13 8 372 366 18 9 16 23 23
0 0 13 13 0 13 0 0 1 29 1 1 1 1 0
3080 2993 6897 7345 2372 4973 2943 3094 3015 7316 2147 2933 2940 2325 2536
3 3 6 6 3 4 2 2 2 5 2 2 2 2 2
732 908 4694 4910 726 4257 4444 758 646 4531 903 4429 844 843 758
165217 495820 138083 172788 59175 37828 35267 34970 300905 247534 93377 53060 53578 57372 57482
356 256 205 369 42 69 310 58 423 409 44 293 60 72 71
1 1 35 39 1 19 1 1 1 22 1 1 1 2 2
220 319 121 138 43 23 220 39 156 156 10 154 5 25 43
440 595 840 1001 380 624 620 484 411 1359 418 963 416 387 414
14 37 21 25 2 1 1 1 14 22 1 1 1 2 2
6 10 22 31 6 21 10 6 11 41 11 11 11 13 13
9768 12927 11226 12353 2387 2299 9282 2240 14304 17027 3291 14426 3197 2417 2580
1000000 1000000 1000000 1000000 1000000 1000000 1000000 1000000 1000000 1000000 1000000 1000000 1000000 1000000 1000000
276 344 280 240 50 37 31 31 512 321 58 33 19 28 28
14 15 32 61 14 32 9 14 11 74 11 18 11 15 10
246796 283583 199312 211695 15165 13285 11707 11642 360909 289251 21784 16709 16572 14973 15043
3 6 22 31 5 20 5 5 8 43 7 8 5 9 5
74 139 15694 15553 157 15284 74 74 152 19028 291 92 126 173 271
113697 126461 151467 163756 108667 117746 115541 113997 170299 228200 162348 173817 171442 111455 111259
3 3 1 2 0 0 0 0 3 1 0 0 0 0 0
5 10 2 5 0 0 0 0 6 3 0 0 0 0 0
0 0 1 2 0 1 0 0 0 1 0 0 0 0 0
804 1064 5102 5233 4816 13127 879 13334 1580 7295 7765 1275 19557 5157 5463
19 11 97 121 20 109 11 11 22 73 22 22 22 12 21
78 79 8737 9357 49 9228 77 78 12 8798 17 20 20 117 118
126 134 1410 1486 170 1840 126 126 154 1784 270 257 176 321 193
134707 166155 157196 173504 115606 127336 134851 128179 205970 238700 169861 205621 186920 120168 119712
1000000 1000000 1000000 1000000 226288 226095 1000000 223795 1000000 1000000 238001 1000000 232147 233118 233097
1000000 1000000 1000000 1000000 1000000 1000000 1000000 1000000 1000000 1000000 1000000 1000000 1000000 1000000 1000000
1120 1168 1000000 1000000 1529 1000000 1360 1154 1342 1000000 1772 1463 1332 1977 1598
131075 144597 788073 818357 813425 1000000 131066 1000000 219001 1000000 1000000 218480 1000000 901456 897972
846 855 76709 77840 871 77151 902 846 748 85107 961 747 923 1084 930
23 71 19 18 14 7 4 7 20 26 14 4 4 12 12
9146 10183 197219 209939 13851 198043 9332 9205 11965 277294 16872 10844 10997 14920 15079
38647 41135 1000000 1000000 44982 1000000 38675 38685 47389 1000000 54955 47170 47146 54170 53170
460 586 1638 2041 459 1511 462 502 527 2130 411 527 748 507 506
588 799 534 1021 28 18 17 17 707 1079 36 36 37 42 42
113451 117187 202255 219094 110761 178548 178376 112333 142715 251916 138884 225633 141487 113531 113943
8445 8664 1000000 1000000 9077 1000000 8943 8398 10326 1000000 10813 10283 10347 9491 9367
761 942 858 769 293 233 362 235 1458 1145 400 369 546 247 247
5 3 72 303 7 131 5 5 4 178 5 7 7 4 7
277541 295922 588265 615073 275057 459495 277503 277376 342170 601130 343731 347760 342233 288867 289100
2 4 51 30 3 29 3 3 2 57 3 2 3 6 3
4553 5724 4471 4685 862 623 560 555 5872 5734 767 763 946 628 673
48 81 411 466 109 545 78 77 115 918 160 70 70 80 128
90 798 109 375 215 143 37 37 125 235 180 32 33 220 139
2805 3122 8385 9770 2960 8560 2916 2827 4662 15265 5031 4598 4708 3286 3224
238 427 430 552 319 537 294 270 350 529 502 563 349 243 244
449 876 312 371 161 95 147 137 686 585 122 156 168 99 159
1000000 1000000 1000000 1000000 1000000 1000000 1000000 1000000 1000000 1000000 1000000 1000000 1000000 1000000 1000000
1000000 1000000 708884 765995 759623 179834 154474 1000000 1000000 994005 987953 201567 1000000 714271 711976
5665 5860 5377 5547 68 104 56 95 8576 7018 138 121 121 70 70
1000000 1000000 1000000 1000000 1000000 1000000 1000000 1000000 1000000 1000000 1000000 1000000 1000000 1000000 1000000
99 127 143 152 8 4 5 3 119 169 6 3 3 8 8
1000000 1000000 1000000 1000000 1000000 1000000 1000000 1000000 1000000 1000000 1000000 1000000 1000000 1000000 1000000
7 7 352 239 5 202 7 4 4 220 4 4 6 6 10
38 173 32 78 6 2 1 1 39 33 8 2 2 3 5
1000000 1000000 1000000 1000000 60315 43175 37636 37202 1000000 1000000 71495 49383 49741 57215 57386
5806 6927 3354 3081 4151 1991 1630 5789 9029 4346 6767 1574 8893 3829 3817
2 4 3 3 0 0 3 0 2 2 0 3 0 0 0
7530 7498 430489 444782 11753 683166 7525 7621 9681 528163 15444 9719 9808 13158 13162
32 50 26 29 10 5 7 4 52 24 13 6 6 10 6
0 0 0 0 0 0 0 0 0 0 0 0 0 0 0
0 1 1 0 0 0 0 0 0 1 0 0 0 0 0
0 1 0 1 0 0 0 0 0 1 0 1 0 0 0
54 54 596 356 58 329 92 54 84 699 92 70 49 112 66
21 12 729 836 12 506 21 12 12 558 13 22 22 25 25
0 0 0 0 0 0 0 0 0 0 0 0 0 0 0
8 7 4 8 0 0 0 0 8 5 1 0 0 0 0
17712 25686 16725 19381 4955 4896 4537 4612 27496 26011 7043 6646 6465 5061 5112
1000000 1000000 1000000 1000000 66105 51565 44410 43061 1000000 1000000 68776 45519 45890 61120 60825
1002 1444 1079 1089 386 497 997 419 1065 1028 323 982 480 566 572
1 1 8 9 1 8 5 0 1 8 1 9 1 1 1
20 41 143 124 42 85 20 20 53 165 41 33 54 45 45
9427 9004 164590 171955 14782 185486 8654 8560 13807 256627 24357 13841 13691 16210 16156
116 291 62 99 10 10 9 9 152 140 22 11 12 16 16
854 1797 789 925 12 17 9 16 710 661 14 7 4 20 20
42 28 246 257 28 166 25 25 35 232 62 35 58 30 30
1000000 1000000 1000000 1000000 1000000 1000000 1000000 1000000 1000000 1000000 1000000 1000000 1000000 1000000 1000000
8583 8390 6535 6495 350 178 91 91 10114 7993 365 105 105 197 309
23 37 20 33 3 2 2 2 32 29 4 2 1 1 1
87 87 437 428 160 430 160 87 162 320 161 87 87 212 214
1000000 1000000 1000000 1000000 208309 209502 197663 198367 1000000 1000000 266006 253331 253067 208989 209123
315 219 1647 1338 315 1006 202 202 405 2031 307 309 363 221 219
1000000 1000000 1000000 1000000 1000000 1000000 1000000 1000000 1000000 1000000 1000000 1000000 1000000 1000000 1000000
232260 307864 188552 196346 4915 3894 3096 3303 285388 207622 5746 3513 3468 4589 4782
10 10 250 182 11 311 10 10 6 344 12 6 7 12 7
47 51 245 307 43 436 62 37 86 517 62 86 52 77 47
0 0 0 1 1 1 0 0 0 1 1 0 0 1 1
83 92 190 204 64 126 84 53 129 203 156 82 130 108 108
1 1 9 24 1 17 1 1 1 17 1 1 1 1 1
30670 36907 14297 14446 22488 7537 6238 30684 53310 18533 41976 8239 53197 21484 21899
1000000 1000000 1000000 1000000 38101 20381 16669 16038 1000000 1000000 39357 17718 17808 34935 35147
0 0 0 0 0 0 0 0 0 0 0 0 0 0 0
0 0 0 3 0 1 0 0 0 1 0 0 0 0 0
0 1 1 1 0 0 0 0 0 0 0 0 0 0 0
312818 342337 238864 244197 7788 5768 5130 5108 389189 295822 10565 6652 6112 7794 7551
2 2 19 53 3 19 1 1 2 33 3 2 4 3 3
0 0 0 0 0 0 0 0 0 0 0 0 0 0 0
13130 14001 8920 9390 10142 3970 3582 12873 15104 10709 11734 4713 14931 9515 9759
2 1 45 38 3 27 1 3 3 37 2 2 2 2 2
5 5 7 6 5 11 5 8 7 10 7 7 7 5 5
2617 2792 40642 41565 3658 41710 2465 2448 3581 58049 6681 3500 3390 3988 3842
4844 5102 8482 9218 5242 7742 7884 4930 7213 12550 6601 11385 6823 4811 5537
7070 7740 6017 6466 1771 1310 7504 1427 8429 7020 1740 8234 1336 2635 1646
123872 270652 107835 128809 21528 17461 13759 13981 144982 125620 23203 14990 14543 21165 21260
80 123 1184 2841 79 1338 126 126 85 1565 133 134 133 83 83
4 9 7 8 5 6 0 0 4 7 8 0 0 3 3
2 2 14 22 2 13 2 2 3 20 2 3 2 1 2
1791 2050 1000000 1000000 2074 1000000 1833 1882 2364 1000000 2342 2235 2065 2445 2171
96 114 31959 32904 137 32157 66 113 140 37093 285 139 140 152 153
9 16 90 55 9 51 15 15 19 71 20 12 19 17 10
0 0 2 2 0 1 0 0 1 5 1 1 1 1 0
55 63 45 51 1 2 1 2 33 46 2 2 2 2 2
5083 6334 1000000 1000000 12309 1000000 5126 5150 3783 1000000 9452 3737 3770 14051 14245
1847 1914 17002 17421 2706 20645 1842 1850 2712 27999 4026 2733 2721 3089 3229
40 69 174 329 59 182 67 67 58 360 92 97 58 104 100
1 1 9 37 2 7 1 1 2 16 3 1 2 1 2
1000000 1000000 1000000 1000000 1000000 617315 573637 1000000 1000000 1000000 1000000 831825 1000000 1000000 1000000
280 377 251 289 170 106 135 162 725 458 212 201 169 170 112
177112 197758 117285 119242 7312 5285 4809 4597 257883 166994 8942 5586 5668 7071 6991
0 0 2 3 0 2 0 0 0 2 0 0 0 0 0
56918 60634 47909 48479 60 47 35 36 59252 50025 32 21 36 31 55
1 5 1 2 0 0 0 0 2 1 0 0 0 0 0
654 426 1000000 1000000 696 1000000 585 524 692 1000000 971 556 674 789 852
356916 374880 1000000 1000000 406051 1000000 358162 358593 439771 1000000 492852 440734 444151 461448 466509
255 293 262 282 143 202 336 156 286 264 242 269 319 184 231
1000000 1000000 1000000 1000000 6787 3246 2563 2591 1000000 1000000 7100 2734 3104 5870 5567
620 985 17449 17593 887 17223 686 963 1291 24477 1297 999 977 1309 961
277281 278566 690927 745896 269967 620943 622078 275238 329743 868401 323984 792539 329380 274238 274105
447 400 777 1083 310 857 371 273 630 1968 496 467 710 332 522
149 272 216 129 10 5 4 7 277 240 6 8 4 9 5
1000000 1000000 1000000 1000000 288659 247177 1000000 233198 1000000 1000000 321599 1000000 262650 279537 277122
1171 1447 1529 1253 159 82 126 73 1364 1033 159 126 114 145 94
89834 143671 85797 103578 7894 8445 89753 7448 104944 101186 8441 105174 7803 8027 8446
3 4 5 5 0 0 0 0 4 5 0 0 0 0 0
2611 10159 2302 3485 485 273 389 393 4119 3494 439 460 344 392 453
85 54 146 152 84 135 231 85 97 178 58 164 97 53 53
16 10 182 302 10 230 10 16 17 161 10 17 11 10 17
1097 1110 19264 22378 1251 18858 19796 1741 1417 21626 1482 22408 1213 1419 1150
0 0 1 1 0 1 0 0 0 1 0 0 0 0 0
327 1889 460 980 72 49 48 48 560 481 155 98 98 111 73
11506 11778 94105 99808 17700 99922 11386 11419 18013 152242 28808 17739 17704 19267 19704
0 0 1 3 0 3 0 0 0 2 0 0 0 0 0
4161 4822 2994 3071 286 256 128 215 5247 3997 469 203 163 325 217
1 1 10 46 1 5 1 1 2 16 2 1 2 2 2
53155 54804 1000000 1000000 59086 1000000 53437 53773 65666 1000000 74821 64481 66351 69435 66480
0 0 36 37 0 36 0 0 1 28 1 0 1 1 1
0 0 1 1 0 0 0 0 0 1 0 0 0 0 0
1000000 1000000 989875 1000000 1000000 771979 691336 1000000 1000000 1000000 1000000 1000000 1000000 1000000 1000000
169 193 6321 7031 275 6117 104 104 187 9453 519 236 143 395 386
3831 3976 21238 22087 3967 21632 3497 3429 3556 24689 3668 3717 3572 4113 4083
0 0 0 0 0 0 0 0 0 1 0 0 0 0 0
0 0 2 6 0 1 0 0 0 2 0 0 0 0 0
99 159 982 1037 156 1115 156 98 184 1406 184 174 116 141 170
0 0 7 27 0 7 0 0 0 5 0 0 0 0 0
0 0 0 0 0 0 0 0 0 0 0 0 0 0 0
2 4 2 2 0 0 0 0 2 3 0 0 0 0 0
1000000 1000000 1000000 1000000 1000000 1000000 1000000 1000000 1000000 1000000 1000000 1000000 1000000 1000000 1000000
24376 28232 1000000 1000000 27405 1000000 24817 24815 31159 1000000 35422 31335 31408 30631 30745
15562 16166 13170 13243 15 13 6 6 16651 14004 9 6 6 8 8
216 257 320 182 248 82 147 386 288 270 387 166 316 226 324
11863 15265 10477 11249 1992 1153 972 1404 15995 14380 2073 1311 1461 1422 1716
1000000 1000000 1000000 1000000 281638 204977 195629 198087 1000000 1000000 308754 211730 218935 265497 262122
3569 4217 3688 4607 3036 2780 3764 3603 7 5 4 7 4 2906 2919
59 271 52 97 13 8 13 8 88 78 27 17 17 12 19
9 5 11 11 9 19 9 5 7 18 7 7 4 5 5
7538 9003 25331 29043 8526 26602 7558 7562 12939 43341 13670 12806 12631 8584 8651
1 3 1 2 0 0 1 0 1 1 0 1 0 0 0
3 4 23 28 4 39 2 2 5 46 5 5 5 5 5
1000000 1000000 1000000 1000000 1000000 1000000 1000000 1000000 1000000 1000000 1000000 1000000 1000000 1000000 1000000
4108 4388 7172 7535 4640 5174 3961 5499 5947 10456 6615 5774 8152 4892 5169
21346 21310 34138 36404 19795 31636 20085 20093 26404 41751 27712 26725 26386 21339 21035
8 10 69 162 8 67 8 12 9 103 15 15 9 8 13
231 388 203 171 72 93 51 51 315 244 108 113 113 113 112
118 148 2286 2265 105 3758 70 71 96 3264 141 96 135 129 113
173 330 235 160 48 17 15 9 353 287 53 10 17 41 41
18 29 44 48 17 72 47 27 39 103 24 74 25 28 28
0 0 3 21 0 1 0 0 0 2 0 0 0 0 0
24429 29860 22515 23840 4138 3580 3396 3183 35282 31982 6476 4846 5197 4091 4266
7273 9463 6410 6840 2418 1798 1711 1664 9700 9032 2784 2177 2357 2005 2002
579 689 4481 3975 4110 10310 812 10826 1448 5776 7448 914 16609 4523 4612
858 770 748 770 12 2 3 3 784 950 8 4 4 10 6
456473 547793 239391 212259 437058 166917 144011 456067 848058 389717 808500 236547 845539 433765 433891
1000000 1000000 1000000 1000000 79851 52172 44659 44478 1000000 1000000 104669 55130 55516 74698 76020
8831 9551 18881 18856 18079 24983 8996 27228 14553 30066 34235 14435 48502 19399 20825
475 425 1000000 1000000 767 1000000 326 326 526 1000000 774 322 321 947 932
41976 59028 32084 33082 8679 5659 5161 4785 68018 52364 12245 7216 6385 8515 8415
2 1 85 86 3 73 2 2 3 100 3 3 3 2 3
80 48 26797 26768 80 26345 45 45 51 29120 90 88 89 58 58
43 229 35 196 13 6 10 6 93 53 10 13 13 12 8
128 78 8859 9053 92 9444 72 127 133 10347 90 132 75 187 143
7860 11568 6698 6853 992 877 437 438 9296 7667 841 657 502 665 710
9 21 14 7 2 1 2 1 13 13 1 2 1 1 1
1883 2228 46735 48668 2402 48706 1909 2523 2824 63071 3165 2372 2362 2747 2693
1622 1956 326159 325622 1860 327985 1696 1704 1565 343924 1818 1582 1653 2321 2224
1577 1565 1293 1139 214 135 92 158 1697 1284 148 182 180 153 214
5934 5911 210825 214080 6139 210701 6024 5745 6454 231399 6561 6574 6950 6671 6676
1000000 1000000 1000000 1000000 1000000 1000000 1000000 1000000 1000000 1000000 1000000 1000000 1000000 1000000 1000000
38012 40119 369778 386448 49766 412399 37926 38065 43470 457629 56961 43313 43650 55871 55480
6 11 2477 2370 16 2346 10 10 11 2743 18 11 11 12 12
335510 342752 307911 305332 711 239 203 345 391774 356979 667 247 348 416 415
51033 57308 41554 45839 1232 833 994 987 54505 45286 1487 794 1032 1175 1377
1 3 2 1 0 0 0 0 1 1 0 0 0 0 0
3 11 2 6 2 2 0 0 4 2 5 1 1 4 2
11 12 32 59 23 38 11 18 26 82 20 16 26 15 25
252 278 142 244 9 3 3 5 238 170 10 6 4 7 4
1022 3876 559 1563 19 32 31 31 1065 1110 29 18 30 19 19
4 4 22 45 4 37 2 2 4 25 2 4 2 3 3
0 0 0 0 0 0 0 0 0 0 0 0 0 0 0
229 258 260 168 4 2 2 2 322 157 4 1 2 2 2
2485 3293 2012 2015 400 215 239 146 3515 2721 494 251 153 569 350
312 435 629 1166 271 701 981 271 347 1180 540 1111 459 363 280
625437 738911 453985 448264 601534 360913 333372 627468 1000000 805705 1000000 592580 1000000 602248 600818
29320 29998 1000000 1000000 36994 1000000 29837 29610 34705 1000000 43150 34924 34810 44319 44757
13 13 9 5 6 1 2 13 16 5 8 1 16 6 11
119494 121022 74604 73607 5960 5440 4991 5019 143418 88410 7757 6569 6726 5706 5743
0 3 0 3 1 1 0 0 0 0 1 0 0 1 1
3 2 10 11 2 19 2 3 4 18 5 2 2 2 2
385 508 623 469 379 425 592 498 918 1019 610 649 740 405 611
353 302 14449 18658 347 14792 353 265 302 19570 442 441 342 352 446
355192 400092 336847 359963 156783 149619 132790 132157 502734 466993 215604 176512 176221 153258 154200
2930 2996 1000000 1000000 2839 1000000 2954 2762 3436 1000000 3488 3425 3451 3047 3097
0 0 32 61 1 18 0 1 1 20 1 1 1 1 1
4349 10496 4045 5574 227 214 4398 301 4724 4757 235 4941 241 227 228
24527 29538 29072 30701 19916 20251 24515 20699 34895 41114 28519 34697 29387 20896 20863
36779 103615 31973 36295 851 399 300 482 50524 43225 1406 635 526 966 791
36901 37188 31720 33197 6 4 2 3 37325 33380 6 4 4 7 7
1000000 1000000 1000000 1000000 1000000 1000000 1000000 1000000 1000000 1000000 1000000 1000000 1000000 1000000 1000000
30451 84948 25199 30925 14281 9188 8048 8056 52825 43100 23830 13850 13377 15296 14514
6 4 12 26 8 21 3 6 4 27 8 7 7 9 9
0 0 3 3 0 1 0 0 0 1 0 0 0 0 0
1374 1320 1275 1537 1246 1111 1183 1400 1804 1718 1610 1453 1621 1289 1289
1 0 376 1173 1 522 1 0 2 996 1 2 1 2 1
684544 749180 621303 628491 5721 3643 2930 2901 744188 674427 7516 3261 3327 4828 4960
15037 15387 38469 39768 14460 30164 29474 15137 17886 47886 17605 37903 18153 14828 14882
1101 1619 1087 1640 30 26 23 23 1511 1020 25 13 13 29 48
487 493 39862 42463 679 39339 632 486 673 44156 1115 532 811 719 857
3 3 1 3 3 3 3 3 2 2 3 1 3 2 3
1 1 18 11 2 18 2 2 1 12 1 1 1 2 2
3834 4759 3246 3406 781 667 592 592 4766 4264 1049 777 775 778 776
1000000 1000000 1000000 1000000 1000000 1000000 1000000 1000000 1000000 1000000 1000000 1000000 1000000 1000000 1000000
9 7 7 8 1 1 0 0 5 8 1 0 0 1 1
141685 215373 120426 129371 10592 5419 4066 4164 182571 150265 13708 5147 5191 9757 9601
69 56 29 51 57 18 28 43 116 74 92 43 72 34 54
0 0 1 1 0 0 0 0 0 2 0 0 0 0 0
114 119 917 1114 88 798 104 117 100 1297 126 100 144 98 159
8295 10095 6013 6370 6898 2446 1933 8296 13420 9397 11621 3090 13525 6749 6855
1000000 1000000 1000000 1000000 1000000 1000000 1000000 1000000 1000000 1000000 1000000 1000000 1000000 1000000 1000000
85 59 47 50 37 23 50 36 93 105 47 67 49 38 24
75129 79836 1000000 1000000 96433 1000000 75207 75001 103084 1000000 136498 102808 103758 109384 108435
4022 6159 3380 3731 437 201 273 162 4984 4133 324 266 180 397 247
626 641 5570 6716 694 5440 730 783 714 6510 810 689 1207 691 851
68 71 48588 49697 40 48292 69 38 38 53185 41 38 70 75 75
1000000 1000000 1000000 1000000 252 86 116 120 1000000 1000000 279 119 68 184 211
1 4 1 1 0 0 0 0 1 0 0 0 0 0 0
704891 1000000 575415 667843 212956 141988 130893 130343 1000000 1000000 374862 224851 224099 209763 208845
390 494 266 486 34 11 18 18 396 465 38 19 19 18 30
118190 128284 218193 226733 91374 237276 117984 118328 86221 169875 78656 87083 87272 97758 97734
1000000 1000000 1000000 1000000 1000000 1000000 1000000 1000000 1000000 1000000 1000000 1000000 1000000 1000000 1000000
888230 993343 618518 658291 722682 395629 878855 895543 607027 674500 516722 611360 601589 757462 747474
28755 31174 310431 317943 31966 403863 28889 29341 35109 378646 40325 35333 35084 35331 36866
1 1 15 8 1 9 1 1 1 9 1 1 1 1 1
15966 17079 11325 11967 12286 4023 4269 15963 18828 13346 15535 4469 18813 11324 11329
1 1 21 71 2 37 1 1 1 25 2 2 2 2 2
304 893 499 398 48 32 490 47 334 328 32 514 31 32 49
1000000 1000000 1000000 1000000 1000000 1000000 1000000 1000000 1000000 1000000 1000000 1000000 1000000 1000000 1000000
45 29 76 162 20 56 98 45 29 145 23 122 30 21 21
917 759 189446 192537 878 188405 1128 741 898 218234 944 917 1151 869 868
497147 802240 373454 380853 112349 63172 53078 53655 839397 607708 187277 88098 89000 106632 106350
19824 20661 1000000 1000000 30570 1000000 19902 19950 27094 1000000 44394 27173 27395 33860 33586
18662 20104 63534 64599 17506 60239 19213 19167 21191 73381 19751 21391 21537 19589 19133
2791 3070 8451 9571 2998 8398 2931 2832 4624 15181 5078 4754 4664 3251 3364
1215 2405 1082 1395 225 216 183 115 1422 1364 214 129 206 226 145
73971 76287 371047 442695 74965 368343 74230 74144 97297 542060 98018 97164 97758 78718 78727
1000000 1000000 1000000 1000000 44302 40889 37339 37141 1000000 1000000 56151 46904 47373 43726 49032
53620 58719 57625 63315 52340 52826 53106 53706 76133 89613 74025 82757 77076 54661 53991
0 1 0 0 0 0 0 0 0 0 0 0 0 0 0
33308 33286 1000000 1000000 36770 1000000 33108 33445 40014 1000000 43104 40363 41134 41063 41376
1 1 1 1 0 0 0 0 0 0 0 0 0 0 0
0 0 0 0 0 0 0 0 0 0 0 0 0 0 0
24130 25012 1000000 1000000 26690 1000000 24616 23992 29549 1000000 34041 30203 30083 29772 29463
87791 94250 236161 266194 88636 218113 221764 87834 127262 367171 128566 349772 126707 92418 92547
51699 55541 106666 102798 132878 158586 51788 173114 85768 174945 232801 86485 296462 140870 142365
4 7 26 49 6 43 4 4 5 66 5 5 5 4 4
3808 7636 3778 4094 2317 2187 2368 1807 6981 6973 4010 3487 3116 2312 2488
408037 449321 241219 251076 359332 136569 125335 407497 576535 334507 506779 170703 572375 351635 351005
370 594 2304 2358 419 2211 669 664 173 1987 224 176 98 466 603
1000000 1000000 1000000 1000000 1000000 1000000 1000000 1000000 1000000 1000000 1000000 1000000 1000000 1000000 1000000
341 371 482 317 331 405 243 343 473 412 489 322 523 453 340
2 2 46 33 2 28 2 2 3 40 2 1 1 2 2
77526 79322 1000000 1000000 91909 1000000 76835 77245 119747 1000000 143104 119421 118991 98702 98851
0 0 0 1 0 0 0 0 0 1 0 0 0 0 0
16 29 6 11 15 8 7 27 36 8 20 9 37 15 15
3 2 3 2 2 3 3 3 4 5 4 4 4 1 1
7215 7775 16062 17079 7795 20685 8901 7226 10221 22462 11212 10133 10243 9062 8574
6 23 9 9 8 16 0 0 9 14 21 0 0 14 15
5256 5195 72455 77751 5353 72478 75590 5129 5329 79209 5528 85820 5328 6581 6365
41841 64928 42134 46238 8589 8468 41835 7803 50025 50158 9244 49712 8327 8810 8885
0 0 0 0 0 0 0 0 0 0 0 0 0 0 0
1000000 1000000 1000000 1000000 1000000 1000000 1000000 1000000 1000000 1000000 1000000 1000000 1000000 1000000 1000000
170 348 166 219 29 43 289 42 223 218 63 224 55 48 49
10216 11956 17884 19663 11303 23782 10185 11070 16538 30094 18400 16510 16562 12123 12445
266145 289244 238629 241946 6129 3007 2271 2566 331014 293897 7487 2774 2783 5844 5739
1000000 1000000 1000000 1000000 1000000 1000000 1000000 1000000 1000000 1000000 1000000 1000000 1000000 1000000 1000000
1721 1868 8246 8637 1773 7718 8484 1773 2653 9458 2137 10013 2671 2044 2099
2668 3493 2210 2523 1340 1046 951 1085 3716 3148 1814 1406 1237 1305 1301
2909 2942 15736 17938 2862 15425 2856 2866 3708 20807 3549 3636 3545 3103 3065
1210 1575 1079 1166 199 308 1116 193 1515 1440 287 1367 246 315 203
2 2 527 538 2 442 4 2 2 813 2 3 1 4 4
0 1 7 14 1 12 1 1 0 8 0 1 0 1 0
64832 110110 45784 47735 15955 9890 9336 8993 116527 79364 27033 14496 14279 15354 15144
249198 309007 175988 183604 40586 32252 27798 27686 341761 242423 52898 36951 36409 38771 38715
1059 1020 8634 8836 956 7831 1485 952 1065 8526 1071 1124 1065 1111 1064
17758 19116 16286 16193 8 5 4 2 18096 16351 8 4 2 4 8
8 6 6 7 0 0 0 0 5 7 0 0 0 1 0
4745 5605 4142 4572 646 441 529 484 5866 5254 599 437 440 417 568
166803 174334 1000000 1000000 177570 1000000 167745 166669 216841 1000000 231059 216337 215429 194758 194455
0 0 0 0 0 0 0 0 0 0 0 0 0 0 0
417766 445474 264038 271064 26442 16310 14249 14640 619552 392780 36750 19151 19221 25330 25293
2 2 1 1 2 1 1 1 2 3 2 1 1 1 2
1 2 1 2 2 1 0 0 2 1 2 0 0 2 2
6961 13669 6172 6315 302 125 194 194 9813 8564 384 272 273 276 243
0 0 0 0 0 0 0 0 0 0 0 0 0 0 0
437 349 721 572 368 560 385 389 668 710 414 413 600 560 330
0 0 4 9 0 4 0 0 0 2 0 0 0 0 0
5135 5465 1000000 1000000 9222 1000000 5164 5264 6119 1000000 10887 6730 6204 10386 10541
88142 122829 87477 95156 82834 83522 86448 86875 183371 183087 164544 174016 174166 85114 85533
17 15 51 40 17 29 17 17 15 89 15 15 24 18 11
1 0 29 34 1 29 1 0 0 57 1 1 1 1 1
1059 1375 7416 10277 1225 6783 1277 1294 1685 10864 1986 2413 1985 1302 1484
25800 34017 27339 29494 22260 22698 25846 22221 32275 33402 27059 31817 26827 23390 23406
5245 6851 4020 3602 4875 3559 3078 5159 8640 6541 8229 4954 8660 4983 4841
361 399 1287 1400 739 1310 422 588 441 1943 642 440 441 700 522
61 65 55 58 8 7 60 4 56 29 2 56 2 8 8
0 0 0 0 0 0 0 0 0 0 0 0 0 0 0
509 309 36422 36617 580 37627 512 284 287 40861 354 363 314 382 382
1000000 1000000 1000000 1000000 1000000 1000000 1000000 1000000 1000000 1000000 1000000 1000000 1000000 1000000 1000000
1000000 1000000 1000000 1000000 1000000 1000000 1000000 1000000 1000000 1000000 1000000 1000000 1000000 1000000 1000000
9604 10207 1000000 1000000 15123 1000000 9655 9695 14987 1000000 24552 15108 16626 16614 16703
0 0 0 0 0 0 0 0 0 0 0 0 0 0 0
0 0 0 0 0 0 0 0 0 0 0 0 0 0 0
491440 665058 463591 512340 31473 29241 493805 25918 666595 628797 37202 664977 30336 31411 31386
45 46 358 223 75 191 319 75 51 428 51 251 51 77 77
1485 1941 1387 1531 326 318 302 478 2198 2008 447 418 420 332 500
56180 57088 1000000 1000000 59718 1000000 55917 55892 61429 1000000 62884 61124 61387 63923 64259
1000000 1000000 891775 891465 1344 986 1039 763 1000000 945313 1071 619 714 1532 1333
0 0 0 0 0 0 0 0 0 0 0 0 0 0 0
78 275 42 65 13 10 9 15 115 103 28 20 19 13 20
1000000 1000000 1000000 1000000 52095 44384 1000000 39399 1000000 1000000 56825 1000000 43166 50216 50458
