instance n1 density1 n2 density2 mcsplit mcsplit+f mcsplit+bigf
r-235 23 0.0592885 23 0.0592885 33 2493 55
r-601 15 0.0190476 15 0.0190476 0 0 0
r-963 38 0.253201 38 0.253201 1000000 1000000 1000000
r-153 25 0.57 25 0.57 1790 2031 1784
r-394 32 0.191532 32 0.191532 26572 26129 22812
r-716 31 0.346237 31 0.346237 43977 42576 41276
r-126 38 0.709815 38 0.709815 693462 922247 690738
r-163 38 0.960171 38 0.960171 130 1406 242
r-412 31 0.903226 31 0.903226 962 1382 639
r-491 25 0.66 25 0.66 1477 2180 1510
r-77 15 0.333333 15 0.333333 3 3 3
r-318 24 0.663043 24 0.663043 734 881 566
r-714 33 0.916667 33 0.916667 5069 10117 4626
r-812 21 0.971429 21 0.971429 0 0 0
r-56 15 0.590476 15 0.590476 2 4 3
r-244 31 0.724731 31 0.724731 27628 30264 26086
r-204 29 0.12069 29 0.12069 435 689 548
r-877 23 0.533597 23 0.533597 914 719 1063
r-811 38 0.675676 38 0.675676 754077 902271 717431
r-898 35 0.909244 35 0.909244 1603 2868 1105
r-416 20 0.105263 20 0.105263 0 0 0
r-712 30 0.855172 30 0.855172 2957 3614 2423
r-730 26 0.418462 26 0.418462 2430 2304 2279
r-193 19 0.865497 19 0.865497 1 1 2
r-187 19 0.0409357 19 0.0409357 86095 5364 87580
r-171 30 0.308046 30 0.308046 17830 20335 17544
r-830 15 0.780952 15 0.780952 0 1 1
r-697 39 0.681511 39 0.681511 1000000 1000000 1000000
r-571 30 0.577011 30 0.577011 24356 29641 22734
r-570 21 0.0285714 21 0.0285714 0 0 0
r-174 29 0.472906 29 0.472906 18372 17022 17210
r-48 31 0.387097 31 0.387097 45951 49837 44221
r-597 19 0.140351 19 0.140351 1 2 0
r-816 30 0.666667 30 0.666667 15320 17960 15106
r-405 28 0.21164 28 0.21164 2451 2584 2714
r-317 29 0.438424 29 0.438424 16935 16614 15978
r-606 16 0.483333 16 0.483333 7 7 10
r-146 29 0.667488 29 0.667488 20284 21085 19195
r-472 27 0.982906 27 0.982906 0 0 0
r-289 28 0.0925926 28 0.0925926 100 85 48
r-608 34 0.185383 34 0.185383 45807 62822 45617
r-657 28 0.814815 28 0.814815 2435 4262 2267
r-796 36 0.184127 36 0.184127 186390 276914 175869
r-685 30 0.475862 30 0.475862 24728 27562 23557
r-841 21 0.147619 21 0.147619 4 2 4
r-619 36 0.0238095 36 0.0238095 2 1000000 0
r-721 35 0.757983 35 0.757983 166465 189129 151299
r-849 25 0.786667 25 0.786667 192 440 205
r-242 28 0.753968 28 0.753968 2914 3082 3079
r-33 25 0.143333 25 0.143333 134 156 123
r-324 18 0.0588235 18 0.0588235 0 0 0
r-539 38 0.702703 38 0.702703 1000000 1000000 909975
r-585 29 0.221675 29 0.221675 5021 5193 4915
r-888 34 0.112299 34 0.112299 5157 6439 4354
r-421 22 0.320346 22 0.320346 435 326 333
r-383 25 0.323333 25 0.323333 855 1168 1142
r-683 30 0.42069 30 0.42069 17832 17083 16261
r-837 15 0.0666667 15 0.0666667 0 0 0
r-50 38 0.224751 38 0.224751 666176 745420 632106
r-371 36 0.977778 36 0.977778 1000000 1000000 1000000
r-552 34 0.953654 34 0.953654 527 19415 88
r-143 18 0.0718954 18 0.0718954 0 0 0
r-298 34 0.233512 34 0.233512 49249 69923 47270
r-713 31 0.260215 31 0.260215 22053 21560 19664
r-224 29 0.773399 29 0.773399 5310 6951 4911
r-154 25 0.576667 25 0.576667 1570 1498 1233
r-784 28 0.492063 28 0.492063 9824 8553 9001
r-701 17 0.992647 17 0.992647 0 0 0
r-885 24 0.177536 24 0.177536 111 73 113
r-840 19 0.561404 19 0.561404 40 71 58
r-551 27 0.911681 27 0.911681 36 19 34
r-14 25 0.0266667 25 0.0266667 0 0 0
r-476 27 0.606838 27 0.606838 5107 5608 4756
r-729 16 0.05 16 0.05 0 0 0
r-268 39 0.395412 39 0.395412 1000000 1000000 1000000
r-18 30 0.632184 30 0.632184 26632 27907 25317
r-320 26 0.886154 26 0.886154 88 57 86
r-864 18 0.346405 18 0.346405 23 26 13
r-638 25 0.553333 25 0.553333 2365 2158 2842
r-422 16 0.0416667 16 0.0416667 0 0 0
r-251 32 0.383065 32 0.383065 62635 72478 60098
r-338 33 0.172348 33 0.172348 7866 17415 8629
r-417 32 0.4375 32 0.4375 80318 76694 75275
r-17 38 0.654339 38 0.654339 1000000 1000000 989989
r-272 37 0.978979 37 0.978979 5 2 5
r-84 18 0.130719 18 0.130719 0 0 0
r-213 21 0.566667 21 0.566667 181 205 104
r-774 27 0.868946 27 0.868946 310 349 409
r-580 37 0.127628 37 0.127628 151145 225575 143192
r-567 21 0.542857 21 0.542857 164 181 235
r-642 21 0 21 0 0 0 0
r-330 34 0.308378 34 0.308378 154355 181348 148701
r-584 35 0.986555 35 0.986555 0 0 0
r-308 39 0.446694 39 0.446694 1000000 1000000 1000000
r-773 35 0.226891 35 0.226891 111230 149666 100997
r-978 34 0.925134 34 0.925134 1233 2983 1261
r-537 23 0.118577 23 0.118577 10 8 16
r-307 40 0.80641 40 0.80641 1000000 1000000 1000000
r-879 15 0.704762 15 0.704762 2 1 2
r-581 25 0.876667 25 0.876667 37 22 33
r-40 28 0.830688 28 0.830688 1265 1836 1262
r-781 15 0.133333 15 0.133333 0 0 0
r-220 19 0.280702 19 0.280702 25 38 24
r-132 26 0.975385 26 0.975385 0 0 0
r-980 38 0.0981508 38 0.0981508 9773 19483 8672
r-444 20 0.347368 20 0.347368 59 94 54
r-699 31 0.619355 31 0.619355 41147 40855 38285
r-503 17 0.654412 17 0.654412 8 7 3
r-568 31 0.425806 31 0.425806 37510 40008 34813
r-485 22 0.199134 22 0.199134 55 84 35
r-294 27 0.552707 27 0.552707 5437 5072 5593
r-180 40 0.279487 40 0.279487 1000000 1000000 1000000
r-4 39 0.668016 39 0.668016 1000000 1000000 1000000
r-575 30 0.567816 30 0.567816 25029 18116 23733
r-659 38 0.810811 38 0.810811 1000000 1000000 949734
r-31 20 0.821053 20 0.821053 9 14 8
r-246 34 0.188948 34 0.188948 49307 55827 46947
r-797 20 0.910526 20 0.910526 2 2 2
r-465 35 0.163025 35 0.163025 76301 103590 72909
r-353 37 0.698198 37 0.698198 648143 827175 624552
r-989 27 0.17094 27 0.17094 482 573 522
r-236 18 0.163399 18 0.163399 0 0 0
r-388 35 0.65042 35 0.65042 329186 286316 298249
r-408 17 0.875 17 0.875 0 0 0
r-438 26 0.369231 26 0.369231 3787 4115 3699
r-572 22 0.571429 22 0.571429 204 218 184
r-621 17 0.0294118 17 0.0294118 0 68447 0
r-499 22 0.238095 22 0.238095 138 166 82
r-280 39 0.282051 39 0.282051 1000000 1000000 1000000
r-858 16 0.616667 16 0.616667 9 6 5
r-290 37 0.0015015 37 0.0015015 0 0 0
r-498 33 0.560606 33 0.560606 120347 119848 114554
r-975 29 0.285714 29 0.285714 3518 6085 3176
r-509 29 0.630542 29 0.630542 13914 14776 13199
r-382 16 0.2 16 0.2 4 1 3
r-556 28 0.380952 28 0.380952 7499 6688 6064
r-960 19 0.532164 19 0.532164 36 61 54
r-994 22 0.619048 22 0.619048 317 315 174
r-287 27 0.282051 27 0.282051 2584 2901 2489
r-252 26 0.4 26 0.4 1988 2456 1852
r-374 40 0.888462 40 0.888462 215553 299347 191709
r-891 36 0.9 36 0.9 9738 18532 9515
r-346 33 0.994318 33 0.994318 0 0 0
r-974 33 0.412879 33 0.412879 154413 155056 146609
r-997 22 0.831169 22 0.831169 14 18 14
r-723 34 0.955437 34 0.955437 119 21418 810
r-691 31 0.709677 31 0.709677 19663 20285 18301
r-45 22 0.766234 22 0.766234 122 77 67
r-303 38 0.766714 38 0.766714 1000000 1000000 970125
r-970 16 0.183333 16 0.183333 0 0 0
r-160 38 0.715505 38 0.715505 1000000 1000000 1000000
r-471 37 0.978979 37 0.978979 1000000 1000000 1000000
r-247 34 0.843137 34 0.843137 18430 30866 18266
r-397 38 0.123755 38 0.123755 170437 261110 154514
r-20 38 0.682788 38 0.682788 1000000 1000000 970852
r-425 21 0.204762 21 0.204762 28 56 44
r-117 18 0.464052 18 0.464052 17 21 15
r-201 16 0.141667 16 0.141667 0 0 0
r-945 35 0.890756 35 0.890756 16424 42742 14385
r-387 24 0.833333 24 0.833333 65 153 61
r-770 27 0.77208 27 0.77208 1617 1913 1639
r-350 39 0.684211 39 0.684211 1000000 1000000 1000000
r-798 40 0.989744 40 0.989744 103 1000000 177
r-583 31 0.883871 31 0.883871 2012 838 1605
r-802 37 0.678679 37 0.678679 802018 860996 778368
r-315 17 0.0147059 17 0.0147059 0 0 0
r-727 40 0.4 40 0.4 1000000 1000000 1000000
r-848 28 0.671958 28 0.671958 7387 7799 6849
r-188 34 0.522282 34 0.522282 136526 115770 130908
r-447 15 0.714286 15 0.714286 1 1 1
r-39 31 0.931183 31 0.931183 57 99 44
r-538 20 0.284211 20 0.284211 78 60 69
r-423 29 0.741379 29 0.741379 7771 8749 7392
r-629 18 0.169935 18 0.169935 2 1 3
r-112 17 0.610294 17 0.610294 7 13 7
r-178 25 0.793333 25 0.793333 566 265 495
r-32 18 0.0326797 18 0.0326797 88324 0 88554
r-542 24 0.728261 24 0.728261 330 583 419
r-351 35 0.0487395 35 0.0487395 91263 13821 19094
r-342 39 0.916329 39 0.916329 9252 20445 7962
r-52 21 0.761905 21 0.761905 45 25 25
r-415 19 0.988304 19 0.988304 0 0 0
r-670 31 0.152688 31 0.152688 1274 2545 1262
r-226 17 0.536765 17 0.536765 24 31 14
r-234 20 0.268421 20 0.268421 36 23 20
r-367 34 0.638146 34 0.638146 198867 191133 183428
r-218 33 0.0397727 33 0.0397727 371 1000000 359
r-325 15 1 15 1 0 0 0
r-710 21 0.3 21 0.3 84 97 71
r-514 35 0.216807 35 0.216807 77528 51950 71453
r-75 31 0.212903 31 0.212903 16521 24851 15661
r-708 18 0.633987 18 0.633987 32 34 18
r-630 38 0.877667 38 0.877667 146487 196398 130784
r-264 16 0.625 16 0.625 8 10 7
r-598 32 0.332661 32 0.332661 70617 75416 66785
r-452 39 0.0458839 39 0.0458839 1246 1534 985
r-474 32 0.294355 32 0.294355 56699 57164 53645
r-115 24 0.673913 24 0.673913 726 575 443
r-595 38 0.29303 38 0.29303 1000000 1000000 1000000
r-129 24 0.300725 24 0.300725 609 545 618
r-199 23 0.687747 23 0.687747 439 284 396
r-520 40 0.203846 40 0.203846 1000000 1000000 1000000
r-779 24 0.771739 24 0.771739 321 685 504
r-241 24 0.503623 24 0.503623 1098 1039 915
r-896 23 0.853755 23 0.853755 29 34 16
r-468 38 0.0256046 38 0.0256046 15834 1000000 1000000
r-743 20 0.205263 20 0.205263 11 13 18
r-376 40 0.385897 40 0.385897 1000000 1000000 1000000
r-15 23 0.837945 23 0.837945 10 19 8
r-309 18 0.980392 18 0.980392 0 0 0
r-332 23 0.833992 23 0.833992 116 83 107
r-646 26 0.227692 26 0.227692 733 690 439
r-321 16 0.991667 16 0.991667 0 0 0
r-142 33 0.543561 33 0.543561 104262 104873 97404
r-118 36 0.4 36 0.4 415854 414898 393655
r-769 31 0.993548 31 0.993548 0 0 0
r-181 37 0.00900901 37 0.00900901 1000000 1000000 1000000
r-821 25 0.323333 25 0.323333 2553 2876 2320
r-842 21 0.72381 21 0.72381 93 106 55
r-941 39 0.222672 39 0.222672 1000000 1000000 927174
r-711 28 0.0529101 28 0.0529101 71 58 25
r-893 15 0.828571 15 0.828571 0 0 0
r-950 23 0.486166 23 0.486166 462 626 549
r-240 31 0.944086 31 0.944086 205 19 104
r-354 15 0.257143 15 0.257143 0 1 1
r-844 27 0.592593 27 0.592593 5332 4221 4910
r-517 36 0.204762 36 0.204762 334014 320007 296618
r-640 31 0.972043 31 0.972043 0 0 0
r-545 22 0.0692641 22 0.0692641 171591 22262 117419
r-623 18 0.372549 18 0.372549 31 35 29
r-185 17 0.882353 17 0.882353 0 0 0
r-59 31 0.365591 31 0.365591 41171 41883 37984
r-41 40 0.347436 40 0.347436 1000000 1000000 1000000
r-390 35 0.00336134 35 0.00336134 0 0 0
r-76 30 0 30 0 0 0 0
r-903 30 0.809195 30 0.809195 7944 8861 7468
r-53 21 0.342857 21 0.342857 119 207 171
r-216 34 0.948307 34 0.948307 189 39046 223
r-231 18 0.993464 18 0.993464 0 0 0
r-356 40 0.79359 40 0.79359 1000000 1000000 1000000
r-938 25 0.263333 25 0.263333 704 718 690
r-406 17 0.588235 17 0.588235 10 16 13
r-443 25 0.403333 25 0.403333 1727 1542 1634
r-192 25 0.356667 25 0.356667 1941 2006 1788
r-616 24 0.210145 24 0.210145 238 274 272
r-625 35 0.490756 35 0.490756 353964 324233 332350
r-944 30 0.618391 30 0.618391 29030 30456 27984
r-856 37 0.876877 37 0.876877 41480 37462 38806
r-586 39 0.45614 39 0.45614 1000000 1000000 1000000
r-757 35 0.946218 35 0.946218 407 782 449
r-326 16 0.816667 16 0.816667 0 0 0
r-823 33 0.996212 33 0.996212 0 0 0
r-973 20 0.926316 20 0.926316 0 3 0
r-902 37 0.0690691 37 0.0690691 689 1308 464
r-101 25 0.806667 25 0.806667 295 344 306
r-959 37 0.0525526 37 0.0525526 1000000 1000000 1000000
r-67 38 0.829303 38 0.829303 631982 746450 597746
r-133 31 0.593548 31 0.593548 44616 44786 41568
r-674 39 0.489879 39 0.489879 1000000 1000000 1000000
r-831 27 0.509972 27 0.509972 4606 4876 4226
r-835 32 0.395161 32 0.395161 90331 89364 82497
r-270 39 0.483131 39 0.483131 1000000 1000000 1000000
r-782 40 0.924359 40 0.924359 19333 30470 17040
r-573 15 0.447619 15 0.447619 4 3 2
r-393 20 0.668421 20 0.668421 40 32 37
r-74 31 0.748387 31 0.748387 17992 15665 16433
r-661 36 0.85873 36 0.85873 54504 70313 49568
r-323 18 0.555556 18 0.555556 25 16 23
r-505 37 0.286787 37 0.286787 599670 672576 573708
r-72 16 0.2 16 0.2 0 1 1
r-995 33 0.342803 33 0.342803 62494 77198 58129
r-109 30 0.485057 30 0.485057 19596 14478 17931
r-663 16 0.0833333 16 0.0833333 0 0 0
r-834 33 0.969697 33 0.969697 1000000 1000000 1000000
r-91 21 0.933333 21 0.933333 0 9 47
r-785 34 0.379679 34 0.379679 161152 176626 152860
r-98 16 0.791667 16 0.791667 1 1 1
r-82 40 0.961538 40 0.961538 38 818628 70
r-496 27 0.319088 27 0.319088 4642 4520 4382
r-502 38 0.778094 38 0.778094 897138 740780 854309
r-22 21 0.609524 21 0.609524 158 169 149
r-836 40 0.188462 40 0.188462 1000000 1000000 1000000
r-979 36 0.0412698 36 0.0412698 1000000 1000000 1000000
r-85 40 0.0948718 40 0.0948718 264090 426318 224350
r-992 27 0.102564 27 0.102564 65 59 35
r-675 33 0.700758 33 0.700758 87853 92991 82898
r-71 23 0.893281 23 0.893281 22 17 9
r-981 19 0.596491 19 0.596491 35 56 31
r-458 31 0.494624 31 0.494624 50536 45121 47999
r-319 27 0.039886 27 0.039886 76 1000000 677378
r-900 35 0.37479 35 0.37479 318012 328626 303004
r-30 33 0.676136 33 0.676136 70222 79940 63730
r-772 30 0.986207 30 0.986207 0 0 0
r-12 35 0.0285714 35 0.0285714 1000000 1000000 1000000
r-874 24 0.286232 24 0.286232 503 710 523
r-673 21 0.652381 21 0.652381 150 88 128
r-925 35 0.142857 35 0.142857 62361 110605 59243
r-771 27 0.310541 27 0.310541 4303 2461 3862
r-998 16 0.55 16 0.55 6 6 3
r-399 38 0.217639 38 0.217639 669807 674062 613444
r-263 34 0.87344 34 0.87344 4898 7337 4404
r-731 29 0.283251 29 0.283251 6588 7500 5189
r-36 21 0.77619 21 0.77619 71 69 60
r-400 16 0.866667 16 0.866667 0 0 0
r-179 30 0.0942529 30 0.0942529 63 197 94
r-826 28 0.441799 28 0.441799 10329 10614 9556
r-210 19 0.292398 19 0.292398 35 19 19
r-413 34 0.367201 34 0.367201 171777 182838 163645
r-654 18 0.849673 18 0.849673 1 1 1
r-136 19 0.643275 19 0.643275 71 46 41
r-982 19 0.502924 19 0.502924 107 75 96
r-948 40 0.833333 40 0.833333 1000000 1000000 1000000
r-99 29 0.0738916 29 0.0738916 97 227 38
r-560 18 0.72549 18 0.72549 10 12 10
r-127 21 0.509524 21 0.509524 237 197 185
r-482 31 0.825806 31 0.825806 6979 7552 6667
r-375 33 0.943182 33 0.943182 853 12558 871
r-402 17 0.345588 17 0.345588 7 9 9
r-420 37 0.935435 37 0.935435 3900 5308 2961
r-741 20 0.268421 20 0.268421 19 16 28
r-644 34 0.529412 34 0.529412 236140 229277 225493
r-295 31 0.249462 31 0.249462 12397 13710 11799
r-554 21 0.414286 21 0.414286 252 156 224
r-949 20 0.589474 20 0.589474 136 151 199
r-801 40 0.211538 40 0.211538 1000000 1000000 1000000
r-726 29 0.945813 29 0.945813 2331 22 3241
r-13 27 0 27 0 0 0 0
r-734 15 0.92381 15 0.92381 7 20 7
r-456 29 0.305419 29 0.305419 8499 9164 7896
r-693 37 0.725225 37 0.725225 1000000 1000000 1000000
r-794 18 0.156863 18 0.156863 0 1 0
r-228 24 0.0942029 24 0.0942029 2 1 1
r-930 23 0.442688 23 0.442688 462 671 647
r-377 37 0.265766 37 0.265766 960287 906450 867934
r-336 32 0.375 32 0.375 59719 64678 54354
r-459 40 0.739744 40 0.739744 1000000 1000000 1000000
r-829 15 0.52381 15 0.52381 7 4 6
r-328 32 0.469758 32 0.469758 74452 77406 70918
r-590 39 0.345479 39 0.345479 1000000 1000000 1000000
r-679 27 0.492877 27 0.492877 3088 2537 3266
r-265 35 0.0857143 35 0.0857143 2381 2309 2227
r-555 24 0.199275 24 0.199275 229 311 373
r-561 29 0.381773 29 0.381773 12815 12969 11703
r-627 28 0.907407 28 0.907407 47 80 82
r-63 33 0.291667 33 0.291667 72973 79777 68045
r-762 34 0.736185 34 0.736185 69694 95327 62333
r-605 16 0.2 16 0.2 1 0 1
r-166 19 0.736842 19 0.736842 10 9 16
r-736 39 0.712551 39 0.712551 1000000 1000000 1000000
r-722 40 0.382051 40 0.382051 1000000 1000000 1000000
r-190 24 0.402174 24 0.402174 1259 1162 1049
r-358 22 0.675325 22 0.675325 177 196 161
r-411 18 0.888889 18 0.888889 0 0 0
r-991 15 0.047619 15 0.047619 1440 0 1381
r-889 31 0.980645 31 0.980645 0 0 0
r-895 17 0.735294 17 0.735294 7 5 6
r-958 31 0.249462 31 0.249462 14588 14990 13346
r-392 36 0.379365 36 0.379365 341361 300959 313241
r-169 38 0.00142248 38 0.00142248 0 0 0
r-97 38 0.0128023 38 0.0128023 0 0 0
r-543 34 0.755793 34 0.755793 98835 87907 92775
r-704 22 0.272727 22 0.272727 110 100 61
r-536 19 0.450292 19 0.450292 121 72 110
r-211 19 0.701754 19 0.701754 22 19 30
r-94 29 0.985222 29 0.985222 1600 1000000 1000000
r-972 28 0.714286 28 0.714286 7668 6999 7230
r-83 28 0.037037 28 0.037037 264 1000000 1000000
r-259 31 0.584946 31 0.584946 49804 47596 48155
r-519 24 0.0507246 24 0.0507246 1 47 1
r-208 34 0.110517 34 0.110517 7022 11860 6541
r-466 39 0.696356 39 0.696356 1000000 1000000 1000000
r-577 17 0.117647 17 0.117647 0 4 0
r-740 15 0.0190476 15 0.0190476 0 0 0
r-248 36 0.312698 36 0.312698 388469 364885 343574
r-814 35 0.258824 35 0.258824 182921 149072 160753
r-310 27 0.854701 27 0.854701 677 630 382
r-620 16 0.333333 16 0.333333 9 6 5
r-26 18 0.947712 18 0.947712 2 0 2
r-403 18 0.647059 18 0.647059 21 23 20
r-655 39 0.556005 39 0.556005 1000000 1000000 1000000
r-724 35 0.37479 35 0.37479 355731 356386 336345
r-557 28 0.677249 28 0.677249 6416 6855 6383
r-284 38 0.210526 38 0.210526 992085 1000000 947358
r-65 20 0.347368 20 0.347368 76 55 37
r-510 20 0.805263 20 0.805263 14 25 21
r-288 38 0.322902 38 0.322902 1000000 1000000 946528
r-176 30 0.457471 30 0.457471 24518 27205 23089
r-589 21 0.933333 21 0.933333 295 21 207
r-954 35 0.684034 35 0.684034 274220 271848 258144
r-138 28 0.994709 28 0.994709 0 0 0
r-451 18 0.130719 18 0.130719 0 0 0
r-361 34 0.101604 34 0.101604 2643 2571 2060
r-593 39 0.703104 39 0.703104 1000000 1000000 1000000
r-933 35 0.583193 35 0.583193 226341 218910 211952
r-576 27 0.940171 27 0.940171 105 5365 1067
r-389 19 0.853801 19 0.853801 7 2 4
r-123 29 0.29064 29 0.29064 10567 10790 9838
r-527 36 0.885714 36 0.885714 19766 27424 18622
r-611 37 0.015015 37 0.015015 297533 1000000 1000000
r-650 35 0.220168 35 0.220168 104956 114665 91771
r-868 40 0.234615 40 0.234615 1000000 1000000 1000000
r-363 32 0.834677 32 0.834677 11596 8006 10072
r-694 38 0.699858 38 0.699858 999763 1000000 964039
r-278 17 0.691176 17 0.691176 8 10 4
r-352 27 0.339031 27 0.339031 4469 5474 4269
r-62 22 0.519481 22 0.519481 259 164 229
r-894 32 0.985887 32 0.985887 0 0 0
r-441 30 0.68046 30 0.68046 12497 11956 11001
r-439 33 0.482955 33 0.482955 126341 114997 120706
r-609 36 0.45873 36 0.45873 337394 328532 317999
r-245 17 0.404412 17 0.404412 10 11 9
r-131 16 0.7 16 0.7 3 3 4
r-709 30 0.572414 30 0.572414 24789 24078 23128
r-335 19 0.736842 19 0.736842 37 32 32
r-314 27 0.330484 27 0.330484 3441 3674 3319
r-2 38 0.301565 38 0.301565 1000000 1000000 1000000
r-682 24 0.0181159 24 0.0181159 0 0 0
r-301 40 0.270513 40 0.270513 1000000 1000000 1000000
r-599 27 0.0968661 27 0.0968661 166 169 154
r-993 40 0.262821 40 0.262821 1000000 1000000 1000000
r-530 24 0.536232 24 0.536232 1264 1533 1341
r-391 16 0.283333 16 0.283333 2 1 1
r-872 38 0.748222 38 0.748222 1000000 1000000 1000000
r-776 15 0.504762 15 0.504762 6 3 6
r-767 33 0.0965909 33 0.0965909 777 902 865
r-507 19 0.71345 19 0.71345 17 32 26
r-66 17 0.507353 17 0.507353 15 10 15
r-579 20 0.163158 20 0.163158 3 3 3
r-678 18 0.0980392 18 0.0980392 15 16 8
r-603 36 0.253968 36 0.253968 286013 386616 260362
r-227 23 0.786561 23 0.786561 123 130 121
r-293 39 0.268556 39 0.268556 1000000 1000000 1000000
r-692 31 0.27957 31 0.27957 28936 31044 27506
r-828 30 0.0965517 30 0.0965517 265 540 445
r-148 39 0.850202 39 0.850202 402305 463885 368764
r-916 18 0.0915033 18 0.0915033 38 7 18
r-765 25 0.463333 25 0.463333 1912 1671 1828
r-478 20 0.00526316 20 0.00526316 0 0 0
r-157 34 0.465241 34 0.465241 170634 167803 161619
r-518 27 0.91453 27 0.91453 528 2324 1182
r-648 33 0.293561 33 0.293561 63687 50634 56711
r-810 15 0.361905 15 0.361905 3 3 2
r-135 28 0.5 28 0.5 10025 8327 8392
r-107 37 0.876877 37 0.876877 41111 66653 38056
r-725 23 0.367589 23 0.367589 1061 867 989
r-206 20 0.236842 20 0.236842 16 15 15
r-426 20 0.968421 20 0.968421 287705 0 287055
r-362 33 0.121212 33 0.121212 5862 6937 5068
r-276 29 0.773399 29 0.773399 3336 3334 3054
r-172 33 0.596591 33 0.596591 163173 163806 151182
r-437 32 0.699597 32 0.699597 33969 36487 31118
r-735 23 0.944664 23 0.944664 1 86 8
r-481 28 0.21164 28 0.21164 2550 2701 2235
r-279 25 0.0233333 25 0.0233333 1 0 1
r-931 33 0.0208333 33 0.0208333 444 1000000 2
r-919 37 0.432432 37 0.432432 678579 692985 649500
r-257 29 0.0369458 29 0.0369458 88 1000000 1579
r-689 32 0.65121 32 0.65121 61042 62157 56116
r-766 33 0.270833 33 0.270833 80492 57425 74158
r-1000 28 0.21164 28 0.21164 2076 2338 1961
r-113 26 0.215385 26 0.215385 781 757 556
r-587 34 0.823529 34 0.823529 28783 45303 26600
r-366 20 0.921053 20 0.921053 8 31 18
r-121 26 0.0276923 26 0.0276923 0 0 0
r-515 24 0.601449 24 0.601449 706 769 609
r-344 26 0.541538 26 0.541538 2618 2283 2818
r-486 28 0.915344 28 0.915344 135 51 55
r-751 16 0.05 16 0.05 0 0 0
r-429 33 0.0094697 33 0.0094697 1000000 2 1000000
r-732 16 0.2 16 0.2 2 1 2
r-738 33 0.848485 33 0.848485 19958 26564 19736
r-884 22 0.82684 22 0.82684 6 11 10
r-800 19 0.333333 19 0.333333 33 53 42
r-854 36 0.11746 36 0.11746 18755 24110 17650
r-370 38 0.524893 38 0.524893 1000000 1000000 1000000
r-753 39 0.161943 39 0.161943 500216 603603 418888
r-843 37 0.6997 37 0.6997 743551 696338 702399
r-64 25 0.01 25 0.01 0 0 0
r-316 21 0.528571 21 0.528571 280 301 220
r-168 18 0.0915033 18 0.0915033 1 1 1
r-7 31 0.849462 31 0.849462 6207 9778 5684
r-341 29 0.204433 29 0.204433 1498 2122 1239
r-875 34 0.775401 34 0.775401 118407 133551 112707
r-529 24 0.0108696 24 0.0108696 0 0 0
r-304 18 0.928105 18 0.928105 39 82 112
r-432 40 0.0615385 40 0.0615385 25174 35030 17639
r-553 37 0.687688 37 0.687688 397544 448563 359789
r-702 30 0.229885 30 0.229885 8661 10059 8012
r-940 15 0.342857 15 0.342857 3 2 1
r-34 15 0.457143 15 0.457143 1 2 2
r-418 18 0.771242 18 0.771242 6 11 10
r-653 28 0.156085 28 0.156085 1190 2089 1072
r-19 25 0.743333 25 0.743333 405 504 540
r-591 32 0.816532 32 0.816532 14994 13190 13571
r-845 17 0.654412 17 0.654412 9 5 8
r-643 18 0.333333 18 0.333333 26 12 22
r-822 21 0.92381 21 0.92381 64 2 16
r-656 22 0.818182 22 0.818182 61 60 59
r-574 22 0.597403 22 0.597403 242 194 138
r-883 20 0.863158 20 0.863158 1 1 0
r-522 15 0.533333 15 0.533333 4 2 2
r-569 24 0.887681 24 0.887681 14 9 15
r-269 34 0.0427807 34 0.0427807 71385 482218 31364
r-339 24 0.666667 24 0.666667 723 721 677
r-398 19 0.298246 19 0.298246 22 16 13
r-786 39 0.0161943 39 0.0161943 29396 1000000 1000000
r-866 29 0.642857 29 0.642857 9786 10168 9676
r-368 33 0.140152 33 0.140152 17199 21996 15298
r-414 26 0.904615 26 0.904615 19 15 18
r-969 40 0.473077 40 0.473077 1000000 1000000 1000000
r-100 22 0.480519 22 0.480519 238 308 248
r-331 25 0.173333 25 0.173333 141 289 229
r-162 16 0.8 16 0.8 1 1 1
r-870 40 0.344872 40 0.344872 1000000 1000000 1000000
r-407 19 0.0467836 19 0.0467836 0 89 0
r-266 27 0.179487 27 0.179487 575 536 743
r-404 27 0.649573 27 0.649573 3653 3920 3182
r-618 28 0.992063 28 0.992063 0 0 0
r-222 26 0.230769 26 0.230769 685 908 762
r-470 16 0.391667 16 0.391667 7 7 7
r-607 25 0.786667 25 0.786667 400 713 307
r-775 27 0.165242 27 0.165242 708 704 550
r-46 22 0.411255 22 0.411255 280 267 254
r-549 40 0.510256 40 0.510256 1000000 1000000 1000000
r-372 34 0.754011 34 0.754011 95331 123402 86125
r-790 30 0.701149 30 0.701149 23063 24574 22589
r-966 20 0.326316 20 0.326316 33 33 29
r-686 19 0.368421 19 0.368421 40 51 34
r-401 25 0.603333 25 0.603333 1969 1664 1727
r-130 24 0.648551 24 0.648551 1345 1101 941
r-9 35 0.396639 35 0.396639 227531 235570 207339
r-149 29 0.79064 29 0.79064 2279 3398 1919
r-385 30 0.783908 30 0.783908 8428 4741 8406
r-463 39 0.734143 39 0.734143 1000000 1000000 1000000
r-484 16 0.675 16 0.675 2 3 4
r-217 26 0.0646154 26 0.0646154 101 453 108
r-373 22 0.922078 22 0.922078 271 5 111
r-817 23 0.213439 23 0.213439 66 34 28
r-892 15 0.67619 15 0.67619 2 2 2
r-504 28 0.941799 28 0.941799 1 620 3
r-44 33 0.477273 33 0.477273 123630 121313 118667
r-742 23 0.142292 23 0.142292 28 16 24
r-540 20 0.868421 20 0.868421 7 3 4
r-676 29 0.815271 29 0.815271 994 2394 940
r-461 26 0.387692 26 0.387692 2893 3077 2572
r-488 33 0.00189394 33 0.00189394 0 0 0
r-852 24 0.173913 24 0.173913 219 278 130
r-956 25 0.973333 25 0.973333 1 1 0
r-942 20 0.0736842 20 0.0736842 3 8 2
r-108 21 0.990476 21 0.990476 0 0 0
r-932 23 0.758893 23 0.758893 207 181 117
r-952 16 0.466667 16 0.466667 15 11 13
r-928 15 0.295238 15 0.295238 3 1 1
r-617 20 0.8 20 0.8 23 25 21
r-212 26 0.0615385 26 0.0615385 17644 11 17477
r-232 18 0.385621 18 0.385621 27 15 15
r-70 21 0.490476 21 0.490476 119 89 109
r-21 38 0.926031 38 0.926031 2909 5115 2809
r-256 16 0.966667 16 0.966667 0 0 0
r-355 21 0.790476 21 0.790476 40 28 23
r-559 37 0.551051 37 0.551051 756957 778818 727990
r-61 21 0.561905 21 0.561905 230 110 210
r-379 31 0.608602 31 0.608602 43924 44991 41423
r-809 31 0.589247 31 0.589247 44707 49025 42144
r-313 38 0.549075 38 0.549075 1000000 1000000 1000000
r-666 15 0.228571 15 0.228571 1 1 1
r-207 23 0.41502 23 0.41502 784 576 868
r-249 18 0.0784314 18 0.0784314 267 21 107
r-645 26 0.6 26 0.6 2671 2787 2617
r-602 24 0.0181159 24 0.0181159 0 0 0
r-449 15 0.885714 15 0.885714 0 0 0
r-483 26 0.489231 26 0.489231 3112 2179 2933
r-563 35 0.968067 35 0.968067 1033 1000000 1000000
r-677 33 0.125 33 0.125 4304 5911 3929
r-312 34 0.777184 34 0.777184 42758 42435 38509
r-54 22 0.575758 22 0.575758 462 430 313
r-999 37 0.692192 37 0.692192 651394 771801 597090
r-223 15 0.428571 15 0.428571 3 1 2
r-93 34 0.320856 34 0.320856 170218 156541 155824
r-758 33 0.647727 33 0.647727 99633 98365 91629
r-105 33 0.195076 33 0.195076 46238 50387 42608
r-23 23 0.335968 23 0.335968 523 421 347
r-759 21 0.214286 21 0.214286 41 53 39
r-5 30 0.0988506 30 0.0988506 2392 2483 2078
r-918 28 0.484127 28 0.484127 7405 7322 6886
r-434 22 0.982684 22 0.982684 0 0 0
r-357 19 1 19 1 0 0 0
r-467 21 0.238095 21 0.238095 64 35 36
r-720 35 0.211765 35 0.211765 192622 230973 184056
r-988 18 0.228758 18 0.228758 2 6 4
r-588 15 0.428571 15 0.428571 2 5 2
r-442 15 0.4 15 0.4 4 4 6
r-566 35 0.62521 35 0.62521 289795 308267 277149
r-658 18 0.640523 18 0.640523 16 18 15
r-68 18 0.960784 18 0.960784 2 20627 5133
r-747 34 0.483066 34 0.483066 186039 178200 174573
r-116 32 0.0302419 32 0.0302419 0 0 1000000
r-349 25 0.476667 25 0.476667 1514 1770 1480
r-3 20 0.926316 20 0.926316 28 199 9
r-662 39 0.623482 39 0.623482 1000000 1000000 1000000
r-706 20 0.705263 20 0.705263 38 29 21
r-380 31 0.683871 31 0.683871 34141 35459 31781
r-667 24 0.34058 24 0.34058 669 631 689
r-333 33 0.522727 33 0.522727 137763 139532 133986
r-541 35 0.85042 35 0.85042 69212 82328 68491
r-934 19 0.666667 19 0.666667 28 17 14
r-161 35 0.620168 35 0.620168 288576 293269 274432
r-24 26 0.353846 26 0.353846 2375 2410 1900
r-547 26 0.209231 26 0.209231 595 810 391
r-639 27 0.230769 27 0.230769 1641 1907 1532
r-96 20 0.915789 20 0.915789 1 34 2
r-282 29 0.495074 29 0.495074 19033 18151 18138
r-855 28 0.0873016 28 0.0873016 14 15 13
r-936 33 0.268939 33 0.268939 68678 61477 62676
r-497 36 0.17619 36 0.17619 119966 66053 111517
r-111 38 0.863442 38 0.863442 414212 351056 360863
r-104 37 0.57958 37 0.57958 731798 736508 694078
r-492 38 0.190612 38 0.190612 221860 232210 207256
r-700 23 0.774704 23 0.774704 223 357 247
r-612 38 0.475107 38 0.475107 1000000 1000000 999542
r-360 22 0.614719 22 0.614719 261 322 372
r-984 22 0.471861 22 0.471861 254 370 236
r-495 36 0.0047619 36 0.0047619 6 1000000 1000000
r-150 39 0.59919 39 0.59919 1000000 1000000 1000000
r-578 28 0.388889 28 0.388889 7730 9865 7242
r-635 27 0.233618 27 0.233618 1732 2082 2299
r-548 32 0.655242 32 0.655242 75240 76858 72079
r-764 36 0.863492 36 0.863492 26109 42217 24687
r-6 22 0.264069 22 0.264069 183 202 100
r-177 18 0.24183 18 0.24183 8 13 12
r-908 36 0.780952 36 0.780952 331939 378409 317645
r-322 35 0.0554622 35 0.0554622 898 577 736
r-155 28 0.444444 28 0.444444 12158 12875 11497
r-89 25 0.403333 25 0.403333 1652 2905 1452
r-698 20 0.315789 20 0.315789 71 77 62
r-818 23 0.72332 23 0.72332 434 642 463
r-882 21 1 21 1 0 0 0
r-613 31 0.464516 31 0.464516 34997 33178 32032
r-746 37 0.111111 37 0.111111 19730 16134 17708
r-803 22 0.337662 22 0.337662 198 180 107
r-614 40 0.973077 40 0.973077 376 1000000 45
r-57 34 0.474153 34 0.474153 213447 199443 201114
r-140 27 0.159544 27 0.159544 396 416 582
r-237 26 0.172308 26 0.172308 174 247 194
r-985 27 0.538462 27 0.538462 7472 6666 6970
r-238 35 0.919328 35 0.919328 2060 3720 1915
r-813 15 0.895238 15 0.895238 1 0 0
r-337 22 0.857143 22 0.857143 4 11 7
r-525 20 0.515789 20 0.515789 112 91 99
r-60 33 0.541667 33 0.541667 112536 113718 107305
r-58 24 0.731884 24 0.731884 277 490 261
r-664 38 0.854908 38 0.854908 747891 900308 660992
r-733 33 0.617424 33 0.617424 78584 78622 74831
r-277 19 0.368421 19 0.368421 73 55 43
r-340 15 0.542857 15 0.542857 1 1 1
r-880 29 0.463054 29 0.463054 22604 22167 21335
r-671 38 0.492176 38 0.492176 1000000 1000000 1000000
r-69 15 0.133333 15 0.133333 0 0 0
r-718 23 0.758893 23 0.758893 324 200 181
r-521 37 0.62012 37 0.62012 817171 838591 775246
r-285 17 0.00735294 17 0.00735294 0 0 0
r-81 25 0.96 25 0.96 66839 13 66484
r-114 17 0.647059 17 0.647059 7 7 6
r-715 36 0.309524 36 0.309524 457758 524027 429382
r-200 23 0.640316 23 0.640316 268 420 225
r-343 36 0.807937 36 0.807937 229234 198336 225066
r-649 39 0.506073 39 0.506073 1000000 1000000 1000000
r-987 32 0.546371 32 0.546371 77853 71682 74620
r-170 26 0.612308 26 0.612308 4053 3586 3222
r-707 23 0.972332 23 0.972332 1000000 0 1000000
r-395 37 0.312312 37 0.312312 765435 484504 705093
r-647 39 0.740891 39 0.740891 1000000 1000000 1000000
r-191 35 0.302521 35 0.302521 333174 357982 317339
r-815 15 0.904762 15 0.904762 10 2 7
r-453 25 0.51 25 0.51 2719 2692 2596
r-311 16 0.183333 16 0.183333 0 0 0
r-939 38 0.588905 38 0.588905 1000000 1000000 1000000
r-745 34 0.493761 34 0.493761 184489 178588 175428
r-748 38 0.869132 38 0.869132 193165 415564 182748
r-523 25 0.593333 25 0.593333 1921 2103 1697
r-38 18 0.0130719 18 0.0130719 0 0 0
r-755 26 0.990769 26 0.990769 0 0 0
r-631 17 0.838235 17 0.838235 1 0 0
r-604 20 0.573684 20 0.573684 101 111 123
r-827 26 0.538462 26 0.538462 1826 1789 1847
r-513 20 0.757895 20 0.757895 19 20 29
r-306 37 0.704204 37 0.704204 565822 580011 519035
r-431 28 0.195767 28 0.195767 1809 2966 1693
r-628 19 0.134503 19 0.134503 5 2 5
r-219 33 0.373106 33 0.373106 95619 84266 87663
r-475 15 0.866667 15 0.866667 0 0 0
r-878 29 0.778325 29 0.778325 4520 5710 4310
r-626 29 0 29 0 0 0 0
r-887 18 0.908497 18 0.908497 3 1 7
r-690 31 0.778495 31 0.778495 8651 11232 8106
r-859 33 0.829545 33 0.829545 27920 36334 26852
r-164 16 0.866667 16 0.866667 0 0 1
r-79 31 0.0537634 31 0.0537634 214 660 166
r-159 20 0.647368 20 0.647368 55 41 44
r-907 23 0.525692 23 0.525692 547 574 787
r-750 35 0.102521 35 0.102521 3527 4957 3423
r-594 39 0.892038 39 0.892038 86856 126499 78825
r-512 20 0.931579 20 0.931579 10 331 53
r-672 40 0.435897 40 0.435897 1000000 1000000 1000000
r-196 33 0.268939 33 0.268939 51849 58355 48483
r-754 30 0.806897 30 0.806897 5338 8070 4979
r-253 29 0.0935961 29 0.0935961 120 320 105
r-763 32 0.467742 32 0.467742 72981 61434 68332
r-173 31 0.055914 31 0.055914 2 4 2
r-120 40 0.553846 40 0.553846 1000000 1000000 1000000
r-202 26 0.972308 26 0.972308 0 0 0
r-147 17 0.25 17 0.25 3 2 2
r-480 20 0.915789 20 0.915789 164 29 134
r-424 31 0.836559 31 0.836559 4653 7340 4437
r-962 19 0.298246 19 0.298246 21 21 19
r-151 29 0.0541872 29 0.0541872 70 73 38
r-905 28 0.0952381 28 0.0952381 45 99 72
r-435 39 0.407557 39 0.407557 1000000 1000000 1000000
r-564 15 0.552381 15 0.552381 3 1 2
r-636 27 0.487179 27 0.487179 5052 3782 4767
r-209 40 0.605128 40 0.605128 1000000 1000000 1000000
r-365 23 0.505929 23 0.505929 899 740 563
r-103 16 0.475 16 0.475 7 12 7
r-965 23 0.355731 23 0.355731 463 556 520
r-460 31 0.922581 31 0.922581 37 78 66
r-440 28 0.822751 28 0.822751 2479 1872 2318
r-862 27 0.854701 27 0.854701 179 215 162
r-535 37 0.0135135 37 0.0135135 0 0 0
r-986 17 0.382353 17 0.382353 13 14 19
r-871 38 0.541963 38 0.541963 1000000 1000000 1000000
r-703 21 0.17619 21 0.17619 11 23 18
r-427 24 0.0615942 24 0.0615942 3 357 3
r-267 25 0.38 25 0.38 1327 1151 886
r-500 30 0.466667 30 0.466667 27033 26115 25724
r-624 19 0.450292 19 0.450292 39 53 55
r-760 38 0.119488 38 0.119488 157983 253811 159928
r-198 32 0.439516 32 0.439516 73615 70701 68332
r-260 36 0.742857 36 0.742857 267710 273752 242467
r-820 31 0.593548 31 0.593548 28924 32581 26643
r-396 16 0.616667 16 0.616667 12 17 7
r-27 16 0.575 16 0.575 5 2 4
r-768 24 0.326087 24 0.326087 497 746 402
r-334 31 0.778495 31 0.778495 31765 36850 31027
r-665 18 0.738562 18 0.738562 4 7 4
r-955 35 0.618487 35 0.618487 276641 280933 258220
r-73 19 0.754386 19 0.754386 13 17 19
r-364 20 0.315789 20 0.315789 37 42 18
r-681 34 0.301248 34 0.301248 126189 115625 113062
r-511 21 0.747619 21 0.747619 102 86 97
r-490 37 0.728228 37 0.728228 467327 577220 452627
r-791 19 0.807018 19 0.807018 16 16 8
r-477 16 0.216667 16 0.216667 3 1 2
r-947 17 0.0588235 17 0.0588235 0 0 0
r-596 24 0.210145 24 0.210145 233 291 180
r-10 31 0.593548 31 0.593548 50788 53885 48542
r-565 33 0.299242 33 0.299242 100664 101782 96227
r-839 28 0.875661 28 0.875661 278 370 262
r-805 21 0.952381 21 0.952381 71195 24361 68636
r-410 30 0.257471 30 0.257471 15826 12662 14755
r-615 40 0.478205 40 0.478205 1000000 1000000 1000000
r-971 17 0.176471 17 0.176471 1 2 1
r-684 17 0.992647 17 0.992647 0 0 0
r-937 20 0.0789474 20 0.0789474 1 1 0
r-128 37 0.112613 37 0.112613 15926 20166 16174
r-473 34 0.233512 34 0.233512 82846 89881 72274
r-165 25 0.396667 25 0.396667 1619 1411 1466
r-329 39 0.991903 39 0.991903 0 0 0
r-86 35 0.744538 35 0.744538 192804 178269 183056
r-110 35 0.319328 35 0.319328 306036 314816 277450
r-876 22 0.251082 22 0.251082 77 77 116
r-152 39 0.526316 39 0.526316 1000000 1000000 1000000
r-799 22 0.640693 22 0.640693 206 313 282
r-717 28 0.84127 28 0.84127 1283 737 749
r-205 26 0.618462 26 0.618462 3266 3443 3272
r-860 22 0.121212 22 0.121212 29 45 44
r-445 37 0.285285 37 0.285285 748944 784287 720708
r-788 38 0.0369844 38 0.0369844 1000000 1000000 1000000
r-592 22 0.688312 22 0.688312 218 203 150
r-90 30 0.48046 30 0.48046 31219 30514 29507
r-807 16 0.383333 16 0.383333 8 6 6
r-861 16 0.475 16 0.475 3 5 5
r-637 16 0.116667 16 0.116667 0 0 0
r-687 33 0 33 0 0 0 0
r-292 27 0.034188 27 0.034188 1000000 101 1000000
r-262 30 0.372414 30 0.372414 26206 27037 24877
r-806 15 0.685714 15 0.685714 2 3 4
r-203 40 0.784615 40 0.784615 1000000 1000000 1000000
r-225 28 0.592593 28 0.592593 10914 11163 10595
r-752 27 0.552707 27 0.552707 4445 3853 4069
r-943 31 0.787097 31 0.787097 10985 9845 10129
r-789 21 0.87619 21 0.87619 2 1 2
r-961 35 0.376471 35 0.376471 280663 275106 257293
r-119 30 0.190805 30 0.190805 3783 3129 4006
r-516 33 0.363636 33 0.363636 93719 99694 88156
r-409 36 0.230159 36 0.230159 177184 218119 162343
r-737 33 0.0549242 33 0.0549242 227 713 361
r-531 21 0.233333 21 0.233333 35 79 52
r-274 24 0.818841 24 0.818841 69 38 37
r-275 17 0.786765 17 0.786765 2 1 1
r-261 20 0.473684 20 0.473684 99 83 89
r-378 33 0.4375 33 0.4375 105283 103336 100358
r-526 40 0.635897 40 0.635897 1000000 1000000 1000000
r-229 37 0.951952 37 0.951952 5574 1000000 1000000
r-600 39 0.377868 39 0.377868 1000000 1000000 1000000
r-819 28 0.84127 28 0.84127 462 617 445
r-524 36 0.0619048 36 0.0619048 1590 6974 1337
r-909 35 0.354622 35 0.354622 342389 342877 321166
r-825 28 0.275132 28 0.275132 4471 5445 3970
r-922 23 0.150198 23 0.150198 90 89 83
r-976 35 0.226891 35 0.226891 165494 110200 148387
r-968 30 0.165517 30 0.165517 5733 5829 4994
r-792 33 0.0492424 33 0.0492424 2163 174 639
r-462 23 0.525692 23 0.525692 676 634 803
r-756 26 0.304615 26 0.304615 1710 1732 1515
r-35 39 0.240216 39 0.240216 1000000 1000000 1000000
r-582 25 0.436667 25 0.436667 1603 1580 1325
r-761 21 0.490476 21 0.490476 327 387 450
r-780 23 0.225296 23 0.225296 134 145 233
r-243 40 0.182051 40 0.182051 1000000 1000000 1000000
r-749 24 0.605072 24 0.605072 928 984 840
r-195 17 0.830882 17 0.830882 1 0 0
r-912 38 0.675676 38 0.675676 708205 863129 691422
r-946 33 0.0227273 33 0.0227273 1000000 1000000 1000000
r-450 36 0.21746 36 0.21746 270404 309555 246751
r-479 27 0.00569801 27 0.00569801 0 0 0
r-534 23 0.426877 23 0.426877 843 784 496
r-832 32 0.927419 32 0.927419 113 193 113
r-914 19 0.859649 19 0.859649 1 2 2
r-634 32 0.106855 32 0.106855 487 634 707
r-494 35 0.357983 35 0.357983 286859 245743 268606
r-528 15 0.838095 15 0.838095 0 0 0
r-833 39 0.321188 39 0.321188 1000000 1000000 1000000
r-846 34 0.0909091 34 0.0909091 2325 3892 2396
r-184 25 0.373333 25 0.373333 1751 1490 1409
r-286 19 0.859649 19 0.859649 11 7 4
r-271 28 0.925926 28 0.925926 1034 824 537
r-641 19 0.888889 19 0.888889 1 0 0
r-167 27 0.706553 27 0.706553 4833 5033 4709
r-446 31 0.8 31 0.8 5762 9007 5803
r-92 32 0.52621 32 0.52621 65564 71052 62419
r-957 31 0.797849 31 0.797849 17994 21677 17616
r-125 32 0.659274 32 0.659274 62754 68157 57935
r-546 21 0.3 21 0.3 74 57 40
r-137 34 0.848485 34 0.848485 24459 18388 21093
r-927 35 0.571429 35 0.571429 238649 258782 222361
r-610 26 0.92 26 0.92 9 79 18
r-95 27 0.156695 27 0.156695 1008 1252 819
r-175 16 0.1 16 0.1 0 0 0
r-778 17 0.0808824 17 0.0808824 3 6 1
r-158 38 0.852063 38 0.852063 508581 598977 469711
r-688 27 0.726496 27 0.726496 4405 3928 4121
r-215 21 0.552381 21 0.552381 334 286 195
r-622 29 0.349754 29 0.349754 16286 16938 15431
r-996 20 0.384211 20 0.384211 196 183 180
r-911 24 0.786232 24 0.786232 488 531 368
r-953 27 0.122507 27 0.122507 140 115 78
r-558 15 0.428571 15 0.428571 5 4 4
r-550 27 0.0626781 27 0.0626781 24 97 9
r-990 28 0.984127 28 0.984127 0 0 0
r-929 38 0.512091 38 0.512091 1000000 1000000 1000000
r-258 22 0.316017 22 0.316017 221 179 213
r-80 17 0.338235 17 0.338235 5 5 6
r-194 17 0.279412 17 0.279412 8 8 8
r-419 36 0.834921 36 0.834921 175733 266350 169240
r-917 23 0.608696 23 0.608696 807 847 812
r-660 31 0.703226 31 0.703226 30585 38616 28365
r-8 26 0.332308 26 0.332308 2495 3154 2295
r-935 40 0.182051 40 0.182051 1000000 1000000 1000000
r-632 27 0.934473 27 0.934473 176461 1000000 1000000
r-913 24 0.626812 24 0.626812 568 844 500
r-433 21 0.233333 21 0.233333 25 21 24
r-106 31 0.969892 31 0.969892 1000000 3 1000000
r-1 30 0.783908 30 0.783908 10078 11984 9807
r-300 32 0.201613 32 0.201613 14682 22002 13473
r-28 25 0.533333 25 0.533333 2530 2200 2192
r-795 22 0.69697 22 0.69697 464 298 281
r-847 19 0.830409 19 0.830409 1 2 2
r-977 27 0.538462 27 0.538462 6095 5742 5635
r-532 22 0.748918 22 0.748918 118 102 171
r-926 20 0.621053 20 0.621053 106 123 96
r-233 20 0.7 20 0.7 62 68 93
r-348 40 0.398718 40 0.398718 1000000 1000000 1000000
r-873 30 0.673563 30 0.673563 15374 20504 14443
r-850 18 0.183007 18 0.183007 5 6 5
r-183 19 0.549708 19 0.549708 36 33 32
r-230 34 0.144385 34 0.144385 8158 14335 7461
r-633 26 0.409231 26 0.409231 2497 3192 2303
r-386 15 0.171429 15 0.171429 0 0 0
r-87 38 0.0199147 38 0.0199147 2 161 2
r-141 15 0.657143 15 0.657143 2 2 3
r-134 33 0.229167 33 0.229167 57212 62965 53660
r-189 18 0.431373 18 0.431373 24 37 21
r-430 26 0.646154 26 0.646154 1347 2412 1168
r-906 25 0.42 25 0.42 1229 1656 1143
r-489 36 0.58254 36 0.58254 430417 432098 404772
r-37 23 0.328063 23 0.328063 259 327 265
r-273 38 0.325747 38 0.325747 1000000 962551 1000000
r-865 25 0.186667 25 0.186667 530 378 610
r-728 27 0.863248 27 0.863248 272 431 433
r-145 23 0.466403 23 0.466403 426 464 387
r-669 35 0.615126 35 0.615126 268458 292271 255355
r-901 34 0.135472 34 0.135472 8796 12007 7907
r-296 35 0.996639 35 0.996639 0 0 0
r-448 21 0.895238 21 0.895238 3 6 6
r-964 28 0.57672 28 0.57672 12831 13270 12041
r-915 22 0.220779 22 0.220779 94 97 135
r-493 15 0.533333 15 0.533333 5 4 2
r-221 32 0.580645 32 0.580645 82176 81547 77812
r-359 21 0.333333 21 0.333333 105 141 58
r-29 26 0.787692 26 0.787692 779 1162 766
r-705 33 0.950758 33 0.950758 911 506 688
r-857 15 0.0857143 15 0.0857143 0 0 0
r-457 22 0.805195 22 0.805195 18 38 28
r-897 30 0.583908 30 0.583908 25676 21830 24167
r-327 30 0.767816 30 0.767816 7513 9352 7410
r-652 37 0.626126 37 0.626126 838587 993421 783393
r-369 39 0.615385 39 0.615385 1000000 1000000 1000000
r-197 34 0.99287 34 0.99287 0 0 0
r-967 30 0.604598 30 0.604598 23572 23470 21766
r-239 25 0.48 25 0.48 2559 2430 2417
r-255 39 0.551957 39 0.551957 1000000 1000000 1000000
r-11 30 0.0229885 30 0.0229885 1 0 3
r-508 34 0.386809 34 0.386809 176439 155383 162805
r-808 18 0.529412 18 0.529412 42 21 23
r-25 37 0.0705706 37 0.0705706 7198 8382 6464
r-469 34 0.174688 34 0.174688 45813 45929 43069
r-787 37 0.95045 37 0.95045 8421 290272 6600
r-454 40 0.278205 40 0.278205 1000000 1000000 1000000
r-853 36 0.879365 36 0.879365 68286 131543 65598
r-869 29 0.975369 29 0.975369 0 0 0
r-904 27 0.980057 27 0.980057 0 0 0
r-863 19 0.438596 19 0.438596 65 68 37
r-122 33 0.632576 33 0.632576 102158 121889 98180
r-55 33 0.032197 33 0.032197 1000000 25 1000000
r-47 16 0.791667 16 0.791667 2 1 1
r-562 33 0.329545 33 0.329545 50216 57113 44047
r-487 35 0.331092 35 0.331092 221412 228523 207160
r-254 16 0.375 16 0.375 3 5 3
r-783 33 0.657197 33 0.657197 113368 117751 106559
r-214 40 0.215385 40 0.215385 1000000 1000000 1000000
r-345 15 0.209524 15 0.209524 0 0 0
r-428 21 0.947619 21 0.947619 0 3 0
r-923 24 0.0978261 24 0.0978261 10 18 18
r-890 29 0.657635 29 0.657635 12025 8386 11287
r-719 17 0.507353 17 0.507353 6 14 6
r-88 30 0.514943 30 0.514943 36929 37085 35637
r-533 15 0.552381 15 0.552381 3 6 3
r-43 29 0.916256 29 0.916256 300 185 136
r-455 27 0.666667 27 0.666667 6811 5006 6226
r-668 29 0.561576 29 0.561576 12451 15286 11638
r-42 36 0.819048 36 0.819048 101949 124645 87754
r-838 33 0.842803 33 0.842803 19227 28933 19246
r-297 32 0.59879 32 0.59879 80056 77883 75050
r-983 38 0.887624 38 0.887624 84004 116275 74365
r-506 35 0.396639 35 0.396639 260059 258762 242819
r-695 16 0.508333 16 0.508333 5 7 4
r-651 33 0.0511364 33 0.0511364 13 5 12
r-49 37 0.861862 37 0.861862 156872 280920 148183
r-347 30 0.468966 30 0.468966 27893 25473 26011
r-156 27 0.11396 27 0.11396 77 177 77
r-793 37 0.484985 37 0.484985 605640 565873 580529
r-186 26 0.0276923 26 0.0276923 0 0 0
r-381 35 0.0184874 35 0.0184874 58464 1000000 1000000
r-384 15 0.714286 15 0.714286 0 1 1
r-250 20 0.778947 20 0.778947 20 28 12
r-78 19 0.421053 19 0.421053 36 55 51
r-16 38 0.241821 38 0.241821 1000000 1000000 1000000
r-777 24 0.699275 24 0.699275 482 484 481
r-291 35 0.862185 35 0.862185 40074 48090 36800
r-283 30 0.0712644 30 0.0712644 29 30 16
r-464 22 0.125541 22 0.125541 10 15 10
r-124 23 0.944664 23 0.944664 0 0 0
r-102 40 0.383333 40 0.383333 1000000 1000000 1000000
r-899 37 0.642643 37 0.642643 527275 576724 499403
r-851 16 0.558333 16 0.558333 5 7 7
r-281 16 0.558333 16 0.558333 6 5 5
r-739 28 0.425926 28 0.425926 11481 11500 10614
r-144 16 0.466667 16 0.466667 9 10 8
r-920 34 0.196078 34 0.196078 111997 138895 107845
r-302 28 0.645503 28 0.645503 6909 7959 6739
r-924 18 0.562092 18 0.562092 13 10 11
r-881 15 0.247619 15 0.247619 1 1 0
r-501 15 0.390476 15 0.390476 6 3 5
r-436 38 0.83926 38 0.83926 341380 553596 319665
r-824 20 0.0315789 20 0.0315789 0 0 0
r-696 40 0.784615 40 0.784615 1000000 1000000 1000000
r-910 24 0.503623 24 0.503623 648 814 692
r-867 20 0.505263 20 0.505263 80 99 116
r-299 19 0.333333 19 0.333333 58 56 84
r-804 18 0.699346 18 0.699346 17 14 17
r-886 27 0.948718 27 0.948718 1000000 706 1000000
r-51 28 0.177249 28 0.177249 1179 859 664
r-305 38 0.773826 38 0.773826 1000000 1000000 1000000
r-921 31 0.941935 31 0.941935 461 2712 455
r-951 25 0.77 25 0.77 559 708 570
r-744 18 0.908497 18 0.908497 0 0 0
r-544 15 0.6 15 0.6 1 4 1
r-680 26 0.0276923 26 0.0276923 0 0 0
r-139 31 0.539785 31 0.539785 30927 28358 29068
r-182 25 0.33 25 0.33 1146 1312 989
