instance last_unsat_time sat_time total_subproblem_time total_subproblem_time_minus_last_unsat run_time last_unsat_time sat_time total_subproblem_time total_subproblem_time_minus_last_unsat run_time
mcs70_r01_s40_AB05 6698 919 11739 5041 11745 6705 914 11743 5038 11749
mcs70_r005_s40_AB07 32873 11319 52307 19434 52312 33030 11329 52561 19531 52566
mcs30_r01_s35_AB02 104836 5421 164177 59341 164181 104865 5427 164532 59667 164539
mcs70_b03m_s10_AB06 0 0 0 0 0 0 0 0 0 0
mcs70_b06_s10_AB06 0 0 0 0 0 0 0 0 0 0
mcs30_b06m_s35_AB07 82843 2 113774 30931 113781 83174 2 114024 30850 114029
mcs50_m3D_s50_AB08 352070 528166 999995 647925 1000000 354370 527573 999993 645623 1000000
mcs30_r01_s10_AB09 0 0 0 0 0 0 0 0 0 0
mcs70_b09_s15_AB00 0 0 0 0 0 0 0 0 0 0
mcs50_b03_s40_AB04 16299 35856 54535 38236 54538 16635 35846 54841 38206 54845
mcs90_m3Dr2_s10_AB05 0 0 0 0 0 0 0 0 0 0
mcs30_b03_s25_AB06 59 0 65 6 66 60 0 66 6 68
mcs10_b03_s50_AB05 525798 5612 589962 64164 589967 525519 5598 589734 64215 589737
mcs50_m3Dr2_s15_AB08 0 0 0 0 1 1 0 1 0 2
mcs10_b03m_s40_AB02 748 3452 4359 3611 4362 743 3643 4497 3754 4500
mcs30_r005_s20_AB04 5 1 6 1 7 5 1 6 1 7
mcs30_r02_s20_AB07 40 10 72 32 74 62 14 109 47 113
mcs30_b06m_s30_AB06 1656 1370 3883 2227 3886 1661 1373 4031 2370 4036
mcs90_r02_s20_AB00 0 0 0 0 0 0 0 0 0 0
mcs50_m3Dr6_s50_AB05 649659 61695 999992 350333 1000000 650068 62416 999993 349925 1000000
mcs70_b06_s15_AB02 0 0 0 0 1 0 0 0 0 1
mcs90_m3Dr2_s30_AB07 0 0 0 0 1 1 0 1 0 1
mcs90_r01_s10_AB02 0 0 0 0 0 0 0 0 0 0
mcs30_m2Dr6_s30_AB01 583 806 1661 1078 1664 531 805 1498 967 1501
mcs90_b03_s25_AB08 0 0 0 0 0 0 0 0 0 0
mcs30_b03_s50_AB09 129459 851776 999996 870537 1000000 128817 852480 999995 871178 1000000
mcs30_r01_s20_AB06 19 5 30 11 31 19 5 30 11 32
mcs50_m2Dr4_s30_AB08 1220 133 1937 717 1940 1137 133 1623 486 1626
mcs70_b06_s35_AB08 493 4 734 241 739 313 2 464 151 468
mcs70_m2D_s40_AB09 11575 2214 15959 4384 15964 11693 2217 16142 4449 16145
mcs70_m2Dr4_s35_AB05 3273 81 4727 1454 4731 3257 81 4714 1457 4720
mcs50_m4Dr2_s30_AB00 313 753 1152 839 1155 223 761 1072 849 1074
mcs50_b03_s35_AB02 2250 3220 5956 3706 5960 2279 3206 5934 3655 5938
mcs70_b09m_s50_AB03 62311 3327 111786 49475 111793 62313 3327 111949 49636 111957
mcs50_b06_s25_AB09 98 0 153 55 156 98 0 153 55 156
mcs30_b06_s35_AB01 62986 0 85776 22790 85781 62692 2345 87895 25203 87902
mcs30_b03m_s35_AB00 1032 188 1433 401 1436 1058 179 1530 472 1533
mcs90_b03_s10_AB00 0 0 0 0 0 0 0 0 0 0
mcs70_b03_s15_AB09 0 0 0 0 0 0 0 0 0 0
mcs50_b09m_s30_AB05 4992 0 8538 3546 8543 4995 1271 9728 4733 9734
mcs30_m3D_s30_AB02 1142 71 1786 644 1789 1143 71 1571 428 1574
mcs90_r01_s25_AB08 0 0 0 0 0 0 0 0 0 0
mcs90_m2D_s50_AB03 0 0 0 0 0 0 0 0 0 1
mcs90_m4Dr2_s20_AB00 0 0 0 0 1 0 0 0 0 1
mcs50_m4Dr2_s40_AB05 38120 4591 51113 12993 51116 38601 4664 51685 13084 51688
mcs50_m3Dr6_s20_AB02 14 31 50 36 51 8 19 29 21 31
mcs70_b06m_s20_AB00 8 0 12 4 13 8 0 12 4 13
mcs70_r005_s40_AB03 39720 36172 85341 45621 85346 39632 36379 86064 46432 86070
mcs50_m2Dr4_s40_AB06 91562 183235 298620 207058 298625 91737 183565 298800 207063 298804
mcs30_b03_s25_AB01 12 1 15 3 17 12 1 15 3 17
mcs50_b03_s25_AB07 62 12 84 22 86 62 12 84 22 87
mcs90_b09_s30_AB07 9 0 11 2 12 9 0 11 2 12
mcs90_b09_s35_AB05 15 0 21 6 22 23 0 33 10 35
mcs90_b09m_s30_AB00 1 0 1 0 2 1 0 1 0 2
mcs30_m3Dr4_s40_AB09 672619 85308 991938 319319 991945 679126 85782 999380 320254 999387
mcs70_b06m_s35_AB09 1374 490 2526 1152 2530 1653 499 3210 1557 3215
mcs90_r01_s25_AB03 0 0 0 0 1 0 0 0 0 1
mcs50_m3D_s20_AB02 17 0 22 5 23 17 0 22 5 23
mcs70_m2Dr2_s35_AB02 646 264 1149 503 1152 640 271 1149 509 1154
mcs50_b09_s50_AB00 326333 422619 999989 673656 1000000 327772 419387 999991 672219 1000000
mcs50_b09_s35_AB00 13212 4348 28269 15057 28276 13204 4351 28153 14949 28160
mcs70_b03m_s20_AB05 2 1 3 1 4 2 1 3 1 4
mcs50_r02_s10_AB09 0 0 0 0 0 0 0 0 0 0
mcs50_b09_s25_AB03 381 0 695 314 699 381 1 729 348 732
mcs30_m3Dr2_s25_AB07 220 45 377 157 380 245 75 389 144 391
mcs50_b03_s50_AB03 273245 687340 999995 726750 1000000 274377 684588 999994 725617 1000000
mcs30_r005_s35_AB07 2147 965 3630 1483 3633 2167 996 3804 1637 3808
mcs50_m3Dr2_s50_AB06 655533 100898 999995 344462 1000000 649449 109017 999994 350545 1000000
mcs90_b03_s50_AB04 69 0 80 11 82 69 2 84 15 84
mcs90_r02_s30_AB07 0 0 0 0 1 0 0 0 0 1
mcs90_b09_s35_AB00 16 0 22 6 23 16 0 22 6 23
mcs50_m2D_s50_AB05 262462 685830 999994 737532 1000000 267475 680512 999995 732520 1000000
mcs30_b03_s25_AB02 83 25 115 32 116 44 13 60 16 62
mcs30_b03m_s40_AB03 1179 6893 8377 7198 8381 1904 7157 9365 7461 9367
mcs10_r02_s30_AB01 13021 12444 37450 24429 37458 12550 12388 36901 24351 36907
mcs90_b06_s40_AB06 5 0 6 1 6 8 0 9 1 11
mcs30_b03_s30_AB07 55 160 230 175 232 32 93 133 101 136
mcs10_r01_s40_AB08 332907 449370 999992 667085 1000000 332556 450411 999992 667436 1000000
mcs90_r02_s25_AB07 0 0 0 0 0 0 0 0 0 0
mcs70_r02_s10_AB05 0 0 0 0 0 0 0 0 0 0
mcs50_b03_s10_AB08 0 0 0 0 0 0 0 0 0 0
mcs90_b03_s20_AB03 0 0 0 0 0 0 0 0 0 0
mcs50_b06m_s25_AB07 364 0 635 271 639 537 0 826 289 830
mcs90_b03_s25_AB03 0 0 0 0 0 0 0 0 0 0
mcs50_r01_s10_AB07 0 0 0 0 0 0 0 0 0 0
mcs50_m2Dr2_s30_AB00 469 490 1072 603 1075 784 814 1786 1002 1790
mcs50_m2Dr6_s10_AB04 0 0 0 0 0 0 0 0 0 0
mcs30_b03m_s40_AB09 11676 7008 19435 7759 19439 11773 7057 19537 7764 19540
mcs70_r005_s25_AB00 1 5 6 5 6 2 9 11 9 11
mcs50_m2D_s40_AB02 3458 8950 13198 9740 13202 3382 8799 12946 9564 12950
mcs50_m4Dr6_s30_AB09 1046 479 1925 879 1929 1039 476 1909 870 1913
mcs50_r01_s30_AB08 1621 115 2558 937 2564 1620 115 2620 1000 2627
mcs90_r01_s50_AB04 8 0 10 2 12 5 0 6 1 7
mcs50_m2Dr4_s40_AB03 81085 70304 172955 91870 172962 81031 70080 172671 91640 172677
mcs90_r01_s40_AB09 0 0 0 0 2 0 0 0 0 2
mcs90_m3Dr2_s10_AB07 0 0 0 0 0 0 0 0 0 0
mcs70_b03_s40_AB08 5870 2197 8950 3080 8954 5864 2195 8748 2884 8749
mcs30_r02_s15_AB09 1 1 2 1 3 2 2 4 2 6
mcs50_b03m_s30_AB07 260 313 665 405 668 254 314 621 367 624
mcs50_b03_s35_AB01 2736 2997 6061 3325 6065 2694 2939 5960 3266 5963
mcs90_r01_s40_AB08 0 0 0 0 1 0 0 0 0 1
mcs90_m2Dr4_s20_AB06 0 0 0 0 1 0 0 0 0 0
mcs90_b06_s10_AB07 0 0 0 0 0 0 0 0 0 0
mcs90_m3D_s30_AB08 0 0 0 0 0 0 0 0 0 0
mcs50_m3D_s20_AB04 6 9 16 10 18 3 6 9 6 11
mcs70_b09m_s40_AB03 1742 105 3235 1493 3240 1740 105 3223 1483 3228
mcs90_b09_s35_AB07 13 0 18 5 19 20 0 27 7 30
mcs50_b06_s30_AB06 468 30 854 386 859 457 30 837 380 840
mcs30_r01_s10_AB04 0 0 0 0 0 0 0 0 0 0
mcs30_m3Dr2_s40_AB08 180022 13176 249690 69668 249697 178368 13097 247584 69216 247590
mcs90_m2Dr6_s30_AB07 13 1 17 4 19 13 1 17 4 19
mcs90_b09_s40_AB04 12 0 15 3 16 12 0 15 3 16
mcs90_m2D_s30_AB01 36 33 80 44 83 21 19 46 25 49
mcs90_m2Dr2_s50_AB01 0 0 0 0 0 0 0 0 0 0
mcs90_m2Dr6_s40_AB06 3 0 4 1 5 6 1 8 2 9
mcs70_b09_s25_AB08 211 0 384 173 387 138 0 250 112 254
mcs30_b03_s35_AB08 688 99 924 236 928 689 109 936 247 940
mcs50_b09m_s35_AB06 25034 1867 44081 19047 44088 25032 1864 43921 18889 43929
mcs70_m4Dr2_s25_AB02 50 0 62 12 63 50 1 63 13 65
mcs30_b03_s35_AB07 1696 194 2335 639 2339 1682 199 2335 653 2338
mcs10_m2Dr6_s50_AB08 558121 278039 999995 441874 1000000 559615 275732 999994 440379 1000000
mcs70_b03m_s20_AB04 2 0 2 0 3 2 0 2 0 3
mcs50_b03m_s30_AB02 414 6 499 85 503 297 3 380 83 384
mcs30_r005_s20_AB05 0 0 0 0 1 1 0 1 0 2
mcs50_m2Dr2_s50_AB03 282170 643749 999995 717825 1000000 289728 635411 999996 710268 1000000
mcs10_r01_s50_AB02 266542 522273 999993 733451 1000000 266778 521731 999993 733215 1000000
mcs90_r02_s30_AB09 0 0 0 0 0 0 0 0 0 0
mcs50_m2Dr6_s30_AB00 1207 299 1928 721 1932 1483 298 2462 979 2465
mcs50_r005_s35_AB08 2513 2312 5342 2829 5345 2487 2283 5343 2856 5346
mcs70_m4D_s25_AB02 19 1 23 4 24 11 0 12 1 14
mcs90_r01_s30_AB09 0 0 0 0 1 0 0 0 0 1
mcs10_r02_s35_AB00 318066 0 654674 336608 654683 316934 256 652817 335883 652825
mcs90_r02_s25_AB08 0 0 0 0 0 0 0 0 0 0
mcs30_b03_s50_AB02 413774 116709 584236 170462 584240 409861 115389 578441 168580 578445
mcs70_r01_s10_AB05 0 0 0 0 0 0 0 0 0 0
mcs90_m3Dr2_s30_AB05 1 0 1 0 2 0 0 0 0 1
mcs50_m3Dr2_s50_AB01 320490 550464 999992 679502 1000000 319244 552827 999993 680749 1000000
mcs70_b09_s30_AB00 179 26 391 212 394 159 26 307 148 308
mcs50_b03_s25_AB09 23 13 40 17 42 40 22 70 30 73
mcs30_b06m_s25_AB00 284 237 684 400 688 195 240 538 343 542
mcs50_r005_s40_AB05 4486 20088 25506 21020 25508 4454 20008 25423 20969 25427
mcs90_r01_s30_AB04 0 0 0 0 0 0 0 0 0 0
mcs90_b09m_s30_AB04 0 0 0 0 1 0 0 0 0 1
mcs50_r01_s25_AB08 98 120 256 158 259 98 119 255 157 258
mcs30_b06m_s30_AB01 7419 366 11024 3605 11028 7393 365 11172 3779 11177
mcs50_m4D_s35_AB05 2376 1313 4213 1837 4217 2315 1301 3917 1602 3921
mcs30_b03_s50_AB03 414979 0 465623 50644 465629 416085 148669 614799 198714 614804
mcs30_b06m_s25_AB01 182 305 598 416 601 217 307 635 418 637
mcs30_b06m_s35_AB01 87910 2007 121446 33536 121452 87998 2010 121382 33384 121387
mcs70_b03m_s10_AB09 0 0 0 0 0 0 0 0 0 0
mcs30_b06_s30_AB06 933 150 1532 599 1537 932 150 1694 762 1700
mcs50_m3Dr6_s50_AB07 576935 165001 999993 423058 1000000 577546 165504 999992 422446 1000000
mcs50_b06_s30_AB04 1617 0 2499 882 2504 1601 283 2736 1135 2741
mcs30_b09m_s35_AB06 145361 0 230098 84737 230108 146055 41 230909 84854 230918
mcs10_r01_s25_AB05 758 42 1079 321 1082 510 25 783 273 788
mcs50_m2Dr2_s20_AB09 2 2 4 2 6 4 4 8 4 10
mcs70_b09_s15_AB09 0 0 0 0 0 0 0 0 0 0
mcs90_m2Dr6_s40_AB04 2 0 2 0 3 3 0 3 0 5
mcs70_r005_s35_AB05 4480 111 5229 749 5232 4865 110 6027 1162 6032
mcs30_b06m_s50_AB05 227807 671236 999993 772186 1000000 228222 670753 999993 771771 1000000
mcs90_b03m_s40_AB01 0 0 0 0 0 0 0 0 0 1
mcs90_b03_s20_AB01 0 0 0 0 0 0 0 0 0 0
mcs50_m3D_s15_AB06 1 0 1 0 1 0 0 0 0 1
mcs70_b06_s25_AB03 12 2 19 7 21 12 2 19 7 21
mcs90_r02_s50_AB06 19 1 27 8 30 29 2 43 14 45
mcs50_b09m_s25_AB03 431 1 745 314 749 428 1 739 311 744
mcs90_m2Dr6_s40_AB07 5 0 6 1 6 5 0 6 1 6
mcs30_r01_s40_AB09 418305 324274 999992 581687 1000000 418680 323569 999992 581312 1000000
mcs10_b03_s40_AB08 15878 412 17515 1637 17520 15931 393 17436 1505 17440
mcs50_b06m_s15_AB04 1 0 1 0 2 1 0 1 0 2
mcs70_m2Dr4_s25_AB07 39 0 53 14 55 65 0 88 23 91
mcs50_m2D_s30_AB06 1348 103 1802 454 1806 1348 103 1742 394 1745
mcs50_r01_s30_AB09 2915 4006 8361 5446 8365 2926 4009 8473 5547 8477
mcs70_b03m_s25_AB06 66 45 125 59 128 66 45 125 59 127
mcs50_b09_s50_AB08 351273 373804 999990 648717 1000000 354426 369007 999991 645565 1000000
mcs70_m4Dr4_s25_AB08 17 0 22 5 24 10 0 12 2 14
mcs70_b03_s20_AB04 4 0 4 0 5 2 0 2 0 3
mcs70_m2Dr2_s25_AB02 98 82 207 109 210 98 83 208 110 210
mcs70_b03m_s20_AB09 1 0 1 0 3 1 0 1 0 3
mcs50_b03m_s35_AB09 2767 1038 4082 1315 4084 2772 980 4026 1254 4029
mcs90_r01_s50_AB01 4 0 5 1 7 4 0 5 1 7
mcs10_r01_s50_AB07 539652 25653 999992 460340 1000000 539507 26230 999992 460485 1000000
mcs70_b09_s15_AB02 0 0 0 0 0 0 0 0 0 0
mcs30_b03m_s50_AB06 527224 31970 626871 99647 626877 525474 32081 626772 101298 626777
mcs70_r01_s50_AB02 90218 76104 240023 149805 240031 90003 76116 239490 149487 239499
mcs90_r005_s25_AB05 0 0 0 0 0 0 0 0 0 0
mcs70_m2Dr6_s25_AB05 204 141 415 211 419 196 85 354 158 356
mcs70_b03m_s35_AB00 2587 147 3130 543 3133 2518 177 3089 571 3092
mcs70_b06m_s30_AB05 58 7 95 37 99 58 7 95 37 98
mcs30_m3Dr4_s40_AB08 633082 147405 999991 366909 1000000 629776 152396 999993 370217 1000000
mcs90_m2Dr2_s40_AB08 9 4 14 5 16 9 5 15 6 17
mcs30_r01_s10_AB02 0 0 0 0 0 0 0 0 0 0
mcs50_m2Dr4_s30_AB00 580 15 814 234 818 582 16 853 271 858
mcs70_b09_s20_AB04 14 0 21 7 23 14 0 21 7 23
mcs90_r02_s10_AB07 0 0 0 0 0 0 0 0 0 0
mcs70_r01_s15_AB02 0 0 0 0 0 0 1 1 1 1
mcs90_m2D_s20_AB02 0 0 0 0 1 0 0 0 0 1
mcs90_b03m_s25_AB07 0 0 0 0 0 0 0 0 0 0
mcs30_r02_s20_AB01 58 41 136 78 139 58 41 136 78 139
mcs70_b06m_s30_AB03 201 86 431 230 435 273 86 538 265 541
mcs90_m4D_s20_AB08 0 0 0 0 0 0 0 0 0 0
mcs90_m4Dr6_s20_AB06 1 0 1 0 1 1 0 1 0 1
mcs70_b09_s25_AB04 57 4 101 44 104 49 3 92 43 95
mcs10_m2D_s40_AB04 13423 1299 17463 4040 17467 13508 1342 17307 3799 17312
mcs30_m4D_s50_AB01 495317 443378 999996 504679 1000000 494145 444509 999995 505850 1000000
mcs30_b03_s20_AB09 3 0 3 0 5 3 0 3 0 5
mcs70_m2D_s15_AB01 0 0 0 0 0 0 0 0 0 1
mcs90_b09m_s25_AB06 0 0 0 0 1 0 0 0 0 0
mcs50_b09m_s25_AB07 400 11 721 321 724 399 11 806 407 812
mcs90_m2Dr6_s30_AB06 5 0 6 1 6 5 0 6 1 6
mcs70_r01_s20_AB02 3 8 11 8 12 5 13 19 14 21
mcs50_m2Dr4_s50_AB00 250287 676393 999994 749707 1000000 252505 673281 999992 747487 1000000
mcs90_m2Dr6_s50_AB09 0 0 0 0 0 0 0 0 0 0
mcs10_b03_s50_AB06 112008 879695 999996 887988 1000000 110778 881671 999995 889217 1000000
mcs90_r02_s40_AB01 3 2 6 3 8 3 2 6 3 8
mcs30_m3Dr6_s30_AB09 1740 6243 8692 6952 8697 1745 6255 8920 7175 8925
mcs50_m2Dr2_s20_AB00 4 0 5 1 6 4 0 5 1 6
mcs70_r005_s50_AB02 205594 415941 706849 501255 706854 205944 416949 707517 501573 707522
mcs50_b06_s35_AB08 16618 8461 32868 16250 32875 16642 8388 33326 16684 33333
mcs30_b06m_s30_AB03 6791 314 10467 3676 10473 6784 314 10656 3872 10660
mcs50_b09_s40_AB06 79285 372 138871 59586 138880 80184 372 140139 59955 140148
mcs70_b03_s35_AB07 1626 1054 2941 1315 2945 1611 1046 2897 1286 2898
mcs90_m2D_s50_AB00 0 0 0 0 0 0 0 0 0 0
mcs90_r005_s20_AB04 0 0 0 0 0 0 0 0 0 0
mcs50_m2Dr6_s40_AB06 287830 238201 613611 325781 613617 286327 237743 610761 324434 610769
mcs90_r005_s25_AB03 0 0 0 0 0 0 0 0 0 0
mcs70_b09_s15_AB03 0 0 0 0 1 0 0 0 0 0
mcs70_m3Dr4_s40_AB05 30150 4333 47449 17299 47454 29983 4313 46983 17000 46987
mcs30_r005_s35_AB05 10114 59 12017 1903 12021 10327 59 12255 1928 12258
mcs70_m2Dr4_s40_AB06 173384 84653 304321 130937 304327 174801 85743 307395 132594 307401
mcs70_m2Dr6_s25_AB09 235 0 315 80 316 144 28 219 75 223
mcs90_m2Dr6_s30_AB05 4 0 4 0 5 3 0 3 0 5
mcs90_r005_s35_AB04 2 0 2 0 3 1 0 1 0 2
mcs10_r005_s35_AB06 2035 4045 6537 4502 6540 2036 4055 6553 4517 6556
mcs50_m4D_s40_AB06 21839 17521 42349 20510 42353 21881 17567 42173 20292 42178
mcs50_b09m_s50_AB07 282738 511036 999991 717253 1000000 284638 508112 999992 715354 1000000
mcs50_m4Dr2_s35_AB07 5176 244 6591 1415 6594 5164 233 6224 1060 6227
mcs90_m4Dr4_s20_AB07 0 0 0 0 0 0 0 0 0 1
mcs50_b06m_s35_AB02 24669 2140 38682 14013 38687 24703 2141 38768 14065 38775
mcs90_r01_s35_AB06 0 0 0 0 1 1 0 1 0 2
mcs10_b03m_s50_AB03 625549 305036 999996 374447 1000000 621328 309902 999995 378667 1000000
mcs90_b09m_s25_AB01 0 0 0 0 1 0 0 0 0 0
mcs30_b03_s20_AB08 1 3 4 3 4 1 3 4 3 4
mcs90_m2D_s10_AB09 0 0 0 0 0 0 0 0 0 0
mcs70_m4Dr2_s25_AB06 116 2 145 29 146 201 4 250 49 253
mcs50_m2Dr2_s50_AB00 347653 573684 999994 652341 1000000 349266 572246 999994 650728 1000000
mcs70_m2Dr6_s40_AB09 262693 0 339845 77152 339850 263834 0 341321 77487 341327
mcs70_b06_s30_AB09 137 0 247 110 249 135 2 205 70 209
mcs90_m2Dr6_s30_AB01 3 0 3 0 4 5 0 6 1 7
mcs70_m4Dr6_s25_AB06 102 120 261 159 264 99 125 262 163 265
mcs70_b09m_s20_AB01 11 2 18 7 20 11 2 18 7 20
mcs30_b06_s25_AB07 215 0 335 120 339 169 0 243 74 247
mcs10_r01_s25_AB09 339 10 482 143 486 340 11 487 147 489
mcs90_b09m_s30_AB06 1 1 2 1 3 2 2 4 2 6
mcs30_m2D_s50_AB02 187078 781564 999995 812917 1000000 183935 785815 999995 816060 1000000
mcs70_b06_s10_AB04 0 0 0 0 0 0 0 0 0 0
mcs50_b06_s15_AB00 1 0 1 0 2 1 0 1 0 1
mcs70_b03_s35_AB09 135 159 314 179 316 238 268 542 304 545
mcs90_b06_s10_AB06 0 0 0 0 0 0 0 0 0 0
mcs30_m2Dr6_s30_AB04 1766 7 2443 677 2448 1750 7 2680 930 2685
mcs90_b09_s35_AB09 17 0 23 6 24 16 0 22 6 24
mcs30_b09_s40_AB00 295616 528488 999991 704375 1000000 297003 527140 999990 702987 1000000
mcs70_m2Dr4_s15_AB07 0 0 0 0 1 0 0 0 0 0
mcs70_m2Dr4_s15_AB06 0 1 1 1 1 0 2 2 2 2
mcs70_m2Dr2_s50_AB05 504277 0 629877 125600 629882 504262 159180 787214 282952 787221
mcs90_r01_s35_AB09 1 0 1 0 2 1 0 1 0 2
mcs50_r02_s40_AB01 213408 84 490018 276610 490029 213367 84 490231 276864 490242
mcs10_r005_s50_AB03 232054 671130 999993 767939 1000000 231826 671472 999992 768166 1000000
mcs70_b03m_s15_AB04 0 0 0 0 1 0 0 0 0 0
mcs90_b09_s40_AB07 6 0 8 2 9 11 0 14 3 15
mcs50_b03m_s25_AB07 9 35 46 37 48 10 36 48 38 49
mcs70_b06m_s20_AB06 15 10 31 16 34 9 6 19 10 21
mcs10_r01_s35_AB03 107315 12595 180103 72788 180109 107809 12643 179991 72182 179998
mcs50_m2Dr2_s50_AB06 389705 510016 999994 610289 1000000 388194 512109 999994 611800 1000000
mcs90_m2Dr2_s30_AB03 3 1 4 1 6 2 1 3 1 3
mcs10_r01_s20_AB04 2 9 11 9 12 4 15 20 16 21
mcs50_b09_s50_AB03 283723 485625 999992 716269 1000000 282548 487720 999992 717444 1000000
mcs30_m3D_s30_AB00 859 48 1206 347 1208 855 48 1160 305 1163
mcs90_b03m_s15_AB05 0 0 0 0 0 0 0 0 0 0
mcs70_b09_s50_AB06 57869 1783 102817 44948 102825 58025 1792 102770 44745 102778
mcs90_b03m_s25_AB02 0 0 0 0 1 0 0 0 0 1
mcs30_b03_s15_AB06 0 0 0 0 1 0 0 0 0 1
mcs50_m2D_s50_AB06 189767 770674 999996 810229 1000000 190192 769953 999995 809803 1000000
mcs50_b06_s50_AB09 307853 560709 999993 692140 1000000 311734 557871 999994 688260 1000000
mcs50_r01_s35_AB00 158011 5722 243648 85637 243654 157618 5705 242941 85323 242949
mcs90_r02_s20_AB01 0 0 0 0 0 0 0 0 0 0
mcs50_b06m_s20_AB07 19 9 37 18 40 19 9 37 18 41
mcs70_r02_s30_AB01 174 44 353 179 357 174 44 353 179 357
mcs50_b03_s40_AB05 3605 21576 25798 22193 25802 3673 21606 25898 22225 25900
mcs70_m2D_s15_AB02 0 0 0 0 0 0 0 0 0 0
mcs50_m4Dr4_s30_AB02 497 720 1432 935 1436 744 817 1779 1035 1783
mcs70_m2Dr6_s40_AB00 261220 18381 339355 78135 339359 264264 18732 344326 80062 344330
mcs30_m2Dr6_s50_AB03 210227 723346 999993 789766 1000000 210684 722708 999993 789309 1000000
mcs90_m2Dr4_s30_AB05 11 0 14 3 15 11 0 14 3 15
mcs50_m3Dr4_s15_AB04 0 1 1 1 2 1 2 3 2 4
mcs50_b03m_s50_AB05 102975 885296 999995 897020 1000000 102684 885592 999996 897312 1000000
mcs70_b09m_s35_AB05 754 81 1472 718 1476 753 80 1417 664 1423
mcs30_b03_s15_AB08 0 0 0 0 1 0 0 0 0 1
mcs30_b06m_s50_AB07 235843 658044 999994 764151 1000000 234102 659746 999992 765890 1000000
mcs50_r02_s20_AB02 93 43 194 101 198 93 43 194 101 197
mcs50_r005_s35_AB01 1948 2503 5043 3095 5047 1928 2481 5002 3074 5005
mcs50_b03_s50_AB09 134211 847475 999996 865785 1000000 134616 846728 999996 865380 1000000
mcs90_r02_s15_AB00 0 0 0 0 0 0 0 0 0 0
mcs70_b09_s25_AB07 108 20 217 109 220 77 13 178 101 181
mcs90_b03m_s35_AB09 15 25 42 27 44 8 14 23 15 25
mcs50_m3D_s20_AB05 22 8 37 15 39 13 4 21 8 23
mcs50_m4Dr6_s35_AB02 4892 4933 11391 6499 11395 4934 4939 11444 6510 11449
mcs30_b06m_s25_AB07 350 2 500 150 504 219 1 313 94 316
mcs90_b09_s35_AB08 24 0 34 10 36 15 0 21 6 22
mcs50_b03_s15_AB04 0 1 1 1 2 0 0 0 0 1
mcs30_r005_s50_AB05 566937 190893 999993 433056 1000000 580867 171846 999992 419125 1000000
mcs90_m2D_s10_AB03 0 0 0 0 0 0 0 0 0 0
mcs30_b06m_s40_AB04 291178 546397 960585 669407 960592 291531 541137 955692 664161 955698
mcs90_r02_s50_AB08 10 0 13 3 15 10 0 13 3 15
mcs70_b03m_s30_AB06 373 0 412 39 415 390 0 461 71 464
mcs50_b03_s40_AB02 25103 116393 144667 119564 144669 25114 116819 145084 119970 145087
mcs50_b06m_s50_AB04 224048 681118 999992 775944 1000000 224818 680085 999994 775176 1000000
mcs70_b06m_s30_AB08 277 123 545 268 548 177 123 388 211 392
mcs90_m3Dr2_s10_AB02 0 0 0 0 0 0 0 0 0 0
mcs50_m4D_s30_AB04 108 603 740 632 742 63 457 536 473 539
mcs50_m3Dr2_s20_AB01 13 3 18 5 20 13 3 18 5 20
mcs70_b06_s10_AB09 0 0 0 0 0 0 0 0 0 0
mcs70_r005_s35_AB04 8397 17637 27914 19517 27918 8433 17550 27751 19318 27755
mcs30_r02_s20_AB03 58 6 94 36 96 37 3 58 21 61
mcs70_m2Dr6_s50_AB00 268205 16724 381881 113676 381887 264670 16702 375119 110449 375126
mcs70_r01_s15_AB06 0 0 0 0 0 0 0 0 0 0
mcs50_b09_s50_AB06 279793 501375 999992 720199 1000000 280318 500111 999992 719674 1000000
mcs30_b03_s30_AB04 38 76 122 84 124 22 64 90 68 92
mcs30_r02_s15_AB07 1 0 1 0 2 2 0 2 0 4
mcs90_r02_s25_AB06 0 0 0 0 0 0 0 0 0 0
mcs70_b09_s20_AB07 3 0 4 1 5 3 0 4 1 5
mcs90_b06_s10_AB00 0 0 0 0 0 0 0 0 0 0
mcs70_m2Dr4_s25_AB01 83 299 406 323 409 141 358 540 399 543
mcs10_r01_s25_AB06 106 61 209 103 212 106 61 210 104 212
mcs70_r02_s30_AB03 176 60 428 252 431 266 67 529 263 532
mcs50_r02_s40_AB05 319932 209426 920987 601055 920996 320454 209700 921022 600568 921031
mcs70_b09_s15_AB04 0 0 0 0 0 0 0 0 0 0
mcs50_b03_s30_AB05 274 13 337 63 339 240 13 281 41 284
mcs30_b06m_s35_AB02 61186 40 86522 25336 86528 61246 40 86757 25511 86764
mcs90_b09m_s15_AB00 0 0 0 0 0 0 0 0 0 0
mcs50_m4Dr4_s35_AB04 6488 0 8297 1809 8301 6529 282 9289 2760 9293
mcs30_b09_s35_AB00 63046 240 101147 38101 101154 63206 240 101408 38202 101417
mcs90_r005_s50_AB02 11 0 13 2 15 6 0 7 1 8
mcs50_m2Dr2_s20_AB07 24 0 29 5 31 14 0 16 2 18
mcs50_b09_s40_AB08 42768 9638 87793 45025 87800 42887 9701 88045 45158 88053
mcs50_m4Dr2_s35_AB02 5093 1839 8083 2990 8088 5174 1866 8225 3051 8230
mcs30_m2Dr6_s30_AB06 2196 385 3528 1332 3531 2195 385 3487 1292 3492
mcs70_r02_s10_AB02 0 0 0 0 0 0 0 0 0 0
mcs10_r005_s20_AB04 1 0 1 0 1 1 1 2 1 2
mcs30_b03m_s25_AB09 21 1 24 3 26 38 2 46 8 47
mcs10_r01_s20_AB07 3 2 5 2 6 3 2 5 2 7
mcs50_m2Dr4_s10_AB07 0 0 0 0 0 0 0 0 0 0
mcs90_b09m_s25_AB08 0 0 0 0 0 0 0 0 0 0
mcs90_m2D_s50_AB05 0 1 1 1 1 0 1 1 1 1
mcs70_r02_s10_AB03 0 0 0 0 0 0 0 0 0 0
mcs90_m2Dr2_s30_AB09 16 10 30 14 32 16 10 30 14 32
mcs10_r01_s30_AB04 4978 0 7440 2462 7444 4976 52 7314 2338 7320
mcs90_b06m_s25_AB08 0 0 0 0 0 0 0 0 0 0
mcs90_m2Dr2_s40_AB07 3 2 5 2 7 3 2 5 2 7
mcs10_m2Dr4_s50_AB04 313822 600777 999994 686172 1000000 317754 596473 999994 682240 1000000
mcs30_r005_s35_AB06 27254 967 33808 6554 33813 26745 963 33273 6528 33277
mcs70_m2Dr2_s25_AB09 46 25 86 40 88 48 25 88 40 91
mcs50_b03m_s20_AB08 1 0 1 0 1 1 0 1 0 1
mcs90_m2Dr4_s10_AB05 0 0 0 0 0 0 0 0 0 0
mcs30_m4Dr4_s50_AB04 234201 708359 999995 765794 1000000 232772 710429 999994 767222 1000000
mcs70_m2Dr6_s35_AB03 1198 228 1890 692 1894 1182 224 1954 772 1957
mcs70_m3Dr2_s35_AB01 216 113 418 202 421 251 179 519 268 522
mcs90_b09_s50_AB02 61 0 94 33 96 76 1 110 34 112
mcs70_m2Dr2_s25_AB04 58 22 94 36 96 58 22 94 36 96
mcs50_r02_s30_AB01 12582 2781 27701 15119 27708 12608 2783 27800 15192 27807
mcs50_m3D_s15_AB05 1 1 2 1 3 1 1 2 1 3
mcs70_b06_s20_AB07 3 0 4 1 6 3 0 4 1 6
mcs50_b09m_s35_AB08 110446 503 185307 74861 185315 111135 505 186096 74961 186105
mcs50_m2Dr6_s50_AB06 491784 359459 999993 508209 1000000 489067 363085 999993 510926 1000000
mcs50_r005_s20_AB01 4 0 4 0 5 4 0 4 0 5
mcs30_m2Dr6_s50_AB01 195149 738657 999992 804843 1000000 195201 738227 999993 804792 1000000
mcs30_b03m_s25_AB03 32 13 48 16 50 58 24 88 30 90
mcs70_b06_s25_AB00 12 7 24 12 26 12 7 24 12 26
mcs70_b09m_s15_AB00 1 0 1 0 2 0 0 0 0 1
mcs10_r02_s20_AB02 47 1 74 27 76 48 1 75 27 77
mcs70_b09m_s35_AB07 698 245 1608 910 1614 701 245 1531 830 1538
mcs30_b06m_s25_AB09 253 655 1024 771 1027 153 396 619 466 622
mcs30_r01_s40_AB05 512363 188868 999993 487630 1000000 515344 184434 999992 484648 1000000
mcs90_m2Dr4_s40_AB02 5 0 5 0 6 5 0 5 0 6
mcs50_b09_s20_AB04 1 0 1 0 1 1 0 1 0 3
mcs90_b06m_s15_AB08 0 0 0 0 0 0 0 0 0 0
mcs90_b03_s30_AB04 1 0 1 0 2 2 1 3 1 4
mcs30_b03_s35_AB05 1189 771 2168 979 2172 1146 782 2266 1120 2269
mcs90_b06m_s25_AB04 0 0 0 0 0 0 0 0 0 0
mcs70_m3Dr6_s40_AB06 87531 2786 129673 42142 129681 87645 2778 129881 42236 129887
mcs10_r01_s50_AB03 535600 29352 999991 464391 1000000 536913 25998 999992 463079 1000000
mcs90_r005_s40_AB00 2 0 2 0 4 1 0 1 0 2
mcs50_b06m_s35_AB04 18588 51699 79017 60429 79024 18533 51656 78804 60271 78809
mcs10_r005_s25_AB06 13 6 20 7 21 7 3 10 3 11
mcs30_b03m_s40_AB00 1542 3261 5063 3521 5066 1169 3266 4699 3530 4701
mcs70_m4D_s25_AB04 31 11 47 16 49 32 11 48 16 50
mcs90_b03m_s10_AB06 0 0 0 0 0 0 0 0 0 0
mcs50_b09_s50_AB09 310178 457095 999993 689815 1000000 310017 457164 999991 689974 1000000
mcs90_m3Dr6_s10_AB02 0 0 0 0 0 0 0 0 0 0
mcs30_r02_s20_AB09 76 7 127 51 129 76 7 127 51 129
mcs50_b06_s35_AB00 18612 217 26789 8177 26793 18469 216 27101 8632 27106
mcs90_m3Dr2_s30_AB08 0 1 1 1 2 0 1 1 1 2
mcs50_b09m_s30_AB09 6550 109 11805 5255 11811 6544 109 11538 4994 11544
mcs70_b09_s35_AB04 411 278 1113 702 1117 413 279 1007 594 1012
mcs30_m2D_s30_AB06 114 129 265 151 268 112 127 261 149 264
mcs70_r02_s20_AB05 6 3 10 4 12 6 3 10 4 12
mcs90_b09m_s15_AB04 0 0 0 0 0 0 0 0 0 0
mcs70_b06_s50_AB07 97552 0 134702 37150 134708 97769 698 135384 37615 135388
mcs90_m2Dr2_s30_AB08 11 0 13 2 15 6 0 7 1 9
mcs50_b06m_s30_AB06 1162 417 2182 1020 2188 1170 420 2206 1036 2212
mcs90_b06m_s30_AB08 0 0 0 0 0 0 0 0 0 0
mcs70_m3Dr2_s35_AB04 287 24 458 171 462 237 24 407 170 410
mcs50_b03m_s40_AB02 14696 32094 49300 34604 49304 14627 31990 49265 34638 49269
mcs90_m3Dr6_s30_AB03 1 1 2 1 2 1 1 2 1 3
mcs50_m2D_s40_AB01 50867 0 59057 8190 59061 51325 91877 151550 100225 151554
mcs70_b09_s50_AB02 83004 21284 166772 83768 166780 83480 21306 167680 84200 167687
mcs90_r005_s35_AB06 1 0 1 0 3 1 1 2 1 3
mcs90_b06_s15_AB00 0 0 0 0 0 0 0 0 0 0
mcs10_r02_s25_AB00 1039 6 1965 926 1970 1037 6 1883 846 1888
mcs50_b09_s20_AB08 6 1 9 3 11 6 1 10 4 11
mcs10_r02_s40_AB01 362614 194051 999990 637376 1000000 361756 195491 999991 638235 1000000
mcs50_r02_s30_AB04 14043 7168 34516 20473 34524 14033 7167 34700 20667 34707
mcs70_b06m_s15_AB01 2 0 2 0 3 2 0 2 0 3
mcs30_b03m_s30_AB02 168 22 209 41 211 170 22 211 41 214
mcs10_m2D_s50_AB05 742801 134621 999994 257193 1000000 744019 130651 999994 255975 1000000
mcs90_r005_s50_AB00 5 0 6 1 8 3 0 4 1 5
mcs90_b03_s50_AB02 15 0 17 2 19 27 0 31 4 34
mcs50_m3Dr6_s20_AB09 6 15 22 16 23 9 24 36 27 38
mcs70_r005_s20_AB01 1 0 1 0 1 0 0 0 0 0
mcs70_m2Dr4_s50_AB03 572037 263083 999994 427957 1000000 573129 261451 999993 426864 1000000
mcs70_m2D_s35_AB05 811 489 1481 670 1484 832 476 1618 786 1622
mcs50_b03m_s10_AB00 0 0 0 0 0 0 0 0 0 0
mcs30_r005_s35_AB00 2111 1075 3769 1658 3772 2134 1087 3963 1829 3967
mcs90_m3Dr6_s10_AB07 0 0 0 0 0 0 0 0 0 0
mcs90_b03_s40_AB03 4 0 4 0 5 4 0 4 0 5
mcs90_b03m_s25_AB05 0 0 0 0 0 0 0 0 0 0
mcs90_m2Dr4_s10_AB08 0 0 0 0 0 0 0 0 0 0
mcs30_b03m_s50_AB08 678951 240221 999995 321044 1000000 674349 249383 999996 325647 1000000
mcs90_b03m_s20_AB06 0 0 0 0 0 0 0 0 0 0
mcs10_r02_s40_AB05 305660 307342 999989 694329 1000000 305669 306435 999989 694320 1000000
mcs90_b09m_s40_AB07 6 1 9 3 11 4 1 6 2 7
mcs90_r01_s50_AB02 4 1 6 2 7 4 1 6 2 8
mcs30_m3Dr6_s25_AB07 260 44 421 161 425 259 44 419 160 424
mcs50_r01_s25_AB00 186 684 941 755 943 113 411 566 453 569
mcs70_r01_s15_AB01 0 0 0 0 0 0 0 0 0 1
mcs50_r02_s10_AB02 0 0 0 0 0 0 0 0 0 0
mcs30_m2Dr6_s30_AB09 759 591 1759 1000 1764 756 589 1646 890 1650
mcs70_b09m_s35_AB04 979 166 2075 1096 2081 972 165 2105 1133 2110
mcs90_r02_s40_AB08 2 0 2 0 4 2 0 2 0 4
mcs90_r02_s20_AB09 0 0 0 0 0 0 0 0 0 0
mcs50_b03m_s20_AB02 7 0 8 1 9 7 0 8 1 9
mcs90_b03m_s35_AB04 8 1 9 1 11 8 1 10 2 11
mcs10_r02_s30_AB06 20458 113 41485 21027 41491 20432 113 41450 21018 41458
mcs50_r01_s30_AB03 2584 4595 8401 5817 8406 2583 4610 8411 5828 8416
mcs50_b03m_s25_AB02 32 0 39 7 41 55 5 73 18 76
mcs30_b03m_s40_AB02 17242 628 20610 3368 20613 17467 624 21148 3681 21153
mcs70_b09m_s15_AB07 1 0 1 0 2 1 0 1 0 2
mcs90_b06m_s30_AB02 0 0 0 0 0 0 0 0 0 1
mcs90_r02_s30_AB05 0 1 1 1 1 0 1 1 1 2
mcs50_b03m_s25_AB03 51 0 62 11 64 29 0 35 6 37
mcs30_b06_s40_AB02 138262 84980 275599 137337 275606 138136 84678 275052 136916 275060
mcs50_b06_s20_AB09 25 1 41 16 44 16 0 24 8 28
mcs50_m4Dr2_s35_AB04 3805 2964 7546 3741 7552 3950 3039 8261 4311 8264
mcs70_m2D_s25_AB04 22 46 73 51 75 22 46 73 51 75
mcs10_r005_s25_AB00 99 19 125 26 127 183 36 233 50 235
mcs50_b03_s25_AB01 47 1 57 10 58 46 1 56 10 58
mcs50_b09_s25_AB01 356 0 643 287 647 352 3 682 330 688
mcs90_b09_s25_AB01 1 0 1 0 1 1 0 1 0 1
mcs90_b06m_s50_AB07 5 0 6 1 7 5 0 6 1 8
mcs90_r02_s30_AB04 0 0 0 0 0 0 0 0 0 1
mcs70_b03_s25_AB06 5 12 18 13 19 3 6 9 6 10
mcs90_b09m_s50_AB02 23 0 33 10 36 14 0 20 6 22
mcs70_r005_s30_AB02 80 150 237 157 239 45 82 130 85 132
mcs30_m3Dr6_s25_AB02 217 16 314 97 317 365 27 527 162 531
mcs70_r01_s30_AB05 182 16 290 108 293 182 16 290 108 293
mcs30_m3D_s40_AB01 108517 20905 161906 53389 161912 107870 20805 161195 53325 161200
mcs50_b06m_s20_AB00 15 1 24 9 26 24 1 38 14 39
mcs50_r02_s20_AB07 43 60 128 85 132 43 60 128 85 131
mcs70_m2D_s40_AB08 62114 50354 123570 61456 123573 61651 50669 123431 61780 123435
mcs70_b06m_s35_AB04 1856 791 3709 1853 3713 1870 791 3545 1675 3550
mcs10_r005_s50_AB05 434669 399598 999993 565324 1000000 435618 398253 999992 564374 1000000
mcs90_b09_s30_AB05 0 0 0 0 1 0 0 0 0 1
mcs50_b03m_s30_AB08 185 3 251 66 253 195 2 258 63 261
mcs50_b03_s10_AB04 0 0 0 0 0 0 0 0 0 0
mcs10_r005_s35_AB09 2045 510 3220 1175 3225 2023 510 3358 1335 3361
mcs50_m3Dr6_s15_AB05 2 0 2 0 3 3 0 3 0 5
mcs50_b06m_s25_AB08 606 0 1018 412 1021 551 0 915 364 919
mcs70_m3Dr2_s40_AB02 81055 414 110993 29938 110997 79553 416 108943 29390 108947
mcs10_r02_s35_AB04 302080 0 643034 340954 643045 302136 1142 642531 340395 642541
mcs30_b09_s35_AB02 53952 3470 91618 37666 91625 53594 3435 91100 37506 91108
mcs90_r01_s30_AB05 0 0 0 0 0 0 0 0 0 0
mcs50_b03m_s50_AB01 108497 708631 831240 722743 831244 107849 711873 834176 726327 834180
mcs70_b03_s40_AB00 141 148 322 181 324 217 148 422 205 425
mcs50_b06_s50_AB05 300726 567721 999994 699268 1000000 302107 565910 999993 697886 1000000
mcs10_m2D_s40_AB02 28846 6448 41681 12835 41685 27948 6244 40814 12866 40820
mcs90_m2Dr2_s50_AB03 0 0 0 0 0 0 0 0 0 0
mcs30_b03_s15_AB05 0 0 0 0 0 0 0 0 0 0
mcs90_r005_s20_AB05 0 0 0 0 0 0 0 0 0 0
mcs70_b09_s35_AB01 1156 0 2434 1278 2436 1164 0 2123 959 2125
mcs70_r02_s35_AB08 1170 64 2801 1631 2808 1154 64 2253 1099 2259
mcs90_m3Dr6_s30_AB07 0 0 0 0 1 0 0 0 0 1
mcs10_r02_s20_AB00 123 0 249 126 253 123 0 208 85 212
mcs50_b06m_s50_AB09 638206 73662 999993 361787 1000000 626637 89579 999992 373355 1000000
mcs90_r005_s30_AB09 0 0 0 0 0 0 0 0 0 0
mcs50_m4Dr6_s30_AB08 1002 12 1341 339 1345 999 12 1279 280 1282
mcs90_m2Dr4_s10_AB04 0 0 0 0 0 0 0 0 0 0
mcs50_m3Dr2_s20_AB09 17 1 23 6 25 10 0 12 2 15
mcs90_m3Dr2_s30_AB04 0 1 1 1 1 0 1 1 1 1
mcs90_b06_s10_AB03 0 0 0 0 0 0 0 0 0 0
mcs70_r01_s35_AB04 2717 6734 11002 8285 11008 2712 6731 11054 8342 11059
mcs90_b06_s15_AB02 0 0 0 0 0 0 0 0 0 0
mcs90_b09m_s30_AB07 2 0 2 0 2 1 0 1 0 1
mcs30_m4D_s50_AB02 272738 690586 999995 727257 1000000 271519 691017 999995 728476 1000000
mcs30_r01_s30_AB02 2633 254 4384 1751 4390 2649 256 4537 1888 4542
mcs30_b06_s50_AB01 521478 244883 999993 478515 1000000 523111 241572 999992 476881 1000000
mcs30_r01_s50_AB09 485868 121212 999991 514123 1000000 486874 119841 999990 513116 1000000
mcs50_r005_s25_AB00 45 39 90 45 92 44 38 88 44 90
mcs50_b03m_s35_AB03 2241 6242 8782 6541 8785 2312 6170 8780 6468 8783
mcs70_m2Dr4_s15_AB02 1 3 4 3 4 0 1 1 1 2
mcs70_b09m_s25_AB04 154 14 281 127 285 153 14 280 127 284
mcs30_b03_s40_AB07 7058 4624 12905 5847 12910 7047 4605 12847 5800 12851
mcs90_b06_s10_AB01 0 0 0 0 0 0 0 0 0 0
mcs30_b06m_s35_AB04 18540 21507 47221 28681 47228 18375 21304 46779 28404 46783
mcs70_m4D_s25_AB05 11 1 14 3 16 19 3 26 7 28
mcs70_b03_s20_AB07 0 0 0 0 1 1 1 2 1 2
mcs70_b03_s30_AB07 15 8 26 11 27 9 4 14 5 16
mcs30_b06m_s35_AB03 20272 523 29460 9188 29465 20297 522 29382 9085 29387
mcs70_b09_s40_AB06 1670 426 3477 1807 3483 1664 426 3330 1666 3333
mcs70_m2Dr4_s50_AB08 260255 661416 999994 739739 1000000 258566 663145 999993 741427 1000000
mcs50_m4Dr2_s35_AB01 9599 0 11510 1911 11514 9732 90 13027 3295 13032
mcs70_b09_s20_AB02 7 0 10 3 11 7 0 10 3 12
mcs30_b03m_s35_AB08 958 1079 2182 1224 2184 1046 1041 2324 1278 2326
mcs50_r005_s30_AB06 910 437 1476 566 1478 509 237 821 312 823
mcs50_b06_s15_AB09 0 0 0 0 0 0 0 0 0 1
mcs50_m2D_s30_AB08 993 3 1257 264 1260 1006 3 1288 282 1291
mcs50_r02_s30_AB02 10148 7058 27465 17317 27472 10141 7051 27433 17292 27439
mcs50_m3Dr2_s50_AB07 634875 132892 999993 365118 1000000 635435 134042 999993 364558 1000000
mcs50_b03m_s15_AB01 0 0 0 0 0 0 0 0 0 0
mcs70_m3D_s40_AB08 6762 1446 10639 3877 10642 6736 1456 10624 3888 10628
mcs70_b06_s30_AB00 45 33 97 52 100 71 53 156 85 160
mcs70_r01_s50_AB08 34467 1483 64669 30202 64677 34439 1479 64680 30241 64688
mcs10_b03_s50_AB09 761957 48053 908978 147021 908983 765396 48225 914108 148712 914113
mcs70_m2Dr2_s40_AB07 65201 36550 115318 50117 115324 65095 36102 114900 49805 114904
mcs50_m3D_s50_AB01 605320 175514 999995 394675 1000000 599219 183055 999993 400774 1000000
mcs50_r01_s15_AB05 0 0 0 0 1 0 0 0 0 1
mcs50_b03_s15_AB02 0 0 0 0 0 0 0 0 0 0
mcs90_m2Dr6_s50_AB06 0 0 0 0 0 0 0 0 0 0
mcs50_m2Dr6_s10_AB09 0 0 0 0 0 0 0 0 0 0
mcs70_m4Dr4_s25_AB05 100 2 134 34 136 60 1 80 20 83
mcs10_r02_s35_AB08 383632 22660 849422 465790 849432 384504 22731 851845 467341 851855
mcs90_b03_s40_AB08 2 3 5 3 6 4 6 10 6 11
mcs50_b09_s30_AB00 5414 0 10299 4885 10306 5424 243 10551 5127 10558
mcs50_b03_s50_AB06 179548 791350 999994 820446 1000000 183229 787295 999995 816766 1000000
mcs90_b06_s20_AB09 0 0 0 0 0 0 0 0 0 0
mcs90_r01_s50_AB03 6 1 8 2 10 3 0 4 1 6
mcs70_b03m_s50_AB09 183048 789078 999995 816947 1000000 181716 790387 999993 818277 1000000
mcs70_r01_s35_AB00 1672 244 3249 1577 3254 1492 244 3059 1567 3064
mcs70_m2Dr4_s35_AB02 7074 1877 10918 3844 10922 7192 1885 11045 3853 11049
mcs70_m2Dr4_s50_AB07 761305 7873 999993 238688 1000000 767690 123 999993 232303 1000000
mcs30_b06m_s40_AB03 226197 369143 689541 463344 689548 226160 368659 689849 463689 689856
mcs90_m2Dr4_s50_AB03 0 0 0 0 0 0 0 0 0 0
mcs30_b09_s50_AB01 577468 12482 999989 422521 1000000 577497 12559 999991 422494 1000000
mcs30_r005_s40_AB04 65101 41043 124372 59271 124378 65421 41091 124695 59274 124700
mcs30_r01_s15_AB07 0 0 0 0 0 0 0 0 0 0
mcs70_b09m_s35_AB01 862 36 1914 1052 1918 824 36 1802 978 1806
mcs50_b06m_s30_AB09 1332 296 2207 875 2212 1333 297 2204 871 2207
mcs50_m4Dr4_s30_AB05 368 12 569 201 572 342 12 469 127 472
mcs50_m3Dr2_s20_AB07 9 8 19 10 21 9 8 19 10 21
mcs70_b09_s30_AB07 498 0 1030 532 1034 437 0 778 341 782
mcs90_b06_s40_AB02 7 0 8 1 9 7 0 8 1 9
mcs70_b06m_s40_AB03 3075 498 5014 1939 5019 3061 496 4943 1882 4947
mcs90_b06_s20_AB00 0 0 0 0 0 0 0 0 0 0
mcs90_m2Dr2_s20_AB07 1 0 1 0 2 2 1 3 1 4
mcs50_m3Dr4_s20_AB07 15 28 48 33 49 9 16 27 18 29
mcs30_r01_s30_AB00 7005 373 10539 3534 10544 7017 375 10591 3574 10595
mcs70_b09m_s20_AB09 6 0 8 2 10 10 0 14 4 16
mcs50_m3Dr6_s15_AB03 1 0 1 0 2 1 0 1 0 1
mcs50_m2Dr6_s10_AB03 0 0 0 0 0 0 0 0 0 0
mcs90_b03_s25_AB05 0 0 0 0 0 0 0 0 0 0
mcs10_m2D_s40_AB05 24084 23069 52500 28416 52503 24051 23097 52524 28473 52528
mcs10_r01_s40_AB03 288894 523110 999993 711099 1000000 288614 523068 999991 711377 1000000
mcs90_m4Dr6_s20_AB01 0 0 0 0 0 0 0 0 0 1
mcs50_r01_s15_AB04 1 0 1 0 1 1 0 1 0 1
mcs30_m3Dr2_s25_AB02 277 238 624 347 627 227 238 575 348 579
mcs10_r01_s50_AB05 439900 199034 999992 560092 1000000 438888 202489 999991 561103 1000000
mcs50_r01_s20_AB02 16 3 23 7 25 16 3 23 7 25
mcs50_r02_s35_AB02 78705 127450 293952 215247 293960 78880 127888 294610 215730 294619
mcs70_b06_s50_AB00 301772 0 395006 93234 395011 299870 25170 417922 118052 417929
mcs50_m2D_s40_AB00 3590 31182 35384 31794 35388 3578 30979 35127 31549 35131
mcs90_r01_s10_AB04 0 0 0 0 0 0 0 0 0 0
mcs30_m2Dr6_s30_AB03 309 65 479 170 482 510 109 794 284 797
mcs90_b09_s25_AB03 1 0 1 0 1 1 0 1 0 1
mcs70_r01_s20_AB03 8 18 27 19 28 5 10 16 11 17
mcs50_m2D_s50_AB03 365331 556562 999995 634664 1000000 356950 564563 999995 643045 1000000
mcs70_m2D_s25_AB03 19 6 28 9 29 19 6 28 9 30
mcs70_r01_s25_AB03 106 13 160 54 163 172 21 262 90 265
mcs90_r02_s15_AB09 0 0 0 0 0 0 0 0 0 0
mcs70_b06m_s20_AB07 8 2 14 6 15 8 2 14 6 15
mcs90_m3Dr4_s30_AB09 0 0 0 0 0 0 0 0 0 0
mcs90_r005_s30_AB05 1 0 1 0 2 1 0 1 0 2
mcs90_r01_s35_AB08 0 0 0 0 1 0 0 0 0 1
mcs90_m3D_s30_AB09 2 0 2 0 2 2 0 2 0 3
mcs90_m2Dr2_s20_AB01 1 0 1 0 2 1 0 1 0 2
mcs30_r01_s35_AB00 99483 164341 320906 221423 320913 99582 164296 320940 221358 320948
mcs30_b03_s40_AB05 9606 13299 25107 15501 25111 7288 13224 22036 14748 22040
mcs50_m2Dr6_s50_AB04 292567 606096 999994 707427 1000000 294776 603394 999993 705217 1000000
mcs30_r02_s35_AB05 179533 119934 506079 326546 506088 179599 120418 506156 326557 506164
mcs90_m2Dr6_s30_AB08 6 2 9 3 11 10 4 17 7 18
mcs50_m2Dr6_s20_AB09 30 0 39 9 40 30 0 39 9 41
mcs90_m2Dr6_s20_AB00 1 0 1 0 1 1 0 1 0 2
mcs50_b03_s10_AB03 0 0 0 0 0 0 0 0 0 0
mcs50_b09_s25_AB06 139 1 308 169 312 212 2 391 179 394
mcs70_b06m_s35_AB08 591 209 1086 495 1091 589 207 1079 490 1083
mcs50_m3Dr2_s20_AB04 31 10 52 21 54 30 10 51 21 53
mcs50_b03_s50_AB01 404122 550325 999995 595873 1000000 404423 550424 999996 595573 1000000
mcs50_b03_s15_AB07 1 0 1 0 1 1 0 1 0 1
mcs90_b09m_s35_AB02 6 0 7 1 9 4 0 5 1 6
mcs90_m3Dr6_s10_AB05 0 0 0 0 0 0 0 0 0 0
mcs70_r02_s50_AB05 21080 16854 63754 42674 63762 21113 16877 63790 42677 63798
mcs50_r02_s50_AB07 291182 307050 999989 708807 1000000 291443 306342 999991 708548 1000000
mcs90_r01_s35_AB00 1 1 2 1 3 0 0 0 0 2
mcs30_b09m_s40_AB00 375202 378785 999992 624790 1000000 377815 374951 999991 622176 1000000
mcs30_m3Dr4_s25_AB08 300 28 450 150 453 299 28 447 148 451
mcs70_b06_s10_AB05 0 0 0 0 0 0 0 0 0 0
mcs90_r005_s20_AB01 0 0 0 0 0 0 0 0 0 0
mcs90_m3Dr6_s30_AB00 1 0 1 0 2 0 0 0 0 1
mcs70_m2D_s35_AB06 12423 375 15349 2926 15354 12344 368 15452 3108 15456
mcs50_b06_s15_AB04 0 0 0 0 0 0 0 0 0 0
mcs50_m3Dr2_s15_AB04 0 0 0 0 1 0 0 0 0 1
mcs70_b09_s40_AB08 1397 261 2982 1585 2986 1401 262 2807 1406 2812
mcs90_b09m_s30_AB03 1 0 1 0 3 1 0 1 0 1
mcs30_m4Dr4_s50_AB09 238599 703185 999993 761394 1000000 237932 703996 999993 762061 1000000
mcs30_m3D_s40_AB07 16111 52499 73280 57169 73284 16115 52785 73625 57510 73630
mcs10_b03_s40_AB03 15148 3509 21058 5910 21062 15151 3546 21151 6000 21155
mcs50_m2Dr2_s20_AB06 7 18 26 19 28 4 11 16 12 17
mcs30_b03_s25_AB08 28 35 69 41 71 46 63 119 73 122
mcs70_r005_s30_AB09 628 24 721 93 724 399 25 463 64 465
mcs90_b09_s30_AB09 4 0 5 1 5 6 0 7 1 9
mcs90_b09_s35_AB04 28 0 39 11 40 17 0 23 6 25
mcs90_m4Dr4_s20_AB08 0 0 0 0 0 0 0 0 0 0
mcs90_m2Dr2_s50_AB07 0 0 0 0 0 0 0 0 0 0
mcs70_m2D_s50_AB08 129150 614533 770577 641427 770582 129821 622579 779030 649209 779034
mcs50_b03_s30_AB09 515 144 794 279 797 633 145 915 282 917
mcs30_r01_s20_AB05 5 2 8 3 10 5 2 8 3 10
mcs50_r02_s40_AB08 312258 307581 999989 687731 1000000 311979 308072 999990 688011 1000000
mcs90_b03m_s25_AB00 0 0 0 0 0 0 0 0 0 0
mcs70_b03_s20_AB09 1 0 1 0 2 1 0 1 0 2
mcs70_b03_s30_AB05 32 76 115 83 118 32 54 93 61 95
mcs90_r01_s10_AB00 0 0 0 0 0 0 0 0 0 0
mcs70_r01_s20_AB01 5 5 11 6 12 3 3 6 3 7
mcs70_b06_s20_AB06 3 0 4 1 5 5 0 6 1 8
mcs90_b09_s40_AB06 13 0 16 3 18 13 0 16 3 18
mcs70_b06m_s10_AB00 0 0 0 0 0 0 0 0 0 0
mcs90_m3Dr4_s30_AB07 0 0 0 0 1 0 0 0 0 1
mcs70_m2D_s15_AB06 0 0 0 0 0 0 0 0 0 0
mcs30_r01_s50_AB01 479515 132992 999990 520475 1000000 483213 128422 999989 516776 1000000
mcs50_m3Dr6_s20_AB00 11 22 37 26 38 11 22 37 26 38
mcs70_b03m_s20_AB02 16 2 21 5 23 16 2 21 5 24
mcs70_m2Dr2_s40_AB03 35528 123537 166064 130536 166068 35557 123680 166284 130727 166290
mcs90_b03_s35_AB01 2 0 2 0 3 1 0 1 0 1
mcs70_b03_s35_AB04 22 7 32 10 34 22 7 32 10 34
mcs10_r005_s40_AB05 185521 121001 342527 157006 342533 183938 119615 339702 155764 339707
mcs90_m4D_s20_AB04 0 0 0 0 0 0 0 0 0 0
mcs90_b06m_s35_AB09 2 0 2 0 3 1 0 1 0 2
mcs50_r02_s15_AB07 1 0 1 0 2 1 0 1 0 2
mcs50_r01_s20_AB03 17 2 24 7 26 10 1 13 3 16
mcs90_m3D_s10_AB05 0 0 0 0 0 0 0 0 0 0
mcs50_b03m_s20_AB05 0 0 0 0 1 0 0 0 0 1
mcs30_b09m_s35_AB08 54037 745 88272 34235 88281 54093 745 88152 34059 88159
mcs70_b03m_s30_AB04 350 68 460 110 463 341 67 450 109 452
mcs10_m2Dr6_s50_AB02 200204 729940 999994 799790 1000000 199459 730804 999993 800534 1000000
mcs50_b09m_s30_AB03 6375 19 11008 4633 11016 6394 19 11045 4651 11052
mcs90_m2Dr2_s50_AB06 0 0 0 0 0 0 0 0 0 0
mcs50_m3Dr4_s20_AB09 27 0 36 9 37 45 0 60 15 62
mcs30_r02_s40_AB07 259603 414276 999990 740387 1000000 259777 413752 999990 740213 1000000
mcs30_r02_s20_AB02 30 1 49 19 52 48 2 81 33 82
mcs50_b06_s50_AB04 469454 330185 999993 530539 1000000 471044 327676 999993 528949 1000000
mcs50_b03_s30_AB02 378 42 522 144 524 257 41 358 101 361
mcs90_b06m_s15_AB05 0 0 0 0 0 0 0 0 0 0
mcs50_b06_s35_AB03 14887 384 22138 7251 22143 14946 396 22378 7432 22383
mcs90_m2Dr6_s40_AB03 2 0 2 0 3 3 1 4 1 5
mcs70_r005_s30_AB06 1166 53 1382 216 1385 1161 53 1377 216 1379
mcs70_b03_s50_AB04 108506 21207 144060 35554 144064 108739 21482 144508 35769 144512
mcs70_b06m_s35_AB00 427 0 652 225 656 268 0 408 140 411
mcs90_m2Dr4_s10_AB00 0 0 0 0 0 0 0 0 0 0
mcs30_b03_s35_AB01 1219 1129 2591 1372 2594 1198 1146 2640 1442 2644
mcs90_b03m_s50_AB00 74 0 89 15 91 129 0 156 27 158
mcs30_b06_s30_AB03 1112 308 1969 857 1974 1113 308 2203 1090 2208
mcs50_m4Dr4_s30_AB06 426 34 620 194 624 341 34 472 131 474
mcs90_m4Dr4_s20_AB04 0 0 0 0 0 0 0 0 0 0
mcs90_b03m_s50_AB03 11 0 13 2 14 20 0 23 3 25
mcs70_r02_s25_AB09 81 49 185 104 189 124 75 285 161 288
mcs90_b06_s30_AB03 0 0 0 0 0 0 0 0 0 0
mcs30_r005_s30_AB02 161 372 560 399 563 158 370 555 397 558
mcs90_b06m_s50_AB04 8 5 15 7 17 13 9 27 14 29
mcs70_b03m_s20_AB00 5 2 7 2 8 8 3 12 4 14
mcs70_b03m_s40_AB00 3299 498 4288 989 4292 3187 477 4163 976 4166
mcs90_m2D_s20_AB06 0 0 0 0 1 1 0 1 0 2
mcs70_m2D_s35_AB02 1332 1353 2956 1624 2960 1332 1354 3075 1743 3077
mcs10_b03m_s40_AB03 18809 11473 33246 14437 33250 19225 11740 33639 14414 33642
mcs90_b09_s25_AB09 2 0 2 0 2 1 0 1 0 1
mcs30_m3Dr6_s40_AB05 186049 745493 999995 813946 1000000 186763 744620 999992 813229 1000000
mcs50_b09_s25_AB02 319 0 612 293 616 323 0 711 388 714
mcs70_b06_s50_AB06 76554 34611 137453 60899 137458 75421 34380 135917 60496 135922
mcs90_b03_s35_AB05 2 0 2 0 3 2 0 2 0 3
mcs90_r02_s30_AB02 0 0 0 0 0 0 0 0 0 0
mcs50_b03_s35_AB09 2911 0 3290 379 3293 2797 3452 6894 4097 6898
mcs70_m2Dr4_s35_AB09 1354 172 2210 856 2214 1795 172 2642 847 2647
mcs50_b06_s25_AB00 269 90 513 244 517 207 61 426 219 430
mcs30_b03m_s15_AB03 0 0 0 0 1 0 0 0 0 1
mcs70_b03m_s35_AB01 2355 534 3298 943 3301 2353 521 3451 1098 3454
mcs50_r005_s20_AB09 2 0 2 0 2 2 0 2 0 2
mcs90_m2D_s20_AB09 0 0 0 0 1 0 0 0 0 1
mcs50_b06m_s20_AB06 22 52 86 64 88 23 53 88 65 91
mcs50_b09_s20_AB02 5 0 7 2 8 5 0 7 2 8
mcs70_b06_s15_AB09 1 0 1 0 1 1 0 1 0 1
mcs50_b03_s40_AB01 3286 17259 21281 17995 21284 3331 17419 21326 17995 21329
mcs50_m3Dr6_s15_AB06 1 0 1 0 2 3 0 3 0 4
mcs30_b03_s25_AB09 21 0 23 2 24 36 5 46 10 48
mcs50_b06_s15_AB01 0 0 0 0 0 0 0 0 0 1
mcs70_m2D_s50_AB04 615494 286201 999996 384502 1000000 613494 289139 999995 386501 1000000
mcs90_b09_s40_AB00 6 0 7 1 9 6 0 7 1 9
mcs70_r02_s15_AB03 2 0 2 0 3 2 0 2 0 4
mcs70_b03m_s50_AB07 208175 758889 999994 791819 1000000 208796 758793 999995 791199 1000000
mcs90_m2D_s40_AB04 4 8 12 8 14 4 8 12 8 14
mcs50_m4Dr2_s40_AB06 38029 161865 207401 169372 207407 37993 162673 207980 169987 207984
mcs90_m2Dr2_s10_AB00 0 0 0 0 0 0 0 0 0 0
mcs10_r01_s20_AB06 25 2 35 10 37 25 2 34 9 37
mcs90_r02_s20_AB07 0 0 0 0 0 0 0 0 0 0
mcs90_m2Dr4_s20_AB01 1 0 1 0 1 1 0 1 0 2
mcs90_b09m_s30_AB01 2 0 2 0 4 2 0 2 0 4
mcs70_b06_s15_AB00 0 0 0 0 1 0 0 0 0 1
mcs70_b09m_s40_AB04 1973 40 3625 1652 3630 1961 39 3583 1622 3588
mcs90_m3Dr2_s10_AB06 0 0 0 0 0 0 0 0 0 0
mcs30_b03m_s35_AB06 277 913 1265 988 1267 408 934 1415 1007 1418
mcs90_m2Dr2_s20_AB09 1 2 3 2 4 1 1 2 1 2
mcs50_m2Dr6_s20_AB04 11 31 45 34 47 11 31 45 34 47
mcs30_r01_s35_AB03 195169 29422 335162 139993 335169 194165 29382 333819 139654 333825
mcs70_r02_s20_AB09 10 3 18 8 20 10 3 18 8 20
mcs70_m2Dr4_s35_AB00 4679 32 6061 1382 6065 5912 32 8230 2318 8234
mcs10_r02_s25_AB07 2058 74 3951 1893 3956 2058 74 3871 1813 3876
mcs70_r01_s50_AB00 29439 13117 64792 35353 64801 29315 13111 64596 35281 64602
mcs30_r02_s15_AB01 1 0 1 0 2 2 0 2 0 4
mcs50_b09m_s35_AB07 35843 2023 63691 27848 63698 35844 2024 63716 27872 63724
mcs50_m2D_s30_AB02 1286 35 1761 475 1764 1070 35 1360 290 1364
mcs50_r02_s35_AB00 100182 132268 345225 245043 345233 100160 133041 346476 246316 346486
mcs50_m4Dr4_s35_AB02 1830 3935 6262 4432 6265 2611 3892 7255 4644 7257
mcs90_r02_s15_AB04 0 0 0 0 0 0 0 0 0 0
mcs70_m3D_s35_AB00 460 0 611 151 613 447 109 707 260 709
mcs10_m2Dr6_s40_AB01 368555 104299 588522 219967 588526 368768 104082 588265 219497 588270
mcs30_b09_s35_AB08 24287 25 38220 13933 38227 24182 25 38090 13908 38097
mcs90_r01_s20_AB07 0 0 0 0 0 0 0 0 0 0
mcs30_b03m_s35_AB09 1141 0 1336 195 1338 925 3306 4342 3417 4346
mcs50_m4Dr6_s40_AB03 24122 27489 58980 34858 58985 24170 27448 58848 34678 58852
mcs50_b09m_s40_AB07 210302 100557 445573 235271 445582 210128 100363 444394 234266 444404
mcs10_m2Dr4_s40_AB08 72678 23661 112138 39460 112144 71962 23363 111035 39073 111041
mcs70_m2Dr4_s35_AB07 5999 632 9428 3429 9432 6060 654 8840 2780 8844
mcs50_b06_s35_AB07 8177 3121 15049 6872 15054 8237 3132 15155 6918 15162
mcs70_b09m_s40_AB02 2583 535 5256 2673 5261 2528 534 5231 2703 5237
mcs50_b03_s25_AB04 221 4 265 44 268 386 8 464 78 467
mcs70_r01_s20_AB04 34 4 47 13 50 34 4 47 13 49
mcs30_r02_s40_AB03 313752 294922 999991 686239 1000000 316915 289137 999991 683076 1000000
mcs70_r01_s30_AB07 136 65 267 131 269 136 65 267 131 270
mcs70_b03_s50_AB03 487206 187729 745213 258007 745216 491013 189434 750912 259899 750916
mcs50_m2Dr4_s40_AB07 73691 20529 111830 38139 111835 73761 20515 112053 38292 112057
mcs70_b09_s35_AB02 617 23 1130 513 1135 616 23 1140 524 1145
mcs90_m2Dr2_s20_AB03 2 2 4 2 5 2 2 4 2 5
mcs50_m2Dr4_s30_AB05 1051 2873 4363 3312 4366 1054 2869 4376 3322 4379
mcs70_m2Dr6_s40_AB05 179509 202818 437728 258219 437734 178770 202983 437098 258328 437105
mcs90_b03m_s20_AB05 0 0 0 0 0 0 0 0 0 0
mcs90_r02_s25_AB02 0 0 0 0 0 0 0 0 0 0
mcs70_b06m_s40_AB06 2291 0 3496 1205 3501 2283 0 3635 1352 3640
mcs70_m4D_s25_AB09 19 0 24 5 26 19 0 24 5 26
mcs10_m2Dr6_s40_AB07 41961 149027 203539 161578 203543 41394 147532 201263 159869 201267
mcs90_b06_s15_AB04 0 0 0 0 0 0 0 0 0 0
mcs50_r005_s20_AB07 3 0 3 0 3 3 0 3 0 3
mcs50_m3Dr2_s50_AB09 526870 282608 999994 473124 1000000 532690 272174 999993 467303 1000000
mcs50_m3D_s20_AB00 8 26 36 28 37 5 16 22 17 23
mcs30_b06_s25_AB06 192 169 446 254 449 119 104 275 156 278
mcs50_b03m_s30_AB04 174 569 781 607 784 172 570 780 608 783
mcs10_m2D_s50_AB09 131127 848181 999995 868868 1000000 130407 848913 999997 869590 1000000
mcs50_m2Dr6_s20_AB08 17 13 35 18 36 10 8 20 10 22
mcs50_m2Dr4_s40_AB08 21463 87206 113909 92446 113913 21249 86482 113016 91767 113020
mcs70_m3D_s40_AB04 9662 105 13261 3599 13265 9907 105 13671 3764 13675
mcs50_m4Dr4_s35_AB08 14926 0 17656 2730 17660 14916 41 17695 2779 17698
mcs10_m2D_s50_AB06 487329 326022 896674 409345 896681 493764 333442 911530 417766 911535
mcs70_r02_s30_AB09 232 0 413 181 418 162 0 282 120 285
mcs30_b09m_s40_AB03 354741 426072 999992 645251 1000000 342969 444079 999993 657024 1000000
mcs50_m2Dr6_s30_AB05 3830 127 5241 1411 5245 3806 126 5185 1379 5190
mcs70_b09_s30_AB02 559 0 1148 589 1152 504 0 1059 555 1063
mcs90_m2D_s40_AB01 7 1 9 2 11 13 2 18 5 20
mcs90_r01_s15_AB04 0 0 0 0 0 0 0 0 0 0
mcs90_b03_s40_AB07 5 2 7 2 9 3 1 4 1 5
mcs50_b06m_s15_AB02 0 0 0 0 1 0 0 0 0 1
mcs50_m3Dr4_s50_AB00 246844 651183 999991 753147 1000000 247126 651752 999993 752867 1000000
mcs50_r005_s25_AB06 12 47 61 49 62 12 48 62 50 63
mcs50_m3Dr6_s15_AB02 1 0 1 0 1 1 0 1 0 1
mcs90_b09m_s50_AB05 19 2 28 9 30 19 2 28 9 32
mcs30_m4Dr4_s50_AB08 372210 532485 999993 627783 1000000 372901 531769 999993 627092 1000000
mcs30_b03_s15_AB09 0 0 0 0 0 0 0 0 0 0
mcs50_r01_s30_AB00 4636 12969 20072 15436 20078 4629 12940 20236 15607 20241
mcs10_r02_s30_AB05 12004 15423 38979 26975 38987 11996 15399 38993 26997 39000
mcs30_r02_s15_AB08 2 0 2 0 4 2 0 2 0 4
mcs70_r02_s10_AB09 0 0 0 0 0 0 0 0 0 0
mcs90_m2Dr6_s20_AB06 0 0 0 0 1 1 0 1 0 2
mcs50_r01_s25_AB07 601 0 851 250 855 403 18 622 219 625
mcs50_m4D_s40_AB08 10417 48693 60920 50503 60924 10490 48516 60932 50442 60935
mcs30_r01_s40_AB00 472482 226999 999991 527509 1000000 472740 226587 999991 527251 1000000
mcs50_b06_s20_AB04 12 0 17 5 19 12 0 17 5 19
mcs50_m3Dr4_s20_AB01 14 6 25 11 26 14 6 25 11 27
mcs30_m4Dr2_s50_AB03 163299 803731 999996 836697 1000000 165647 801092 999997 834350 1000000
mcs90_m3Dr6_s30_AB02 0 0 0 0 0 0 0 0 0 1
mcs50_b06_s15_AB06 0 0 0 0 0 0 0 0 0 1
mcs70_m4Dr4_s25_AB01 114 53 203 89 205 117 55 208 91 211
mcs90_b06_s15_AB09 0 0 0 0 0 0 0 0 0 0
mcs70_m2Dr4_s35_AB03 9643 4284 16536 6893 16542 9667 4313 16742 7075 16746
mcs30_b03m_s15_AB06 1 0 1 0 1 1 0 1 0 1
mcs50_b03m_s10_AB01 0 0 0 0 0 0 0 0 0 0
mcs50_b03m_s10_AB07 0 0 0 0 0 0 0 0 0 0
mcs90_m2D_s30_AB03 1 1 2 1 3 1 1 2 1 2
mcs70_m2D_s15_AB09 0 0 0 0 0 0 0 0 0 0
mcs50_b03_s40_AB03 21017 6774 30356 9339 30359 20933 6821 30382 9449 30385
mcs30_b03_s35_AB06 233 836 1132 899 1136 328 1006 1396 1068 1398
mcs70_m2Dr6_s15_AB01 0 1 1 1 2 0 1 1 1 2
mcs10_r01_s25_AB07 116 7 191 75 194 100 7 148 48 151
mcs50_b06m_s25_AB09 491 9 762 271 767 377 9 571 194 575
mcs50_b03m_s10_AB03 0 0 0 0 0 0 0 0 0 0
mcs90_b06m_s10_AB07 0 0 0 0 0 0 0 0 0 0
mcs90_m2Dr6_s20_AB03 1 0 1 0 1 0 0 0 0 1
mcs30_r005_s40_AB05 126582 33862 196439 69857 196445 127791 34200 198393 70602 198399
mcs10_r005_s25_AB05 0 1 1 1 2 1 2 3 2 4
mcs50_b06m_s40_AB02 175580 32980 279442 103862 279449 174194 32880 277424 103230 277433
mcs70_m2D_s15_AB04 0 0 0 0 0 0 0 0 0 0
mcs90_r01_s15_AB03 0 0 0 0 0 0 0 0 0 0
mcs70_m3D_s35_AB08 91 99 219 128 222 87 95 209 122 211
mcs90_m2Dr4_s40_AB08 2 0 2 0 4 2 0 2 0 4
mcs90_r005_s50_AB03 9 1 12 3 15 5 1 7 2 9
mcs50_b06_s30_AB01 1620 127 2633 1013 2638 1604 124 2596 992 2601
mcs50_r02_s35_AB03 110063 190003 417876 307813 417884 110758 191290 420390 309632 420398
mcs70_b06_s35_AB00 384 4 572 188 576 388 4 577 189 581
mcs70_r01_s40_AB09 4022 597 7335 3313 7342 4061 602 7402 3341 7408
mcs70_b06_s35_AB07 426 356 1070 644 1075 647 355 1326 679 1329
mcs30_r02_s15_AB05 2 0 2 0 4 2 0 2 0 4
mcs50_r005_s20_AB08 1 1 2 1 2 1 1 2 1 3
mcs70_b06m_s20_AB05 7 5 14 7 16 7 5 14 7 16
mcs50_m2Dr2_s50_AB01 227816 713585 999994 772178 1000000 229311 711543 999994 770683 1000000
mcs70_b03m_s15_AB02 0 0 0 0 1 0 0 0 0 1
mcs70_m2Dr2_s15_AB05 0 0 0 0 0 0 0 0 0 0
mcs30_m3D_s40_AB05 62273 16622 98401 36128 98407 61933 16540 98128 36195 98132
mcs90_r005_s30_AB01 0 0 0 0 1 0 0 0 0 1
mcs30_r01_s25_AB02 174 418 671 497 674 107 336 492 385 495
mcs90_b06m_s15_AB07 0 0 0 0 0 0 0 0 0 0
mcs30_m3D_s40_AB06 108570 189396 324017 215447 324020 108273 187148 321533 213260 321539
mcs30_m3Dr2_s30_AB08 5100 97 6997 1897 7003 5106 97 7081 1975 7085
mcs70_b06_s25_AB04 37 2 58 21 61 38 2 59 21 62
mcs50_r02_s35_AB05 86887 144380 324107 237220 324115 87133 144723 324775 237642 324784
mcs90_b09m_s35_AB08 7 1 10 3 11 10 1 14 4 16
mcs50_m3D_s50_AB00 526711 294324 999994 473283 1000000 525978 294720 999992 474014 1000000
mcs30_b03_s50_AB00 91981 72424 177023 85042 177027 91602 72418 176745 85143 176749
mcs30_r02_s25_AB07 1139 0 2125 986 2130 1141 17 2013 872 2019
mcs50_m3Dr4_s15_AB08 0 1 1 1 2 1 2 3 2 4
mcs90_m2Dr4_s20_AB02 2 0 2 0 3 2 0 2 0 3
mcs70_m3Dr6_s35_AB01 360 367 907 547 912 365 371 916 551 919
mcs90_r01_s15_AB08 0 0 0 0 0 0 0 0 0 0
mcs90_b09_s40_AB01 13 0 17 4 18 13 0 17 4 18
mcs90_b06m_s20_AB09 0 0 0 0 0 0 0 0 0 0
mcs70_m2Dr2_s50_AB09 509150 369576 999995 490845 1000000 510419 369013 999995 489576 1000000
mcs30_b09_s50_AB09 571012 57610 999990 428978 1000000 569719 59754 999989 430270 1000000
mcs50_b03m_s30_AB09 117 18 155 38 156 206 31 271 65 274
mcs50_r02_s20_AB09 43 1 69 26 73 44 1 70 26 73
mcs50_b06m_s25_AB02 260 9 407 147 412 339 9 578 239 581
mcs30_r005_s25_AB08 11 18 30 19 31 6 10 16 10 17
mcs30_m3Dr2_s40_AB07 305563 328981 726759 421196 726764 307094 330348 729458 422364 729463
mcs50_m3Dr4_s50_AB05 291068 579974 999994 708926 1000000 289804 583601 999994 710190 1000000
mcs50_m2Dr2_s40_AB02 361823 1717 437832 76009 437840 362096 1689 438039 75943 438045
mcs90_r01_s10_AB01 0 0 0 0 0 0 0 0 0 0
mcs30_b03_s40_AB04 9070 73 10638 1568 10641 9046 76 10817 1771 10820
mcs70_b06m_s40_AB00 2390 354 4027 1637 4033 2392 353 4367 1975 4372
mcs30_m3Dr2_s25_AB01 174 8 255 81 257 286 8 413 127 417
mcs70_b03_s35_AB05 1826 1571 3767 1941 3770 2004 1570 3950 1946 3953
mcs50_b03_s35_AB06 1363 2426 4036 2673 4038 1338 2374 4065 2727 4067
mcs50_m2D_s20_AB01 3 3 6 3 8 3 3 6 3 8
mcs10_r005_s30_AB02 191 510 736 545 738 265 507 835 570 837
mcs50_m2D_s40_AB04 33699 162285 201448 167749 201452 32613 162477 200016 167403 200019
mcs30_r005_s25_AB02 6 16 22 16 24 3 9 12 9 13
mcs10_r005_s35_AB07 15617 2325 21142 5525 21146 15572 2330 20675 5103 20679
mcs90_r02_s30_AB01 0 0 0 0 0 0 0 0 0 0
mcs70_m2D_s35_AB09 2235 925 3710 1475 3714 2233 917 3710 1477 3713
mcs90_b09_s15_AB02 0 0 0 0 0 0 0 0 0 0
mcs70_m2Dr6_s15_AB07 0 2 2 2 3 0 2 2 2 3
mcs30_r005_s25_AB06 84 0 90 6 92 83 0 89 6 92
mcs30_b03m_s15_AB07 0 0 0 0 0 0 0 0 0 0
mcs50_b06_s50_AB07 335252 512767 999992 664740 1000000 332529 516877 999991 667462 1000000
mcs50_m4D_s40_AB04 25016 56065 84552 59536 84554 25091 56485 85365 60274 85369
mcs30_m3Dr6_s30_AB04 1306 3879 5805 4499 5808 1312 3896 5711 4399 5715
mcs50_r005_s35_AB04 1791 42 2273 482 2277 1840 40 2617 777 2621
mcs50_m4Dr2_s30_AB06 120 177 334 214 336 122 179 338 216 341
mcs90_m2Dr6_s30_AB04 8 8 18 10 19 8 8 18 10 19
mcs30_b03m_s15_AB08 0 0 0 0 1 0 0 0 0 1
mcs70_m3Dr4_s40_AB07 149260 40821 246758 97498 246764 149335 40765 246711 97376 246716
mcs50_m2Dr6_s10_AB01 0 0 0 0 0 0 0 0 0 0
mcs30_r02_s25_AB00 429 635 1417 988 1421 431 637 1379 948 1382
mcs90_m3Dr6_s30_AB05 0 0 0 0 1 0 0 0 0 1
mcs70_b03_s50_AB01 805312 92292 999996 194684 1000000 794932 104198 999995 205063 1000000
mcs70_m2Dr2_s40_AB05 62958 14319 89426 26468 89431 62645 14499 89316 26671 89320
mcs70_b06_s30_AB05 187 11 298 111 301 148 11 258 110 261
mcs30_b03m_s20_AB00 2 0 2 0 3 1 0 1 0 2
mcs70_r01_s40_AB06 3449 124 5960 2511 5965 3630 124 6029 2399 6035
mcs30_b03_s30_AB01 322 15 410 88 413 249 15 306 57 308
mcs50_r01_s20_AB07 16 0 21 5 22 27 0 34 7 37
mcs30_m2Dr6_s50_AB04 463835 385660 999992 536157 1000000 463855 386407 999993 536138 1000000
mcs50_m4Dr4_s40_AB05 87754 26612 133356 45602 133363 87668 26456 132905 45237 132909
mcs30_r005_s40_AB01 141344 47900 226844 85500 226850 139300 47389 223741 84441 223746
mcs70_m4Dr2_s25_AB04 68 2 91 23 94 69 2 92 23 95
mcs90_m3Dr6_s10_AB06 0 0 0 0 0 0 0 0 0 0
mcs70_m2Dr4_s50_AB04 596357 233320 999995 403638 1000000 595312 234400 999994 404682 1000000
mcs50_r01_s20_AB01 19 0 24 5 25 19 0 24 5 26
mcs50_m2Dr2_s50_AB02 320354 602475 999995 679641 1000000 320906 602097 999994 679088 1000000
mcs30_b03_s50_AB04 454115 489850 999994 545879 1000000 452274 489629 999996 547722 1000000
mcs90_b03m_s25_AB06 0 0 0 0 1 0 0 0 0 1
mcs90_b06_s10_AB02 0 0 0 0 0 0 0 0 0 0
mcs90_m2Dr4_s30_AB08 1 0 1 0 2 1 0 1 0 2
mcs70_m3Dr2_s40_AB08 18601 26244 52394 33793 52399 18570 26181 52280 33710 52285
mcs50_m2Dr6_s10_AB05 0 0 0 0 0 0 0 0 0 0
mcs70_b09_s30_AB09 187 26 400 213 405 285 41 549 264 552
mcs30_m3D_s40_AB09 67421 29210 114279 46858 114284 67563 29199 114421 46858 114427
mcs30_m2D_s30_AB09 249 230 551 302 554 251 232 555 304 559
mcs70_r02_s15_AB00 2 0 2 0 3 2 0 2 0 3
mcs10_m2Dr4_s50_AB08 500813 371042 999994 499181 1000000 500696 372344 999995 499299 1000000
mcs90_b09m_s30_AB08 1 0 1 0 2 1 0 1 0 1
mcs70_m2Dr6_s40_AB01 69845 4674 95490 25645 95495 69607 4655 95260 25653 95264
mcs30_b06_s35_AB04 15234 55560 76631 61397 76638 15273 55787 76817 61544 76824
mcs70_r02_s50_AB01 17873 7678 46114 28241 46120 17912 7729 46177 28265 46184
mcs90_b09m_s40_AB03 2 0 2 0 4 1 0 1 0 2
mcs50_m2D_s30_AB01 157 23 222 65 224 230 23 324 94 327
mcs50_r01_s10_AB09 0 0 0 0 0 0 0 0 0 0
mcs50_r01_s50_AB02 397442 298264 999991 602549 1000000 396202 300058 999989 603787 1000000
mcs90_r01_s10_AB06 0 0 0 0 0 0 0 0 0 0
mcs30_r02_s35_AB00 145343 15250 322240 176897 322247 145168 15233 322052 176884 322062
mcs30_m3D_s25_AB04 64 123 208 144 211 64 123 208 144 211
mcs90_r01_s15_AB00 0 0 0 0 0 0 0 0 0 0
mcs70_m4Dr4_s25_AB06 89 1 115 26 118 69 1 94 25 98
mcs50_b03m_s30_AB03 351 10 405 54 407 494 10 581 87 584
mcs90_r005_s20_AB06 0 0 0 0 0 0 0 0 0 0
mcs90_b09m_s15_AB09 0 0 0 0 0 0 0 0 0 0
mcs50_b06_s35_AB04 18709 4895 32072 13363 32080 18705 4899 32084 13379 32090
mcs70_r005_s40_AB09 40495 12466 61942 21447 61947 40614 12468 62307 21693 62311
mcs30_r02_s25_AB09 1558 85 2984 1426 2989 1578 86 3025 1447 3028
mcs50_m4D_s35_AB06 1430 139 1771 341 1773 1509 131 1989 480 1992
mcs10_m2D_s50_AB07 387549 538664 999993 612444 1000000 386869 539711 999993 613124 1000000
mcs90_m4Dr6_s20_AB04 0 0 0 0 0 0 0 0 0 0
mcs30_m3D_s25_AB00 42 161 220 178 223 36 161 207 171 210
mcs30_m2D_s50_AB01 680727 218787 999994 319267 1000000 686859 211470 999995 313136 1000000
mcs90_b06_s30_AB05 0 0 0 0 0 1 0 1 0 1
mcs50_b03m_s20_AB03 5 2 8 3 10 5 2 8 3 10
mcs30_r02_s40_AB08 382611 175506 999990 617379 1000000 382078 176875 999989 617911 1000000
mcs50_m3Dr2_s15_AB06 0 1 1 1 3 0 1 1 1 3
mcs30_b06m_s30_AB05 1392 1579 3534 2142 3538 1235 1580 3479 2244 3485
mcs50_m2Dr4_s30_AB01 770 159 1300 530 1303 914 161 1435 521 1439
mcs10_r02_s35_AB07 272035 0 570499 298464 570509 271615 167 570882 299267 570893
mcs70_r02_s25_AB04 61 2 102 41 105 39 1 64 25 68
mcs50_r005_s40_AB02 179395 53760 280660 101265 280666 179703 54187 281047 101344 281052
mcs70_r02_s10_AB04 0 0 0 0 0 0 0 0 0 0
mcs50_m3D_s15_AB09 1 0 1 0 2 1 0 1 0 3
mcs70_b06_s15_AB03 2 0 2 0 3 1 0 1 0 2
mcs90_b06m_s30_AB05 0 0 0 0 1 0 0 0 0 1
mcs90_r005_s25_AB09 0 0 0 0 0 0 0 0 0 0
mcs70_m2Dr6_s25_AB03 325 2 481 156 485 234 2 331 97 334
mcs90_b06m_s40_AB04 1 0 1 0 2 1 0 1 0 1
mcs90_r02_s15_AB01 0 0 0 0 0 0 0 0 0 0
mcs70_m2Dr6_s35_AB01 3291 1452 5836 2545 5840 3339 1472 5915 2576 5918
mcs30_b03m_s30_AB01 104 7 129 25 132 184 14 233 49 235
mcs90_b03m_s50_AB04 19 3 25 6 28 34 6 47 13 49
mcs90_m2D_s40_AB05 3 5 8 5 9 6 8 15 9 16
mcs90_r01_s35_AB01 2 0 2 0 3 1 0 1 0 2
mcs90_b06m_s25_AB07 0 0 0 0 0 0 0 0 0 0
mcs50_b03m_s25_AB09 9 43 54 45 56 9 43 54 45 56
mcs10_r01_s25_AB00 147 452 663 516 665 243 745 1093 850 1097
mcs90_b06_s25_AB05 0 0 0 0 0 0 0 0 0 0
mcs70_r02_s35_AB00 916 6 1898 982 1902 917 6 1984 1067 1990
mcs30_m3Dr2_s30_AB01 582 1797 2702 2120 2706 560 1800 2681 2121 2686
mcs70_m2Dr2_s25_AB00 134 0 171 37 173 137 28 202 65 205
mcs30_b09_s40_AB07 577780 20545 943252 365472 943260 578316 20586 944867 366551 944876
mcs70_b03_s15_AB05 1 0 1 0 2 1 0 1 0 2
mcs90_r02_s20_AB03 0 0 0 0 0 0 0 0 0 0
mcs90_m3Dr4_s30_AB06 0 0 0 0 0 0 0 0 0 1
mcs70_r02_s15_AB04 4 5 10 6 11 4 5 10 6 11
mcs90_b03m_s30_AB00 2 4 6 4 8 2 4 6 4 7
mcs70_m2Dr2_s15_AB03 0 0 0 0 1 0 0 0 0 0
mcs50_b09_s35_AB07 6548 258 12386 5838 12392 6587 260 12621 6034 12630
mcs70_b06_s15_AB01 0 0 0 0 0 0 0 0 0 0
mcs30_m2Dr4_s50_AB04 445351 432969 999993 554642 1000000 442802 432668 999993 557191 1000000
mcs70_r02_s25_AB06 65 1 114 49 116 50 1 80 30 83
mcs70_b06m_s50_AB05 32254 3908 50772 18518 50778 32207 3907 50803 18596 50810
mcs50_m3Dr6_s50_AB03 646849 52852 999992 353143 1000000 649707 47834 999993 350286 1000000
mcs90_r01_s40_AB04 0 0 0 0 1 0 0 0 0 1
mcs90_m2Dr6_s10_AB09 0 0 0 0 0 0 0 0 0 0
mcs50_b09m_s50_AB05 558127 44243 999991 441864 1000000 560473 41568 999991 439518 1000000
mcs70_r02_s20_AB08 12 8 25 13 28 8 5 17 9 18
mcs30_b09_s50_AB02 517685 136578 999990 482305 1000000 515033 140057 999991 484958 1000000
