mcsplit mcsplit-h mcsplit+f mcsplit+fmm mcsplit+bigf mcsplit-swapped mcsplit+S
344965205 428551861 421435175 489788412 307824562 339866250 344965205
1847444 1887440 3260312 3566054 2037364 2701984 1847444
5926 7650 6526 7199 5455 6138 6138
979303471 1187517808 1480692866 1695180695 903131630 1255141388 979303471
5166487 5931564 9388676 10108081 4934248 7421603 5166487
274203833 333776711 376745804 427730936 228148857 295477123 295477123
8547121 8861018 11109606 11704518 6714644 7100055 7100055
55913 62261 88777 100367 48339 71423 55913
-1 -1 -1 -1 -1 -1 -1
-1 -1 -1 -1 -1 -1 -1
-1 -1 -1 -1 -1 -1 -1
11341 10438 12658 12818 16208 17135 11341
1324453 1603301 1439726 1583471 1099926 1185089 1185089
-1 -1 -1 -1 3576565360 -1 -1
832034 961373 1065552 1177214 710784 858928 832034
-1 -1 -1 -1 -1 -1 -1
9838260 11577075 12655109 14344635 8215505 10180595 10180595
3967648295 -1 -1 -1 3611430949 -1 3967648295
777268 881468 1542272 1662552 1063407 1744915 777268
-1 -1 -1 -1 -1 -1 -1
62274 69228 23273 27342 52907 19529 19529
901787 1085378 545258 600842 821740 474660 901787
3010 3215 3932 4189 2997 3621 3010
1614552702 1800464224 3375564238 3852584519 1480702337 2137757044 1614552702
8447 13334 7634 8190 5226 5644 8447
4247 4674 5308 5682 3059 5370 4247
108196108 115605230 240651755 255318687 86091736 118491744 108196108
322 392 346 412 233 301 322
24114948 28368100 75959891 84872478 21386333 67708154 24114948
2473938600 2795039790 3165905515 3607622418 2143519468 2829704631 2473938600
1572296 2035945 1918248 2205980 1367592 1687498 1572296
70887 81373 76508 83970 62329 71756 70887
-1 -1 -1 -1 -1 -1 -1
1225264 1326484 2186308 2301991 1054384 1329986 1329986
126459784 161366600 100887898 115842667 88682239 63234260 126459784
281 296 488 495 268 453 281
9983674 11581697 14234021 15780067 8825745 10948826 9983674
1376367949 1524283884 2569701044 2824425940 1233630187 1990877593 1376367949
34597 41112 42270 47228 30479 38538 34597
42846 50784 13188 12879 39177 9822 42846
21719 25998 42007 44300 20606 36439 21719
1360 1424 3327 3351 1287 2905 1360
189 213 151 175 183 136 189
2525 2634 1878 1823 2427 1650 2525
308299584 336448180 413065677 458386702 292669655 377815217 308299584
375 379 390 395 334 421 375
59351792 69234635 66430733 74757198 54143811 57516311 59351792
1659788713 1833073944 1518168544 1710973420 1538824463 1053359715 1659788713
46 37 79 79 46 69 46
191433506 211085221 364670491 386487617 149952283 229126432 191433506
1293792 1445748 1659659 1751731 1219556 1280109 1293792
984317212 1130280083 1128333945 1228211361 864088965 803385803 984317212
52629976 62381940 86327050 98366709 41471620 56597063 56597063
5360 5439 6903 7326 5271 6817 5360
-1 -1 -1 -1 -1 -1 -1
15990 19631 17707 16113 14959 13260 13260
-1 -1 -1 -1 -1 -1 -1
5496 5856 4570 4859 5012 3706 3706
13607 16062 19568 20648 13807 18626 13607
1403208 1772153 1719734 1933731 1238039 1526350 1403208
71312568 77316651 164519446 169295223 57035507 147696041 71312568
3252283 3594016 3109005 3444873 2816358 2319935 2319935
-1 -1 -1 -1 -1 -1 -1
2364 2587 1734 1870 2295 1787 2364
89108022 122008879 161583389 182039458 83350424 124390022 89108022
18928 19516 22953 24493 16268 18423 18928
3342 3605 3114 3167 2927 3694 3694
79371 108803 104544 116739 171796 210074 210074
1134 1251 800 812 884 761 761
19821 23769 31243 31897 17304 23365 19821
-1 -1 -1 -1 4409593043 -1 -1
-1 -1 -1 -1 -1 -1 -1
675 741 932 1010 601 945 945
2561090440 2981899370 3442496079 3991675684 2182586432 2743521151 2743521151
-1 -1 -1 -1 -1 -1 -1
5334 5932 4998 5422 4520 4309 5334
17488987 20216015 21700130 23967318 16432277 17351214 17488987
2382 2583 3269 3400 2379 2424 2382
82465 205495 85965 57440 79492 50381 82465
373526 425595 348186 387813 370979 267808 373526
183 194 159 169 166 151 183
11502925 13139658 18980433 21153731 10571363 20210916 11502925
-1 -1 -1 -1 -1 -1 -1
617710850 706777051 2078654524 2340773091 523299072 1380192866 617710850
875787783 967350874 1681820158 1899758147 740942630 1275153655 875787783
713048120 750512704 844681564 922619109 633561363 628265747 628265747
18505 38111 11555 61489 16736 10031 18505
2105894 2262656 3056718 3387109 1913194 2538576 2105894
66 81 66 66 66 64 66
6215 6926 7691 8495 6251 7983 6215
-1 -1 -1 -1 -1 -1 -1
1382 1407 1409 1428 1253 1494 1382
628434 833200 556947 625566 616456 349638 628434
17180 20742 29464 31595 14043 24546 17180
16417439 31544610 23762809 35243593 15491829 21258841 16417439
32142 35720 23551 24742 30153 20334 32142
197 194 166 166 170 169 169
3631 4874 2694 2785 3108 2959 3631
6776736 8475783 6674107 7316183 6138805 5526032 5526032
7142 8082 10537 10899 7591 8576 7142
12958049 13329342 24196356 25478350 11015441 16125508 12958049
13083 13610 24668 25375 12620 28909 13083
2263858 2543301 2392491 2585564 1897978 1694636 1694636
105 105 93 88 108 118 105
-1 -1 -1 -1 -1 -1 -1
-1 -1 -1 -1 -1 -1 -1
85384 93498 43446 46940 78015 35424 35424
489 489 436 449 459 370 489
-1 -1 -1 -1 -1 -1 -1
11372 12370 16097 16788 10213 21285 11372
-1 -1 -1 -1 -1 -1 -1
-1 -1 3160244612 3314408263 4553812206 2084556915 -1
1660285 1286857 1993229 1990898 1605688 1306318 1660285
17766324 20103560 22677971 24863571 16762812 17706724 17766324
67603 81448 76609 81561 27277 28104 67603
52431731 59395741 59846034 66002229 46345300 43542887 43542887
371278931 430585446 455445187 528332278 326899854 373661965 371278931
138275 533874 137142 148371 130551 55191 55191
615665 742336 682092 731393 566451 617606 615665
397 415 353 383 380 288 397
3897250 4075527 3886684 3985393 3101937 3286927 3897250
76762022 85254104 120935305 131833557 62900214 81474339 76762022
-1 -1 -1 -1 -1 -1 -1
673759619 721465032 1559749269 1723236815 632596034 988921142 988921142
69733 68492 70753 71447 56872 56486 69733
9998 14409 14490 15129 9332 13770 13770
19904 20260 15903 16032 17837 14236 14236
6127 6487 9504 10189 5336 8562 6127
300057 323399 406259 438430 295205 402487 300057
4024836 4082586 4519947 4635330 3333586 3594484 4024836
1708854 2120772 2323463 2600862 1458857 2097214 1708854
148032538 172980051 814438584 890118026 145137297 650648284 148032538
20145110 24233621 17080885 18744296 16206566 16062335 20145110
-1 -1 -1 -1 -1 -1 -1
229 229 702 702 193 638 229
1331 1381 1630 1660 1074 1249 1331
40970 56709 27808 30941 33895 21637 21637
-1 -1 -1 -1 -1 -1 -1
406816723 455772296 1438594492 1567105176 367966276 1000056624 406816723
278741024 314587944 483636690 552283304 237630164 378058602 278741024
-1 -1 -1 -1 -1 -1 -1
56858 65810 84684 94910 45747 82088 56858
-1 -1 -1 -1 -1 -1 -1
1014279129 1348137184 1141125622 1297053924 890099259 873194575 873194575
55623 57021 51907 54236 45122 35676 35676
1665366 2092764 2003150 2296467 1416172 1767732 1665366
7172103 8837193 7801169 8501722 6486884 6328487 6328487
1766321 1773963 2955616 3010560 1467887 2332207 1766321
13201 14788 12947 12977 12622 10224 13201
302924012 331301459 784797994 862454339 260351894 558814977 302924012
4104 4439 3004 3164 3667 3078 4104
-1 -1 -1 -1 -1 -1 -1
228573305 244261521 407048327 453353213 225423492 276393081 228573305
22030 24169 21802 23392 20750 19727 22030
2127712 2688767 1404141 1506973 1967960 1230223 2127712
42201970 49480269 52965233 59613575 37954058 44709633 42201970
456 511 420 412 419 335 456
45571 50540 61949 66979 42899 56010 45571
74 105 102 102 78 104 74
68581 75151 132589 139321 75762 140710 68581
55 36 49 49 56 32 55
36010370 45067640 37919284 39038157 34866723 41622369 36010370
1061090382 1439685866 1154350522 1298267037 960292442 1036867264 1036867264
28759 30499 24330 25406 26633 24623 28759
4945329 6323641 4544851 5164903 4228429 4200045 4200045
63899 70626 75352 80484 59861 67956 63899
3250168357 3807200345 3861676174 4349967766 2886815198 2919855248 3250168357
4753715 5266731 4478206 4981524 3761267 3082341 3082341
68436478 77716997 96358362 111474855 58611788 69071455 68436478
6964 7470 11247 11399 6630 9896 6964
276404 314146 543913 600128 260203 464765 276404
7333 7985 9381 10257 6465 7870 7333
60297 91900 78077 89836 50464 63445 63445
1295054 1383474 2150987 2354493 1187289 1751661 1751661
3732359 3344154 4443602 4541616 3518803 3475662 3475662
7820 9083 12707 13602 7201 10128 7820
-1 -1 -1 -1 -1 -1 -1
2865 2915 2791 2788 2399 2180 2865
71 92 73 76 71 72 71
83 83 92 92 83 88 83
334 342 328 329 336 300 334
433995 539976 318829 345485 376782 284406 433995
-1 -1 -1 -1 -1 -1 -1
-1 -1 -1 -1 -1 -1 -1
-1 -1 -1 -1 -1 -1 -1
544475 647810 635921 687907 488663 579041 544475
1582 1728 2193 2257 1440 1857 1857
2470 2892 3970 4001 1905 3862 2470
1639140224 1885049928 2173539104 2384262264 1452203894 1077617478 1077617478
43038854 50932144 50304597 57171589 34214302 37828988 43038854
93988258 96083192 340037589 358453414 86778541 208918954 93988258
374121972 444282850 461571290 520870938 333668830 386273601 386273601
565168364 657161061 1697301371 1924277523 481223542 1400552514 565168364
30040 35169 35220 40646 26134 25492 30040
837140 931672 578158 623762 798211 485199 485199
332548 347403 445899 465744 311689 401703 332548
-1 -1 -1 -1 -1 -1 -1
5050 5755 5936 6494 4754 6115 5050
2025 2171 3232 3335 2007 2660 2025
189078567 214254643 153877468 175515007 176583136 118577887 189078567
976585337 1104651816 1503285823 1642174295 853442901 1042430720 1042430720
556858223 630088843 838982700 922642190 485326482 486802258 556858223
10289690 10658920 9979423 10497021 8895938 6570589 6570589
7432 14663 10927 11001 5432 7923 7432
3303727 3871109 3845166 4324567 2648082 3297695 3297695
495327 543950 578330 624624 431063 432400 495327
2274 2531 2451 2546 2109 2362 2274
95798085 102331698 136633824 149575242 86849498 111636341 95798085
-1 -1 -1 -1 -1 -1 -1
18734510 20200725 26610187 29401102 17064331 18661800 18734510
362427 445742 227012 251336 321272 212766 362427
4833 5332 4401 4559 3921 3763 4833
135569 145424 241943 264279 132766 220921 135569
1898 1946 2139 2216 1615 2361 1898
18586670 19308508 28625161 29611186 15305584 22007766 18586670
213052 291472 279278 293825 185325 274210 213052
2510 2489 2695 3556 2285 2288 2510
20478989 24952240 64823174 72404874 18961985 50280693 50280693
1483348700 1681644380 2019213831 2296777130 1226323852 1275697078 1483348700
14821853 18378953 19562424 21697022 13619296 17089907 14821853
-1 -1 -1 -1 -1 -1 -1
9975142 12091341 3352022 3686116 9949562 3268588 9975142
66751499 78880873 67358573 73002897 56302421 45564380 66751499
-1 -1 -1 -1 -1 -1 -1
217296639 254199069 263192112 298221482 187773145 213297312 217296639
32201889 36888473 36018059 39614714 28599540 25457526 32201889
-1 -1 -1 -1 -1 -1 -1
-1 -1 -1 -1 -1 -1 -1
281106909 295875351 757490057 811282022 215965901 515308901 281106909
-1 -1 -1 -1 -1 -1 -1
11769354 12534866 15680559 16920445 10440672 10533388 11769354
553878 618925 1149366 1237171 504748 877253 877253
284741811 303977865 351521718 388498577 259158196 275969835 284741811
602 688 1153 1177 597 1303 1303
12505 13810 13256 14269 10266 11582 12505
1202444 1378441 1435609 1582062 1095218 1238614 1202444
89805 93366 81238 83209 77004 79421 89805
52 52 51 51 52 59 52
10630110 11909012 29389702 30299834 9938706 24598499 10630110
2113150 2393677 1084609 1202520 1783221 866574 866574
11214115 13288646 10352133 11482059 10144789 9032385 11214115
96811343 100523313 176576496 188885860 89279687 116236015 96811343
51908848 58878457 57101612 76656962 48393893 64448508 51908848
-1 -1 -1 -1 -1 -1 -1
2129659 2183467 3183517 3294449 1947251 4757244 2129659
85003812 92095112 141744703 153911632 69383224 88851316 85003812
4704 4899 5152 5352 4416 4311 4704
117 127 190 190 113 206 117
1541 1709 1498 1554 1292 1115 1541
112105 121232 259701 273857 104520 300489 300489
31942754 40125633 11096215 12694184 28819621 8802867 31942754
11910 10846 11326 7993 7010 5595 5595
-1 -1 -1 -1 -1 -1 -1
534298250 595608942 1370330295 1505253500 461472750 934927198 534298250
349 391 626 689 273 522 349
815671 915296 1026708 1121238 768019 1869019 815671
92909 104717 95475 106428 83190 85270 92909
6054295 7259374 7957372 8807480 4868247 4555771 6054295
252 269 699 662 240 670 252
558909614 613701599 562890243 609063722 448833274 315276313 558909614
1680736772 1940073551 1538571100 1768060483 1429792103 1178346063 1680736772
1676822 1857325 2284927 2372460 1553235 2226544 1676822
1888174062 2130048518 2613968835 2900351091 1667980556 1965758008 1888174062
358823695 424966720 589527961 677776840 303405480 447493853 358823695
150140405 167111349 312644644 347343350 131329424 313131722 150140405
10058516 10992949 13288272 14473418 8771455 11832829 10058516
734 915 673 732 719 687 734
3423 3744 3751 3799 3184 2860 2860
99679848 111272413 141912785 162517060 89394281 102989117 102989117
3014902 3539999 3386244 3664311 7187747 7636893 3014902
809236 916388 1014800 1100964 751131 850189 809236
220048 258505 313854 348354 194651 281934 220048
8933 7597 11566 12680 8510 7904 8933
2193173 2569269 2230277 2397745 1690920 2380096 2193173
3360870915 3568866030 -1 -1 2965876168 4588873133 3360870915
-1 -1 -1 -1 -1 -1 -1
36 36 40 40 36 42 36
8654 8099 10575 9459 7266 7856 8654
441949462 465809124 712904136 788279001 400264833 549742727 549742727
818945087 882884769 2877520349 2987979962 589585572 1501305755 818945087
276143 306415 317381 357553 259211 303728 276143
-1 -1 -1 -1 -1 -1 -1
367776 397157 318779 347237 331356 264232 367776
37922 96050 61009 65451 27694 50729 50729
471393 518543 815457 892849 418728 679236 679236
1491501 1630930 2014854 2152973 1380016 1665817 1491501
-1 -1 -1 -1 -1 -1 -1
-1 -1 -1 -1 -1 -1 -1
-1 -1 -1 -1 -1 -1 -1
473625817 594462246 502040729 578961743 427517434 418792965 418792965
17300391 18456693 24298171 25959005 15769050 16418835 17300391
22514288 27153431 15968475 17773376 20866945 13622673 13622673
-1 -1 -1 -1 -1 -1 -1
19411 23046 22221 23066 16203 11980 19411
6734 9441 7147 7332 5579 5877 5877
-1 -1 -1 -1 -1 -1 -1
20004697 22273366 15263303 16615964 18187186 12213593 20004697
812 894 732 774 658 476 812
161 158 131 130 125 176 161
-1 -1 -1 -1 -1 -1 -1
1204201 1263999 1088827 984750 1185992 826669 1204201
38 68 31 31 38 31 38
78830 99125 87043 102265 43485 51169 78830
1500037 1855343 1492914 1736255 1274196 1323402 1323402
49992 69702 64086 88847 42187 62333 62333
34 32 32 32 35 33 34
-1 -1 -1 -1 -1 -1 -1
4179 4269 7123 7184 4252 11636 4179
1422171 1575730 2097129 2226855 1249612 1610045 1422171
599 640 1649 1667 577 1805 599
420 416 304 304 386 259 420
-1 -1 -1 -1 -1 -1 -1
17327 19024 19839 20651 16043 16964 17327
438249 535024 522939 513289 404703 452198 438249
4954928 5035770 5758588 6088610 4521973 3096060 3096060
-1 -1 -1 -1 -1 -1 -1
56876 65461 62942 68574 50197 60312 56876
147 169 136 136 147 137 137
-1 -1 -1 -1 -1 -1 -1
28018 39676 30312 32283 24772 31810 28018
5885128 6246671 8865331 9520807 5259219 7102066 5885128
2810818 3509653 5124266 5769483 2489046 4605829 2810818
14729690 17543637 14943102 16504918 12995724 12905184 14729690
-1 -1 -1 -1 -1 -1 -1
-1 -1 -1 -1 -1 -1 -1
47 46 33 32 47 33 47
188 224 198 200 182 181 181
-1 -1 4042324048 4379439494 -1 2394906504 -1
157 157 157 157 157 157 157
-1 -1 -1 -1 -1 -1 -1
17154 17343 30042 30348 16785 31365 17154
-1 -1 -1 -1 -1 -1 -1
119 112 113 104 119 116 119
156063 163205 689262 774727 145518 1627068 156063
-1 -1 -1 -1 -1 -1 -1
346067369 414794046 465170850 525581133 312918704 351777090 346067369
-1 -1 -1 -1 -1 -1 -1
4500 5102 4253 4547 3918 4393 4393
-1 -1 -1 -1 -1 -1 -1
44107066 51856297 86801781 92259004 43463169 77914089 44107066
82198 133809 31803 33404 66107 32958 82198
81 81 69 69 70 74 81
43750 50609 29884 30931 34981 27644 27644
-1 -1 -1 -1 -1 -1 -1
1661559 2135998 1337450 1419999 1325290 974276 974276
826920 919627 1248704 1353256 775475 1125553 826920
5462883 6101673 9415753 10522321 4742982 5818333 5462883
10067 11082 5322 6271 9299 4042 10067
103296530 147946920 638921334 726862625 98031064 601693612 601693612
3138132999 -1 -1 -1 2764058591 -1 3138132999
15788 16679 17409 18492 14163 15465 15788
282749472 340245608 266500734 298270212 238874949 195100234 195100234
122954385 145305371 147624234 168140922 112424504 118402224 118402224
805 900 908 917 713 793 805
10022 10671 8919 9082 8722 8381 10022
4932932103 -1 -1 -1 4000129423 -1 -1
-1 -1 -1 -1 -1 3764491616 -1
31065586 33880111 25671762 27932732 24661182 17305773 31065586
1090640 1186193 1187940 1249615 752073 1041314 1090640
5030 9279 9992 9526 4471 4791 5030
37702587 44377280 42086851 45262072 34571751 34656045 37702587
-1 -1 -1 -1 -1 -1 -1
2450062 2953390 3410305 3894584 2082904 2849433 2450062
-1 -1 -1 -1 -1 -1 -1
6399688 7840135 7253628 8009447 5856817 6287217 6399688
11403 12546 17204 18032 10008 17807 11403
3495148 4572382 4299292 4884836 3350535 4465003 3495148
-1 -1 -1 -1 -1 -1 -1
2324 2399 3286 3277 2142 2915 2324
3051780 3848237 612522 661055 2560515 492806 492806
195589 251658 311087 339378 170559 290140 195589
58803973 65586085 42105449 46558101 44989733 28816658 58803973
448664 476499 617427 648159 364890 496268 448664
358270 443370 522904 565553 314330 417815 358270
-1 -1 -1 -1 3716382206 3071815272 -1
378362 424456 384707 420436 332075 281930 281930
27799 35422 51297 57805 24294 62433 27799
777083 893574 1141586 1266556 669332 1002946 1002946
952041009 1158217800 1210299327 1413088650 856673937 987536384 987536384
389613996 428904904 693774915 764509774 351343686 506408951 389613996
58721385 74186559 72772023 82197440 52496054 58793929 58721385
95 125 85 85 88 101 95
9195138 10587443 8037260 8569438 8083231 6037495 9195138
49777 55023 48913 52469 43851 36075 36075
1229295487 1287528365 2818765777 2988938659 951676718 1942230012 1229295487
-1 -1 -1 -1 -1 -1 -1
139443 167458 160447 176852 105073 146031 139443
906782698 1035425755 2112865875 2391157997 771569791 1796573467 906782698
1768 1872 1661 1716 1552 1574 1768
336179 374159 354457 344734 314277 229703 229703
1225098 1314939 1591771 1771398 1141503 1267118 1225098
619358834 725522477 1084351284 1197008887 590058754 876816013 619358834
255631695 276980749 406739732 431639758 196447743 271163580 255631695
2980 3744 2590 2781 2677 2877 2980
1329641 1662495 1438768 1641145 1170890 1244304 1244304
967395395 1097871866 -1 -1 951784725 3869760634 967395395
37802299 49089548 39556535 44999677 33065772 34137480 37802299
175 180 110 110 157 104 175
17858706 20917554 26086451 28797506 16496421 21360867 17858706
214241731 250842565 328732095 368293286 192377555 296304764 296304764
96116 108375 116911 129168 83821 96391 96116
7861 8938 6857 7615 6071 5034 5034
236223 257927 364116 378517 240850 345053 236223
-1 -1 -1 -1 4779746501 4068184493 4068184493
-1 -1 -1 -1 -1 -1 -1
88297 99646 97077 103428 74664 81422 88297
-1 -1 -1 -1 -1 -1 -1
99 99 345 352 99 360 99
655801657 727943828 885396712 973524244 559972483 600283016 655801657
51668661 61478469 13162706 14159646 47805921 10882834 51668661
83208 87001 154990 169101 72776 146306 83208
707 1138 1317 1428 649 1341 707
18687502 19295524 20372890 21353808 15412170 13362320 18687502
12062652 13038442 16064891 17448912 10941874 13600598 12062652
2128670 2256022 2079724 2212608 1913881 1460314 1460314
29975 32699 36766 39708 27474 36158 29975
8513149 9552561 9039772 10396546 7232848 6451641 8513149
208566 263131 206425 234672 186524 227005 227005
-1 -1 -1 -1 -1 -1 -1
1107617731 1491787845 1089837391 1241668836 951501642 869648096 869648096
551838965 589374599 593445951 635524628 429216149 454267977 551838965
65 36 60 58 65 32 65
103369879 119132760 107941399 117009020 120383950 121669251 103369879
150831 162465 218329 243746 141305 176914 150831
7276 8431 6919 7351 6595 5567 5567
22903 25836 20049 20796 17628 15232 22903
92260406 102074796 106592244 121936453 80427699 83781997 83781997
12769 14160 14736 16067 10830 15984 12769
74363 79874 65516 67044 60257 56984 74363
110759 138500 148205 160441 93157 123554 123554
5395 6436 5318 5456 4995 3029 3029
-1 -1 -1 -1 -1 -1 -1
-1 -1 -1 -1 -1 -1 -1
47348672 52059334 80280856 89670377 40857967 56618390 47348672
159 159 143 143 146 139 159
30569035 23948455 55517540 64230578 27663165 49819241 30569035
3412 2107 3516 3978 4116 5981 3412
4428 5378 10008 10198 3633 8541 8541
-1 -1 -1 -1 -1 -1 -1
5287028 6441210 6603048 7265744 4536806 5713811 5287028
3484624760 -1 -1 -1 2961139943 3863178438 3863178438
6406 7301 7105 7632 5611 6986 6406
-1 -1 -1 -1 -1 -1 -1
55507219 61326031 19077220 20936502 48834977 15268184 55507219
1298 1322 2544 2668 689 1848 1298
48455440 53833323 48916566 54939136 35228648 23046978 48455440
26678 29307 25034 26364 22512 22443 22443
12652 14927 14980 15359 12254 11502 12652
-1 -1 -1 -1 -1 -1 -1
3667 4488 4877 5290 2788 3736 3667
381239 415829 487245 518239 343502 380277 381239
3178434754 3616792901 3893280060 4313661732 2658843496 2972909294 3178434754
8026173 8951820 13014616 14504666 7575186 12985434 8026173
1592 1737 1638 1627 1496 1433 1592
20555074 24621831 14527100 16776135 19958920 12750229 20555074
17318815 18992097 19985489 21778191 15948342 15206397 17318815
30425598 34126213 43840210 48583629 24744341 24247491 30425598
2511015299 2712829874 4746287910 5307279570 2272061686 3126568853 2511015299
2046048 2391305 3323605 3589686 1833143 2956719 2046048
41645353 52278162 36763397 42868701 34268412 29445886 29445886
158327 985632 188002 963922 156307 934791 158327
26268992 27878712 77563401 81133312 23364705 61692413 26268992
1834679 1986909 1013480 1068703 1016726 818438 1834679
644801 764187 956682 1051198 550383 778668 644801
23826451 29391971 32682459 37652913 20207881 27308217 23826451
-1 -1 -1 -1 -1 -1 -1
1614704950 1908817626 2788067280 3112707535 1319839352 1664888083 1664888083
-1 -1 -1 -1 -1 -1 -1
476512722 553201951 714802431 813714769 450361223 650383579 476512722
656 711 729 740 624 743 656
1591412 1865767 1403368 1477281 1212070 979899 1591412
6151827 7034157 8826192 9511038 5667452 7670278 6151827
1242 1383 1048 1065 1166 1136 1242
7717072 7699395 8286095 9066013 6596577 5195046 7717072
305298160 337330156 467454728 488091491 214737945 265191068 305298160
2618 3226 2492 2671 2002 2502 2618
-1 -1 -1 -1 -1 -1 -1
13638 14645 16021 16960 10168 10095 13638
-1 -1 -1 -1 -1 -1 -1
2599 2833 2114 2226 2216 2399 2599
1752 1766 1562 1626 1582 1634 1752
1590067 1808247 2125348 2444413 1296259 1851246 1590067
8104 9197 9854 9606 5869 9067 8104
-1 -1 -1 -1 -1 -1 -1
1172 1281 1453 1494 1124 1457 1172
11297521 12807834 7290642 8184250 9654920 6797329 11297521
258288 324361 249229 280725 217356 225938 258288
594125 691185 811616 1019243 574701 700260 594125
-1 -1 -1 -1 -1 -1 -1
870974 924210 1201017 1269133 622556 917922 870974
36 35 31 30 37 32 36
-1 -1 -1 -1 -1 -1 -1
5929 8565 6827 7376 5615 7523 5929
30119398 40918409 36120936 41723599 47720907 62457952 30119398
25587 27694 19781 20222 23091 223903 25587
670 707 764 772 583 708 670
127 130 65 81 115 85 127
1085653144 1242872960 1099718329 1215350872 916698555 573151859 1085653144
102559060 121888569 119774587 137869322 93070459 105390238 105390238
123930 134804 191444 198809 118620 174179 123930
470409 538858 963775 1090450 396983 804764 470409
253723653 268654194 275520575 291793317 190839137 172708684 253723653
-1 -1 -1 -1 -1 -1 -1
77340939 96936419 84936462 96691870 68375242 78823139 78823139
23805223 28296667 36652032 41782213 21216134 30328054 30328054
1231788 1356495 1615387 1726834 1158030 1247511 1231788
16463903 23548680 18811516 21474313 16151938 19347323 16463903
12290 14290 17041 20200 12376 14193 12290
132788424 153649121 118111845 129316603 106617735 67492418 67492418
132 148 189 189 132 159 132
876951030 1121998194 633016496 719585238 698957481 472287209 472287209
49 32 65 46 50 66 49
314731 423214 368064 424817 235513 332094 314731
3422711 4194039 3671315 4200262 2770209 3371342 3422711
85 91 88 80 85 68 85
5690 5945 8270 8573 5173 6402 6402
972266 1192744 1352783 1483416 901500 1113525 972266
465 514 338 363 436 339 465
35846710 41525679 130012939 139653765 33973120 105916785 35846710
58241 67487 69770 78144 57807 55524 58241
66628 71028 65948 69972 57735 57821 66628
545797 613363 1466997 1603561 492539 1219868 545797
-1 -1 -1 -1 -1 -1 -1
117 158 135 135 143 165 117
-1 -1 -1 -1 -1 -1 -1
-1 -1 -1 -1 -1 -1 -1
3231 4334 6297 6766 3046 5618 3231
1068621 1225802 575062 601713 906780 490828 1068621
27256414 29225419 42961899 46571340 22772711 34174309 27256414
87611029 116365093 92136674 104372913 77374413 80394757 87611029
48984 58768 64290 68722 40792 53500 53500
9304 12967 8979 9422 8260 7089 7089
150923 192296 263237 1678883 172865 194338 150923
-1 -1 -1 -1 -1 -1 -1
3591 3868 6883 7020 2531 5256 3591
-1 -1 -1 -1 -1 -1 -1
631 697 590 643 546 532 631
-1 -1 4762606278 -1 -1 4061149924 -1
4460 4734 4071 4196 3827 3576 3576
81248401 95039261 112158089 113860584 71535356 76851591 76851591
1855384 2056080 2179758 2343309 1659864 1574455 1574455
239721842 249564453 244185685 254006665 171878670 161518832 239721842
480691954 534177931 2184362253 2320683745 381326933 1297760983 1297760983
106132 121774 109965 118702 92646 100433 106132
4197 10678 2808 2821 2968 2780 4197
2268 3480 2440 2755 1232 1325 1325
39657 43032 52947 54190 31916 48534 39657
107069 119905 76061 83284 93357 75631 107069
2049532 2563325 7323741 8311676 1836321 6592144 2049532
713040 825864 1072723 1173895 636308 768474 713040
-1 -1 -1 -1 -1 -1 -1
8325015 8859779 12945673 13595845 7382223 8040290 8325015
5007 5178 4422 4454 4700 4382 5007
13621835 15767552 25780793 27354262 12763065 20205447 13621835
624874 747979 666374 745466 571333 555482 555482
1086370123 1544951996 3164872468 -1 955664642 -1 -1
4266907761 -1 4565370763 -1 3634694117 3120839510 3120839510
3494 3631 3966 4113 3246 3173 3173
2368 2793 2732 2960 1974 2485 2368
364138106 411904204 479863577 539354572 352463868 444263767 364138106
718960 786839 871431 913622 668652 690945 690945
89 89 106 106 89 99 89
1232 1238 1041 1081 1077 889 1232
54437535 57401765 119094477 122955593 44523484 85107996 54437535
101846 97256 209312 212389 59507 157290 101846
467151458 540742096 604248252 667236442 431717944 466529570 467151458
37 37 31 31 38 32 37
50601 39792 106360 109039 33608 79034 50601
216 228 157 163 187 163 216
4267 4494 5184 5352 4058 5265 4267
-1 -1 -1 -1 -1 -1 -1
177701 193945 269515 294871 170170 257920 177701
1705445 1915120 1872654 2092796 1562967 1612471 1612471
2032817891 2230303133 3501597402 3835388898 1821974292 2121637498 2121637498
1806308 1874032 3149511 3343468 1633758 2179295 1806308
42 42 65 65 43 62 42
78 76 78 77 65 77 78
85413 95721 94376 101453 75819 77710 85413
-1 -1 -1 -1 -1 -1 -1
440517 512577 812869 872125 397749 729941 440517
589580 647848 810515 857070 574143 741329 589580
4389 4666 7033 7532 3634 6708 4389
47935699 50317765 59933188 64299186 41763898 38782243 38782243
245063 275898 330474 359555 223353 314696 245063
-1 -1 -1 -1 -1 -1 -1
36832568 39598520 25532324 25839333 25597896 14333131 14333131
331612 392032 448691 482220 298320 370473 331612
6925014 8331376 10981718 12418897 5531374 7375511 7375511
60105 69506 81953 90094 54749 65811 65811
771990 870182 914204 991039 701269 708467 771990
200 211 136 137 206 147 200
-1 -1 -1 -1 -1 -1 -1
2024 2122 1769 1826 1603 1913 2024
2020278416 2090871544 1437686281 1489350869 1479334950 780998858 2020278416
16243 17990 16536 18020 15406 14684 16243
-1 -1 -1 -1 -1 -1 -1
267368827 345444053 454861663 520768384 242488758 736206833 267368827
5140515 5782518 5837982 6029620 4708951 4412398 5140515
3300341 3893302 4654621 5342460 2988593 3890630 3300341
1395 1465 1029 1041 1358 1030 1395
115500 124257 138650 150731 109329 104935 115500
5085436 6306218 8279793 9334190 4443933 7097877 7097877
56716938 77833041 32583209 35736585 54347039 48029547 56716938
35791 39676 47135 50210 36975 53634 35791
-1 -1 -1 -1 -1 -1 -1
63 63 69 69 82 99 63
-1 -1 -1 -1 -1 -1 -1
-1 -1 -1 -1 -1 -1 -1
2178663 2486886 2269296 2428311 2041000 1856165 2178663
-1 -1 -1 -1 -1 -1 -1
4941532 6584692 5609345 6307740 4443177 5088293 4941532
-1 -1 -1 -1 -1 -1 -1
1474866660 1614695601 2772788754 2978589759 1065293544 1277088357 1277088357
1780365 2303202 3260007 3589616 1538918 4151237 4151237
237806 219848 227786 228283 223615 201328 237806
4084199 4909223 11699475 12556483 3614591 10394841 4084199
8383 10717 7305 8452 6893 6863 6863
-1 -1 -1 -1 -1 -1 -1
140 148 115 115 128 144 144
1290780 1647111 3742338 4159531 1185592 3222595 3222595
433818571 494286336 945915468 1089147465 365325410 758455678 433818571
67688321 72827000 259215392 268047160 58079176 138065477 138065477
5135783 6198599 5436661 6082973 3990992 4347921 4347921
475087449 529771291 530810228 580106957 419070341 380416748 475087449
5338138 6854247 6695525 7545236 4882217 6569951 5338138
945494862 1111674707 734551541 839367589 856134517 645141934 945494862
12028 12863 13053 13620 9099 9330 9330
276336177 313787996 264971375 302131170 240502094 211386775 211386775
999974 1115863 1081720 1167314 879202 756213 756213
-1 -1 -1 -1 -1 -1 -1
2643 2793 4030 4088 2240 4696 2643
8972 10048 8581 8890 7818 7102 7102
52869518 58042609 116963325 128025501 56182112 76175912 52869518
45096099 47700167 46539597 51631751 37754950 28439747 45096099
532 546 567 592 529 534 532
1004013 1079709 1921566 1983166 966431 2042632 1004013
709 717 933 932 700 1020 709
8397861 9288934 4884073 5534091 7124621 3540335 8397861
486452 565997 496204 556585 358918 393403 486452
2373784 2550835 2689976 2927634 2128524 2017223 2373784
69468102 73851664 94202145 101695640 56002245 59226961 69468102
852529341 1193742675 256451551 285717537 803190916 263138885 852529341
5887879 6540583 15791952 17224416 5237314 13879444 5887879
32688027 37259230 76499925 83104089 27683253 47334676 32688027
8360047 8905457 21238808 22538998 6760417 34720875 8360047
143212976 167199634 216724067 245286010 123446556 134438484 143212976
43061374 48853271 43080272 46992464 40435167 38063999 43061374
28793656 34490815 32754638 36985734 25441458 27148063 28793656
121307848 126697053 141634240 158948893 109294030 104440638 121307848
-1 -1 -1 -1 -1 -1 -1
159 159 372 371 152 394 159
42657 45570 40554 45282 37634 38544 42657
93016 100557 502950 537280 136951 446336 93016
680 787 580 627 624 607 680
3088884 3704350 2397477 2626499 2404006 1979539 1979539
27225837 30094545 34282179 37239086 26156290 29989892 27225837
1573307 1723071 2063784 2270074 1478648 1656847 1573307
302648 322950 399105 426851 289904 427096 302648
371563929 445388258 430954726 490867513 308455619 334415336 371563929
175037 189736 56519 77235 177354 54780 175037
2030359339 2133545926 2056504181 2150290057 1383145697 1722888276 2030359339
-1 -1 -1 -1 -1 -1 -1
250227416 264634565 334957290 353404338 199313382 180919759 180919759
25614 26028 34463 35921 23081 29343 25614
-1 -1 -1 -1 -1 -1 -1
18705518 23706308 67246337 73181917 17512444 56888433 18705518
1731 2092 2225 2727 1498 2110 1731
2811333 3051510 1942272 2134984 2475555 1506588 2811333
-1 -1 -1 -1 -1 -1 -1
21901 27618 20993 22118 20362 19690 21901
1534811 1592385 1526943 1550664 1022055 879698 879698
734585 864289 5046542 5780789 558453 4460247 734585
499 583 586 615 446 525 525
1068999904 1303142385 2069551377 2375699983 918666551 1579029511 1068999904
1624099 1778907 2577386 2834241 1080553 1867579 1624099
267879 301763 437255 470268 253335 376819 267879
25791 32790 28067 29634 24786 25958 25791
3207813573 -1 -1 -1 2920019074 3450603864 3207813573
14780 17181 22306 23453 13818 20569 14780
688 882 780 839 589 675 675
6675524 7616709 9602547 10406198 5932279 7427907 6675524
50895551 55125277 100763322 104439461 55122092 119374743 50895551
2332254628 2769370642 2499013380 2885619343 2028593403 2108621286 2332254628
126466 156350 122012 139274 97610 115074 126466
-1 -1 -1 -1 -1 -1 -1
178 178 178 178 178 178 178
3581 3715 3845 3967 3487 3505 3581
117278128 119528959 207143966 214783762 91074741 135096971 117278128
456 462 519 514 422 535 456
413308707 486000329 468944440 528780329 370218987 377151894 413308707
63093 67081 93911 98546 58722 79566 63093
395063 411246 448015 462204 341797 301099 395063
856 1124 1291 1288 809 1205 856
230928566 294526312 2213750766 2534293096 197241496 1593886488 1593886488
-1 -1 -1 -1 -1 -1 -1
-1 -1 -1 -1 -1 -1 -1
2993177 2876787 3998073 3665611 2990633 2848093 2993177
7405284 8497375 10976096 12177725 6119580 6512736 7405284
593187 638236 726868 770365 521211 640470 593187
8198261 8539226 14270115 14515797 7251184 11481382 8198261
867960469 988266244 1362947703 1545787022 700316195 889958724 867960469
669976 756330 1012649 1080787 624229 820439 669976
119 126 116 140 117 99 119
33829 37093 20350 21139 31718 16781 33829
451462026 523160001 585357606 661526764 424394080 503133458 451462026
240 287 304 309 266 288 240
2309493232 2893559295 -1 -1 2110076192 -1 -1
-1 -1 -1 -1 -1 -1 -1
97937060 126444780 107697840 120915886 86403224 95649577 95649577
6177964 7498167 7091606 8007108 5572537 6012145 6012145
6583 6795 4378 4556 6206 4085 6583
20764168 24159056 36667466 40225947 17365047 26900510 26900510
257 274 211 208 230 161 257
6591046 7042854 12038827 13389150 6126640 10911610 6591046
414158082 497255053 476279135 553587326 377707898 422747029 414158082
121 121 144 147 114 135 121
190690989 233011916 270601637 311720145 155754575 215794285 190690989
33836 40358 28621 30481 30722 26857 33836
6970476 8198403 7542148 8216667 6048703 5889111 6970476
101 125 90 98 102 91 101
1574864722 1751370061 1114463733 1260811188 1439681264 869594516 869594516
49673641 52781796 105606560 108650696 40780836 73810416 49673641
1457196 1459988 2153786 2274843 1474620 2411037 1457196
254993240 274550820 598592872 661898857 220358942 655603358 655603358
869791 1007986 647573 683176 893357 624750 869791
1575 2381 1468 1515 1318 1894 1575
-1 -1 -1 -1 -1 -1 -1
785529832 849409559 542115153 588537942 694580786 436211883 436211883
1877262427 2062234966 2680257094 2859469761 1531548192 1651310892 1651310892
1398 1497 2056 2153 1309 1948 1398
1559743 1636639 2362165 2565804 1328726 1824466 1559743
230314865 258671720 179590354 189658986 232691971 154067889 230314865
18518 23130 24052 25722 17819 21728 21728
91840 100830 81649 87240 79194 67510 67510
64638798 73445225 102307535 110621130 62345056 75992720 75992720
86288 96833 99962 109752 77096 82149 82149
256886159 301723015 339835560 358352087 219917332 244256275 256886159
160423 218981 240411 311934 156071 132997 160423
-1 -1 -1 -1 -1 -1 -1
-1 -1 -1 -1 -1 -1 -1
3409126197 3848531062 -1 -1 3118905953 3404246802 3409126197
714475 778348 859213 917761 649952 790423 714475
9053 11902 9411 10016 8916 10210 9053
1381470164 1597835644 1709983701 1909986137 1284385148 1225423828 1381470164
9643 9883 9425 9173 7622 6232 9643
33644702 35496743 48938085 51029780 25187766 29496259 29496259
-1 -1 -1 -1 -1 -1 -1
2194827020 2449126458 2949515341 3337733728 1968486965 2415082714 2415082714
1187361 1465622 1390773 1535710 1072649 1211975 1187361
5418512 6669210 6505956 7278729 4927657 5872219 5418512
1228406 1324133 1337401 1424798 1095600 1030694 1228406
19737 22411 21460 23453 16536 18087 19737
303 317 492 524 277 356 303
11663 13228 6967 7123 10043 5266 5266
7855888 8356294 9872152 10252401 6639421 6442505 7855888
634512 723924 831548 879599 601042 726726 634512
235431 278798 183749 200837 201535 175563 175563
131510997 158798553 33246904 36092208 111017024 26105995 131510997
16777 19287 17184 18344 15271 17254 17254
247436457 262272358 314555150 335735996 203254100 219939253 247436457
44549316 53901803 42894416 49120382 35599449 27301527 27301527
160193 174266 171274 189465 141982 96361 96361
98481204 135678799 58038667 65592175 91136177 51639133 51639133
175 187 224 232 175 198 175
66208 77394 104720 114123 61834 93738 66208
28742 38404 32409 32612 27828 47392 28742
16859734 22428478 71046548 79598335 14065250 61387867 16859734
32338404 32880370 26267912 27501191 27391044 18720253 32338404
839807377 961672699 1205610483 1381828099 688064866 864491478 839807377
2141894 2376744 2617806 2807702 1962591 2252376 2141894
10994 7059 22984 16080 10649 16811 10994
1311941507 1480276613 2506728883 2714208049 1201168180 1596652591 1311941507
38371 43475 51552 57309 33879 46713 38371
350387 438536 383835 422030 307868 255100 255100
566813 635604 310895 324210 551181 274194 566813
590712 656198 625327 676946 500329 530930 590712
-1 -1 -1 -1 -1 -1 -1
652142 766163 691631 780935 570167 585312 652142
2463 2725 3598 4041 2269 3537 2463
1635 1856 2460 2701 1579 2507 1635
47267 52249 69593 77282 45954 66519 47267
4414 5514 4174 4500 4168 4049 4414
31531 38594 45183 49668 24354 41229 31531
1640765495 1874063195 2301519973 2455430648 1385894640 1680111227 1640765495
1245109 1278381 537672 566797 796524 397061 397061
9458 10834 23752 24436 9128 22957 9458
2638047740 3123009451 1905315321 2137419823 2205651681 1143554952 1143554952
-1 -1 -1 -1 -1 -1 -1
2847982192 3084649800 2703286602 2789188727 2147107363 2004593924 2847982192
216225629 254850954 270232803 305147582 215420193 225338391 216225629
335 346 299 307 324 283 283
114113 276778 139652 151866 107267 111107 114113
4655022 5090711 7888116 8703966 4152441 6195676 4655022
17911083 24172901 3758195 4173101 16471191 3188836 17911083
6206820 6565424 8060936 8584279 5490242 5013780 6206820
17647 19825 20861 21891 15810 17580 17647
78298813 94773926 92487345 107070911 63776082 76350544 78298813
29777637 33838847 57263085 65012066 25932484 68131741 29777637
15919357 17181122 18405596 19906880 14280247 13285083 15919357
39909661 48972118 33424412 36867725 35701123 27325464 39909661
18084 21716 23191 24449 13614 17113 17113
539 696 519 523 427 572 539
2875649 3451788 2917399 3199970 2321159 2201918 2201918
10793 12723 7699 8940 9095 8281 10793
5279105 6315540 5220485 5570607 4966680 4634197 5279105
3839937 4851108 4443191 4963618 3278005 4027765 3839937
495898309 665065260 533022262 605802226 436640881 463390258 463390258
157710664 163679571 125627477 134066260 135335202 99649487 157710664
101153 118906 145143 160865 86077 115114 101153
34067293 39658376 60624036 67462271 36774114 55251469 34067293
4181 4706 6342 6385 3585 5728 4181
32957528 35323052 81188092 85536110 27575178 52110223 32957528
6431546 7112289 3586866 3802764 5146467 3133859 6431546
11606351 13410591 10754144 11725391 11077858 10660453 11606351
16747416 18923044 69211108 73445034 15688843 56381488 16747416
55445593 93685331 49604235 55423134 45914884 47497489 47497489
3688440121 -1 -1 -1 3286792606 -1 -1
25070519 27813703 39274584 42765810 23529126 29674793 25070519
3881 4197 4674 4827 3100 3678 3881
3560 4112 4626 4546 3377 3362 3362
1014 975 1460 1498 927 1109 1014
260 268 234 231 255 265 260
19638938 21066816 28156701 29920976 18126599 24779225 19638938
24263 31030 29125 31579 20255 26836 24263
7529 8259 8286 8632 6358 7595 7529
3586516866 -1 -1 -1 3088153717 -1 3586516866
54566 63372 66518 72654 48403 75402 54566
4674573 4948124 6901734 7402290 4144091 5998603 4674573
3284706245 3840957797 3706797809 4273055011 2761616882 3255520658 3255520658
2344905 2550422 2416249 2613686 1976322 2034550 2034550
211 211 328 328 227 279 211
-1 -1 -1 -1 -1 -1 -1
823349 920605 1571867 1740441 746894 1787909 823349
198852 216450 235020 249226 197077 206952 198852
441071932 503034785 257868927 295035105 380626638 213448534 213448534
8855 11859 7902 8455 7454 7066 7066
9824 10190 6527 6624 9787 5968 9824
48569 53010 52448 54158 52185 49088 48569
118211360 137726064 138234452 150470512 106832995 106566209 118211360
8123462 8610913 11569982 12662124 7818098 9490433 8123462
12533243 13778898 17156113 18410577 9827132 8941925 8941925
1931 1952 2094 2082 1357 1374 1931
1195 1262 2842 2710 1158 3257 1195
-1 -1 -1 -1 -1 -1 -1
-1 -1 -1 -1 -1 -1 -1
28599585 30250653 43945621 45948957 22881989 29226398 28599585
1349733904 1489502341 1628600795 1797387877 1255400272 1041532100 1349733904
107717 124778 106354 115486 83674 89329 107717
-1 -1 -1 -1 -1 -1 -1
87358 118135 41010 45590 75887 34698 87358
719 544 2573 2925 621 1486 719
4170 4600 3640 3953 3636 3394 3394
1528209 1821627 1542908 1662411 454369 732573 1528209
-1 -1 -1 -1 -1 -1 -1
-1 -1 -1 -1 -1 -1 -1
250979209 300753165 320164131 358081219 224260324 259538985 250979209
70 70 95 95 70 93 70
1520 1720 2027 2156 1379 2028 1520
58194 67088 53108 55877 52580 37781 37781
217158111 269028882 258940848 295554659 195020490 305184994 217158111
1624514 1857905 2001958 2274496 1371877 1469297 1469297
216 223 222 225 234 246 216
20066 23643 20255 21820 16085 13823 13823
1327 1354 4388 4486 1254 4281 1327
275524 389547 349257 398062 240388 320148 275524
173 193 179 193 174 169 173
33425829 35499361 27422826 29282555 28677336 21158135 33425829
-1 -1 -1 -1 -1 -1 -1
1166775456 1303963842 1465580488 1583029761 833241074 752187622 1166775456
28013 42310 25851 27958 25186 25419 28013
1755547 1869877 2135903 2332218 1457822 1368936 1755547
40265 43757 48433 50576 37703 41037 40265
-1 -1 -1 -1 -1 -1 -1
1904 2136 2860 2972 1743 2409 1904
-1 -1 -1 -1 -1 -1 -1
61675987 78425745 59689745 67102801 54938346 54206625 61675987
6518 6845 8467 9164 6331 7680 6518
3548919275 3934733064 -1 -1 3143521995 -1 -1
9701 10113 6296 6479 8683 4245 9701
5166 5288 6196 6181 4847 5592 5166
166781935 177500318 168309323 182517612 142625883 115627508 166781935
4447050 5052563 5690046 6350203 3941412 3798765 3798765
325 335 392 397 317 319 325
13315 16058 16504 16776 12687 14522 13315
595832573 716771390 618421488 696317798 483217029 462286058 462286058
431575214 491746572 532502610 609790848 371360929 339954399 339954399
875275814 955683683 1873138819 2066088223 823296373 958310965 875275814
131508939 144943009 511311605 536854322 131942109 338868721 131508939
670132 985074 633326 709961 588890 579786 670132
1886193 2195414 1990996 2269644 1618440 1387580 1387580
26439 32281 31015 33330 15613 18019 26439
180 180 180 180 180 180 180
-1 -1 -1 -1 -1 -1 -1
2523893 2933532 3354675 3781838 2031556 2437976 2437976
64980596 75884427 100331433 112412828 53914091 77076690 64980596
1588 1642 2303 2489 1051 2054 1588
5708 6275 8794 9559 5142 8195 8195
140839 160290 172822 181566 128338 139143 139143
5076297 5327183 6810326 7482116 4718879 3630177 5076297
1867873 2123335 1812205 1978489 1492452 1466655 1867873
1858628 2145113 3397030 3660602 1633817 2837778 1858628
1230154 1537443 1396332 1540662 1159149 1185065 1185065
-1 -1 -1 -1 -1 -1 -1
2648 2804 2017 2063 2117 1711 2648
890544 991498 2613432 2849050 837215 2040940 890544
1074 1348 874 1144 921 729 1074
403 421 638 635 353 590 590
175063 36130 216319 48169 160057 188317 175063
1528767 1815530 1492852 1641387 1278754 878203 878203
133670 143104 99762 105159 128921 104498 133670
149841428 168165993 206696524 213374924 154770141 163842621 149841428
38597 41576 24590 26257 35837 22650 22650
179976785 189480077 231353877 241537733 153090818 136498736 179976785
365768 400371 397356 417523 339175 329551 365768
23274 26470 26507 28654 21618 22949 23274
-1 -1 -1 -1 -1 -1 -1
-1 -1 -1 -1 -1 -1 -1
369 361 702 683 297 676 369
791066 810434 1137866 1164725 723842 924591 791066
177896566 211099604 212731599 242985417 149772204 169889764 177896566
5314765 5873080 8353761 9367182 4494213 6285838 5314765
88787478 104264486 25770124 28087997 78530041 19596344 19596344
82577 88273 76900 81524 81709 70537 70537
-1 -1 -1 -1 -1 -1 -1
-1 -1 -1 -1 -1 -1 -1
288988 312848 272382 298035 264665 232728 288988
15173902 18895381 17387597 18411693 8304306 8671722 8671722
-1 -1 -1 -1 -1 -1 -1
418 493 370 381 376 307 307
3247323683 3959863010 -1 -1 2838619745 2771260146 2771260146
-1 -1 -1 -1 -1 -1 -1
-1 -1 -1 -1 -1 -1 -1
-1 -1 -1 -1 -1 -1 -1
5459688 6986817 8639399 10582678 5104846 7418608 7418608
2601 2861 16965 17150 2577 16636 2601
363 387 339 337 345 305 305
-1 -1 -1 -1 -1 -1 -1
127 127 101 101 93 73 127
3882 4099 4106 4172 3387 3289 3882
552 554 621 621 552 503 552
-1 -1 3420375355 -1 -1 2596789658 -1
844711 957261 826066 914170 764867 705750 844711
-1 -1 -1 -1 -1 -1 -1
17214275 18559297 25397073 28614911 16241743 24731403 17214275
21749 7090 26917 27871 18715 8453 21749
-1 -1 -1 -1 -1 -1 -1
5318 5603 5675 6002 4790 3959 3959
233516 273662 261627 281107 190301 184592 233516
19135012 21473332 26365851 30182918 16197019 21004882 19135012
337848 377712 391491 414731 334945 322628 337848
315875 340247 160693 165752 281620 138139 315875
34772649 38479657 26955388 28828495 28896509 22875592 34772649
96951 125460 115985 131031 85544 101178 96951
-1 -1 -1 -1 -1 -1 -1
3155 3411 3256 3964 2293 2833 3155
300078 306835 245187 242585 209283 129018 300078
2880 2948 3390 3437 2811 2813 2880
6093 8413 7920 8248 5111 7931 6093
-1 -1 -1 -1 -1 -1 -1
-1 -1 -1 -1 -1 -1 -1
859795038 900941056 1874791343 1956217553 702646614 1267338852 859795038
1348 1451 1233 1300 1101 1002 1348
39932 40624 40953 40904 38065 37491 39932
42927 46466 52012 56064 35124 50711 42927
1316 1562 1872 1942 1153 1367 1367
829668394 881669092 445014985 483372397 659944296 315301238 829668394
79490 85343 157782 181604 74157 301691 79490
1558 1620 1546 1582 1099 1290 1290
70725 100334 63929 66085 71901 74146 70725
1550193 1864679 1789255 1961471 1401560 1594040 1594040
29681941 35072890 46040804 50488911 25924097 37269035 29681941
54414 74013 75159 74082 51661 59207 54414
38217 41398 26896 28263 30941 21424 38217
-1 -1 -1 -1 -1 -1 -1
409961 441173 399448 421695 349434 437042 409961
2086 2190 2551 2655 1885 2331 2086
55217 62952 110170 117455 48084 123831 55217
4036449723 -1 -1 -1 4079922281 -1 4036449723
1304177 1385514 1652016 1716270 1140797 1095776 1304177
1654390 2081954 2134812 2394374 1465333 1906475 1906475
160718228 187365618 440344346 487491652 155741343 386941160 160718228
350431657 372007813 855610281 905356809 311965864 500221784 350431657
6838 7532 8037 8977 6009 7527 7527
34 34 34 34 34 34 34
8111 8341 6110 6162 7398 5449 5449
9214 10872 13181 14001 9338 10365 9214
-1 -1 -1 -1 -1 -1 -1
152431 160882 143045 150770 143441 122774 122774
51482 65149 55214 60890 36529 39490 39490
13014 14114 11933 12722 11395 10231 13014
5690 5078 5734 5793 5203 5815 5815
9699 10462 11392 12243 9659 11042 9699
180672 129771 199560 235576 168825 189670 189670
415611105 453811808 424504185 472636129 355096610 316822475 415611105
84737 88703 197588 202013 79654 177623 84737
65047586 73371515 42685188 46175604 63195633 34644779 65047586
162897456 178710267 213877136 231184511 113820330 122194635 162897456
140343790 167211263 277794237 298978141 128893089 221892798 221892798
1288913844 1639635935 474017002 539561394 1175623656 495022047 1288913844
11876 12553 6251 6541 10512 5706 11876
