instance n_pattern n_target runtime_realkdown runtime_kdown solsize solsize_over_n_pattern
F.04 270 300 252 3 270 1.0
C.18 900 1000 2092 102 900 1.0
A.04 180 200 46 1 180 1.0
C.02 900 1000 2290 144 900 1.0
F.20 270 300 319 3 270 1.0
B.20 540 600 570 54 540 1.0
C.08 900 1000 2048 29621 900 1.0
B.11 540 600 682 11 540 1.0
C.10 900 1000 2081 2263 900 1.0
B.06 540 600 683 16 540 1.0
F.08 270 300 320 3 270 1.0
B.07 540 600 591 30 540 1.0
C.01 900 1000 2259 918 900 1.0
B.10 540 600 641 15 540 1.0
A.15 180 200 48 1 180 1.0
C.19 900 1000 2325 492 900 1.0
B.02 540 600 560 50 540 1.0
C.20 900 1000 2031 288 900 1.0
F.02 270 300 260 3 270 1.0
F.11 270 300 235 3 270 1.0
F.12 270 300 236 3 270 1.0
B.16 540 600 567 14 540 1.0
A.08 180 200 45 2 180 1.0
C.14 900 1000 2116 37 900 1.0
F.16 270 300 232 3 270 1.0
F.06 270 300 248 3 270 1.0
A.03 180 200 54 3 180 1.0
C.15 900 1000 2233 2564 900 1.0
A.16 180 200 47 2 180 1.0
B.14 540 600 745 804 540 1.0
A.02 180 200 46 1 180 1.0
F.14 270 300 264 5 270 1.0
F.05 270 300 254 4 270 1.0
B.09 540 600 738 19 540 1.0
A.01 180 200 47 1 180 1.0
C.05 900 1000 2005 53 900 1.0
B.01 540 600 579 255 540 1.0
A.09 180 200 47 1 180 1.0
A.07 180 200 46 2 180 1.0
F.03 270 300 235 3 270 1.0
C.06 900 1000 2152 148 900 1.0
C.09 900 1000 2136 41 900 1.0
B.17 540 600 552 70 540 1.0
C.07 900 1000 2099 84 900 1.0
C.11 900 1000 2189 11932 900 1.0
A.17 180 200 46 1 180 1.0
B.15 540 600 675 25 540 1.0
F.19 270 300 251 3 270 1.0
A.12 180 200 46 3 180 1.0
B.08 540 600 583 108 540 1.0
F.17 270 300 233 5 270 1.0
C.04 900 1000 2286 709016 900 1.0
B.19 540 600 627 52 540 1.0
C.16 900 1000 2403 5590 900 1.0
C.17 900 1000 2764 3612 900 1.0
F.13 270 300 358 3 270 1.0
A.20 180 200 47 3 180 1.0
B.12 540 600 565 319 540 1.0
F.09 270 300 280 4 270 1.0
A.10 180 200 74 2 180 1.0
F.18 270 300 264 10 270 1.0
E.10 270 300 264 5 270 1.0
A.06 180 200 67 1 180 1.0
B.03 540 600 566 13 540 1.0
B.18 540 600 603 10 540 1.0
C.03 900 1000 2578 140 900 1.0
A.18 180 200 50 2 180 1.0
F.15 270 300 230 3 270 1.0
A.19 180 200 47 3 180 1.0
C.12 900 1000 2091 2321 900 1.0
B.05 540 600 656 60 540 1.0
A.13 180 200 47 1 180 1.0
A.05 180 200 61 1 180 1.0
F.01 270 300 226 4 270 1.0
B.13 540 600 556 44 540 1.0
A.14 180 200 65 5 180 1.0
B.04 540 600 551 53 540 1.0
C.13 900 1000 2137 71 900 1.0
F.07 270 300 304 5 270 1.0
A.11 180 200 55 1 180 1.0
si6_r005_m400.07 240 400 11684 27 240 1.0
si6_r005_m400.00 240 400 9457 33 240 1.0
si6_r005_m400.01 240 400 4527 16 240 1.0
si6_r005_m400.02 240 400 3576 11 240 1.0
si6_r005_m400.04 240 400 4036 8 240 1.0
si6_r005_m400.05 240 400 14651 7 240 1.0
si6_r005_m400.09 240 400 2523 6 240 1.0
si6_r005_m400.03 240 400 7382 7 240 1.0
si6_r005_m400.06 240 400 2764 5 240 1.0
si6_r005_m400.08 240 400 4258 19 240 1.0
si6_m4Dr6_m625.04 375 625 426 6 375 1.0
si6_m4Dr6_m625.01 375 625 404 9 375 1.0
si6_m4Dr6_m625.09 375 625 412 8 375 1.0
si6_m4Dr6_m625.07 375 625 487 10 375 1.0
si6_m4Dr6_m625.00 375 625 462 7 375 1.0
si6_m4Dr6_m625.08 375 625 534 7 375 1.0
si6_m4Dr6_m625.05 375 625 544 11 375 1.0
si6_m4Dr6_m625.06 375 625 410 7 375 1.0
si6_m4Dr6_m625.02 375 625 423 7 375 1.0
si6_m4Dr6_m625.03 375 625 459 6 375 1.0
si4_m4Dr2_m625.09 250 625 311 8 250 1.0
si4_m4Dr2_m625.04 250 625 362 12 250 1.0
si4_m4Dr2_m625.02 250 625 373 5 250 1.0
si4_m4Dr2_m625.07 250 625 301 8 250 1.0
si4_m4Dr2_m625.00 250 625 425 5 250 1.0
si4_m4Dr2_m625.08 250 625 296 6 250 1.0
si4_m4Dr2_m625.01 250 625 301 6 250 1.0
si4_m4Dr2_m625.06 250 625 322 5 250 1.0
si4_m4Dr2_m625.03 250 625 307 10 250 1.0
si4_m4Dr2_m625.05 250 625 308 11 250 1.0
si2_r001_m600.00 120 600 579 1000000 120 1.0
si2_r001_m600.06 120 600 574 1000000 120 1.0
si2_r001_m600.04 120 600 812 158 120 1.0
si2_r001_m600.07 120 600 504 1000000 120 1.0
si2_r001_m600.02 120 600 288 1000000 120 1.0
si2_r001_m600.08 120 600 687 1000000 120 1.0
si2_r001_m600.03 120 600 342 1000000 120 1.0
si2_r001_m600.01 120 600 244 1000000 120 1.0
si2_r001_m600.05 120 600 368 1000000 120 1.0
si2_r001_m600.09 120 600 1104 1000000 120 1.0
si2_m4Dr2_m256.09 51 256 54 10 51 1.0
si2_m4Dr2_m256.03 51 256 142 68 51 1.0
si2_m4Dr2_m256.04 51 256 45 56 51 1.0
si2_m4Dr2_m256.07 51 256 31 2 51 1.0
si2_m4Dr2_m256.00 51 256 32 14 51 1.0
si2_m4Dr2_m256.06 51 256 51 63 51 1.0
si2_m4Dr2_m256.08 51 256 47 1 51 1.0
si2_m4Dr2_m256.05 51 256 49 0 51 1.0
si2_m4Dr2_m256.01 51 256 31 2 51 1.0
si2_m4Dr2_m256.02 51 256 30 3 51 1.0
si6_r001_m600.09 360 600 683 7 360 1.0
si6_r001_m600.00 360 600 502 268 360 1.0
si6_r001_m600.07 360 600 506 8 360 1.0
si6_r001_m600.03 360 600 492 26 360 1.0
si6_r001_m600.01 360 600 475 17 360 1.0
si6_r001_m600.06 360 600 476 10 360 1.0
si6_r001_m600.08 360 600 719 7 360 1.0
si6_r001_m600.02 360 600 530 65 360 1.0
si6_r001_m600.04 360 600 656 365 360 1.0
si6_r001_m600.05 360 600 479 7 360 1.0
si2_m4Dr2_m1296.05 259 1296 1316 20 259 1.0
si2_m4Dr2_m1296.09 259 1296 1452 26 259 1.0
si2_m4Dr2_m1296.02 259 1296 1604 82 259 1.0
si2_m4Dr2_m1296.07 259 1296 1476 81 259 1.0
si2_m4Dr2_m1296.00 259 1296 1313 17 259 1.0
si2_m4Dr2_m1296.06 259 1296 1580 137 259 1.0
si2_m4Dr2_m1296.08 259 1296 1360 24 259 1.0
si2_m4Dr2_m1296.01 259 1296 1606 429 259 1.0
si2_m4Dr2_m1296.03 259 1296 1321 24 259 1.0
si2_m4Dr2_m1296.04 259 1296 1409 18 259 1.0
si4_b06m_m800.08 320 800 569 12 320 1.0
si4_b06m_m800.00 320 800 533 9 320 1.0
si4_b06m_m800.06 320 800 520 9 320 1.0
si4_b06m_m800.05 320 800 682 9 320 1.0
si4_b06m_m800.04 320 800 521 7 320 1.0
si4_b06m_m800.09 320 800 681 8 320 1.0
si4_b06m_m800.01 320 800 537 11 320 1.0
si4_b06m_m800.07 320 800 546 8 320 1.0
si4_b06m_m800.03 320 800 778 8 320 1.0
si4_b06m_m800.02 320 800 548 7 320 1.0
si6_m4Dr2_m625.08 375 625 568 6 375 1.0
si6_m4Dr2_m625.09 375 625 428 6 375 1.0
si6_m4Dr2_m625.05 375 625 459 16 375 1.0
si6_m4Dr2_m625.01 375 625 396 10 375 1.0
si6_m4Dr2_m625.06 375 625 490 10 375 1.0
si6_m4Dr2_m625.00 375 625 424 10 375 1.0
si6_m4Dr2_m625.03 375 625 405 10 375 1.0
si6_m4Dr2_m625.02 375 625 652 9 375 1.0
si6_m4Dr2_m625.07 375 625 404 6 375 1.0
si6_m4Dr2_m625.04 375 625 399 8 375 1.0
si2_m4D_m1296.01 259 1296 1604 100 259 1.0
si2_m4D_m1296.08 259 1296 1360 25 259 1.0
si2_m4D_m1296.06 259 1296 1397 179 259 1.0
si2_m4D_m1296.05 259 1296 1176 20 259 1.0
si2_m4D_m1296.09 259 1296 1179 51 259 1.0
si2_m4D_m1296.03 259 1296 1359 93 259 1.0
si2_m4D_m1296.07 259 1296 1392 24 259 1.0
si2_m4D_m1296.02 259 1296 1366 25 259 1.0
si2_m4D_m1296.04 259 1296 1316 28 259 1.0
si2_m4D_m1296.00 259 1296 1201 28 259 1.0
si4_b03_m800.05 320 800 640 10 320 1.0
si4_b03_m800.00 320 800 672 10 320 1.0
si4_b03_m800.08 320 800 624 7 320 1.0
si4_b03_m800.09 320 800 685 6 320 1.0
si4_b03_m800.03 320 800 712 7 320 1.0
si4_b03_m800.02 320 800 743 6 320 1.0
si4_b03_m800.04 320 800 824 8 320 1.0
si4_b03_m800.01 320 800 727 6 320 1.0
si4_b03_m800.06 320 800 670 6 320 1.0
si4_b03_m800.07 320 800 621 9 320 1.0
si6_m4D_m1296.02 777 1296 2339 102 777 1.0
si6_m4D_m1296.07 777 1296 3528 55 777 1.0
si6_m4D_m1296.05 777 1296 2835 89 777 1.0
si6_m4D_m1296.09 777 1296 4045 86 777 1.0
si6_m4D_m1296.00 777 1296 126328 86110 777 1.0
si6_m4D_m1296.08 777 1296 3241 66 777 1.0
si6_m4D_m1296.04 777 1296 2338 105 777 1.0
si6_m4D_m1296.06 777 1296 3650 57 777 1.0
si6_m4D_m1296.01 777 1296 248607 23844 777 1.0
si6_m4D_m1296.03 777 1296 11161 1609 777 1.0
si6_r001_m200.05 120 200 34 42 120 1.0
si6_r001_m200.09 120 200 60 10 120 1.0
si6_r001_m200.07 120 200 32 0 120 1.0
si6_r001_m200.02 120 200 34 5 120 1.0
si6_r001_m200.01 120 200 33 1 120 1.0
si6_r001_m200.00 120 200 55 1 120 1.0
si6_r001_m200.04 120 200 33 8 120 1.0
si6_r001_m200.06 120 200 33 0 120 1.0
si6_r001_m200.08 120 200 33 1 120 1.0
si6_r001_m200.03 120 200 34 1 120 1.0
si4_b06_m400.06 160 400 132 2 160 1.0
si4_b06_m400.07 160 400 171 3 160 1.0
si4_b06_m400.09 160 400 186 2 160 1.0
si4_b06_m400.01 160 400 155 3 160 1.0
si4_b06_m400.04 160 400 142 2 160 1.0
si4_b06_m400.03 160 400 140 2 160 1.0
si4_b06_m400.00 160 400 146 2 160 1.0
si4_b06_m400.05 160 400 227 3 160 1.0
si4_b06_m400.08 160 400 133 2 160 1.0
si4_b06_m400.02 160 400 136 2 160 1.0
si2_m4Dr6_m256.06 51 256 32 7 51 1.0
si2_m4Dr6_m256.05 51 256 32 0 51 1.0
si2_m4Dr6_m256.09 51 256 32 10 51 1.0
si2_m4Dr6_m256.00 51 256 33 12 51 1.0
si2_m4Dr6_m256.07 51 256 32 1 51 1.0
si2_m4Dr6_m256.04 51 256 33 1 51 1.0
si2_m4Dr6_m256.02 51 256 33 3 51 1.0
si2_m4Dr6_m256.01 51 256 34 50 51 1.0
si2_m4Dr6_m256.08 51 256 58 5 51 1.0
si2_m4Dr6_m256.03 51 256 32 1 51 1.0
si6_r01_m200.04 120 200 1349 2 120 1.0
si6_r01_m200.08 120 200 656 6 120 1.0
si6_r01_m200.02 120 200 3091 9 120 1.0
si6_r01_m200.09 120 200 4904 1 120 1.0
si6_r01_m200.07 120 200 1043 5 120 1.0
si6_r01_m200.00 120 200 1100 12 120 1.0
si6_r01_m200.01 120 200 12811 2 120 1.0
si6_r01_m200.03 120 200 3007 25 120 1.0
si6_r01_m200.05 120 200 4616 8 120 1.0
si6_r01_m200.06 120 200 4707 3 120 1.0
si2_b03m_m800.03 160 800 500 6 160 1.0
si2_b03m_m800.02 160 800 329 7 160 1.0
si2_b03m_m800.09 160 800 432 9 160 1.0
si2_b03m_m800.04 160 800 352 6 160 1.0
si2_b03m_m800.06 160 800 331 6 160 1.0
si2_b03m_m800.05 160 800 478 9 160 1.0
si2_b03m_m800.01 160 800 344 9 160 1.0
si2_b03m_m800.08 160 800 388 6 160 1.0
si2_b03m_m800.07 160 800 340 1000000 160 1.0
si2_b03m_m800.00 160 800 335 6 160 1.0
si2_r001_m200.06 40 200 39 10 40 1.0
si2_r001_m200.01 40 200 20 397 40 1.0
si2_r001_m200.02 40 200 35 170 40 1.0
si2_r001_m200.07 40 200 19 1 40 1.0
si2_r001_m200.04 40 200 20 5 40 1.0
si2_r001_m200.05 40 200 52 307734 40 1.0
si2_r001_m200.09 40 200 3833 64716 40 1.0
si2_r001_m200.03 40 200 28 2578 40 1.0
si2_r001_m200.00 40 200 21 0 40 1.0
si2_r001_m200.08 40 200 24 18380 40 1.0
si6_b03m_m800.01 480 800 686 13 480 1.0
si6_b03m_m800.08 480 800 679 9 480 1.0
si6_b03m_m800.03 480 800 681 83 480 1.0
si6_b03m_m800.00 480 800 680 13 480 1.0
si6_b03m_m800.04 480 800 790 9 480 1.0
si6_b03m_m800.05 480 800 681 9 480 1.0
si6_b03m_m800.07 480 800 676 14 480 1.0
si6_b03m_m800.06 480 800 681 13 480 1.0
si6_b03m_m800.09 480 800 694 13 480 1.0
si6_b03m_m800.02 480 800 672 14 480 1.0
si4_r005_m200.00 80 200 445 22 80 1.0
si4_r005_m200.08 80 200 132 2 80 1.0
si4_r005_m200.02 80 200 110 23 80 1.0
si4_r005_m200.05 80 200 127 2 80 1.0
si4_r005_m200.06 80 200 103 2 80 1.0
si4_r005_m200.04 80 200 872 4 80 1.0
si4_r005_m200.07 80 200 267 4 80 1.0
si4_r005_m200.09 80 200 264 6 80 1.0
si4_r005_m200.01 80 200 241 2 80 1.0
si4_r005_m200.03 80 200 207 7 80 1.0
si6_b09m_m400.03 240 400 176 4 240 1.0
si6_b09m_m400.07 240 400 275 4 240 1.0
si6_b09m_m400.00 240 400 162 3 240 1.0
si6_b09m_m400.04 240 400 163 4 240 1.0
si6_b09m_m400.06 240 400 162 4 240 1.0
si6_b09m_m400.08 240 400 159 4 240 1.0
si6_b09m_m400.02 240 400 162 3 240 1.0
si6_b09m_m400.05 240 400 159 4 240 1.0
si6_b09m_m400.09 240 400 163 5 240 1.0
si6_b09m_m400.01 240 400 162 3 240 1.0
si2_b09_m200.08 40 200 22 0 40 1.0
si2_b09_m200.01 40 200 40 0 40 1.0
si2_b09_m200.06 40 200 38 0 40 1.0
si2_b09_m200.05 40 200 22 0 40 1.0
si2_b09_m200.00 40 200 22 0 40 1.0
si2_b09_m200.02 40 200 36 0 40 1.0
si2_b09_m200.03 40 200 22 0 40 1.0
si2_b09_m200.04 40 200 22 0 40 1.0
si2_b09_m200.09 40 200 36 1 40 1.0
si2_b09_m200.07 40 200 36 0 40 1.0
si6_r01_m600.02 360 600 902757 178 360 1.0
si6_r01_m600.06 360 600 820446 12 360 1.0
si6_r01_m600.09 360 600 347294 532 360 1.0
si6_r01_m600.08 360 600 1000000 4278 360 1.0
si6_r01_m600.05 360 600 789909 15 360 1.0
si6_r01_m600.07 360 600 1000000 384 360 1.0
si6_r01_m600.03 360 600 691749 222 360 1.0
si6_r01_m600.00 360 600 207339 120 360 1.0
si6_r01_m600.01 360 600 1000000 39 360 1.0
si6_r01_m600.04 360 600 1000000 721 360 1.0
si2_b06_m200.02 40 200 31 0 40 1.0
si2_b06_m200.00 40 200 20 0 40 1.0
si2_b06_m200.01 40 200 33 0 40 1.0
si2_b06_m200.06 40 200 20 0 40 1.0
si2_b06_m200.09 40 200 20 0 40 1.0
si2_b06_m200.07 40 200 20 0 40 1.0
si2_b06_m200.04 40 200 20 0 40 1.0
si2_b06_m200.08 40 200 20 0 40 1.0
si2_b06_m200.03 40 200 35 0 40 1.0
si2_b06_m200.05 40 200 20 0 40 1.0
si6_m4Dr2_m1296.05 777 1296 2511 42 777 1.0
si6_m4Dr2_m1296.09 777 1296 2677 33 777 1.0
si6_m4Dr2_m1296.01 777 1296 3202 32 777 1.0
si6_m4Dr2_m1296.06 777 1296 3023 28 777 1.0
si6_m4Dr2_m1296.07 777 1296 2677 34 777 1.0
si6_m4Dr2_m1296.03 777 1296 2760 32 777 1.0
si6_m4Dr2_m1296.04 777 1296 2497 32 777 1.0
si6_m4Dr2_m1296.00 777 1296 2702 27 777 1.0
si6_m4Dr2_m1296.08 777 1296 2630 41 777 1.0
si6_m4Dr2_m1296.02 777 1296 2547 46 777 1.0
si2_b09m_m800.09 160 800 415 10 160 1.0
si2_b09m_m800.07 160 800 418 34226 160 1.0
si2_b09m_m800.00 160 800 532 7 160 1.0
si2_b09m_m800.04 160 800 483 10 160 1.0
si2_b09m_m800.02 160 800 410 10 160 1.0
si2_b09m_m800.05 160 800 418 13 160 1.0
si2_b09m_m800.03 160 800 418 10 160 1.0
si2_b09m_m800.08 160 800 594 6 160 1.0
si2_b09m_m800.06 160 800 410 8 160 1.0
si2_b09m_m800.01 160 800 536 6 160 1.0
si4_b03_m400.01 160 400 212 1 160 1.0
si4_b03_m400.02 160 400 129 3 160 1.0
si4_b03_m400.05 160 400 219 1 160 1.0
si4_b03_m400.07 160 400 129 1 160 1.0
si4_b03_m400.06 160 400 144 2 160 1.0
si4_b03_m400.00 160 400 128 3 160 1.0
si4_b03_m400.03 160 400 134 2 160 1.0
si4_b03_m400.04 160 400 203 1 160 1.0
si4_b03_m400.09 160 400 129 1 160 1.0
si4_b03_m400.08 160 400 128 2 160 1.0
si2_b03_m200.05 40 200 30 0 40 1.0
si2_b03_m200.09 40 200 26 0 40 1.0
si2_b03_m200.07 40 200 18 0 40 1.0
si2_b03_m200.01 40 200 18 0 40 1.0
si2_b03_m200.08 40 200 27 0 40 1.0
si2_b03_m200.02 40 200 30 0 40 1.0
si2_b03_m200.04 40 200 32 0 40 1.0
si2_b03_m200.03 40 200 30 0 40 1.0
si2_b03_m200.06 40 200 18 0 40 1.0
si2_b03_m200.00 40 200 18 0 40 1.0
si4_r005_m600.00 240 600 104464 124 240 1.0
si4_r005_m600.02 240 600 30411 146 240 1.0
si4_r005_m600.08 240 600 113407 1039 240 1.0
si4_r005_m600.05 240 600 64060 373 240 1.0
si4_r005_m600.07 240 600 51034 210 240 1.0
si4_r005_m600.06 240 600 197042 432 240 1.0
si4_r005_m600.01 240 600 85976 62 240 1.0
si4_r005_m600.04 240 600 89941 406 240 1.0
si4_r005_m600.03 240 600 37166 55 240 1.0
si4_r005_m600.09 240 600 32662 28 240 1.0
si4_b09_m400.05 160 400 136 2 160 1.0
si4_b09_m400.03 160 400 170 2 160 1.0
si4_b09_m400.00 160 400 137 3 160 1.0
si4_b09_m400.07 160 400 136 2 160 1.0
si4_b09_m400.01 160 400 239 2 160 1.0
si4_b09_m400.06 160 400 199 3 160 1.0
si4_b09_m400.04 160 400 136 2 160 1.0
si4_b09_m400.02 160 400 183 2 160 1.0
si4_b09_m400.08 160 400 137 2 160 1.0
si4_b09_m400.09 160 400 138 3 160 1.0
si4_b06m_m400.06 160 400 188 3 160 1.0
si4_b06m_m400.03 160 400 111 3 160 1.0
si4_b06m_m400.01 160 400 115 2 160 1.0
si4_b06m_m400.08 160 400 115 3 160 1.0
si4_b06m_m400.05 160 400 119 3 160 1.0
si4_b06m_m400.07 160 400 184 2 160 1.0
si4_b06m_m400.00 160 400 143 3 160 1.0
si4_b06m_m400.04 160 400 134 2 160 1.0
si4_b06m_m400.09 160 400 201 2 160 1.0
si4_b06m_m400.02 160 400 142 2 160 1.0
si2_m4Dr2_m625.05 125 625 206 8 125 1.0
si2_m4Dr2_m625.00 125 625 310 7 125 1.0
si2_m4Dr2_m625.08 125 625 221 4 125 1.0
si2_m4Dr2_m625.09 125 625 208 6 125 1.0
si2_m4Dr2_m625.06 125 625 215 11 125 1.0
si2_m4Dr2_m625.04 125 625 239 17 125 1.0
si2_m4Dr2_m625.01 125 625 261 17 125 1.0
si2_m4Dr2_m625.03 125 625 230 6 125 1.0
si2_m4Dr2_m625.02 125 625 218 13 125 1.0
si2_m4Dr2_m625.07 125 625 220 4 125 1.0
si2_r005_m200.02 40 200 120 1 40 1.0
si2_r005_m200.01 40 200 2953 5619 40 1.0
si2_r005_m200.03 40 200 300 32 40 1.0
si2_r005_m200.05 40 200 5779 448 40 1.0
si2_r005_m200.08 40 200 1542 199 40 1.0
si2_r005_m200.04 40 200 164 91 40 1.0
si2_r005_m200.09 40 200 303 75 40 1.0
si2_r005_m200.06 40 200 378 21 40 1.0
si2_r005_m200.00 40 200 1545 107 40 1.0
si2_r005_m200.07 40 200 136 52 40 1.0
si4_b03m_m400.03 160 400 122 2 160 1.0
si4_b03m_m400.09 160 400 147 3 160 1.0
si4_b03m_m400.08 160 400 131 2 160 1.0
si4_b03m_m400.04 160 400 103 2 160 1.0
si4_b03m_m400.00 160 400 105 2 160 1.0
si4_b03m_m400.01 160 400 105 2 160 1.0
si4_b03m_m400.07 160 400 136 3 160 1.0
si4_b03m_m400.02 160 400 181 3 160 1.0
si4_b03m_m400.06 160 400 126 2 160 1.0
si4_b03m_m400.05 160 400 100 2 160 1.0
si2_r01_m600.01 120 600 1000000 6213 120 1.0
si2_r01_m600.06 120 600 1000000 20617 120 1.0
si2_r01_m600.09 120 600 1000000 47716 120 1.0
si2_r01_m600.08 120 600 1000000 87497 120 1.0
si2_r01_m600.04 120 600 1000000 18577 120 1.0
si2_r01_m600.02 120 600 1000000 23674 120 1.0
si2_r01_m600.00 120 600 1000000 11724 120 1.0
si2_r01_m600.07 120 600 1000000 7496 120 1.0
si2_r01_m600.03 120 600 1000000 11446 120 1.0
si2_r01_m600.05 120 600 1000000 15918 120 1.0
si4_m4Dr6_m256.01 102 256 44 1 102 1.0
si4_m4Dr6_m256.00 102 256 68 4 102 1.0
si4_m4Dr6_m256.05 102 256 52 5 102 1.0
si4_m4Dr6_m256.08 102 256 76 3 102 1.0
si4_m4Dr6_m256.03 102 256 66 1 102 1.0
si4_m4Dr6_m256.06 102 256 70 2 102 1.0
si4_m4Dr6_m256.09 102 256 75 1 102 1.0
si4_m4Dr6_m256.07 102 256 59 17 102 1.0
si4_m4Dr6_m256.02 102 256 44 1 102 1.0
si4_m4Dr6_m256.04 102 256 75 2 102 1.0
si2_b03m_m400.02 80 400 74 5 80 1.0
si2_b03m_m400.00 80 400 73 2 80 1.0
si2_b03m_m400.01 80 400 75 1 80 1.0
si2_b03m_m400.05 80 400 91 4 80 1.0
si2_b03m_m400.08 80 400 75 2 80 1.0
si2_b03m_m400.07 80 400 124 2 80 1.0
si2_b03m_m400.09 80 400 113 1 80 1.0
si2_b03m_m400.03 80 400 75 2 80 1.0
si2_b03m_m400.04 80 400 75 1 80 1.0
si2_b03m_m400.06 80 400 77 1 80 1.0
si2_b03m_m200.05 40 200 16 0 40 1.0
si2_b03m_m200.03 40 200 16 0 40 1.0
si2_b03m_m200.00 40 200 25 1 40 1.0
si2_b03m_m200.08 40 200 28 0 40 1.0
si2_b03m_m200.06 40 200 17 0 40 1.0
si2_b03m_m200.02 40 200 16 0 40 1.0
si2_b03m_m200.09 40 200 17 0 40 1.0
si2_b03m_m200.04 40 200 27 0 40 1.0
si2_b03m_m200.01 40 200 27 0 40 1.0
si2_b03m_m200.07 40 200 16 0 40 1.0
si4_r001_m200.04 80 200 29 10 80 1.0
si4_r001_m200.07 80 200 42 6 80 1.0
si4_r001_m200.00 80 200 27 64 80 1.0
si4_r001_m200.01 80 200 27 1 80 1.0
si4_r001_m200.03 80 200 27 326 80 1.0
si4_r001_m200.06 80 200 26 4 80 1.0
si4_r001_m200.05 80 200 33 30 80 1.0
si4_r001_m200.08 80 200 33 2 80 1.0
si4_r001_m200.09 80 200 35 360 80 1.0
si4_r001_m200.02 80 200 50 17 80 1.0
si2_m4D_m256.08 51 256 50 1 51 1.0
si2_m4D_m256.03 51 256 31 0 51 1.0
si2_m4D_m256.02 51 256 33 1 51 1.0
si2_m4D_m256.06 51 256 50 0 51 1.0
si2_m4D_m256.04 51 256 48 1 51 1.0
si2_m4D_m256.07 51 256 49 1 51 1.0
si2_m4D_m256.01 51 256 45 1 51 1.0
si2_m4D_m256.09 51 256 39 0 51 1.0
si2_m4D_m256.00 51 256 30 0 51 1.0
si2_m4D_m256.05 51 256 51 1 51 1.0
si6_r01_m400.04 240 400 125645 33 240 1.0
si6_r01_m400.08 240 400 114116 43 240 1.0
si6_r01_m400.07 240 400 93417 4 240 1.0
si6_r01_m400.06 240 400 74527 60 240 1.0
si6_r01_m400.05 240 400 226192 13 240 1.0
si6_r01_m400.02 240 400 173892 10 240 1.0
si6_r01_m400.00 240 400 281029 27 240 1.0
si6_r01_m400.03 240 400 24012 142 240 1.0
si6_r01_m400.01 240 400 73647 130 240 1.0
si6_r01_m400.09 240 400 136241 295 240 1.0
si2_m4Dr4_m625.07 125 625 227 30 125 1.0
si2_m4Dr4_m625.02 125 625 220 6 125 1.0
si2_m4Dr4_m625.03 125 625 248 4 125 1.0
si2_m4Dr4_m625.00 125 625 222 5 125 1.0
si2_m4Dr4_m625.05 125 625 215 4 125 1.0
si2_m4Dr4_m625.06 125 625 288 16 125 1.0
si2_m4Dr4_m625.09 125 625 415 2627 125 1.0
si2_m4Dr4_m625.01 125 625 224 5 125 1.0
si2_m4Dr4_m625.08 125 625 285 52 125 1.0
si2_m4Dr4_m625.04 125 625 296 362 125 1.0
si4_r01_m400.01 160 400 71142 144 160 1.0
si4_r01_m400.08 160 400 302034 8 160 1.0
si4_r01_m400.02 160 400 833713 122 160 1.0
si4_r01_m400.03 160 400 311782 304 160 1.0
si4_r01_m400.07 160 400 687152 89 160 1.0
si4_r01_m400.06 160 400 89741 18 160 1.0
si4_r01_m400.04 160 400 811723 2785 160 1.0
si4_r01_m400.00 160 400 924056 1738 160 1.0
si4_r01_m400.05 160 400 85122 243 160 1.0
si4_r01_m400.09 160 400 188858 1440 160 1.0
si2_b09m_m400.09 80 400 95 1 80 1.0
si2_b09m_m400.03 80 400 94 2 80 1.0
si2_b09m_m400.01 80 400 157 1 80 1.0
si2_b09m_m400.08 80 400 94 3 80 1.0
si2_b09m_m400.05 80 400 115 6 80 1.0
si2_b09m_m400.06 80 400 93 2 80 1.0
si2_b09m_m400.00 80 400 162 2 80 1.0
si2_b09m_m400.02 80 400 135 2 80 1.0
si2_b09m_m400.04 80 400 92 2 80 1.0
si2_b09m_m400.07 80 400 98 2 80 1.0
si2_b09_m800.07 160 800 484 9 160 1.0
si2_b09_m800.04 160 800 512 6 160 1.0
si2_b09_m800.05 160 800 418 6 160 1.0
si2_b09_m800.00 160 800 412 6 160 1.0
si2_b09_m800.02 160 800 433 9 160 1.0
si2_b09_m800.01 160 800 409 6 160 1.0
si2_b09_m800.08 160 800 498 6 160 1.0
si2_b09_m800.09 160 800 423 6 160 1.0
si2_b09_m800.03 160 800 547 9 160 1.0
si2_b09_m800.06 160 800 413 6 160 1.0
si6_b03_m400.04 240 400 172 3 240 1.0
si6_b03_m400.09 240 400 201 2 240 1.0
si6_b03_m400.02 240 400 172 2 240 1.0
si6_b03_m400.06 240 400 238 3 240 1.0
si6_b03_m400.05 240 400 184 2 240 1.0
si6_b03_m400.08 240 400 223 2 240 1.0
si6_b03_m400.01 240 400 172 2 240 1.0
si6_b03_m400.07 240 400 172 2 240 1.0
si6_b03_m400.03 240 400 190 3 240 1.0
si6_b03_m400.00 240 400 220 3 240 1.0
si2_r005_m600.03 120 600 44232 1008 120 1.0
si2_r005_m600.00 120 600 255480 12104 120 1.0
si2_r005_m600.06 120 600 178796 3803 120 1.0
si2_r005_m600.01 120 600 162279 9707 120 1.0
si2_r005_m600.04 120 600 311834 1172 120 1.0
si2_r005_m600.09 120 600 77806 848 120 1.0
si2_r005_m600.05 120 600 502861 2024 120 1.0
si2_r005_m600.02 120 600 274352 4292 120 1.0
si2_r005_m600.08 120 600 66120 6820 120 1.0
si2_r005_m600.07 120 600 13682 1975 120 1.0
si4_r01_m600.05 240 600 1000000 340 240 1.0
si4_r01_m600.02 240 600 1000000 900 240 1.0
si4_r01_m600.03 240 600 1000000 2693 240 1.0
si4_r01_m600.07 240 600 1000000 605 240 1.0
si4_r01_m600.08 240 600 1000000 1737 240 1.0
si4_r01_m600.06 240 600 1000000 3882 240 1.0
si4_r01_m600.01 240 600 1000000 71 240 1.0
si4_r01_m600.04 240 600 1000000 24 240 1.0
si4_r01_m600.00 240 600 1000000 18 240 1.0
si4_r01_m600.09 240 600 1000000 2643 240 1.0
si2_b09_m400.04 80 400 91 1 80 1.0
si2_b09_m400.08 80 400 157 2 80 1.0
si2_b09_m400.05 80 400 91 2 80 1.0
si2_b09_m400.01 80 400 105 2 80 1.0
si2_b09_m400.03 80 400 92 1 80 1.0
si2_b09_m400.02 80 400 92 1 80 1.0
si2_b09_m400.07 80 400 92 2 80 1.0
si2_b09_m400.09 80 400 91 3 80 1.0
si2_b09_m400.06 80 400 91 1 80 1.0
si2_b09_m400.00 80 400 115 1 80 1.0
si4_b06_m200.06 80 200 50 0 80 1.0
si4_b06_m200.03 80 200 30 0 80 1.0
si4_b06_m200.02 80 200 29 0 80 1.0
si4_b06_m200.07 80 200 51 0 80 1.0
si4_b06_m200.05 80 200 29 0 80 1.0
si4_b06_m200.08 80 200 43 1 80 1.0
si4_b06_m200.00 80 200 29 1 80 1.0
si4_b06_m200.04 80 200 30 0 80 1.0
si4_b06_m200.01 80 200 50 0 80 1.0
si4_b06_m200.09 80 200 29 0 80 1.0
si4_r005_m400.06 160 400 15530 11 160 1.0
si4_r005_m400.03 160 400 2610 155 160 1.0
si4_r005_m400.07 160 400 17297 88 160 1.0
si4_r005_m400.01 160 400 5531 17 160 1.0
si4_r005_m400.04 160 400 10200 105 160 1.0
si4_r005_m400.00 160 400 10662 31 160 1.0
si4_r005_m400.09 160 400 4802 14 160 1.0
si4_r005_m400.05 160 400 4330 36 160 1.0
si4_r005_m400.08 160 400 4010 5 160 1.0
si4_r005_m400.02 160 400 4865 266 160 1.0
si4_m4Dr2_m1296.07 518 1296 2343 32 518 1.0
si4_m4Dr2_m1296.00 518 1296 1867 24 518 1.0
si4_m4Dr2_m1296.05 518 1296 2658 31 518 1.0
si4_m4Dr2_m1296.04 518 1296 1934 25 518 1.0
si4_m4Dr2_m1296.08 518 1296 2149 36 518 1.0
si4_m4Dr2_m1296.01 518 1296 1956 27 518 1.0
si4_m4Dr2_m1296.06 518 1296 1955 33 518 1.0
si4_m4Dr2_m1296.02 518 1296 1907 21 518 1.0
si4_m4Dr2_m1296.03 518 1296 2167 22 518 1.0
si4_m4Dr2_m1296.09 518 1296 2100 22 518 1.0
si6_b09_m800.03 480 800 928 9 480 1.0
si6_b09_m800.09 480 800 928 19 480 1.0
si6_b09_m800.07 480 800 934 8 480 1.0
si6_b09_m800.05 480 800 929 8 480 1.0
si6_b09_m800.04 480 800 945 9 480 1.0
si6_b09_m800.01 480 800 1046 8 480 1.0
si6_b09_m800.00 480 800 964 9 480 1.0
si6_b09_m800.02 480 800 1074 10 480 1.0
si6_b09_m800.06 480 800 940 8 480 1.0
si6_b09_m800.08 480 800 1080 12 480 1.0
si6_b06m_m400.00 240 400 166 3 240 1.0
si6_b06m_m400.08 240 400 141 4 240 1.0
si6_b06m_m400.03 240 400 146 3 240 1.0
si6_b06m_m400.04 240 400 150 3 240 1.0
si6_b06m_m400.06 240 400 185 3 240 1.0
si6_b06m_m400.07 240 400 140 2 240 1.0
si6_b06m_m400.09 240 400 144 4 240 1.0
si6_b06m_m400.02 240 400 162 4 240 1.0
si6_b06m_m400.01 240 400 139 4 240 1.0
si6_b06m_m400.05 240 400 142 3 240 1.0
si2_m4Dr4_m1296.08 259 1296 1500 35 259 1.0
si2_m4Dr4_m1296.07 259 1296 1506 30 259 1.0
si2_m4Dr4_m1296.03 259 1296 1417 24 259 1.0
si2_m4Dr4_m1296.05 259 1296 1605 18 259 1.0
si2_m4Dr4_m1296.06 259 1296 1457 19 259 1.0
si2_m4Dr4_m1296.04 259 1296 1421 936 259 1.0
si2_m4Dr4_m1296.09 259 1296 1559 33 259 1.0
si2_m4Dr4_m1296.01 259 1296 1379 19 259 1.0
si2_m4Dr4_m1296.00 259 1296 1348 23 259 1.0
si2_m4Dr4_m1296.02 259 1296 1413 31 259 1.0
si6_m4Dr6_m1296.02 777 1296 2969 39 777 1.0
si6_m4Dr6_m1296.08 777 1296 2708 29 777 1.0
si6_m4Dr6_m1296.07 777 1296 3080 43 777 1.0
si6_m4Dr6_m1296.06 777 1296 2781 34 777 1.0
si6_m4Dr6_m1296.03 777 1296 2896 34 777 1.0
si6_m4Dr6_m1296.04 777 1296 3036 29 777 1.0
si6_m4Dr6_m1296.05 777 1296 2786 31 777 1.0
si6_m4Dr6_m1296.00 777 1296 2704 35 777 1.0
si6_m4Dr6_m1296.09 777 1296 2665 44 777 1.0
si6_m4Dr6_m1296.01 777 1296 2754 29 777 1.0
si4_m4Dr2_m256.00 102 256 42 2 102 1.0
si4_m4Dr2_m256.01 102 256 41 1 102 1.0
si4_m4Dr2_m256.05 102 256 66 1 102 1.0
si4_m4Dr2_m256.04 102 256 54 1 102 1.0
si4_m4Dr2_m256.08 102 256 69 1 102 1.0
si4_m4Dr2_m256.07 102 256 43 1 102 1.0
si4_m4Dr2_m256.06 102 256 41 1 102 1.0
si4_m4Dr2_m256.02 102 256 41 1 102 1.0
si4_m4Dr2_m256.09 102 256 41 1 102 1.0
si4_m4Dr2_m256.03 102 256 65 1 102 1.0
si4_b09m_m200.01 80 200 32 1 80 1.0
si4_b09m_m200.00 80 200 32 1 80 1.0
si4_b09m_m200.03 80 200 51 0 80 1.0
si4_b09m_m200.06 80 200 31 1 80 1.0
si4_b09m_m200.02 80 200 54 0 80 1.0
si4_b09m_m200.04 80 200 50 1 80 1.0
si4_b09m_m200.05 80 200 50 1 80 1.0
si4_b09m_m200.07 80 200 31 1 80 1.0
si4_b09m_m200.08 80 200 31 0 80 1.0
si4_b09m_m200.09 80 200 44 0 80 1.0
si4_m4Dr4_m625.07 250 625 316 6 250 1.0
si4_m4Dr4_m625.05 250 625 313 8 250 1.0
si4_m4Dr4_m625.01 250 625 299 8 250 1.0
si4_m4Dr4_m625.08 250 625 345 6 250 1.0
si4_m4Dr4_m625.09 250 625 310 8 250 1.0
si4_m4Dr4_m625.00 250 625 387 13 250 1.0
si4_m4Dr4_m625.04 250 625 305 6 250 1.0
si4_m4Dr4_m625.06 250 625 426 6 250 1.0
si4_m4Dr4_m625.03 250 625 329 8 250 1.0
si4_m4Dr4_m625.02 250 625 354 7 250 1.0
si4_m4Dr4_m1296.03 518 1296 2073 22 518 1.0
si4_m4Dr4_m1296.01 518 1296 2143 24 518 1.0
si4_m4Dr4_m1296.00 518 1296 2083 24 518 1.0
si4_m4Dr4_m1296.07 518 1296 1990 22 518 1.0
si4_m4Dr4_m1296.02 518 1296 2078 21 518 1.0
si4_m4Dr4_m1296.04 518 1296 1997 23 518 1.0
si4_m4Dr4_m1296.09 518 1296 2171 25 518 1.0
si4_m4Dr4_m1296.06 518 1296 2065 44 518 1.0
si4_m4Dr4_m1296.08 518 1296 2050 26 518 1.0
si4_m4Dr4_m1296.05 518 1296 2057 40 518 1.0
si2_r005_m400.05 80 400 5164 976 80 1.0
si2_r005_m400.06 80 400 1826 471 80 1.0
si2_r005_m400.08 80 400 5276 397 80 1.0
si2_r005_m400.02 80 400 417974 1210 80 1.0
si2_r005_m400.03 80 400 9930 196 80 1.0
si2_r005_m400.00 80 400 4833 689 80 1.0
si2_r005_m400.07 80 400 31190 650 80 1.0
si2_r005_m400.09 80 400 6276 90 80 1.0
si2_r005_m400.04 80 400 13879 231 80 1.0
si2_r005_m400.01 80 400 4129 18 80 1.0
si2_b06m_m400.03 80 400 104 1 80 1.0
si2_b06m_m400.06 80 400 136 2 80 1.0
si2_b06m_m400.05 80 400 91 2 80 1.0
si2_b06m_m400.01 80 400 137 2 80 1.0
si2_b06m_m400.00 80 400 136 2 80 1.0
si2_b06m_m400.08 80 400 83 2 80 1.0
si2_b06m_m400.07 80 400 138 1 80 1.0
si2_b06m_m400.09 80 400 92 2 80 1.0
si2_b06m_m400.04 80 400 106 2 80 1.0
si2_b06m_m400.02 80 400 89 3 80 1.0
si6_r005_m600.02 360 600 64630 30 360 1.0
si6_r005_m600.08 360 600 41807 11 360 1.0
si6_r005_m600.03 360 600 87831 19 360 1.0
si6_r005_m600.05 360 600 105000 15 360 1.0
si6_r005_m600.07 360 600 58105 25 360 1.0
si6_r005_m600.04 360 600 70537 15 360 1.0
si6_r005_m600.06 360 600 117887 83 360 1.0
si6_r005_m600.01 360 600 17545 14 360 1.0
si6_r005_m600.09 360 600 147886 9 360 1.0
si6_r005_m600.00 360 600 32914 18 360 1.0
si6_r005_m200.02 120 200 160 3 120 1.0
si6_r005_m200.08 120 200 143 3 120 1.0
si6_r005_m200.09 120 200 149 2 120 1.0
si6_r005_m200.05 120 200 187 13 120 1.0
si6_r005_m200.03 120 200 130 2 120 1.0
si6_r005_m200.00 120 200 186 11 120 1.0
si6_r005_m200.04 120 200 148 1 120 1.0
si6_r005_m200.07 120 200 108 2 120 1.0
si6_r005_m200.01 120 200 143 1 120 1.0
si6_r005_m200.06 120 200 89 2 120 1.0
si2_m4Dr6_m625.06 125 625 248 4 125 1.0
si2_m4Dr6_m625.08 125 625 220 6 125 1.0
si2_m4Dr6_m625.07 125 625 243 6 125 1.0
si2_m4Dr6_m625.03 125 625 221 10 125 1.0
si2_m4Dr6_m625.04 125 625 217 7 125 1.0
si2_m4Dr6_m625.05 125 625 311 6 125 1.0
si2_m4Dr6_m625.09 125 625 224 6 125 1.0
si2_m4Dr6_m625.01 125 625 254 10 125 1.0
si2_m4Dr6_m625.02 125 625 231 15 125 1.0
si2_m4Dr6_m625.00 125 625 218 5 125 1.0
si6_b03_m800.02 480 800 964 8 480 1.0
si6_b03_m800.04 480 800 1003 7 480 1.0
si6_b03_m800.03 480 800 941 12 480 1.0
si6_b03_m800.05 480 800 895 7 480 1.0
si6_b03_m800.06 480 800 894 8 480 1.0
si6_b03_m800.01 480 800 919 12 480 1.0
si6_b03_m800.00 480 800 997 18 480 1.0
si6_b03_m800.07 480 800 931 12 480 1.0
si6_b03_m800.09 480 800 910 12 480 1.0
si6_b03_m800.08 480 800 937 9 480 1.0
si4_m4D_m1296.09 518 1296 1566 39 518 1.0
si4_m4D_m1296.06 518 1296 1697 25 518 1.0
si4_m4D_m1296.05 518 1296 1618 39 518 1.0
si4_m4D_m1296.00 518 1296 3437 507 518 1.0
si4_m4D_m1296.03 518 1296 13756 287 518 1.0
si4_m4D_m1296.04 518 1296 1593 40 518 1.0
si4_m4D_m1296.02 518 1296 4299 199 518 1.0
si4_m4D_m1296.01 518 1296 1638 74 518 1.0
si4_m4D_m1296.07 518 1296 1628 23 518 1.0
si6_b03m_m400.03 240 400 168 2 240 1.0
si6_b03m_m400.01 240 400 138 5 240 1.0
si6_b03m_m400.09 240 400 134 2 240 1.0
si6_b03m_m400.08 240 400 149 3 240 1.0
si6_b03m_m400.07 240 400 150 3 240 1.0
si6_b03m_m400.02 240 400 156 4 240 1.0
si6_b03m_m400.05 240 400 217 3 240 1.0
si6_b03m_m400.00 240 400 205 3 240 1.0
si6_b03m_m400.06 240 400 149 4 240 1.0
si6_b03m_m400.04 240 400 131 2 240 1.0
si4_m4D_m256.07 102 256 38 1 102 1.0
si4_m4D_m256.06 102 256 38 1 102 1.0
si4_m4D_m256.05 102 256 60 2 102 1.0
si4_m4D_m256.08 102 256 65 2 102 1.0
si4_m4D_m256.04 102 256 63 3 102 1.0
si4_m4D_m256.09 102 256 61 2 102 1.0
si4_m4D_m256.02 102 256 60 1 102 1.0
si4_m4D_m256.00 102 256 40 2 102 1.0
si4_m4D_m256.03 102 256 39 1 102 1.0
si4_m4D_m256.01 102 256 39 2 102 1.0
si6_b06m_m800.07 480 800 725 19 480 1.0
si6_b06m_m800.04 480 800 707 10 480 1.0
si6_b06m_m800.01 480 800 675 16 480 1.0
si6_b06m_m800.00 480 800 748 15 480 1.0
si6_b06m_m800.05 480 800 684 10 480 1.0
si6_b06m_m800.08 480 800 696 10 480 1.0
si6_b06m_m800.09 480 800 736 18 480 1.0
si6_b06m_m800.02 480 800 704 10 480 1.0
si6_b06m_m800.03 480 800 718 10 480 1.0
si6_b06m_m800.06 480 800 757 10 480 1.0
si4_r001_m400.08 160 400 585 7674 160 1.0
si4_r001_m400.06 160 400 134 141436 160 1.0
si4_r001_m400.02 160 400 176 8 160 1.0
si4_r001_m400.00 160 400 170 44 160 1.0
si4_r001_m400.04 160 400 166 6362 160 1.0
si4_r001_m400.03 160 400 145 266 160 1.0
si4_r001_m400.09 160 400 220 4 160 1.0
si4_r001_m400.05 160 400 653 4927 160 1.0
si4_r001_m400.01 160 400 148 109 160 1.0
si4_r001_m400.07 160 400 191 420 160 1.0
si2_m4Dr6_m1296.00 259 1296 1496 18 259 1.0
si2_m4Dr6_m1296.01 259 1296 1437 20 259 1.0
si2_m4Dr6_m1296.09 259 1296 1352 28 259 1.0
si2_m4Dr6_m1296.06 259 1296 1350 17 259 1.0
si2_m4Dr6_m1296.03 259 1296 1319 18 259 1.0
si2_m4Dr6_m1296.02 259 1296 1529 25 259 1.0
si2_m4Dr6_m1296.05 259 1296 1511 21 259 1.0
si2_m4Dr6_m1296.08 259 1296 1395 18 259 1.0
si2_m4Dr6_m1296.04 259 1296 1643 39 259 1.0
si2_m4Dr6_m1296.07 259 1296 1396 47 259 1.0
si2_b03_m800.07 160 800 392 5 160 1.0
si2_b03_m800.08 160 800 392 7 160 1.0
si2_b03_m800.04 160 800 395 8 160 1.0
si2_b03_m800.05 160 800 433 6 160 1.0
si2_b03_m800.09 160 800 391 7 160 1.0
si2_b03_m800.00 160 800 391 6 160 1.0
si2_b03_m800.02 160 800 395 6 160 1.0
si2_b03_m800.03 160 800 509 9 160 1.0
si2_b03_m800.01 160 800 390 5 160 1.0
si2_b03_m800.06 160 800 390 5 160 1.0
si4_b03m_m200.05 80 200 23 0 80 1.0
si4_b03m_m200.02 80 200 23 1 80 1.0
si4_b03m_m200.04 80 200 22 0 80 1.0
si4_b03m_m200.07 80 200 35 1 80 1.0
si4_b03m_m200.00 80 200 25 1 80 1.0
si4_b03m_m200.06 80 200 23 0 80 1.0
si4_b03m_m200.03 80 200 38 0 80 1.0
si4_b03m_m200.09 80 200 23 0 80 1.0
si4_b03m_m200.08 80 200 37 1 80 1.0
si4_b03m_m200.01 80 200 37 0 80 1.0
si2_b06m_m200.04 40 200 33 0 40 1.0
si2_b06m_m200.03 40 200 32 0 40 1.0
si2_b06m_m200.08 40 200 19 0 40 1.0
si2_b06m_m200.06 40 200 19 0 40 1.0
si2_b06m_m200.05 40 200 20 0 40 1.0
si2_b06m_m200.02 40 200 19 1 40 1.0
si2_b06m_m200.00 40 200 27 0 40 1.0
si2_b06m_m200.01 40 200 20 0 40 1.0
si2_b06m_m200.09 40 200 20 0 40 1.0
si2_b06m_m200.07 40 200 20 0 40 1.0
si6_m4Dr4_m625.05 375 625 414 10 375 1.0
si6_m4Dr4_m625.09 375 625 408 9 375 1.0
si6_m4Dr4_m625.04 375 625 517 15 375 1.0
si6_m4Dr4_m625.00 375 625 472 10 375 1.0
si6_m4Dr4_m625.08 375 625 465 17 375 1.0
si6_m4Dr4_m625.06 375 625 398 7 375 1.0
si6_m4Dr4_m625.01 375 625 435 9 375 1.0
si6_m4Dr4_m625.03 375 625 413 12 375 1.0
si6_m4Dr4_m625.07 375 625 464 10 375 1.0
si6_m4Dr4_m625.02 375 625 406 7 375 1.0
si4_b03_m200.06 80 200 28 0 80 1.0
si4_b03_m200.02 80 200 47 0 80 1.0
si4_b03_m200.07 80 200 45 0 80 1.0
si4_b03_m200.04 80 200 33 0 80 1.0
si4_b03_m200.03 80 200 28 0 80 1.0
si4_b03_m200.05 80 200 28 0 80 1.0
si4_b03_m200.09 80 200 29 0 80 1.0
si4_b03_m200.01 80 200 29 0 80 1.0
si4_b03_m200.00 80 200 28 0 80 1.0
si4_b03_m200.08 80 200 46 0 80 1.0
si2_b03_m400.03 80 400 138 2 80 1.0
si2_b03_m400.06 80 400 140 1 80 1.0
si2_b03_m400.07 80 400 83 1 80 1.0
si2_b03_m400.01 80 400 82 1 80 1.0
si2_b03_m400.05 80 400 140 1 80 1.0
si2_b03_m400.09 80 400 83 2 80 1.0
si2_b03_m400.02 80 400 83 1 80 1.0
si2_b03_m400.00 80 400 84 2 80 1.0
si2_b03_m400.08 80 400 140 1 80 1.0
si2_b03_m400.04 80 400 83 1 80 1.0
si4_b09_m200.02 80 200 31 1 80 1.0
si4_b09_m200.01 80 200 52 0 80 1.0
si4_b09_m200.00 80 200 32 0 80 1.0
si4_b09_m200.09 80 200 53 0 80 1.0
si4_b09_m200.08 80 200 51 1 80 1.0
si4_b09_m200.04 80 200 33 0 80 1.0
si4_b09_m200.06 80 200 52 1 80 1.0
si4_b09_m200.05 80 200 31 0 80 1.0
si4_b09_m200.07 80 200 54 0 80 1.0
si4_b09_m200.03 80 200 31 1 80 1.0
si4_m4Dr4_m256.05 102 256 42 1 102 1.0
si4_m4Dr4_m256.09 102 256 68 1 102 1.0
si4_m4Dr4_m256.01 102 256 46 1 102 1.0
si4_m4Dr4_m256.03 102 256 63 1 102 1.0
si4_m4Dr4_m256.06 102 256 72 1 102 1.0
si4_m4Dr4_m256.07 102 256 61 1 102 1.0
si4_m4Dr4_m256.00 102 256 71 1 102 1.0
si4_m4Dr4_m256.02 102 256 43 1 102 1.0
si4_m4Dr4_m256.08 102 256 64 1 102 1.0
si4_m4Dr4_m256.04 102 256 53 1 102 1.0
si2_m4D_m625.01 125 625 210 28 125 1.0
si2_m4D_m625.00 125 625 206 8 125 1.0
si2_m4D_m625.08 125 625 208 8 125 1.0
si2_m4D_m625.04 125 625 273 5 125 1.0
si2_m4D_m625.09 125 625 230 5 125 1.0
si2_m4D_m625.02 125 625 231 33 125 1.0
si2_m4D_m625.05 125 625 212 5 125 1.0
si2_m4D_m625.06 125 625 208 11 125 1.0
si2_m4D_m625.07 125 625 226 9 125 1.0
si2_m4D_m625.03 125 625 261 37 125 1.0
si4_b09_m800.03 320 800 689 10 320 1.0
si4_b09_m800.02 320 800 643 8 320 1.0
si4_b09_m800.09 320 800 722 7 320 1.0
si4_b09_m800.06 320 800 647 7 320 1.0
si4_b09_m800.04 320 800 659 7 320 1.0
si4_b09_m800.05 320 800 645 10 320 1.0
si4_b09_m800.00 320 800 644 7 320 1.0
si4_b09_m800.01 320 800 659 8 320 1.0
si4_b09_m800.07 320 800 645 10 320 1.0
si4_b09_m800.08 320 800 639 8 320 1.0
si2_m4Dr4_m256.05 51 256 31 3 51 1.0
si2_m4Dr4_m256.02 51 256 52 1 51 1.0
si2_m4Dr4_m256.00 51 256 49 1 51 1.0
si2_m4Dr4_m256.07 51 256 50 5 51 1.0
si2_m4Dr4_m256.03 51 256 32 13 51 1.0
si2_m4Dr4_m256.06 51 256 51 1 51 1.0
si2_m4Dr4_m256.04 51 256 52 9 51 1.0
si2_m4Dr4_m256.09 51 256 32 1 51 1.0
si2_m4Dr4_m256.01 51 256 31 0 51 1.0
si2_m4Dr4_m256.08 51 256 31 6 51 1.0
si6_m4Dr2_m256.04 153 256 56 2 153 1.0
si6_m4Dr2_m256.08 153 256 53 2 153 1.0
si6_m4Dr2_m256.00 153 256 54 1 153 1.0
si6_m4Dr2_m256.07 153 256 51 1 153 1.0
si6_m4Dr2_m256.01 153 256 69 1 153 1.0
si6_m4Dr2_m256.09 153 256 77 2 153 1.0
si6_m4Dr2_m256.03 153 256 64 1 153 1.0
si6_m4Dr2_m256.05 153 256 84 1 153 1.0
si6_m4Dr2_m256.02 153 256 89 2 153 1.0
si6_m4Dr2_m256.06 153 256 87 4 153 1.0
si6_b06_m800.00 480 800 1053 7 480 1.0
si6_b06_m800.05 480 800 903 8 480 1.0
si6_b06_m800.02 480 800 1254 8 480 1.0
si6_b06_m800.07 480 800 934 12 480 1.0
si6_b06_m800.08 480 800 998 12 480 1.0
si6_b06_m800.09 480 800 904 8 480 1.0
si6_b06_m800.06 480 800 939 8 480 1.0
si6_b06_m800.01 480 800 921 8 480 1.0
si6_b06_m800.04 480 800 915 7 480 1.0
si6_b06_m800.03 480 800 911 12 480 1.0
si4_b09m_m800.06 320 800 625 9 320 1.0
si4_b09m_m800.01 320 800 628 8 320 1.0
si4_b09m_m800.02 320 800 777 12 320 1.0
si4_b09m_m800.08 320 800 599 13 320 1.0
si4_b09m_m800.04 320 800 593 9 320 1.0
si4_b09m_m800.03 320 800 619 8 320 1.0
si4_b09m_m800.09 320 800 681 11 320 1.0
si4_b09m_m800.05 320 800 609 8 320 1.0
si4_b09m_m800.00 320 800 597 10 320 1.0
si4_b09m_m800.07 320 800 606 12 320 1.0
si2_b06_m800.04 160 800 422 6 160 1.0
si2_b06_m800.07 160 800 406 8 160 1.0
si2_b06_m800.02 160 800 396 9 160 1.0
si2_b06_m800.00 160 800 403 9 160 1.0
si2_b06_m800.03 160 800 397 6 160 1.0
si2_b06_m800.05 160 800 422 8 160 1.0
si2_b06_m800.09 160 800 432 8 160 1.0
si2_b06_m800.01 160 800 439 6 160 1.0
si2_b06_m800.08 160 800 397 8 160 1.0
si2_b06_m800.06 160 800 619 6 160 1.0
si6_m4D_m256.03 153 256 49 1 153 1.0
si6_m4D_m256.08 153 256 76 2 153 1.0
si6_m4D_m256.07 153 256 49 1 153 1.0
si6_m4D_m256.00 153 256 49 2 153 1.0
si6_m4D_m256.01 153 256 73 1 153 1.0
si6_m4D_m256.05 153 256 49 2 153 1.0
si6_m4D_m256.09 153 256 65 2 153 1.0
si6_m4D_m256.04 153 256 49 2 153 1.0
si6_m4D_m256.02 153 256 48 2 153 1.0
si6_m4D_m256.06 153 256 50 2 153 1.0
si2_b06m_m800.07 160 800 531 10 160 1.0
si2_b06m_m800.02 160 800 384 10 160 1.0
si2_b06m_m800.03 160 800 383 10 160 1.0
si2_b06m_m800.01 160 800 387 13 160 1.0
si2_b06m_m800.08 160 800 377 7 160 1.0
si2_b06m_m800.04 160 800 395 7 160 1.0
si2_b06m_m800.06 160 800 556 8 160 1.0
si2_b06m_m800.09 160 800 480 10 160 1.0
si2_b06m_m800.05 160 800 513 9 160 1.0
si2_b06m_m800.00 160 800 394 6 160 1.0
si4_b06m_m200.00 80 200 27 1 80 1.0
si4_b06m_m200.08 80 200 47 1 80 1.0
si4_b06m_m200.05 80 200 43 1 80 1.0
si4_b06m_m200.09 80 200 27 1 80 1.0
si4_b06m_m200.01 80 200 27 0 80 1.0
si4_b06m_m200.07 80 200 27 0 80 1.0
si4_b06m_m200.02 80 200 45 0 80 1.0
si4_b06m_m200.04 80 200 46 1 80 1.0
si4_b06m_m200.06 80 200 27 0 80 1.0
si4_b06m_m200.03 80 200 27 0 80 1.0
si6_r001_m400.09 240 400 185 12 240 1.0
si6_r001_m400.05 240 400 191 55 240 1.0
si6_r001_m400.00 240 400 186 6 240 1.0
si6_r001_m400.04 240 400 180 3 240 1.0
si6_r001_m400.07 240 400 189 9 240 1.0
si6_r001_m400.06 240 400 173 4 240 1.0
si6_r001_m400.02 240 400 169 3 240 1.0
si6_r001_m400.03 240 400 216 5 240 1.0
si6_r001_m400.08 240 400 183 8 240 1.0
si6_r001_m400.01 240 400 171 4 240 1.0
si6_m4D_m625.00 375 625 384 9 375 1.0
si6_m4D_m625.07 375 625 666 30 375 1.0
si6_m4D_m625.05 375 625 925 26 375 1.0
si6_m4D_m625.08 375 625 346 11 375 1.0
si6_m4D_m625.02 375 625 361 9 375 1.0
si6_m4D_m625.03 375 625 1891 137 375 1.0
si6_m4D_m625.04 375 625 498 7 375 1.0
si6_m4D_m625.09 375 625 993 154 375 1.0
si6_m4D_m625.01 375 625 341 6 375 1.0
si6_m4D_m625.06 375 625 500 67 375 1.0
si6_b09m_m800.02 480 800 784 13 480 1.0
si6_b09m_m800.09 480 800 964 17 480 1.0
si6_b09m_m800.04 480 800 809 17 480 1.0
si6_b09m_m800.07 480 800 785 14 480 1.0
si6_b09m_m800.00 480 800 803 11 480 1.0
si6_b09m_m800.05 480 800 798 14 480 1.0
si6_b09m_m800.03 480 800 770 17 480 1.0
si6_b09m_m800.01 480 800 784 11 480 1.0
si6_b09m_m800.06 480 800 769 16 480 1.0
si6_b09m_m800.08 480 800 841 11 480 1.0
si4_m4Dr6_m1296.01 518 1296 2095 23 518 1.0
si4_m4Dr6_m1296.07 518 1296 2064 355 518 1.0
si4_m4Dr6_m1296.06 518 1296 2204 24 518 1.0
si4_m4Dr6_m1296.02 518 1296 1999 25 518 1.0
si4_m4Dr6_m1296.08 518 1296 2139 309 518 1.0
si4_m4Dr6_m1296.03 518 1296 1990 24 518 1.0
si4_m4Dr6_m1296.00 518 1296 2091 38 518 1.0
si4_m4Dr6_m1296.09 518 1296 2051 33 518 1.0
si4_m4Dr6_m1296.05 518 1296 2174 38 518 1.0
si4_m4Dr6_m1296.04 518 1296 2124 32 518 1.0
si2_b06_m400.09 80 400 113 1 80 1.0
si2_b06_m400.02 80 400 87 2 80 1.0
si2_b06_m400.00 80 400 86 1 80 1.0
si2_b06_m400.03 80 400 126 1 80 1.0
si2_b06_m400.07 80 400 86 1 80 1.0
si2_b06_m400.04 80 400 117 2 80 1.0
si2_b06_m400.05 80 400 87 1 80 1.0
si2_b06_m400.01 80 400 87 1 80 1.0
si2_b06_m400.08 80 400 136 2 80 1.0
si2_b06_m400.06 80 400 104 1 80 1.0
si4_r01_m200.01 80 200 855 145 80 1.0
si4_r01_m200.08 80 200 18009 230 80 1.0
si4_r01_m200.03 80 200 7016 6 80 1.0
si4_r01_m200.04 80 200 5936 1 80 1.0
si4_r01_m200.07 80 200 9322 8 80 1.0
si4_r01_m200.02 80 200 9589 95 80 1.0
si4_r01_m200.05 80 200 13439 153 80 1.0
si4_r01_m200.06 80 200 2624 2 80 1.0
si4_r01_m200.00 80 200 9438 90 80 1.0
si4_r01_m200.09 80 200 7956 39 80 1.0
si2_r001_m400.06 80 400 288 1000000 80 1.0
si2_r001_m400.08 80 400 252 77289 80 1.0
si2_r001_m400.09 80 400 1533 1000000 80 1.0
si2_r001_m400.01 80 400 105 12549 80 1.0
si2_r001_m400.03 80 400 181 10232 80 1.0
si2_r001_m400.04 80 400 116 817297 80 1.0
si2_r001_m400.05 80 400 142 198139 80 1.0
si2_r001_m400.02 80 400 178 1000000 80 1.0
si2_r001_m400.00 80 400 164 216 80 1.0
si2_r001_m400.07 80 400 20710 1000000 80 1.0
si4_b03m_m800.03 320 800 487 8 320 1.0
si4_b03m_m800.05 320 800 488 12 320 1.0
si4_b03m_m800.06 320 800 509 12 320 1.0
si4_b03m_m800.01 320 800 571 11 320 1.0
si4_b03m_m800.08 320 800 605 8 320 1.0
si4_b03m_m800.09 320 800 506 11 320 1.0
si4_b03m_m800.00 320 800 502 11 320 1.0
si4_b03m_m800.02 320 800 619 8 320 1.0
si4_b03m_m800.07 320 800 511 8 320 1.0
si4_b03m_m800.04 320 800 508 11 320 1.0
si2_r01_m200.03 40 200 23514 34 40 1.0
si2_r01_m200.00 40 200 4029 585 40 1.0
si2_r01_m200.05 40 200 1638 321 40 1.0
si2_r01_m200.01 40 200 7402 12 40 1.0
si2_r01_m200.08 40 200 1971 457 40 1.0
si2_r01_m200.06 40 200 22747 74 40 1.0
si2_r01_m200.09 40 200 3373 2038 40 1.0
si2_r01_m200.02 40 200 9745 732 40 1.0
si2_r01_m200.07 40 200 7547 337 40 1.0
si2_r01_m200.04 40 200 1651 169 40 1.0
si2_r01_m400.04 80 400 99964 2712 80 1.0
si2_r01_m400.00 80 400 1000000 4134 80 1.0
si2_r01_m400.07 80 400 679466 360 80 1.0
si2_r01_m400.09 80 400 169153 28184 80 1.0
si2_r01_m400.01 80 400 329373 732 80 1.0
si2_r01_m400.03 80 400 81733 362 80 1.0
si2_r01_m400.02 80 400 46373 13338 80 1.0
si2_r01_m400.05 80 400 605013 7172 80 1.0
si2_r01_m400.06 80 400 170634 359 80 1.0
si2_r01_m400.08 80 400 215616 1698 80 1.0
si4_m4D_m625.09 250 625 270 6 250 1.0
si4_m4D_m625.03 250 625 280 14 250 1.0
si4_m4D_m625.07 250 625 418 110 250 1.0
si4_m4D_m625.02 250 625 498 8 250 1.0
si4_m4D_m625.00 250 625 274 8 250 1.0
si4_m4D_m625.01 250 625 2531 1955 250 1.0
si4_m4D_m625.04 250 625 256 7 250 1.0
si4_m4D_m625.06 250 625 291 10 250 1.0
si4_m4D_m625.08 250 625 349 16 250 1.0
si4_m4D_m625.05 250 625 259 6 250 1.0
si6_m4Dr6_m256.05 153 256 60 2 153 1.0
si6_m4Dr6_m256.04 153 256 83 2 153 1.0
si6_m4Dr6_m256.03 153 256 55 2 153 1.0
si6_m4Dr6_m256.02 153 256 55 2 153 1.0
si6_m4Dr6_m256.08 153 256 56 2 153 1.0
si6_m4Dr6_m256.00 153 256 58 1 153 1.0
si6_m4Dr6_m256.09 153 256 57 2 153 1.0
si6_m4Dr6_m256.07 153 256 91 2 153 1.0
si6_m4Dr6_m256.06 153 256 55 4 153 1.0
si6_m4Dr6_m256.01 153 256 55 1 153 1.0
si6_b09_m400.07 240 400 183 3 240 1.0
si6_b09_m400.03 240 400 183 3 240 1.0
si6_b09_m400.04 240 400 183 2 240 1.0
si6_b09_m400.06 240 400 184 3 240 1.0
si6_b09_m400.05 240 400 183 2 240 1.0
si6_b09_m400.09 240 400 183 3 240 1.0
si6_b09_m400.02 240 400 193 2 240 1.0
si6_b09_m400.01 240 400 183 3 240 1.0
si6_b09_m400.08 240 400 182 2 240 1.0
si6_b09_m400.00 240 400 184 3 240 1.0
si6_b06_m400.03 240 400 177 3 240 1.0
si6_b06_m400.08 240 400 176 3 240 1.0
si6_b06_m400.07 240 400 177 2 240 1.0
si6_b06_m400.04 240 400 181 3 240 1.0
si6_b06_m400.05 240 400 176 2 240 1.0
si6_b06_m400.06 240 400 176 3 240 1.0
si6_b06_m400.02 240 400 176 2 240 1.0
si6_b06_m400.01 240 400 192 3 240 1.0
si6_b06_m400.00 240 400 192 2 240 1.0
si6_b06_m400.09 240 400 182 2 240 1.0
si6_b03m_m200.04 120 200 49 1 120 1.0
si6_b03m_m200.07 120 200 49 1 120 1.0
si6_b03m_m200.08 120 200 29 1 120 1.0
si6_b03m_m200.02 120 200 47 1 120 1.0
si6_b03m_m200.03 120 200 29 0 120 1.0
si6_b03m_m200.06 120 200 29 0 120 1.0
si6_b03m_m200.01 120 200 48 0 120 1.0
si6_b03m_m200.09 120 200 29 1 120 1.0
si6_b03m_m200.00 120 200 49 0 120 1.0
si6_b03m_m200.05 120 200 28 1 120 1.0
si4_b06_m800.04 320 800 864 8 320 1.0
si4_b06_m800.00 320 800 703 7 320 1.0
si4_b06_m800.08 320 800 639 10 320 1.0
si4_b06_m800.05 320 800 657 7 320 1.0
si4_b06_m800.03 320 800 624 10 320 1.0
si4_b06_m800.06 320 800 719 7 320 1.0
si4_b06_m800.07 320 800 625 6 320 1.0
si4_b06_m800.01 320 800 637 10 320 1.0
si4_b06_m800.02 320 800 680 7 320 1.0
si4_b06_m800.09 320 800 745 10 320 1.0
si6_b09m_m200.07 120 200 39 1 120 1.0
si6_b09m_m200.06 120 200 60 1 120 1.0
si6_b09m_m200.01 120 200 62 1 120 1.0
si6_b09m_m200.08 120 200 39 1 120 1.0
si6_b09m_m200.00 120 200 40 1 120 1.0
si6_b09m_m200.09 120 200 40 1 120 1.0
si6_b09m_m200.02 120 200 38 0 120 1.0
si6_b09m_m200.05 120 200 39 1 120 1.0
si6_b09m_m200.03 120 200 63 1 120 1.0
si6_b09m_m200.04 120 200 56 1 120 1.0
si4_b09m_m400.07 160 400 130 3 160 1.0
si4_b09m_m400.06 160 400 145 3 160 1.0
si4_b09m_m400.00 160 400 141 2 160 1.0
si4_b09m_m400.08 160 400 131 2 160 1.0
si4_b09m_m400.04 160 400 132 3 160 1.0
si4_b09m_m400.09 160 400 132 2 160 1.0
si4_b09m_m400.02 160 400 130 3 160 1.0
si4_b09m_m400.03 160 400 150 2 160 1.0
si4_b09m_m400.01 160 400 217 3 160 1.0
si4_b09m_m400.05 160 400 217 3 160 1.0
si6_m4Dr4_m1296.03 777 1296 2698 42 777 1.0
si6_m4Dr4_m1296.06 777 1296 2781 28 777 1.0
si6_m4Dr4_m1296.04 777 1296 2891 34 777 1.0
si6_m4Dr4_m1296.01 777 1296 2880 29 777 1.0
si6_m4Dr4_m1296.09 777 1296 2675 34 777 1.0
si6_m4Dr4_m1296.02 777 1296 2724 42 777 1.0
si6_m4Dr4_m1296.08 777 1296 2663 30 777 1.0
si6_m4Dr4_m1296.05 777 1296 2713 34 777 1.0
si6_m4Dr4_m1296.07 777 1296 2787 34 777 1.0
si6_m4Dr4_m1296.00 777 1296 2667 33 777 1.0
si6_b06_m200.09 120 200 59 1 120 1.0
si6_b06_m200.03 120 200 66 1 120 1.0
si6_b06_m200.05 120 200 39 0 120 1.0
si6_b06_m200.00 120 200 59 1 120 1.0
si6_b06_m200.08 120 200 39 0 120 1.0
si6_b06_m200.02 120 200 39 1 120 1.0
si6_b06_m200.06 120 200 39 1 120 1.0
si6_b06_m200.04 120 200 58 0 120 1.0
si6_b06_m200.01 120 200 39 0 120 1.0
si6_b06_m200.07 120 200 67 1 120 1.0
si4_m4Dr6_m625.02 250 625 310 8 250 1.0
si4_m4Dr6_m625.06 250 625 330 11 250 1.0
si4_m4Dr6_m625.03 250 625 309 8 250 1.0
si4_m4Dr6_m625.07 250 625 320 6 250 1.0
si4_m4Dr6_m625.08 250 625 333 7 250 1.0
si4_m4Dr6_m625.09 250 625 371 6 250 1.0
si4_m4Dr6_m625.00 250 625 325 5 250 1.0
si4_m4Dr6_m625.01 250 625 346 10 250 1.0
si4_m4Dr6_m625.05 250 625 331 5 250 1.0
si4_m4Dr6_m625.04 250 625 410 51 250 1.0
si6_b06m_m200.09 120 200 47 1 120 1.0
si6_b06m_m200.02 120 200 34 0 120 1.0
si6_b06m_m200.05 120 200 33 1 120 1.0
si6_b06m_m200.00 120 200 57 1 120 1.0
si6_b06m_m200.07 120 200 33 1 120 1.0
si6_b06m_m200.04 120 200 46 1 120 1.0
si6_b06m_m200.08 120 200 34 1 120 1.0
si6_b06m_m200.06 120 200 49 1 120 1.0
si6_b06m_m200.03 120 200 51 1 120 1.0
si6_b06m_m200.01 120 200 48 1 120 1.0
si6_m4Dr4_m256.05 153 256 72 2 153 1.0
si6_m4Dr4_m256.03 153 256 71 1 153 1.0
si6_m4Dr4_m256.02 153 256 56 1 153 1.0
si6_m4Dr4_m256.01 153 256 53 1 153 1.0
si6_m4Dr4_m256.08 153 256 58 2 153 1.0
si6_m4Dr4_m256.09 153 256 59 1 153 1.0
si6_m4Dr4_m256.07 153 256 61 2 153 1.0
si6_m4Dr4_m256.06 153 256 69 2 153 1.0
si6_m4Dr4_m256.04 153 256 54 1 153 1.0
si6_m4Dr4_m256.00 153 256 75 1 153 1.0
si4_r001_m600.01 240 600 499 171 240 1.0
si4_r001_m600.08 240 600 464 224 240 1.0
si4_r001_m600.02 240 600 413 320 240 1.0
si4_r001_m600.07 240 600 504 71 240 1.0
si4_r001_m600.05 240 600 385 13 240 1.0
si4_r001_m600.06 240 600 420 256 240 1.0
si4_r001_m600.00 240 600 509 35 240 1.0
si4_r001_m600.04 240 600 355 74 240 1.0
si4_r001_m600.09 240 600 402 38 240 1.0
si4_r001_m600.03 240 600 1228 1523 240 1.0
si2_b09m_m200.08 40 200 22 1 40 1.0
si2_b09m_m200.06 40 200 23 0 40 1.0
si2_b09m_m200.03 40 200 39 0 40 1.0
si2_b09m_m200.09 40 200 23 0 40 1.0
si2_b09m_m200.04 40 200 23 0 40 1.0
si2_b09m_m200.00 40 200 23 0 40 1.0
si2_b09m_m200.01 40 200 40 0 40 1.0
si2_b09m_m200.05 40 200 23 0 40 1.0
si2_b09m_m200.07 40 200 23 0 40 1.0
si2_b09m_m200.02 40 200 23 1 40 1.0
si6_b03_m200.01 120 200 64 1 120 1.0
si6_b03_m200.03 120 200 60 1 120 1.0
si6_b03_m200.04 120 200 37 0 120 1.0
si6_b03_m200.08 120 200 63 1 120 1.0
si6_b03_m200.07 120 200 37 0 120 1.0
si6_b03_m200.09 120 200 37 0 120 1.0
si6_b03_m200.05 120 200 56 2 120 1.0
si6_b03_m200.02 120 200 37 1 120 1.0
si6_b03_m200.06 120 200 37 1 120 1.0
si6_b03_m200.00 120 200 56 0 120 1.0
si6_b09_m200.09 120 200 65 1 120 1.0
si6_b09_m200.06 120 200 44 0 120 1.0
si6_b09_m200.08 120 200 68 0 120 1.0
si6_b09_m200.03 120 200 41 1 120 1.0
si6_b09_m200.00 120 200 42 1 120 1.0
si6_b09_m200.02 120 200 71 1 120 1.0
si6_b09_m200.07 120 200 42 1 120 1.0
si6_b09_m200.04 120 200 41 1 120 1.0
si6_b09_m200.01 120 200 68 1 120 1.0
si6_b09_m200.05 120 200 41 1 120 1.0
g10-g21 41 64 9121 1043 6 0.146341463415
g10-g32 41 100 2406 2090 3 0.0731707317073
g11-g21 42 64 74324 6410 4 0.0952380952381
g11-g32 42 100 3559 1116 2 0.047619047619
g12-g21 48 64 1000000 138116 4 0.0833333333333
g12-g32 48 100 18799 6007 2 0.0416666666667
g12-g45 48 128 1000000 315556 35 0.729166666667
g13-g15 49 50 6 0 49 1.0
g13-g21 49 64 9615 7330 10 0.204081632653
g13-g32 49 100 766 5009 9 0.183673469388
g14-g21 50 64 1525 2138 10 0.2
g14-g27 50 86 44 1 49 0.98
g14-g32 50 100 140234 103288 8 0.16
g15-g21 50 64 40478 26667 11 0.22
g15-g32 50 100 2296 13427 10 0.2
g16-g21 53 64 26125 2203 9 0.169811320755
g16-g37 53 120 21 0 53 1.0
g17-g21 64 64 50807 2342 4 0.0625
g17-g32 64 100 2211 444 2 0.03125
g18-g21 64 64 62017 2720 4 0.0625
g18-g32 64 100 2524 521 2 0.03125
g19-g21 64 64 165294 10641 4 0.0625
g19-g32 64 100 5871 2047 2 0.03125
g2-g10 10 41 1 0 10 1.0
g2-g11 10 42 1 0 10 1.0
g2-g12 10 48 22 7 9 0.9
g2-g13 10 49 5 1 9 0.9
g2-g14 10 50 4 0 9 0.9
g2-g15 10 50 6 2 9 0.9
g2-g16 10 53 2 0 10 1.0
g2-g17 10 64 1 0 10 1.0
g2-g18 10 64 3 0 10 1.0
g2-g19 10 64 2 0 10 1.0
g2-g20 10 64 4 0 10 1.0
g2-g21 10 64 105 7 4 0.4
g2-g22 10 67 2 0 10 1.0
g2-g23 10 73 13 3 9 0.9
g2-g24 10 75 4 0 9 0.9
g2-g25 10 75 43 6 8 0.8
g2-g26 10 80 39 2 9 0.9
g2-g27 10 86 10 0 10 1.0
g2-g28 10 97 5 0 10 1.0
g2-g29 10 100 16 0 10 1.0
g2-g3 10 10 11 0 6 0.6
g2-g30 10 100 9 0 10 1.0
g2-g31 10 100 17 0 10 1.0
g2-g32 10 100 165 7 2 0.2
g2-g33 10 101 4 0 10 1.0
g2-g34 10 120 4 0 10 1.0
g2-g35 10 120 9 0 10 1.0
g2-g36 10 120 5 0 10 1.0
g2-g37 10 120 12 0 10 1.0
g2-g38 10 121 1000000 593823 6 0.6
g2-g39 10 121 5 0 10 1.0
g2-g4 10 10 2 0 2 0.2
g2-g40 10 121 159110 26073 8 0.8
g2-g41 10 128 10 0 10 1.0
g2-g42 10 128 11 4 10 1.0
g2-g43 10 128 14 0 10 1.0
g2-g44 10 128 11 0 10 1.0
g2-g45 10 128 11 0 10 1.0
g2-g46 10 128 20 0 10 1.0
g2-g47 10 128 11 0 10 1.0
g2-g48 10 128 12 0 10 1.0
g2-g49 10 128 9 1 10 1.0
g2-g5 10 11 0 0 10 1.0
g2-g50 10 128 19 1 10 1.0
g2-g6 10 19 9 1 8 0.8
g2-g7 10 20 153 8 5 0.5
g2-g8 10 30 0 0 10 1.0
g2-g9 10 37 24 1 8 0.8
g20-g21 64 64 1000000 625224 11 0.171875
g20-g32 64 100 1000000 870539 8 0.125
g22-g32 67 100 2916 689 9 0.134328358209
g22-g37 67 120 25 1 67 1.0
g24-g32 75 100 1520 142 7 0.0933333333333
g28-g32 97 100 3472 2431 2 0.020618556701
g29-g30 100 100 1000000 3284 86 0.86
g29-g32 100 100 1000000 290613 5 0.05
g3-g10 10 41 15 2 8 0.8
g3-g11 10 42 284 51 7 0.7
g3-g12 10 48 410 111 7 0.7
g3-g13 10 49 24 2 8 0.8
g3-g14 10 50 65 6 7 0.7
g3-g15 10 50 16 3 8 0.8
g3-g16 10 53 91 19 8 0.8
g3-g17 10 64 107 21 7 0.7
g3-g18 10 64 190 23 7 0.7
g3-g19 10 64 615 138 7 0.7
g3-g20 10 64 4 4 10 1.0
g3-g21 10 64 424 40 4 0.4
g3-g22 10 67 102 9 8 0.8
g3-g23 10 73 149 14 7 0.7
g3-g24 10 75 25 1 7 0.7
g3-g25 10 75 85 7 7 0.7
g3-g26 10 80 47 7 8 0.8
g3-g27 10 86 73 10 8 0.8
g3-g28 10 97 58 8 7 0.7
g3-g29 10 100 9 0 10 1.0
g3-g30 10 100 17 0 10 1.0
g3-g31 10 100 10 0 10 1.0
g3-g32 10 100 231 63 2 0.2
g3-g33 10 101 82 11 8 0.8
g3-g34 10 120 412 54 7 0.7
g3-g35 10 120 104 17 8 0.8
g3-g36 10 120 27 14 9 0.9
g3-g37 10 120 91 41 9 0.9
g3-g38 10 121 8799 482 6 0.6
g3-g39 10 121 292 38 7 0.7
g3-g4 10 10 6 0 2 0.2
g3-g40 10 121 170258 39188 8 0.8
g3-g41 10 128 389 59 7 0.7
g3-g42 10 128 562 67 7 0.7
g3-g43 10 128 1732 327 7 0.7
g3-g44 10 128 12 0 10 1.0
g3-g45 10 128 11 0 10 1.0
g3-g46 10 128 20 0 10 1.0
g3-g47 10 128 12 0 10 1.0
g3-g48 10 128 21 0 10 1.0
g3-g49 10 128 4334 833 7 0.7
g3-g5 10 11 5 0 6 0.6
g3-g50 10 128 35046 7360 7 0.7
g3-g6 10 19 11 1 7 0.7
g3-g7 10 20 53 4 4 0.4
g3-g8 10 30 21 1 8 0.8
g3-g9 10 37 46 8 6 0.6
g30-g32 100 100 758373 181756 5 0.05
g31-g32 100 100 1000000 696805 5 0.05
g4-g10 10 41 7 2 3 0.3
g4-g11 10 42 22 3 2 0.2
g4-g12 10 48 18 7 2 0.2
g4-g13 10 49 2 0 9 0.9
g4-g14 10 50 3 0 8 0.8
g4-g15 10 50 1 0 10 1.0
g4-g16 10 53 309 13 6 0.6
g4-g20 10 64 724 22 8 0.8
g4-g21 10 64 5 0 10 1.0
g4-g22 10 67 4 0 9 0.9
g4-g23 10 73 5 0 10 1.0
g4-g25 10 75 2 0 10 1.0
g4-g26 10 80 3 0 10 1.0
g4-g27 10 86 9 0 10 1.0
g4-g28 10 97 26 3 2 0.2
g4-g29 10 100 774 66 5 0.5
g4-g30 10 100 658 29 5 0.5
g4-g31 10 100 1530 77 5 0.5
g4-g32 10 100 14 0 10 1.0
g4-g33 10 101 28 6 4 0.4
g4-g37 10 120 29 1 9 0.9
g4-g38 10 121 46 10 2 0.2
g4-g40 10 121 34 0 10 1.0
g4-g41 10 128 71 8 4 0.4
g4-g42 10 128 1767 117 8 0.8
g4-g43 10 128 38 0 10 1.0
g4-g44 10 128 1489 97 5 0.5
g4-g45 10 128 1006 40 5 0.5
g4-g46 10 128 220 40 4 0.4
g4-g47 10 128 210 60 4 0.4
g4-g48 10 128 360 54 4 0.4
g4-g49 10 128 123 0 10 1.0
g4-g5 10 11 4 0 3 0.3
g4-g50 10 128 19 0 10 1.0
g4-g6 10 19 3 0 3 0.3
g4-g7 10 20 13 6 2 0.2
g4-g9 10 37 3 0 6 0.6
g44-g45 128 128 1000000 742 114 0.890625
g46-g47 128 128 4741 6 123 0.9609375
g5-g11 11 42 4 0 10 0.909090909091
g5-g12 11 48 14 4 9 0.818181818182
g5-g13 11 49 24 3 9 0.818181818182
g5-g14 11 50 22 1 9 0.818181818182
g5-g15 11 50 34 3 9 0.818181818182
g5-g16 11 53 4 0 10 0.909090909091
g5-g20 11 64 671 397 10 0.909090909091
g5-g21 11 64 1634 366 5 0.454545454545
g5-g22 11 67 5 0 10 0.909090909091
g5-g23 11 73 42 1 10 0.909090909091
g5-g25 11 75 97 13 8 0.727272727273
g5-g26 11 80 53 0 10 0.909090909091
g5-g27 11 86 27 0 11 1.0
g5-g28 11 97 10 0 10 0.909090909091
g5-g29 11 100 46 0 11 1.0
g5-g30 11 100 21 0 11 1.0
g5-g31 11 100 42 0 11 1.0
g5-g32 11 100 938 682 3 0.272727272727
g5-g33 11 101 10 0 10 0.909090909091
g5-g37 11 120 17 2 10 0.909090909091
g5-g38 11 121 1000000 594610 6 0.545454545455
g5-g40 11 121 217984 12143 9 0.818181818182
g5-g41 11 128 6 0 11 1.0
g5-g42 11 128 18 5 10 0.909090909091
g5-g43 11 128 61 18 10 0.909090909091
g5-g44 11 128 55 0 11 1.0
g5-g45 11 128 56 0 11 1.0
g5-g46 11 128 25 0 11 1.0
g5-g47 11 128 20 0 11 1.0
g5-g48 11 128 51 0 11 1.0
g5-g49 11 128 88 17 10 0.909090909091
g5-g50 11 128 2009 246 10 0.909090909091
g5-g6 11 19 10 1 8 0.727272727273
g5-g7 11 20 481 51 6 0.545454545455
g6-g11 19 42 41392 4 16 0.842105263158
g6-g12 19 48 5483 209 16 0.842105263158
g6-g13 19 49 37 8 17 0.894736842105
g6-g14 19 50 473 33 16 0.842105263158
g6-g15 19 50 44 7 17 0.894736842105
g6-g16 19 53 17 0 18 0.947368421053
g6-g20 19 64 1000000 150045 14 0.736842105263
g6-g21 19 64 851 316 6 0.315789473684
g6-g22 19 67 14 1 17 0.894736842105
g6-g23 19 73 96 16 17 0.894736842105
g6-g25 19 75 31 110 16 0.842105263158
g6-g26 19 80 258 8676 17 0.894736842105
g6-g27 19 86 55 46 17 0.894736842105
g6-g28 19 97 69228 274003 16 0.842105263158
g6-g29 19 100 297 8 19 1.0
g6-g30 19 100 283 85 18 0.947368421053
g6-g31 19 100 640 250 19 1.0
g6-g32 19 100 499 312 3 0.157894736842
g6-g33 19 101 128 2 17 0.894736842105
g6-g37 19 120 23 13 18 0.947368421053
g6-g41 19 128 133 7 17 0.894736842105
g6-g42 19 128 53 13 17 0.894736842105
g6-g43 19 128 182 134 17 0.894736842105
g6-g44 19 128 634 0 19 1.0
g6-g45 19 128 295 61 18 0.947368421053
g6-g46 19 128 74 42 18 0.947368421053
g6-g47 19 128 94 35 18 0.947368421053
g6-g48 19 128 112 94 18 0.947368421053
g6-g49 19 128 443 92 17 0.894736842105
g6-g7 19 20 122 6 10 0.526315789474
g7-g11 20 42 808 41 11 0.55
g7-g12 20 48 1000000 981790 18 0.9
g7-g13 20 49 33724 2494 10 0.5
g7-g14 20 50 2961 239 10 0.5
g7-g15 20 50 42748 3122 10 0.5
g7-g16 20 53 1343 143 10 0.5
g7-g20 20 64 1000000 92079 8 0.4
g7-g21 20 64 754011 52922 4 0.2
g7-g22 20 67 554 44 10 0.5
g7-g23 20 73 5329 81 11 0.55
g7-g25 20 75 873 63 10 0.5
g7-g26 20 80 1197 80 11 0.55
g7-g27 20 86 5644 221 11 0.55
g7-g28 20 97 36 12 11 0.55
g7-g29 20 100 430052 16511 11 0.55
g7-g30 20 100 232437 8333 11 0.55
g7-g31 20 100 937660 31985 11 0.55
g7-g32 20 100 10131 2315 2 0.1
g7-g33 20 101 709 56 10 0.5
g7-g37 20 120 16160 1122 10 0.5
g7-g38 20 121 5 0 20 1.0
g7-g41 20 128 747 56 10 0.5
g7-g42 20 128 1619 121 10 0.5
g7-g43 20 128 12971 713 10 0.5
g7-g44 20 128 596921 24168 11 0.55
g7-g45 20 128 156054 6231 11 0.55
g7-g46 20 128 66954 4508 11 0.55
g7-g47 20 128 61303 3967 11 0.55
g7-g48 20 128 146691 5991 11 0.55
g7-g49 20 128 22741 1245 10 0.5
g8-g10 30 41 30453 545 23 0.766666666667
g8-g11 30 42 1000000 88811 21 0.7
g8-g12 30 48 1000000 200835 20 0.666666666667
g8-g13 30 49 1000000 41980 21 0.7
g8-g14 30 50 706111 30696 21 0.7
g8-g15 30 50 1000000 55385 21 0.7
g8-g16 30 53 6 0 30 1.0
g8-g21 30 64 4267 549 6 0.2
g8-g22 30 67 6272 2121 25 0.833333333333
g8-g23 30 73 1000000 312405 22 0.733333333333
g8-g26 30 80 1000000 239985 22 0.733333333333
g8-g27 30 86 538195 9910 24 0.8
g8-g28 30 97 1000000 541018 21 0.7
g8-g32 30 100 632 1249 4 0.133333333333
g8-g33 30 101 11393 419 25 0.833333333333
g8-g35 30 120 9541 2638 25 0.833333333333
g8-g36 30 120 62605 6329 25 0.833333333333
g8-g37 30 120 29 0 30 1.0
g8-g41 30 128 23822 897 25 0.833333333333
g8-g42 30 128 793643 61552 24 0.8
g8-g43 30 128 1000000 399680 25 0.833333333333
g8-g44 30 128 1000000 363051 26 0.866666666667
g8-g45 30 128 1000000 895301 25 0.833333333333
g8-g46 30 128 1000000 940380 26 0.866666666667
g8-g47 30 128 1000000 724463 26 0.866666666667
g8-g48 30 128 1000000 698449 27 0.9
g8-g49 30 128 427281 100669 26 0.866666666667
g8-g9 30 37 1000000 410335 19 0.633333333333
g9-g14 37 50 232793 45457 32 0.864864864865
g9-g21 37 64 4092 681 7 0.189189189189
g9-g23 37 73 9 408 37 1.0
g9-g32 37 100 578 639 6 0.162162162162
g9-g42 37 128 1307 11 34 0.918918918919
g9-g43 37 128 17020 1231 35 0.945945945946
images-CVIU11-11-4 15 4104 27165 399 14 0.933333333333
images-CVIU11-11-72 15 4314 30767 380 14 0.933333333333
images-CVIU11-11-8 15 3501 17880 239 14 0.933333333333
images-CVIU11-15-146 19 4549 1000000 3455 17 0.894736842105
images-CVIU11-17-107 22 3132 1000000 15876 20 0.909090909091
images-CVIU11-17-14 22 1845 8364 1790 20 0.909090909091
images-CVIU11-17-82 22 4058 53224 2370 20 0.909090909091
images-CVIU11-20-134 24 3182 31314 1528 22 0.916666666667
images-CVIU11-20-31 24 4105 56143 2644 22 0.916666666667
images-CVIU11-20-46 24 3794 48831 2334 22 0.916666666667
images-CVIU11-20-72 24 4314 61780 2710 22 0.916666666667
images-CVIU11-20-88 24 4497 84811 2789 22 0.916666666667
images-CVIU11-24-113 21 2877 21472 1086 19 0.904761904762
images-CVIU11-24-49 21 3737 42131 8141 19 0.904761904762
images-CVIU11-24-5 21 5182 96708 41587 19 0.904761904762
images-CVIU11-24-77 21 5732 121281 23633 19 0.904761904762
images-CVIU11-26-129 70 1751 1662 30 70 1.0
images-CVIU11-29-107 22 3132 45198 1570 20 0.909090909091
images-CVIU11-29-112 22 2526 1000000 4182 19 0.863636363636
images-CVIU11-29-114 22 2124 20619 585 20 0.909090909091
images-CVIU11-29-116 22 5710 218591 11384 20 0.909090909091
images-CVIU11-29-12 22 3974 1000000 9811 19 0.863636363636
images-CVIU11-29-21 22 3875 84860 3983 20 0.909090909091
images-CVIU11-29-3 22 4501 131573 7719 20 0.909090909091
images-CVIU11-29-39 22 3218 569572 6636 19 0.863636363636
images-CVIU11-29-75 22 5528 173971 6063 20 0.909090909091
images-CVIU11-29-76 22 5763 34285 366 22 1.0
images-CVIU11-29-79 22 2319 198181 4271 19 0.863636363636
images-CVIU11-29-8 22 3501 64717 1468 20 0.909090909091
images-CVIU11-29-82 22 4058 89704 4127 20 0.909090909091
images-CVIU11-33-109 34 4342 1000000 583790 31 0.911764705882
images-CVIU11-33-59 34 4838 1000000 24028 31 0.911764705882
images-CVIU11-33-71 34 4700 1000000 26242 31 0.911764705882
images-CVIU11-33-93 34 3915 1000000 32994 31 0.911764705882
images-CVIU11-34-106 23 3615 44048 1253 21 0.913043478261
images-CVIU11-34-135 23 2888 47388 2540 20 0.869565217391
images-CVIU11-34-88 23 4497 122099 5723 20 0.869565217391
images-CVIU11-34-9 23 3426 68122 4471 20 0.869565217391
images-CVIU11-35-141 45 2036 1000000 158595 41 0.911111111111
images-CVIU11-6-25 53 2778 1000000 243003 50 0.943396226415
meshes-CVIU11-3-484 163 3787 1000000 78381 161 0.98773006135
PR15-1 83 4838 21573 224 83 1.0
PR15-2 15 4838 20573 326 15 1.0
PR15-3 10 4838 20550 223 10 1.0
PR15-4 8 4838 20463 236 8 1.0
PR15-5 18 4838 20540 224 18 1.0
PR15-6 94 4838 21726 220 94 1.0
PR15-7 170 4838 22675 124 170 1.0
PR15-8 6 4838 20428 222 6 1.0
PR15-9 68 4838 21414 231 68 1.0
PR15-10 9 4838 20804 210 9 1.0
PR15-11 5 4838 20509 216 5 1.0
PR15-12 7 4838 20842 220 7 1.0
PR15-13 63 4838 21193 215 63 1.0
PR15-14 121 4838 22164 215 121 1.0
PR15-15 77 4838 21421 118 77 1.0
PR15-16 4 4838 20672 213 4 1.0
PR15-17 6 4838 20447 214 6 1.0
PR15-18 15 4838 20480 264 15 1.0
PR15-19 7 4838 20413 230 7 1.0
PR15-20 8 4838 20720 215 8 1.0
PR15-21 16 4838 20672 219 16 1.0
PR15-22 11 4838 20470 292 11 1.0
PR15-23 5 4838 20366 244 5 1.0
PR15-24 53 4838 21122 271 53 1.0
g11-g78 42 627 302 6 42 1.0
g11-g84 42 1024 1000000 208464 42 1.0
g12-g100 48 2016 64162 3367 32 0.666666666667
g12-g52 48 161 1000000 87295 36 0.75
g12-g53 48 168 94169 1000000 32 0.666666666667
g12-g54 48 256 866406 1000000 36 0.75
g12-g57 48 280 671 268 33 0.6875
g12-g61 48 331 583440 20712 32 0.666666666667
g12-g69 48 500 34853 151915 33 0.6875
g12-g70 48 501 8151 2108 33 0.6875
g12-g71 48 501 142188 9514 33 0.6875
g12-g72 48 561 8222 50692 34 0.708333333333
g12-g80 48 891 6157 630 33 0.6875
g12-g85 48 1050 1000000 105500 32 0.666666666667
g12-g89 48 1092 38456 271422 33 0.6875
g12-g95 48 2000 65899 48077 33 0.6875
g12-g96 48 2000 72624 353394 33 0.6875
g12-g97 48 2000 63578 503676 33 0.6875
g12-g98 48 2000 167280 1000000 33 0.6875
g12-g99 48 2000 153389 1000000 33 0.6875
g13-g61 49 331 1000000 92 40 0.816326530612
g13-g69 49 500 974 90 42 0.857142857143
g13-g70 49 501 901 342470 41 0.836734693878
g13-g71 49 501 1000000 582551 42 0.857142857143
g13-g72 49 561 1172 1000000 42 0.857142857143
g13-g80 49 891 3443 207 40 0.816326530612
g13-g95 49 2000 88766 1000000 41 0.836734693878
g13-g96 49 2000 845354 1000000 41 0.836734693878
g13-g97 49 2000 73840 109579 41 0.836734693878
g13-g98 49 2000 625224 1000000 41 0.836734693878
g13-g99 49 2000 624082 1000000 41 0.836734693878
g14-g112 50 6671 881667 1000000 44 0.88
g14-g69 50 500 1085 70 44 0.88
g14-g71 50 501 1014 246 44 0.88
g14-g80 50 891 1000000 131466 42 0.84
g14-g95 50 2000 1000000 637 45 0.9
g14-g98 50 2000 1000000 2453 45 0.9
g14-g99 50 2000 1000000 2491 45 0.9
g15-g61 50 331 1000000 119 40 0.8
g15-g69 50 500 1043 73 42 0.84
g15-g70 50 501 999 16632 41 0.82
g15-g71 50 501 1000000 601185 42 0.84
g15-g72 50 561 1425 1000000 42 0.84
g15-g80 50 891 3461 240 40 0.8
g15-g95 50 2000 92079 1000000 41 0.82
g15-g96 50 2000 839833 1000000 41 0.82
g15-g97 50 2000 76221 114136 41 0.82
g15-g98 50 2000 637248 1000000 41 0.82
g15-g99 50 2000 634204 1000000 41 0.82
g17-g110 64 5448 31311 300 64 1.0
g17-g78 64 627 225 11 64 1.0
g17-g79 64 763 251 6 64 1.0
g17-g83 64 1024 580 9 64 1.0
g17-g87 64 1057 3990 26236 64 1.0
g17-g88 64 1057 3064 534 64 1.0
g17-g90 64 1430 1121 27 64 1.0
g17-g94 64 1860 3128 527 64 1.0
g18-g110 64 5448 31441 109337 64 1.0
g18-g78 64 627 7650 1000000 64 1.0
g18-g79 64 763 228 6 64 1.0
g18-g83 64 1024 497 14 64 1.0
g18-g90 64 1430 1155 18 64 1.0
g18-g94 64 1860 3158 434 64 1.0
g2-g101 10 2184 2656 57 10 1.0
g2-g102 10 2184 2693 43 10 1.0
g2-g103 10 2184 2976 43 10 1.0
g2-g104 10 3300 7889 137 10 1.0
g2-g105 10 3317 7735 105 10 1.0
g2-g106 10 4493 17443 244 10 1.0
g2-g107 10 4494 17253 228 10 1.0
g2-g108 10 4866 21440 222 10 1.0
g2-g109 10 5040 22978 221 10 1.0
g2-g110 10 5448 29957 284 10 1.0
g2-g111 10 5757 33614 368 10 1.0
g2-g112 10 6671 50249 431 10 1.0
g2-g51 10 138 11 1 10 1.0
g2-g52 10 161 10 0 10 1.0
g2-g53 10 168 12 0 10 1.0
g2-g54 10 256 38 0 10 1.0
g2-g55 10 256 25 0 10 1.0
g2-g56 10 256 25 0 10 1.0
g2-g57 10 280 83341 393 7 0.7
g2-g61 10 331 53 1 10 1.0
g2-g62 10 377 67 1 10 1.0
g2-g63 10 400 74 1 10 1.0
g2-g64 10 400 157 3 10 1.0
g2-g65 10 435 76 2 10 1.0
g2-g67 10 462 69 2 10 1.0
g2-g68 10 462 141 3 10 1.0
g2-g69 10 500 85 3 10 1.0
g2-g70 10 501 80 3 10 1.0
g2-g71 10 501 86 2 10 1.0
g2-g72 10 561 122 2 10 1.0
g2-g74 10 585 204 3 10 1.0
g2-g75 10 610 173 3 10 1.0
g2-g76 10 610 339 14 10 1.0
g2-g77 10 610 488 369 10 1.0
g2-g78 10 627 167 3 10 1.0
g2-g79 10 763 315 7 10 1.0
g2-g80 10 891 599 9 9 0.9
g2-g81 10 1010 471 9 10 1.0
g2-g83 10 1024 420 9 10 1.0
g2-g84 10 1024 1310 18 10 1.0
g2-g85 10 1050 470 20 10 1.0
g2-g87 10 1057 501 10 10 1.0
g2-g88 10 1057 518 11 10 1.0
g2-g89 10 1092 506 10 10 1.0
g2-g90 10 1430 1000 17 10 1.0
g2-g91 10 1446 1027 20 10 1.0
g2-g92 10 1619 1366 34 10 1.0
g2-g94 10 1860 1863 32 10 1.0
g2-g95 10 2000 2121 37 10 1.0
g2-g96 10 2000 2149 38 10 1.0
g2-g97 10 2000 2139 39 10 1.0
g2-g98 10 2000 2187 38 10 1.0
g2-g99 10 2000 2354 37 10 1.0
g21-g100 64 2016 1000000 329241 4 0.0625
g21-g52 64 161 348629 35471 4 0.0625
g21-g53 64 168 1000000 42171 9 0.140625
g21-g54 64 256 1000000 115044 4 0.0625
g21-g55 64 256 964290 75966 4 0.0625
g21-g56 64 256 1000000 138332 4 0.0625
g21-g57 64 280 21084 822 5 0.078125
g21-g61 64 331 1000000 35931 6 0.09375
g21-g62 64 377 1000000 276356 4 0.0625
g21-g63 64 400 1000000 633875 10 0.15625
g21-g65 64 435 1000000 127966 6 0.09375
g21-g67 64 462 1000000 78759 4 0.0625
g21-g69 64 500 1000000 36001 7 0.109375
g21-g70 64 501 562256 8344 6 0.09375
g21-g71 64 501 1000000 37614 7 0.109375
g21-g72 64 561 241477 4178 9 0.140625
g21-g74 64 585 1000000 838054 4 0.0625
g21-g78 64 627 1000000 801262 4 0.0625
g21-g79 64 763 1000000 172703 4 0.0625
g21-g80 64 891 76771 6165 6 0.09375
g21-g81 64 1010 1000000 439739 6 0.09375
g21-g83 64 1024 1000000 872725 4 0.0625
g21-g85 64 1050 1000000 91543 4 0.0625
g21-g87 64 1057 1000000 592235 4 0.0625
g21-g88 64 1057 1000000 735491 4 0.0625
g21-g89 64 1092 1000000 156714 4 0.0625
g21-g90 64 1430 1000000 716348 4 0.0625
g21-g91 64 1446 1000000 104227 7 0.109375
g21-g92 64 1619 1000000 126341 7 0.109375
g21-g94 64 1860 1000000 965758 4 0.0625
g21-g95 64 2000 1000000 35663 8 0.125
g21-g96 64 2000 1000000 40666 8 0.125
g21-g97 64 2000 219736 26607 10 0.15625
g21-g98 64 2000 1000000 47785 9 0.140625
g21-g99 64 2000 1000000 48851 9 0.140625
g24-g63 75 400 1723 786 75 1.0
g24-g95 75 2000 1000000 340030 73 0.973333333333
g24-g96 75 2000 1000000 967 74 0.986666666667
g24-g97 75 2000 1000000 486 74 0.986666666667
g24-g98 75 2000 1000000 16338 74 0.986666666667
g24-g99 75 2000 1000000 16459 74 0.986666666667
g25-g72 75 561 499483 391277 66 0.88
g28-g110 97 5448 283582 1000000 97 1.0
g28-g57 97 280 1000000 535944 87 0.896907216495
g28-g87 97 1057 688 1000000 97 1.0
g28-g88 97 1057 5811 1000000 97 1.0
g3-g100 10 2016 91012 65869 6 0.6
g3-g101 10 2184 177558 28260 7 0.7
g3-g102 10 2184 519350 89824 7 0.7
g3-g103 10 2184 1000000 511424 7 0.7
g3-g104 10 3300 86033 16178 7 0.7
g3-g105 10 3317 86877 16057 7 0.7
g3-g106 10 4493 368440 91809 7 0.7
g3-g107 10 4494 212261 43288 7 0.7
g3-g108 10 4866 265138 55006 7 0.7
g3-g109 10 5040 573107 138904 7 0.7
g3-g111 10 5757 490260 111986 7 0.7
g3-g112 10 6671 168912 7782 8 0.8
g3-g51 10 138 107 15 8 0.8
g3-g52 10 161 1582 353 7 0.7
g3-g53 10 168 1005 181 7 0.7
g3-g54 10 256 29239 6727 7 0.7
g3-g55 10 256 18341 3777 7 0.7
g3-g56 10 256 35526 8473 7 0.7
g3-g57 10 280 772 99 6 0.6
g3-g61 10 331 1317 213 7 0.7
g3-g62 10 377 16158 4836 7 0.7
g3-g63 10 400 70459 16700 7 0.7
g3-g64 10 400 161 9 10 1.0
g3-g65 10 435 622 1415 9 0.9
g3-g67 10 462 16921 2435 7 0.7
g3-g68 10 462 142 2 10 1.0
g3-g69 10 500 2569 612 7 0.7
g3-g70 10 501 844 169 7 0.7
g3-g71 10 501 2718 471 7 0.7
g3-g72 10 561 348 15 8 0.8
g3-g74 10 585 386344 132200 7 0.7
g3-g78 10 627 259216 75309 7 0.7
g3-g79 10 763 33206 7152 7 0.7
g3-g80 10 891 1109 52 7 0.7
g3-g81 10 1010 5382 5287 9 0.9
g3-g83 10 1024 324869 81268 7 0.7
g3-g85 10 1050 4840 493 7 0.7
g3-g87 10 1057 204691 43837 7 0.7
g3-g88 10 1057 257298 54778 7 0.7
g3-g89 10 1092 14760 1640 7 0.7
g3-g90 10 1430 144498 28370 7 0.7
g3-g91 10 1446 4406 576 8 0.8
g3-g92 10 1619 5617 484 8 0.8
g3-g94 10 1860 108110 25453 7 0.7
g3-g95 10 2000 9790 404 7 0.7
g3-g96 10 2000 10844 572 7 0.7
g3-g97 10 2000 10270 568 7 0.7
g3-g98 10 2000 13385 1225 7 0.7
g3-g99 10 2000 13202 1221 7 0.7
g32-g100 100 2016 218468 81182 2 0.02
g32-g101 100 2184 301545 153028 2 0.02
g32-g102 100 2184 305570 204774 2 0.02
g32-g103 100 2184 323082 370807 2 0.02
g32-g104 100 3300 698683 181685 12 0.12
g32-g105 100 3317 708910 179237 12 0.12
g32-g106 100 4493 1000000 326547 13 0.13
g32-g107 100 4494 1000000 331874 12 0.12
g32-g108 100 4866 1000000 365480 13 0.13
g32-g109 100 5040 1000000 636720 2 0.02
g32-g111 100 5757 1000000 540476 13 0.13
g32-g52 100 161 3513 8719 2 0.02
g32-g53 100 168 114435 6935 8 0.08
g32-g54 100 256 8756 18822 2 0.02
g32-g55 100 256 6445 14901 2 0.02
g32-g56 100 256 9521 21267 2 0.02
g32-g57 100 280 3306 1765 4 0.04
g32-g61 100 331 1000000 111269 3 0.03
g32-g62 100 377 11512 42283 2 0.02
g32-g65 100 435 12173 49829 3 0.03
g32-g67 100 462 10987 17169 2 0.02
g32-g69 100 500 9901 21275 4 0.04
g32-g70 100 501 12694 14086 3 0.03
g32-g71 100 501 10036 22098 4 0.04
g32-g72 100 561 1000000 60608 5 0.05
g32-g74 100 585 21647 89188 2 0.02
g32-g75 100 610 85619 925483 2 0.02
g32-g76 100 610 235846 1000000 2 0.02
g32-g77 100 610 301665 1000000 2 0.02
g32-g78 100 627 55469 84944 2 0.02
g32-g79 100 763 31889 35870 2 0.02
g32-g80 100 891 29834 13879 4 0.04
g32-g81 100 1010 60207 131950 3 0.03
g32-g83 100 1024 65400 105373 2 0.02
g32-g84 100 1024 696159 1000000 2 0.02
g32-g85 100 1050 57667 26388 2 0.02
g32-g87 100 1057 79128 89162 2 0.02
g32-g88 100 1057 90334 93346 2 0.02
g32-g89 100 1092 63474 34450 2 0.02
g32-g90 100 1430 134391 96113 2 0.02
g32-g91 100 1446 104266 138257 4 0.04
g32-g92 100 1619 136564 134968 4 0.04
g32-g94 100 1860 233342 123286 2 0.02
g32-g95 100 2000 210122 71342 6 0.06
g32-g96 100 2000 208698 68519 7 0.07
g32-g97 100 2000 205319 65802 9 0.09
g32-g98 100 2000 209619 71702 8 0.08
g32-g99 100 2000 208518 65678 8 0.08
g34-g109 120 5040 25323 251 120 1.0
g34-g83 120 1024 686 21 120 1.0
g38-g100 121 2016 58061 4056 105 0.867768595041
g38-g101 121 2184 158467 9782 107 0.884297520661
g38-g102 121 2184 822363 47324 107 0.884297520661
g38-g103 121 2184 1000000 448563 107 0.884297520661
g38-g109 121 5040 1000000 195672 106 0.876033057851
g38-g112 121 6671 1000000 91250 108 0.892561983471
g38-g57 121 280 1166 61 106 0.876033057851
g38-g67 121 462 13169 700 107 0.884297520661
g38-g69 121 500 36999 764 106 0.876033057851
g38-g70 121 501 6859 317 106 0.876033057851
g38-g71 121 501 19156 7091 107 0.884297520661
g38-g72 121 561 5625 1000000 107 0.884297520661
g38-g79 121 763 240097 1000000 107 0.884297520661
g38-g80 121 891 7861 662 106 0.876033057851
g38-g81 121 1010 1000000 109686 107 0.884297520661
g38-g83 121 1024 1000000 62613 107 0.884297520661
g38-g85 121 1050 44872 1648 105 0.867768595041
g38-g88 121 1057 1000000 98814 108 0.892561983471
g38-g89 121 1092 39608 1905 106 0.876033057851
g38-g90 121 1430 570131 12889 107 0.884297520661
g38-g91 121 1446 350513 1000000 107 0.884297520661
g38-g94 121 1860 553905 13474 107 0.884297520661
g38-g95 121 2000 62012 4370 106 0.876033057851
g38-g96 121 2000 81699 4811 106 0.876033057851
g38-g97 121 2000 69669 4195 106 0.876033057851
g38-g98 121 2000 268199 12176 106 0.876033057851
g38-g99 121 2000 268975 12281 106 0.876033057851
g39-g61 121 331 76 1 121 1.0
g4-g100 10 2016 18849 593 2 0.2
g4-g101 10 2184 24109 977 2 0.2
g4-g102 10 2184 24170 1175 2 0.2
g4-g103 10 2184 25690 1323 2 0.2
g4-g104 10 3300 7670 105 10 1.0
g4-g105 10 3317 7751 108 10 1.0
g4-g106 10 4493 17371 194 10 1.0
g4-g107 10 4494 17208 218 10 1.0
g4-g108 10 4866 21570 247 10 1.0
g4-g109 10 5040 205820 4529 2 0.2
g4-g110 10 5448 272293 6347 2 0.2
g4-g111 10 5757 33574 434 10 1.0
g4-g112 10 6671 350554 4222 4 0.4
g4-g51 10 138 16 0 10 1.0
g4-g52 10 161 93 15 2 0.2
g4-g53 10 168 49 1 8 0.8
g4-g54 10 256 254 46 2 0.2
g4-g55 10 256 260 41 2 0.2
g4-g56 10 256 262 45 2 0.2
g4-g57 10 280 146 7 4 0.4
g4-g61 10 331 1349 114 3 0.3
g4-g62 10 377 501 90 2 0.2
g4-g63 10 400 8418 400 7 0.7
g4-g64 10 400 1000000 254387 7 0.7
g4-g65 10 435 614 100 3 0.3
g4-g67 10 462 614 72 2 0.2
g4-g68 10 462 16073 388 7 0.7
g4-g69 10 500 602 47 4 0.4
g4-g70 10 501 616 39 3 0.3
g4-g71 10 501 581 47 4 0.4
g4-g72 10 561 606 23 5 0.5
g4-g74 10 585 1153 164 2 0.2
g4-g75 10 610 1738 689 2 0.2
g4-g76 10 610 3018 6277 2 0.2
g4-g77 10 610 4591 21972 2 0.2
g4-g78 10 627 1597 218 2 0.2
g4-g79 10 763 1832 153 2 0.2
g4-g80 10 891 1810 97 4 0.4
g4-g81 10 1010 3861 318 3 0.3
g4-g83 10 1024 4050 363 2 0.2
g4-g84 10 1024 11825 9274 2 0.2
g4-g85 10 1050 4132 208 2 0.2
g4-g87 10 1057 4723 290 2 0.2
g4-g88 10 1057 4638 426 2 0.2
g4-g89 10 1092 4537 240 2 0.2
g4-g90 10 1430 8784 500 2 0.2
g4-g91 10 1446 7110 231 4 0.4
g4-g92 10 1619 9169 351 4 0.4
g4-g94 10 1860 16417 760 2 0.2
g4-g95 10 2000 10598 212 6 0.6
g4-g96 10 2000 8474 180 7 0.7
g4-g97 10 2000 4247 53 9 0.9
g4-g98 10 2000 6496 86 8 0.8
g4-g99 10 2000 6599 86 8 0.8
g5-g101 11 2184 5301 82 10 0.909090909091
g5-g102 11 2184 5455 82 10 0.909090909091
g5-g103 11 2184 5714 152 10 0.909090909091
g5-g104 11 3300 15482 199 10 0.909090909091
g5-g105 11 3317 15585 202 10 0.909090909091
g5-g106 11 4493 35701 395 10 0.909090909091
g5-g107 11 4494 34717 394 10 0.909090909091
g5-g108 11 4866 43116 464 10 0.909090909091
g5-g109 11 5040 45945 424 10 0.909090909091
g5-g110 11 5448 61827 573 10 0.909090909091
g5-g111 11 5757 67272 614 10 0.909090909091
g5-g112 11 6671 102130 423 10 0.909090909091
g5-g51 11 138 31 0 11 1.0
g5-g52 11 161 20 0 10 0.909090909091
g5-g53 11 168 31 3 10 0.909090909091
g5-g54 11 256 79 2 10 0.909090909091
g5-g55 11 256 68 1 10 0.909090909091
g5-g56 11 256 53 2 10 0.909090909091
g5-g57 11 280 81554 393 7 0.636363636364
g5-g61 11 331 71 2 10 0.909090909091
g5-g62 11 377 109 3 10 0.909090909091
g5-g63 11 400 309 84 10 0.909090909091
g5-g64 11 400 172 2 11 1.0
g5-g65 11 435 225 6 10 0.909090909091
g5-g67 11 462 155 3 10 0.909090909091
g5-g68 11 462 220 3 11 1.0
g5-g69 11 500 101 3 11 1.0
g5-g70 11 501 157 6 10 0.909090909091
g5-g71 11 501 86 2 11 1.0
g5-g72 11 561 201 8 10 0.909090909091
g5-g74 11 585 339 8 10 0.909090909091
g5-g75 11 610 351 34 10 0.909090909091
g5-g76 11 610 801 170 10 0.909090909091
g5-g77 11 610 1000 914 10 0.909090909091
g5-g78 11 627 407 15 10 0.909090909091
g5-g79 11 763 403 11 10 0.909090909091
g5-g80 11 891 783 15 9 0.818181818182
g5-g81 11 1010 983 25 10 0.909090909091
g5-g83 11 1024 881 23 10 0.909090909091
g5-g84 11 1024 2494 259 10 0.909090909091
g5-g85 11 1050 957 39 10 0.909090909091
g5-g87 11 1057 1017 23 10 0.909090909091
g5-g88 11 1057 1185 22 10 0.909090909091
g5-g89 11 1092 1033 27 10 0.909090909091
g5-g90 11 1430 1931 49 10 0.909090909091
g5-g91 11 1446 2038 22 10 0.909090909091
g5-g92 11 1619 2896 38 10 0.909090909091
g5-g94 11 1860 3827 61 10 0.909090909091
g5-g95 11 2000 4299 70 10 0.909090909091
g5-g96 11 2000 4332 72 10 0.909090909091
g5-g97 11 2000 4253 70 10 0.909090909091
g5-g98 11 2000 4347 89 10 0.909090909091
g5-g99 11 2000 4335 70 10 0.909090909091
g6-g112 19 6671 101356 1249 18 0.947368421053
g6-g51 19 138 802 111 17 0.894736842105
g6-g52 19 161 1000000 7108 16 0.842105263158
g6-g53 19 168 1000000 340596 15 0.789473684211
g6-g54 19 256 1000000 114264 16 0.842105263158
g6-g55 19 256 1000000 4232 16 0.842105263158
g6-g56 19 256 1000000 335721 16 0.842105263158
g6-g57 19 280 646120 320 14 0.736842105263
g6-g61 19 331 385 20 16 0.842105263158
g6-g63 19 400 310 77762 18 0.947368421053
g6-g64 19 400 1754 3 19 1.0
g6-g65 19 435 1000000 11083 17 0.894736842105
g6-g69 19 500 956 12 17 0.894736842105
g6-g70 19 501 284 8 17 0.894736842105
g6-g71 19 501 855 25 17 0.894736842105
g6-g72 19 561 303 29105 17 0.894736842105
g6-g80 19 891 1071 45 16 0.842105263158
g6-g81 19 1010 882897 595328 16 0.842105263158
g6-g87 19 1057 1000000 325945 16 0.842105263158
g6-g88 19 1057 1000000 769809 16 0.842105263158
g6-g91 19 1446 2099 88 18 0.947368421053
g6-g92 19 1619 2769 72 18 0.947368421053
g6-g95 19 2000 8903 305 16 0.842105263158
g6-g96 19 2000 9542 310 16 0.842105263158
g6-g97 19 2000 8935 248 16 0.842105263158
g6-g98 19 2000 10867 809 16 0.842105263158
g6-g99 19 2000 11312 796 16 0.842105263158
g7-g100 20 2016 24081 1241 10 0.5
g7-g101 20 2184 214338 7599 10 0.5
g7-g102 20 2184 397432 20161 10 0.5
g7-g103 20 2184 28933 43621 11 0.55
g7-g104 20 3300 256622 12925 10 0.5
g7-g105 20 3317 259652 12967 10 0.5
g7-g106 20 4493 1000000 44526 10 0.5
g7-g107 20 4494 626852 27135 10 0.5
g7-g108 20 4866 801718 33216 10 0.5
g7-g109 20 5040 1000000 32058 10 0.5
g7-g110 20 5448 1000000 272684 11 0.55
g7-g111 20 5757 1000000 55623 10 0.5
g7-g112 20 6671 1000000 26136 11 0.55
g7-g51 20 138 42400 268 11 0.55
g7-g52 20 161 188 179 13 0.65
g7-g53 20 168 5793 531 10 0.5
g7-g54 20 256 21089 2187 11 0.55
g7-g55 20 256 2419 1059 11 0.55
g7-g56 20 256 40790 3074 11 0.55
g7-g57 20 280 265 33 10 0.5
g7-g61 20 331 1919 229 10 0.5
g7-g62 20 377 85315 2157 13 0.65
g7-g63 20 400 114161 7877 11 0.55
g7-g64 20 400 1000000 2 20 1.0
g7-g65 20 435 36470 6120 11 0.55
g7-g67 20 462 18376 694 10 0.5
g7-g68 20 462 1000000 95342 10 0.5
g7-g69 20 500 5480 469 10 0.5
g7-g70 20 501 1605 203 10 0.5
g7-g71 20 501 144784 5675 10 0.5
g7-g72 20 561 1041 99 11 0.55
g7-g75 20 610 196 5 20 1.0
g7-g76 20 610 332 14 20 1.0
g7-g77 20 610 525 12 20 1.0
g7-g78 20 627 466808 17173 11 0.55
g7-g79 20 763 16263 1571 11 0.55
g7-g80 20 891 3115 238 10 0.5
g7-g81 20 1010 9293 15800 11 0.55
g7-g83 20 1024 267037 12460 11 0.55
g7-g85 20 1050 5089 545 10 0.5
g7-g87 20 1057 88704 5122 11 0.55
g7-g88 20 1057 205419 8467 11 0.55
g7-g89 20 1092 8790 783 10 0.5
g7-g90 20 1430 204735 6603 10 0.5
g7-g91 20 1446 71003 1507 11 0.55
g7-g92 20 1619 20375 1846 11 0.55
g7-g94 20 1860 225965 7005 10 0.5
g7-g95 20 2000 25882 1486 10 0.5
g7-g96 20 2000 27844 1642 10 0.5
g7-g97 20 2000 26659 1640 10 0.5
g7-g98 20 2000 35803 2358 10 0.5
g7-g99 20 2000 35873 2307 10 0.5
g8-g51 30 138 1000000 188117 23 0.766666666667
g8-g61 30 331 1000000 368052 24 0.8
g8-g63 30 400 608621 1000000 27 0.9
g8-g69 30 500 268498 6142 25 0.833333333333
g8-g70 30 501 114565 2984 24 0.8
g8-g71 30 501 385349 2830 25 0.833333333333
g8-g72 30 561 1000000 171528 23 0.766666666667
g8-g80 30 891 23592 33538 23 0.766666666667
g8-g91 30 1446 1000000 142998 25 0.833333333333
g8-g92 30 1619 1000000 225172 25 0.833333333333
g8-g95 30 2000 532258 282148 24 0.8
g8-g96 30 2000 174618 379140 25 0.833333333333
g8-g97 30 2000 641301 381835 24 0.8
g8-g98 30 2000 636140 1000000 25 0.833333333333
g8-g99 30 2000 656652 1000000 25 0.833333333333
g9-g63 37 400 8604 367 36 0.972972972973
g10-g93-normed 41 1800 138613 1000000 41 1.0
g12-g86-normed 48 1050 1000000 102808 32 0.666666666667
g2-g58-normed 10 280 26 0 10 1.0
g2-g59-normed 10 280 25 0 10 1.0
g2-g60-normed 10 280 34 1 10 1.0
g2-g66-normed 10 435 75 2 10 1.0
g2-g73-normed 10 561 140 3 10 1.0
g2-g82-normed 10 1010 502 9 10 1.0
g2-g86-normed 10 1050 562 17 10 1.0
g2-g93-normed 10 1800 7608 61 10 1.0
g21-g58-normed 64 280 1000000 20549 10 0.15625
g21-g59-normed 64 280 857389 13168 10 0.15625
g21-g66-normed 64 435 899446 35622 6 0.09375
g21-g82-normed 64 1010 1000000 439883 6 0.09375
g21-g86-normed 64 1050 1000000 86908 4 0.0625
g24-g59-normed 75 280 557546 1000000 75 1.0
g24-g60-normed 75 280 56 1000000 75 1.0
g24-g73-normed 75 561 430 46791 75 1.0
g25-g58-normed 75 280 1000000 348518 69 0.92
g25-g59-normed 75 280 1000000 319378 69 0.92
g3-g58-normed 10 280 185 47 8 0.8
g3-g59-normed 10 280 148 21 8 0.8
g3-g60-normed 10 280 258 73 9 0.9
g3-g66-normed 10 435 287 343 9 0.9
g3-g73-normed 10 561 506 140 9 0.9
g3-g82-normed 10 1010 5438 5526 9 0.9
g3-g86-normed 10 1050 4843 479 7 0.7
g3-g93-normed 10 1800 7525 67 10 1.0
g32-g58-normed 100 280 3553 93218 9 0.09
g32-g59-normed 100 280 3462 33962 9 0.09
g32-g66-normed 100 435 11050 17337 3 0.03
g32-g82-normed 100 1010 60612 131427 3 0.03
g32-g86-normed 100 1050 57215 26385 2 0.02
g38-g58-normed 121 280 37237 1000000 107 0.884297520661
g38-g59-normed 121 280 15473 1000000 108 0.892561983471
g38-g82-normed 121 1010 1000000 111950 107 0.884297520661
g38-g86-normed 121 1050 44237 1616 105 0.867768595041
g4-g58-normed 10 280 49 1 9 0.9
g4-g59-normed 10 280 49 2 9 0.9
g4-g60-normed 10 280 51 0 10 1.0
g4-g66-normed 10 435 729 63 3 0.3
g4-g73-normed 10 561 201 4 10 1.0
g4-g82-normed 10 1010 3790 280 3 0.3
g4-g86-normed 10 1050 4007 194 2 0.2
g4-g93-normed 10 1800 1000000 310039 3 0.3
g5-g58-normed 11 280 56 2 10 0.909090909091
g5-g59-normed 11 280 53 1 10 0.909090909091
g5-g60-normed 11 280 156 1 11 1.0
g5-g66-normed 11 435 154 2 10 0.909090909091
g5-g73-normed 11 561 188 3 11 1.0
g5-g82-normed 11 1010 1037 24 10 0.909090909091
g5-g86-normed 11 1050 1005 25 10 0.909090909091
g5-g93-normed 11 1800 8192 43 11 1.0
g6-g58-normed 19 280 153 303 17 0.894736842105
g6-g59-normed 19 280 93 14 18 0.947368421053
g6-g60-normed 19 280 208 243 18 0.947368421053
g6-g66-normed 19 435 80236 21984 16 0.842105263158
g6-g73-normed 19 561 413 221 18 0.947368421053
g6-g82-normed 19 1010 890055 594668 16 0.842105263158
g6-g93-normed 19 1800 7953 52 19 1.0
g7-g58-normed 20 280 1711 212 11 0.55
g7-g59-normed 20 280 858 213 11 0.55
g7-g60-normed 20 280 94653 3028 11 0.55
g7-g66-normed 20 435 2393 1478 11 0.55
g7-g73-normed 20 561 78073 4368 11 0.55
g7-g82-normed 20 1010 9307 15707 11 0.55
g7-g86-normed 20 1050 5142 660 10 0.5
g7-g93-normed 20 1800 7616 46 20 1.0
g8-g58-normed 30 280 1000000 126194 24 0.8
g8-g59-normed 30 280 1000000 37596 24 0.8
g8-g60-normed 30 280 344720 119132 26 0.866666666667
g8-g73-normed 30 561 1000000 389679 26 0.866666666667
g9-g58-normed 37 280 84 1000000 36 0.972972972973
g9-g73-normed 37 561 1000000 1489 37 1.0
