instance mcsplit-si-ll mcsplit-si-dom mcsplit-si-dom-D1 mcsplit-si-dom-D2 mcsplit-si-static mcsplit-si-adjmat-dom glasgow glasgow-nosupp ri ri-ds vf3 static-then-dom dom-then-static family vbos vbmcsplit
si6_r005_m400.07 5 4 6 6 1 11 560 284 361 360 198 1 4 7 198 1
si6_r005_m400.00 10 13 0 12 6 20 496 247 618 334 603 6 13 7 247 6
si6_r005_m400.01 4 3 5 3 4 8 526 183 4605 3765 269 4 3 7 183 3
si6_r005_m400.02 6 3 3 4 1 4 470 78 167 174 137 1 3 7 78 1
si6_r005_m400.04 2 2 4 2 1 3 461 116 7 45 9 1 2 7 7 1
si6_r005_m400.05 2 2 2 2 1 3 433 27 1028 771 1863 1 2 7 27 1
si6_r005_m400.09 2 1 0 0 0 3 789 32 43 127 8 0 1 7 8 0
si6_r005_m400.03 2 1 15 1 1 2 436 40 2125 1875 284 1 1 7 40 1
si6_r005_m400.06 2 1 1 1 1 2 453 33 124 182 8 1 1 7 8 1
si6_r005_m400.08 6 4 7 4 2 7 619 193 330 247 845 2 4 7 193 2
si2_r001_m600.00 1000000 1000000 1000000 1000000 72 1000000 34 1000000 11 24 1520 72 172 7 11 72
si2_r001_m600.06 1000000 1000000 1000000 1000000 7 1000000 104 1000000 23 26 343 7 107 7 23 7
si2_r001_m600.04 22 38 22 22 1 104 34 232 7 13 10 1 38 7 7 1
si2_r001_m600.07 1000000 1000000 1000000 1000000 18 1000000 46 1000000 131 95 6350 18 118 7 46 18
si2_r001_m600.02 1000000 1000000 1000000 1000000 76 1000000 46 250501 782 529 1173 76 176 7 46 76
si2_r001_m600.08 1000000 1000000 1000000 1000000 92 1000000 94 1000000 761 494 23620 92 192 7 94 92
si2_r001_m600.03 1000000 1000000 1000000 1000000 3305 1000000 37 1000000 22510 17437 1000000 1000000 3405 7 37 3305
si2_r001_m600.01 231689 240602 238839 238567 37 549378 30 586827 97 76 2474 37 137 7 30 37
si2_r001_m600.05 291315 296679 302204 297725 56 733042 94 245645 132 101 573 56 156 7 94 56
si2_r001_m600.09 1000000 1000000 1000000 1000000 1233 1000000 29 1000000 3680 2388 178538 1000000 1333 7 29 1233
si6_r001_m600.09 1 0 1000000 1 1 7 117 51 1 53 1 1 0 7 1 0
si6_r001_m600.00 51 28 56248 47 1 72 164 1771 9 57 122 1 28 7 9 1
si6_r001_m600.07 1 0 1 0 1 7 124 96 7 41 167 1 0 7 7 0
si6_r001_m600.03 2 2 3 2 2 12 122 146 10 52 11 2 2 7 10 2
si6_r001_m600.01 3 1 2 1 1 7 122 284 1 62 112 1 1 7 1 1
si6_r001_m600.06 1 1 0 0 1 6 119 64 0 68 1 1 1 7 0 1
si6_r001_m600.08 1 0 1 0 1 7 124 129 1 87 213 1 0 7 1 0
si6_r001_m600.02 7 10 6 6 1 17 162 108 6 47 24 1 10 7 6 1
si6_r001_m600.04 37 62 36 36 1 83 120 787 2 51 11 1 62 7 2 1
si6_r001_m600.05 1 0 1 0 1 6 121 29 0 60 1 1 0 7 0 0
si6_r001_m200.05 7 7 4 8 0 12 8 7 0 6 7 0 7 7 0 0
si6_r001_m200.09 3 3 1 3 0 5 8 4 1 5 1 0 3 7 1 0
si6_r001_m200.07 0 0 0 0 0 0 7 3 0 5 0 0 0 7 0 0
si6_r001_m200.02 1 1 0 1 0 4 8 4 0 5 2 0 1 7 0 0
si6_r001_m200.01 0 0 0 0 0 1 7 3 0 6 0 0 0 7 0 0
si6_r001_m200.00 0 0 0 0 0 0 6 3 0 4 0 0 0 7 0 0
si6_r001_m200.04 1 1 0 1 0 2 8 4 0 4 1 0 1 7 0 0
si6_r001_m200.06 0 0 0 0 0 0 4 3 0 5 0 0 0 7 0 0
si6_r001_m200.08 0 0 0 0 0 0 8 2 0 3 0 0 0 7 0 0
si6_r001_m200.03 0 0 0 0 0 0 8 2 0 4 0 0 0 7 0 0
si6_r01_m200.04 0 0 0 0 0 0 93 9 20 43 4 0 0 7 4 0
si6_r01_m200.08 1 2 1 2 1 1 125 26 139 148 22 1 2 7 22 1
si6_r01_m200.02 3 2 0 3 2 2 145 51 2307 1973 282 2 2 7 51 2
si6_r01_m200.09 0 0 0 0 0 0 120 43 341 300 297 0 0 7 43 0
si6_r01_m200.07 1 1 6 1 0 1 102 17 141 121 48 0 1 7 17 0
si6_r01_m200.00 2 2 3 2 3 3 159 70 235 197 85 3 2 7 70 2
si6_r01_m200.01 0 0 58 0 0 1 94 10 588 512 590 0 0 7 10 0
si6_r01_m200.03 7 6 8 6 4 5 256 182 391 340 843 4 6 7 182 4
si6_r01_m200.05 3 1 0 2 1 2 225 27 562 493 716 1 1 7 27 1
si6_r01_m200.06 1 1 1 1 1 2 148 34 375 294 374 1 1 7 34 1
si2_r001_m200.06 1 1 1 1 6 6 3 22 27 27 129 6 1 7 3 1
si2_r001_m200.01 106 119 69 112 1 138 4 14 4 4 19 1 101 7 4 1
si2_r001_m200.02 32 39 70 39 2 80 4 81 6 5 36 2 39 7 4 2
si2_r001_m200.07 0 0 0 0 0 0 3 2 0 1 0 0 0 7 0 0
si2_r001_m200.04 1 1 0 0 0 2 2 93 0 2 2 0 1 7 0 0
si2_r001_m200.05 78356 95096 95620 95899 26 170494 9 67 14089 8563 12 26 126 7 9 26
si2_r001_m200.09 22969 27089 27403 27170 0 45927 8 197 179 77 6660 0 100 7 8 0
si2_r001_m200.03 621 679 729 737 0 1376 3 402 5 4 64 0 100 7 3 0
si2_r001_m200.00 0 0 0 0 1 0 2 10 11 4 19 1 0 7 2 0
si2_r001_m200.08 3814 4328 4403 4330 4 9121 3 106 1 1 1 4 104 7 1 4
si4_r005_m200.00 5 4 7 4 6 8 38 44 131 105 202 6 4 7 38 4
si4_r005_m200.08 1 0 0 0 0 1 16 4 191 156 174 0 0 7 4 0
si4_r005_m200.02 7 11 2 6 1 16 25 95 57 48 220 1 11 7 25 1
si4_r005_m200.05 1 0 0 0 0 1 30 4 2 4 1 0 0 7 1 0
si4_r005_m200.06 0 0 0 0 0 1 31 6 1 5 2 0 0 7 1 0
si4_r005_m200.04 2 1 186 1 0 1 31 6 106 111 366 0 1 7 6 0
si4_r005_m200.07 1 1 310 1 2 1 20 14 137 84 169 2 1 7 14 1
si4_r005_m200.09 2 1 8093 2 2 3 22 19 38 31 137 2 1 7 19 1
si4_r005_m200.01 0 0 0 0 0 0 30 8 29 17 38 0 0 7 8 0
si4_r005_m200.03 2 2 3 2 4 5 27 32 104 85 392 4 2 7 27 2
si6_r01_m600.02 60 75 435 45 17 32 4207 1345 674953 554260 123258 17 75 7 1345 17
si6_r01_m600.06 8 3 2 2 2 8 3222 527 736569 636699 81613 2 3 7 527 2
si6_r01_m600.09 161 128 128 126 160 82 7708 4033 175557 144015 65733 228 260 7 4033 82
si6_r01_m600.08 1428 1123 1155 1142 457 798 47801 34893 525510 429730 1000000 1223 557 7 34893 457
si6_r01_m600.05 11 5 3 3 4 9 2810 263 34916 29836 15966 4 5 7 263 4
si6_r01_m600.07 162 145 88 96 88 75 5185 2226 32084 26252 22264 88 188 7 2226 75
si6_r01_m600.03 73 55 85 55 32 57 5382 2199 265212 221564 93714 32 55 7 2199 32
si6_r01_m600.00 38 49 241 29 25 29 4366 1223 202196 166611 54323 25 49 7 1223 25
si6_r01_m600.01 22 12 3 12 8 15 3206 661 177592 152512 291834 8 12 7 661 8
si6_r01_m600.04 274 189 226 249 81 183 9335 5455 275308 228495 903078 81 181 7 5455 81
si4_r005_m600.00 63 46 44 45 7 34 1651 854 2396 1974 11807 7 46 7 854 7
si4_r005_m600.02 43 30 264 31 20 76 1315 455 1103 910 1044 20 30 7 455 20
si4_r005_m600.08 341 323 287 393 373 343 7806 4726 14966 11640 4380 423 473 7 4380 323
si4_r005_m600.05 150 83 32 109 36 131 1675 1858 6966 5800 7504 36 83 7 1675 36
si4_r005_m600.07 55 71 616 42 18 57 1141 686 1676 1349 5263 18 71 7 686 18
si4_r005_m600.06 229 96 56 131 9 174 2236 3442 895 710 37533 9 96 7 710 9
si4_r005_m600.01 30 20 12 22 4 18 877 316 6017 5232 7103 4 20 7 316 4
si4_r005_m600.04 117 86 137 157 74 120 2906 2790 6614 5577 4464 74 86 7 2790 74
si4_r005_m600.03 16 17 17 10 10 20 1310 496 6155 5144 1770 10 17 7 496 10
si4_r005_m600.09 6 4 47766 4 4 8 823 145 39 137 43 4 4 7 39 4
si2_r005_m200.02 0 0 0 0 0 0 12 2 12 7 11 0 0 7 2 0
si2_r005_m200.01 2108 2056 2088 2054 1350 3069 2220 1962 3686 2978 10762 2156 1450 7 1962 1350
si2_r005_m200.03 15 13 13 13 11 22 39 41 75 51 138 11 13 7 39 11
si2_r005_m200.05 227 136 136 136 152 189 102 808 1493 1208 1451 236 252 7 102 136
si2_r005_m200.08 101 65 101 71 42 137 127 232 827 581 1571 42 65 7 127 42
si2_r005_m200.04 31 32 33 32 25 49 148 132 34 29 67 25 32 7 29 25
si2_r005_m200.09 24 39 25 25 3 28 15 101 41 46 91 3 39 7 15 3
si2_r005_m200.06 5 5 5 8 5 8 16 9 153 99 233 5 5 7 9 5
si2_r005_m200.00 37 47 38 42 33 50 143 197 63 46 65 33 47 7 46 33
si2_r005_m200.07 17 17 17 17 9 21 34 76 99 80 181 9 17 7 34 9
si2_r01_m600.01 2556 1856 1865 1858 1988 2614 16414 11846 746725 632720 597576 1956 2088 7 11846 1856
si2_r01_m600.06 8964 6520 618146 6401 8984 9426 37182 26680 1000000 968489 633991 6620 9084 7 26680 6520
si2_r01_m600.09 18450 13981 14630 14416 9013 17488 100282 72641 494175 407637 426803 14081 9113 7 72641 9013
si2_r01_m600.08 37331 28044 7926 27868 7385 36833 110458 80248 558284 469592 1000000 28144 7485 7 80248 7385
si2_r01_m600.04 8076 5937 6048 6049 5683 8545 67418 48967 313702 259711 480900 6037 5783 7 48967 5683
si2_r01_m600.02 11499 8430 399848 8844 39536 12642 67153 49205 1000000 1000000 895036 8530 39636 7 49205 8430
si2_r01_m600.00 4891 3821 23300 3838 337 4494 55424 40920 14479 12556 279093 3921 437 7 12556 337
si2_r01_m600.07 3376 2501 24534 2507 2332 3653 12034 8756 1000000 1000000 1000000 2601 2432 7 8756 2332
si2_r01_m600.03 5042 3547 329 3639 861 5353 33228 24154 33870 27609 431589 3647 961 7 24154 861
si2_r01_m600.05 6764 4930 139689 4770 4391 6682 44497 32485 1000000 851782 1000000 5030 4491 7 32485 4391
si4_r001_m200.04 3 2 3 2 0 4 5 28 0 4 1 0 2 7 0 0
si4_r001_m200.07 1 0 1 1 0 1 5 2 1 4 26 0 0 7 1 0
si4_r001_m200.00 12 22 12 22 0 29 5 5 0 2 0 0 22 7 0 0
si4_r001_m200.01 0 0 0 0 0 0 5 1 21 10 1 0 0 7 1 0
si4_r001_m200.03 100 109 67 108 0 155 5 129 0 2 0 0 100 7 0 0
si4_r001_m200.06 0 0 0 0 0 1 6 3 0 3 0 0 0 7 0 0
si4_r001_m200.05 5 6 6 10 0 13 3 2 0 3 0 0 6 7 0 0
si4_r001_m200.08 0 0 0 0 0 1 5 3 0 4 0 0 0 7 0 0
si4_r001_m200.09 62 72 72 73 4 168 3 32 11 9 475 4 72 7 3 4
si4_r001_m200.02 5 5 3 3 1 8 6 4 4 5 97 1 5 7 4 1
si6_r01_m400.04 20 14 203 14 9 9 1007 223 14296 11822 4987 9 14 7 223 9
si6_r01_m400.08 28 11 20 11 5 11 1481 532 1184 1007 582 5 11 7 532 5
si6_r01_m400.07 2 1 30 1 1 2 760 45 16053 13241 7624 1 1 7 45 1
si6_r01_m400.06 13 11 11 11 6 8 924 205 7475 6127 2374 6 11 7 205 6
si6_r01_m400.05 7 4 31 2 3 5 1249 223 15524 12688 29089 3 4 7 223 3
si6_r01_m400.02 3 1 76 1 3 3 801 75 46949 38183 19365 3 1 7 75 1
si6_r01_m400.00 10 6 22 7 5 8 840 95 4801 4052 12847 5 6 7 95 5
si6_r01_m400.03 63 32 55 31 20 26 1819 877 41681 33659 6270 20 32 7 877 20
si6_r01_m400.01 39 56 34 34 29 23 2117 991 38000 31550 16976 29 56 7 991 23
si6_r01_m400.09 156 125 148 71 51 62 1694 2721 21110 17683 42963 51 151 7 1694 51
si4_r01_m400.01 66 34 35 58 62 27 1197 632 55955 44846 52080 62 34 7 632 27
si4_r01_m400.08 3 1 2 1 3 3 375 42 24608 20247 71102 3 1 7 42 1
si4_r01_m400.02 40 53 794 32 18 35 1145 1049 67876 54145 592530 18 53 7 1049 18
si4_r01_m400.03 107 126 8197 139 128 109 2447 1538 15333 12381 21009 226 228 7 1538 109
si4_r01_m400.07 28 37 451 23 6 25 382 55 26980 22270 163797 6 37 7 55 6
si4_r01_m400.06 7 4 9 7 5 7 401 62 20878 16833 29270 5 4 7 62 4
si4_r01_m400.04 1021 818 767 831 355 1027 15790 13159 16472 13561 79327 918 455 7 13159 355
si4_r01_m400.00 697 544 555 540 225 667 5004 8404 88474 72277 294281 644 325 7 5004 225
si4_r01_m400.05 117 63 109 64 121 61 2095 1001 9104 7638 3732 163 63 7 1001 61
si4_r01_m400.09 525 448 222 413 342 587 8766 4881 6716 5539 9151 548 442 7 4881 342
si2_r005_m600.03 307 244 301 292 154 415 2636 2906 1408 1179 2895 344 254 7 1179 154
si2_r005_m600.00 4479 3496 3517 3496 2301 5855 35280 30143 20419 17124 84086 3596 2401 7 17124 2301
si2_r005_m600.06 1365 1117 1121 1107 298 1885 4416 9548 3328 2589 41264 1217 398 7 2589 298
si2_r005_m600.01 3581 2890 1000000 2830 1589 4900 22590 28361 541 447 10579 2990 1689 7 447 1589
si2_r005_m600.04 417 454 360 377 158 585 2336 1471 15989 13412 18961 554 258 7 1471 158
si2_r005_m600.09 251 194 194 194 53 336 507 1739 2320 1763 61012 53 153 7 507 53
si2_r005_m600.05 708 609 605 594 431 962 22262 6725 2922 2386 3977 709 531 7 2386 431
si2_r005_m600.02 1593 1212 1000000 1248 314 2041 4498 11193 9611 7950 64683 1312 414 7 4498 314
si2_r005_m600.08 2535 1999 2003 2125 624 3893 4892 17103 21494 17770 56073 2099 724 7 4892 624
si2_r005_m600.07 584 486 505 539 391 716 3276 3828 10677 8491 13673 586 491 7 3276 391
si4_r01_m600.05 173 141 142 141 231 94 3617 2088 947317 808584 216515 241 331 7 2088 94
si4_r01_m600.02 374 245 334 223 295 362 4807 2853 204897 167430 47402 345 395 7 2853 245
si4_r01_m600.03 1481 1089 1064 1319 1356 991 14973 10471 1000000 1000000 317204 1189 1456 7 10471 991
si4_r01_m600.07 395 152 187 185 100 185 5810 3598 212671 178230 616405 252 200 7 3598 100
si4_r01_m600.08 674 497 15212 470 762 471 14588 10270 1000000 1000000 576213 597 862 7 10270 471
si4_r01_m600.06 1327 1063 238 1065 916 927 18264 13041 12154 10387 12234 1163 1016 7 10387 916
si4_r01_m600.01 30 33 19 34 7 26 1772 370 766684 638947 1000000 7 33 7 370 7
si4_r01_m600.04 8 4 7 4 11 11 1489 287 77011 65771 41166 11 4 7 287 4
si4_r01_m600.00 11 5 6 6 5 10 1518 317 1000000 930162 1000000 5 5 7 317 5
si4_r01_m600.09 857 674 662 673 644 539 26626 18919 158280 132958 489271 774 744 7 18919 539
si4_r005_m400.06 3 2 8 2 1 6 234 61 115 144 484 1 2 7 61 1
si4_r005_m400.03 48 63 143 40 2 68 256 736 285 250 2242 2 63 7 250 2
si4_r005_m400.07 26 35 158 21 7 34 463 314 287 247 749 7 35 7 247 7
si4_r005_m400.01 4 3 561 6 4 5 187 38 449 372 443 4 3 7 38 3
si4_r005_m400.04 55 26 804 42 35 41 392 438 609 490 480 35 26 7 392 26
si4_r005_m400.00 9 7 34 7 11 13 197 45 1538 1287 1135 11 7 7 45 7
si4_r005_m400.09 4 5 3 5 3 5 180 37 1139 892 1287 3 5 7 37 3
si4_r005_m400.05 7 5 382 9 6 9 233 88 393 291 643 6 5 7 88 5
si4_r005_m400.08 1 0 101 1 1 2 167 15 899 777 288 1 0 7 15 0
si4_r005_m400.02 149 85 112 115 68 104 736 1128 3450 2823 10699 68 85 7 736 68
si2_r005_m400.05 280 243 283 282 87 380 979 1966 496 365 1345 87 187 7 365 87
si2_r005_m400.06 111 138 96 95 165 157 994 412 772 618 1206 238 265 7 412 138
si2_r005_m400.08 124 167 156 109 25 211 264 711 474 371 2373 25 125 7 264 25
si2_r005_m400.02 432 385 381 345 848 589 10151 3030 75905 63482 61980 485 948 7 3030 385
si2_r005_m400.03 94 49 49 81 26 73 990 594 93 90 102 26 49 7 90 26
si2_r005_m400.00 258 218 218 250 172 349 1006 1307 649 457 749 318 272 7 457 172
si2_r005_m400.07 221 253 52365 192 479 359 3595 1246 6443 5251 3852 353 579 7 1246 253
si2_r005_m400.09 25 31 18 18 74 45 267 199 5053 3981 2615 74 31 7 199 31
si2_r005_m400.04 79 103 110 67 54 120 318 243 1336 1067 1626 54 154 7 243 54
si2_r005_m400.01 5 6 791040 6 10 6 151 47 1051 919 235 10 6 7 47 6
si6_r005_m600.02 14 8 12 5 2 10 2072 289 611 650 682 2 8 7 289 2
si6_r005_m600.08 3 1 2 1 3 5 1916 84 4052 3414 745 3 1 7 84 1
si6_r005_m600.03 5 2 2 2 2 9 1943 130 1808 1576 5836 2 2 7 130 2
si6_r005_m600.05 5 3 2 2 1 9 2001 176 359 416 413 1 3 7 176 1
si6_r005_m600.07 13 8 9 5 2 10 1939 132 1911 1605 1279 2 8 7 132 2
si6_r005_m600.04 4 3 2 3 2 6 1965 204 14178 11283 2044 2 3 7 204 2
si6_r005_m600.06 25 29 22 18 5 38 2588 733 12271 9991 9290 5 29 7 733 5
si6_r005_m600.01 4 3 59 2 1 8 1873 103 1241 1024 107 1 3 7 103 1
si6_r005_m600.09 3 1 3 1 2 8 1953 254 129 231 436 2 1 7 129 1
si6_r005_m600.00 4 2 4 2 3 9 1925 128 1798 1614 559 3 2 7 128 2
si6_r005_m200.02 1 0 3 0 1 2 38 13 36 37 10 1 0 7 10 0
si6_r005_m200.08 0 0 0 0 0 1 66 9 38 50 61 0 0 7 9 0
si6_r005_m200.09 1 0 0 0 0 1 38 13 6 10 8 0 0 7 6 0
si6_r005_m200.05 3 3 2 3 0 2 60 75 19 23 54 0 3 7 19 0
si6_r005_m200.03 1 0 0 0 0 1 60 10 95 53 5 0 0 7 5 0
si6_r005_m200.00 2 1 23 1 1 2 38 38 12 22 58 1 1 7 12 1
si6_r005_m200.04 0 0 0 0 0 0 62 7 11 19 13 0 0 7 7 0
si6_r005_m200.07 0 0 0 0 0 1 61 10 18 21 8 0 0 7 8 0
si6_r005_m200.01 0 0 0 0 0 0 45 5 2 11 1 0 0 7 1 0
si6_r005_m200.06 0 0 153 0 0 1 48 6 1 6 1 0 0 7 1 0
si4_r001_m400.08 1131 1183 1234 1245 8 3634 53 5823 15 14 65 8 108 7 14 8
si4_r001_m400.06 20107 21059 21612 21104 1 58669 28 290 6 16 3 1 101 7 3 1
si4_r001_m400.02 1 1 1 1 0 3 34 21 2 13 8 0 1 7 2 0
si4_r001_m400.00 7 7 4 7 0 12 22 184 0 12 2 0 7 7 0 0
si4_r001_m400.04 849 813 820 843 4 1945 37 11905 11 12 557 4 104 7 11 4
si4_r001_m400.03 66 41 40 69 1 98 35 3578 41 24 31 1 41 7 24 1
si4_r001_m400.09 0 0 0 0 0 1 34 21 2 18 2 0 0 7 2 0
si4_r001_m400.05 717 703 700 770 4 1839 32 750 39 50 296 4 104 7 32 4
si4_r001_m400.01 26 16 16 26 0 45 33 7 3 12 111 0 16 7 3 0
si4_r001_m400.07 56 61 60 61 0 154 53 1590 4 9 46 0 61 7 4 0
si6_r001_m400.09 1 1 1 1 0 3 35 120 0 29 10 0 1 7 0 0
si6_r001_m400.05 11 10 9 10 1 18 57 238 1 31 12 1 10 7 1 1
si6_r001_m400.00 1 0 0 0 0 3 55 11 0 13 2 0 0 7 0 0
si6_r001_m400.04 0 0 0 0 0 3 59 58 2 31 259 0 0 7 2 0
si6_r001_m400.07 0 0 0 0 0 2 32 18 0 30 2 0 0 7 0 0
si6_r001_m400.06 0 0 0 0 0 2 31 36 1 30 13 0 0 7 1 0
si6_r001_m400.02 0 0 0 0 0 2 59 27 1 31 1 0 0 7 1 0
si6_r001_m400.03 0 0 0 0 0 3 59 16 1 37 1 0 0 7 1 0
si6_r001_m400.08 0 1 254 0 0 2 33 83 1 29 1 0 1 7 1 0
si6_r001_m400.01 1 0 0 0 0 3 58 13 0 26 0 0 0 7 0 0
si4_r01_m200.01 76 64 38 62 40 43 431 277 693 556 880 40 64 7 277 40
si4_r01_m200.08 137 108 8 70 49 135 1069 764 1343 1104 2409 49 149 7 764 49
si4_r01_m200.03 2 1 153 2 8 2 57 13 429 348 233 8 1 7 13 1
si4_r01_m200.04 0 0 2 0 0 0 38 3 410 331 916 0 0 7 3 0
si4_r01_m200.07 2 2 2 3 11 3 59 55 2411 1988 1036 11 2 7 55 2
si4_r01_m200.02 55 28 62 46 26 33 285 261 3191 2631 3647 26 28 7 261 26
si4_r01_m200.05 36 35 53 33 17 63 276 151 2638 2184 4061 17 35 7 151 17
si4_r01_m200.06 1 0 0 0 0 0 43 5 476 366 450 0 0 7 5 0
si4_r01_m200.00 22 33 32 21 5 35 404 265 216 186 1207 5 33 7 186 5
si4_r01_m200.09 13 11 19 11 11 13 193 96 2074 1624 2500 11 11 7 96 11
si2_r001_m400.06 1000000 1000000 1000000 1000000 11397 1000000 92 1000000 13999 9744 36640 1000000 11497 7 92 11397
si2_r001_m400.08 12334 13128 13132 13267 8 31660 18 20801 92 41 270 8 108 7 18 8
si2_r001_m400.09 1000000 1000000 1000000 1000000 59 1000000 248 1000000 134 88 1469 59 159 7 88 59
si2_r001_m400.01 1952 2096 2118 2111 1 4932 11 244 14983 9699 0 1 101 7 0 1
si2_r001_m400.03 1539 1633 1624 1662 88 4014 42 10814 287 197 524 88 188 7 42 88
si2_r001_m400.04 146032 160656 160055 160291 10 384550 94 347519 27 33 4580 10 110 7 27 10
si2_r001_m400.05 32533 36423 36736 36439 1 81104 14 176243 16 9 562 1 101 7 9 1
si2_r001_m400.02 1000000 1000000 1000000 1000000 1 1000000 21 1000000 6 10 11 1 101 7 6 1
si2_r001_m400.00 51 55 34 34 1 74 20 33 6 9 56 1 55 7 6 1
si2_r001_m400.07 1000000 1000000 1000000 1000000 163 1000000 215 1000000 302 237 1016 1000000 263 7 215 163
si2_r01_m200.03 16 23 118 15 20 18 54 41 3002 2474 4988 20 23 7 41 18
si2_r01_m200.00 288 282 7316 275 161 325 1027 726 986 820 3300 382 261 7 726 161
si2_r01_m200.05 115 149 151 157 200 174 365 374 3188 2653 4008 249 300 7 365 149
si2_r01_m200.01 4 4 6 4 7 8 31 6 1047 842 2699 7 4 7 6 4
si2_r01_m200.08 216 222 221 200 131 229 733 587 168 138 273 322 231 7 138 131
si2_r01_m200.06 23 22 34 22 5 41 188 71 2350 1953 4697 5 22 7 71 5
si2_r01_m200.09 833 833 841 826 976 1084 2439 1357 13089 10808 17828 933 1076 7 1357 833
si2_r01_m200.02 300 320 337 323 356 428 1101 624 3144 2722 3810 420 456 7 624 320
si2_r01_m200.07 143 171 209 164 635 225 1516 475 6586 5646 2894 271 735 7 475 171
si2_r01_m200.04 69 62 1590 102 49 88 177 231 82 69 190 49 62 7 69 49
si2_r01_m400.04 1074 893 881 891 6193 1198 6058 4092 253101 200621 47222 993 6293 7 4092 893
si2_r01_m400.00 1692 1405 1426 1444 1149 1908 9130 6755 119032 99368 154802 1505 1249 7 6755 1149
si2_r01_m400.07 235 196 14772 193 265 223 2162 1515 69816 57508 74061 296 365 7 1515 196
si2_r01_m400.09 11334 9542 9487 9478 7425 12568 42652 38305 196789 162391 718567 9642 7525 7 38305 7425
si2_r01_m400.01 563 386 374 246 811 444 1591 2559 275934 227519 173349 486 911 7 1591 386
si2_r01_m400.03 136 137 127 136 228 163 1267 758 83326 69926 22490 237 328 7 758 137
si2_r01_m400.02 5693 4589 1000000 4632 5117 6827 26630 16583 60545 48066 39335 4689 5217 7 16583 4589
si2_r01_m400.05 3101 2590 12371 2546 2710 3531 19022 11898 3876 3171 5447 2690 2810 7 3171 2590
si2_r01_m400.06 221 167 5876 166 141 174 755 678 10157 8324 9884 267 241 7 678 141
si2_r01_m400.08 727 590 600 592 917 846 1175 1190 137295 111180 123901 690 1017 7 1175 590
si4_r001_m600.01 38 36 21 21 0 59 65 1159 15 47 14 0 36 7 14 0
si4_r001_m600.08 48 40 26 43 1 63 110 6271 5 22 1113 1 40 7 5 1
si4_r001_m600.02 61 37 37 57 1 95 69 1858 9 44 37 1 37 7 9 1
si4_r001_m600.07 7 6 6 10 1 18 64 922 1 33 1 1 6 7 1 1
si4_r001_m600.05 1 0 0 1 1 3 102 17 2 21 2 1 0 7 2 0
si4_r001_m600.06 50 28 47 27 0 68 68 1519 5 22 1504 0 28 7 5 0
si4_r001_m600.00 4 4 4 3 0 11 68 405 50 88 956 0 4 7 50 0
si4_r001_m600.04 16 9 9 15 1 27 101 646 11 24 6 1 9 7 6 1
si4_r001_m600.09 5 4 4 4 1 21 75 93 6 38 138 1 4 7 6 1
si4_r001_m600.03 186 180 185 214 2 618 64 5554 147 128 186 2 102 7 64 2
