instance mcsplit-si-ll mcsplit-si-dom mcsplit-si-dom-D1 mcsplit-si-dom-D2 mcsplit-si-static mcsplit-si-adjmat-dom glasgow glasgow-nosupp ri ri-ds vf3 static-then-dom dom-then-static family vbos vbmcsplit
si6_m4Dr6_m625.04 1 1 1 1 1 6 91 38 0 84 1 1 1 6 0 1
si6_m4Dr6_m625.01 1 1 1 1 1 6 80 37 0 37 1 1 1 6 0 1
si6_m4Dr6_m625.09 0 1 0 1 1 7 52 23 0 99 1 1 1 6 0 1
si6_m4Dr6_m625.07 1 0 1 1 1 6 89 38 0 34 0 1 0 6 0 0
si6_m4Dr6_m625.00 1 1 1 1 1 6 88 38 0 31 1 1 1 6 0 1
si6_m4Dr6_m625.08 0 0 1 0 1 6 98 24 0 125 1 1 0 6 0 0
si6_m4Dr6_m625.05 0 0 1 1 1 4 51 24 0 88 1 1 0 6 0 0
si6_m4Dr6_m625.06 1 1 0 1 0 4 49 22 0 79 1 0 1 6 0 0
si6_m4Dr6_m625.02 0 0 0 0 0 4 54 23 0 72 1 0 0 6 0 0
si6_m4Dr6_m625.03 0 0 0 1 0 4 81 22 0 19 0 0 0 6 0 0
si4_m4Dr2_m625.09 0 0 0 0 0 4 55 13 0 47 0 0 0 6 0 0
si4_m4Dr2_m625.04 2 1 2 1 0 12 38 34 0 33 3 0 1 6 0 0
si4_m4Dr2_m625.02 0 0 0 0 0 3 49 12 0 46 0 0 0 6 0 0
si4_m4Dr2_m625.07 0 0 0 0 0 4 46 20 0 15 0 0 0 6 0 0
si4_m4Dr2_m625.00 0 0 0 0 0 2 50 14 0 43 0 0 0 6 0 0
si4_m4Dr2_m625.08 0 0 0 0 0 3 30 22 0 38 0 0 0 6 0 0
si4_m4Dr2_m625.01 0 0 0 0 0 3 51 13 0 30 0 0 0 6 0 0
si4_m4Dr2_m625.06 0 0 0 0 0 2 45 12 0 36 0 0 0 6 0 0
si4_m4Dr2_m625.03 1 1 0 0 0 7 34 24 0 40 1 0 1 6 0 0
si4_m4Dr2_m625.05 0 0 0 0 0 3 57 22 0 33 0 0 0 6 0 0
si2_m4Dr2_m256.09 4 4 2 2 1 10 6 18 4 6 4 1 4 6 4 1
si2_m4Dr2_m256.03 18 21 21 21 42 81 64 40 65 31 73 42 21 6 31 21
si2_m4Dr2_m256.04 23 15 24 15 15 38 8 76 15 17 26 15 15 6 8 15
si2_m4Dr2_m256.07 0 0 0 0 0 1 3 2 0 2 0 0 0 6 0 0
si2_m4Dr2_m256.00 2 3 2 3 1 5 6 28 4 6 11 1 3 6 4 1
si2_m4Dr2_m256.06 9 11 18 11 15 23 8 61 63 62 305 15 11 6 8 11
si2_m4Dr2_m256.08 0 0 0 0 0 0 5 1 0 2 0 0 0 6 0 0
si2_m4Dr2_m256.05 0 0 0 0 0 0 5 1 0 2 0 0 0 6 0 0
si2_m4Dr2_m256.01 0 0 0 0 0 1 6 32 0 3 2 0 0 6 0 0
si2_m4Dr2_m256.02 0 0 0 0 0 1 5 6 0 2 1 0 0 6 0 0
si2_m4Dr2_m1296.05 1 1 0 0 0 11 70 29 0 94 0 0 1 6 0 0
si2_m4Dr2_m1296.09 1 1 2 1 1 15 73 31 15 81 10 1 1 6 10 1
si2_m4Dr2_m1296.02 3 3 3 3 9 30 217 43 41 131 11 9 3 6 11 3
si2_m4Dr2_m1296.07 5 9 5 5 0 58 116 28 0 69 1 0 9 6 0 0
si2_m4Dr2_m1296.00 0 0 0 0 1 14 112 27 1 65 0 1 0 6 0 0
si2_m4Dr2_m1296.06 13 22 13 13 54 134 75 588 593 458 71 54 22 6 71 22
si2_m4Dr2_m1296.08 0 0 0 0 1 13 135 30 0 112 1 1 0 6 0 0
si2_m4Dr2_m1296.01 88 55 56 56 134 323 87 5441 115 130 67 155 55 6 67 55
si2_m4Dr2_m1296.03 0 0 1 0 1 16 115 30 0 89 0 1 0 6 0 0
si2_m4Dr2_m1296.04 0 0 0 0 3 14 108 46 13 72 1 3 0 6 1 0
si6_m4Dr2_m625.08 0 0 0 0 0 4 86 38 1 72 1 0 0 6 1 0
si6_m4Dr2_m625.09 0 0 0 0 1 3 50 22 1 81 1 1 0 6 1 0
si6_m4Dr2_m625.05 1 1 1 2 2 9 51 23 3 81 15 2 1 6 3 1
si6_m4Dr2_m625.01 1 1 0 0 0 4 67 21 0 40 0 0 1 6 0 0
si6_m4Dr2_m625.06 0 0 0 0 1 4 79 22 0 56 1 1 0 6 0 0
si6_m4Dr2_m625.00 0 0 0 0 0 4 43 22 0 33 1 0 0 6 0 0
si6_m4Dr2_m625.03 0 0 0 0 1 6 77 23 0 47 1 1 0 6 0 0
si6_m4Dr2_m625.02 0 0 1 0 1 4 83 24 1 63 1 1 0 6 1 0
si6_m4Dr2_m625.07 1 0 0 1 0 4 79 22 0 32 0 0 0 6 0 0
si6_m4Dr2_m625.04 0 0 0 0 1 4 50 28 0 87 1 1 0 6 0 0
si2_m4D_m1296.01 4 4 4 5 5 23 288 350 2 62 308 5 4 5 2 4
si2_m4D_m1296.08 0 0 0 0 0 9 60 27 0 50 20 0 0 5 0 0
si2_m4D_m1296.06 20 14 14 21 14 81 163 318 41 56 3298 14 14 5 41 14
si2_m4D_m1296.05 1 0 0 0 2 17 118 31 2 33 38 2 0 5 2 0
si2_m4D_m1296.09 5 6 4 7 18 35 65 48 17 71 213 18 6 5 17 6
si2_m4D_m1296.03 0 1 2 1 1 9 412 206 0 35 12 1 1 5 0 1
si2_m4D_m1296.07 1 1 2 1 2 14 73 47 4 34 93 2 1 5 4 1
si2_m4D_m1296.02 1 1 2 1 2 16 70 104 4 46 184 2 1 5 4 1
si2_m4D_m1296.04 2 3 2 3 3 30 123 43 6 73 306 3 3 5 6 3
si2_m4D_m1296.00 1 1 0 1 1 10 86 27 0 23 18 1 1 5 0 1
si6_m4D_m1296.02 2 4 3 3 4 19 269 137 2 187 117 4 4 5 2 4
si6_m4D_m1296.07 4 4 4 4 10 36 1117 875 14 255 7052 10 4 5 14 4
si6_m4D_m1296.05 7 5 7 5 9 37 220 171 10 83 163 9 5 5 10 5
si6_m4D_m1296.09 8 8 8 8 17 100 325 293 21 177 3125 17 8 5 21 8
si6_m4D_m1296.00 16426 18773 18940 18734 17961 60022 2100 24255 63628 44975 1000000 18873 18061 5 2100 17961
si6_m4D_m1296.08 3 4 2 2 3 26 255 191 1 77 77 3 4 5 1 3
si6_m4D_m1296.04 8 8 6 8 9 38 233 142 9 158 159 9 8 5 9 8
si6_m4D_m1296.06 3 4 6 4 11 34 645 1418 11 247 303 11 4 5 11 4
si6_m4D_m1296.01 4234 5124 5318 5070 2404 18307 1274 4175 24757 17494 1000000 5224 2504 5 1274 2404
si6_m4D_m1296.03 50 130 99 132 13 790 3329 4794 92 364 447807 13 113 5 92 13
si2_m4Dr6_m256.06 2 2 1 2 0 6 6 9 0 3 0 0 2 6 0 0
si2_m4Dr6_m256.05 0 0 0 0 0 0 5 3 0 3 0 0 0 6 0 0
si2_m4Dr6_m256.09 3 2 2 2 0 10 6 10 0 2 14 0 2 6 0 0
si2_m4Dr6_m256.00 1 2 1 2 0 4 6 4 1 2 4 0 2 6 1 0
si2_m4Dr6_m256.07 0 0 0 0 0 0 6 1 0 1 0 0 0 6 0 0
si2_m4Dr6_m256.04 0 0 0 0 0 0 6 3 0 3 0 0 0 6 0 0
si2_m4Dr6_m256.02 0 0 0 0 0 1 6 9 0 3 0 0 0 6 0 0
si2_m4Dr6_m256.01 4 9 5 5 0 23 6 6 0 3 0 0 9 6 0 0
si2_m4Dr6_m256.08 1 1 1 1 1 4 4 30 5 4 5 1 1 6 4 1
si2_m4Dr6_m256.03 0 0 0 0 0 0 6 2 0 3 0 0 0 6 0 0
si6_m4Dr2_m1296.05 3 2 2 2 2 26 316 150 0 273 3 2 2 6 0 2
si6_m4Dr2_m1296.09 3 2 3 2 4 18 269 147 1 322 2 4 2 6 1 2
si6_m4Dr2_m1296.01 2 2 2 2 2 17 250 149 1 241 2 2 2 6 1 2
si6_m4Dr2_m1296.06 2 1 1 2 4 16 275 157 0 172 3 4 1 6 0 1
si6_m4Dr2_m1296.07 3 2 3 2 2 19 305 151 0 298 3 2 2 6 0 2
si6_m4Dr2_m1296.03 2 2 2 2 2 26 247 148 0 313 3 2 2 6 0 2
si6_m4Dr2_m1296.04 2 2 2 2 4 26 272 148 1 196 2 4 2 6 1 2
si6_m4Dr2_m1296.00 3 2 2 1 2 18 268 154 0 336 3 2 2 6 0 2
si6_m4Dr2_m1296.08 2 2 2 2 2 19 275 148 0 331 2 2 2 6 0 2
si6_m4Dr2_m1296.02 2 2 2 1 2 25 364 149 0 111 2 2 2 6 0 2
si2_m4Dr2_m625.05 1 0 0 1 1 7 27 12 1 16 1 1 0 6 1 0
si2_m4Dr2_m625.00 0 0 0 0 0 3 22 72 6 19 2 0 0 6 2 0
si2_m4Dr2_m625.08 0 0 0 0 0 2 24 5 0 10 0 0 0 6 0 0
si2_m4Dr2_m625.09 0 0 0 0 0 3 26 5 0 16 0 0 0 6 0 0
si2_m4Dr2_m625.06 1 1 1 1 0 9 28 31 4 28 14 0 1 6 4 0
si2_m4Dr2_m625.04 2 4 2 4 0 19 17 11 1 16 0 0 4 6 0 0
si2_m4Dr2_m625.01 1 1 1 2 1 10 28 12 2 23 4 1 1 6 2 1
si2_m4Dr2_m625.03 1 0 0 0 0 5 17 108 8 26 20 0 0 6 8 0
si2_m4Dr2_m625.02 1 1 1 1 1 5 27 5 3 22 5 1 1 6 3 1
si2_m4Dr2_m625.07 0 0 0 0 0 3 28 11 0 33 0 0 0 6 0 0
si4_m4Dr6_m256.01 0 0 0 0 0 0 10 4 0 7 0 0 0 6 0 0
si4_m4Dr6_m256.00 1 0 0 0 0 1 11 2 0 4 1 0 0 6 0 0
si4_m4Dr6_m256.05 1 1 0 1 1 2 13 15 4 7 5 1 1 6 4 1
si4_m4Dr6_m256.08 0 0 0 0 0 0 6 12 1 4 1 0 0 6 1 0
si4_m4Dr6_m256.03 0 0 0 0 0 1 10 2 0 7 0 0 0 6 0 0
si4_m4Dr6_m256.06 0 0 0 0 0 1 11 6 0 4 0 0 0 6 0 0
si4_m4Dr6_m256.09 0 0 0 0 0 0 11 2 0 9 0 0 0 6 0 0
si4_m4Dr6_m256.07 3 3 2 3 1 4 15 21 19 16 9 1 3 6 9 1
si4_m4Dr6_m256.02 0 0 0 0 0 0 10 2 0 4 0 0 0 6 0 0
si4_m4Dr6_m256.04 0 0 0 0 0 2 6 16 1 7 2 0 0 6 1 0
si2_m4D_m256.08 0 0 0 0 0 0 6 2 1 4 0 0 0 5 0 0
si2_m4D_m256.03 0 0 0 0 0 0 4 2 0 2 5 0 0 5 0 0
si2_m4D_m256.02 0 0 0 0 0 0 5 1 0 2 2 0 0 5 0 0
si2_m4D_m256.06 0 0 0 0 0 0 6 2 0 1 0 0 0 5 0 0
si2_m4D_m256.04 0 0 0 0 0 0 4 1 0 0 0 0 0 5 0 0
si2_m4D_m256.07 0 0 0 0 0 0 5 1 0 2 1 0 0 5 0 0
si2_m4D_m256.01 0 0 0 0 0 0 7 2 0 2 30 0 0 5 0 0
si2_m4D_m256.09 0 0 0 0 0 0 3 4 0 2 12 0 0 5 0 0
si2_m4D_m256.00 0 0 0 0 0 0 6 2 0 2 0 0 0 5 0 0
si2_m4D_m256.05 0 0 0 0 0 0 4 2 0 1 0 0 0 5 0 0
si2_m4Dr4_m625.07 3 3 4 3 4 12 19 69 9 23 22 4 3 6 9 3
si2_m4Dr4_m625.02 0 0 0 0 0 2 28 5 0 13 0 0 0 6 0 0
si2_m4Dr4_m625.03 0 0 0 0 0 2 25 5 0 12 0 0 0 6 0 0
si2_m4Dr4_m625.00 0 0 0 0 0 2 26 5 0 16 0 0 0 6 0 0
si2_m4Dr4_m625.05 0 0 0 0 0 3 28 5 0 15 0 0 0 6 0 0
si2_m4Dr4_m625.06 1 1 1 2 1 8 18 11 1 21 0 1 1 6 0 1
si2_m4Dr4_m625.09 342 283 314 331 16 1107 175 538 34 54 17 16 116 6 17 16
si2_m4Dr4_m625.01 0 0 0 0 0 4 19 26 0 17 1 0 0 6 0 0
si2_m4Dr4_m625.08 5 5 5 5 13 19 46 116 23 22 36 13 5 6 22 5
si2_m4Dr4_m625.04 63 39 38 72 2 121 22 157 31 36 87 2 39 6 22 2
si4_m4Dr2_m1296.07 2 1 1 1 1 13 186 76 0 153 2 1 1 6 0 1
si4_m4Dr2_m1296.00 1 1 1 1 1 13 144 77 0 119 2 1 1 6 0 1
si4_m4Dr2_m1296.05 1 1 1 1 1 19 189 75 0 66 2 1 1 6 0 1
si4_m4Dr2_m1296.04 1 1 1 1 1 20 181 76 0 137 1 1 1 6 0 1
si4_m4Dr2_m1296.08 4 2 4 2 4 34 253 148 8 172 18 4 2 6 8 2
si4_m4Dr2_m1296.01 1 1 1 1 1 15 146 75 2 155 2 1 1 6 2 1
si4_m4Dr2_m1296.06 1 1 1 1 1 20 147 78 0 94 2 1 1 6 0 1
si4_m4Dr2_m1296.02 1 1 0 1 2 12 177 74 0 198 2 2 1 6 0 1
si4_m4Dr2_m1296.03 1 0 1 1 3 12 167 159 39 229 16 3 0 6 16 0
si4_m4Dr2_m1296.09 1 1 0 0 1 13 159 75 0 133 2 1 1 6 0 1
si2_m4Dr4_m1296.08 2 3 1 1 2 26 82 31 31 109 38 2 3 6 31 2
si2_m4Dr4_m1296.07 1 0 1 0 0 12 77 29 0 101 1 0 0 6 0 0
si2_m4Dr4_m1296.03 1 2 1 2 1 15 94 428 23 134 174 1 2 6 23 1
si2_m4Dr4_m1296.05 0 0 0 0 0 10 65 49 0 23 0 0 0 6 0 0
si2_m4Dr4_m1296.06 0 0 0 0 1 15 122 49 0 95 0 1 0 6 0 0
si2_m4Dr4_m1296.04 99 140 96 96 0 587 67 27 0 62 0 0 100 6 0 0
si2_m4Dr4_m1296.09 1 1 1 1 1 15 77 111 1 91 1 1 1 6 1 1
si2_m4Dr4_m1296.01 1 0 0 0 0 10 77 58 0 116 0 0 0 6 0 0
si2_m4Dr4_m1296.00 1 1 1 1 0 19 75 29 1 70 1 0 1 6 1 0
si2_m4Dr4_m1296.02 1 1 2 1 1 26 138 149 0 88 1 1 1 6 0 1
si6_m4Dr6_m1296.02 4 2 2 2 2 22 292 203 0 391 3 2 2 6 0 2
si6_m4Dr6_m1296.08 4 3 3 3 2 28 285 206 1 185 2 2 3 6 1 2
si6_m4Dr6_m1296.07 3 2 2 3 4 19 338 153 0 172 2 4 2 6 0 2
si6_m4Dr6_m1296.06 4 2 3 2 2 20 273 152 0 106 2 2 2 6 0 2
si6_m4Dr6_m1296.03 3 3 2 2 2 20 313 160 1 229 2 2 3 6 1 2
si6_m4Dr6_m1296.04 4 3 2 3 2 20 291 208 0 366 3 2 3 6 0 2
si6_m4Dr6_m1296.05 3 2 3 2 4 20 307 154 0 229 4 4 2 6 0 2
si6_m4Dr6_m1296.00 3 2 3 2 2 20 283 154 0 136 3 2 2 6 0 2
si6_m4Dr6_m1296.09 3 2 2 2 2 20 299 156 0 115 2 2 2 6 0 2
si6_m4Dr6_m1296.01 3 2 2 2 2 29 275 154 0 120 2 2 2 6 0 2
si4_m4Dr2_m256.00 0 0 0 0 0 0 10 4 0 6 0 0 0 6 0 0
si4_m4Dr2_m256.01 0 0 0 0 0 0 8 3 0 3 0 0 0 6 0 0
si4_m4Dr2_m256.05 0 0 0 0 0 1 9 3 0 6 0 0 0 6 0 0
si4_m4Dr2_m256.04 0 0 0 0 0 0 9 3 0 6 0 0 0 6 0 0
si4_m4Dr2_m256.08 0 0 0 0 0 0 9 4 0 4 0 0 0 6 0 0
si4_m4Dr2_m256.07 0 0 0 0 1 1 5 3 1 7 0 1 0 6 0 0
si4_m4Dr2_m256.06 0 0 0 0 0 0 5 3 0 5 0 0 0 6 0 0
si4_m4Dr2_m256.02 0 0 0 0 0 0 8 3 0 4 0 0 0 6 0 0
si4_m4Dr2_m256.09 0 0 0 0 0 0 9 3 0 5 0 0 0 6 0 0
si4_m4Dr2_m256.03 0 0 0 0 0 0 6 4 0 7 0 0 0 6 0 0
si4_m4Dr4_m625.07 0 0 0 0 0 4 37 13 0 61 1 0 0 6 0 0
si4_m4Dr4_m625.05 0 0 0 0 0 3 30 21 0 32 0 0 0 6 0 0
si4_m4Dr4_m625.01 0 0 0 0 0 4 28 12 0 49 1 0 0 6 0 0
si4_m4Dr4_m625.08 0 0 0 0 0 5 33 13 0 43 0 0 0 6 0 0
si4_m4Dr4_m625.09 0 0 0 0 0 4 31 22 0 54 0 0 0 6 0 0
si4_m4Dr4_m625.00 1 1 1 0 1 5 35 47 0 37 0 1 1 6 0 1
si4_m4Dr4_m625.04 0 0 0 0 0 4 34 22 0 24 0 0 0 6 0 0
si4_m4Dr4_m625.06 0 0 0 0 0 4 57 13 0 34 0 0 0 6 0 0
si4_m4Dr4_m625.03 0 0 0 0 0 5 31 22 0 32 0 0 0 6 0 0
si4_m4Dr4_m625.02 0 0 0 0 0 3 29 13 0 11 0 0 0 6 0 0
si4_m4Dr4_m1296.03 1 1 1 1 1 20 154 78 0 182 1 1 1 6 0 1
si4_m4Dr4_m1296.01 2 1 1 1 1 13 161 82 0 189 1 1 1 6 0 1
si4_m4Dr4_m1296.00 1 1 1 1 1 12 186 136 0 184 2 1 1 6 0 1
si4_m4Dr4_m1296.07 2 1 1 1 1 13 154 79 0 96 2 1 1 6 0 1
si4_m4Dr4_m1296.02 2 1 1 1 2 13 155 135 0 95 1 2 1 6 0 1
si4_m4Dr4_m1296.04 1 2 2 2 1 22 164 80 0 104 1 1 2 6 0 1
si4_m4Dr4_m1296.09 1 1 1 1 1 20 178 81 1 275 1 1 1 6 1 1
si4_m4Dr4_m1296.06 6 3 3 3 5 29 169 124 45 233 10 5 3 6 10 3
si4_m4Dr4_m1296.08 1 1 1 1 1 14 148 77 1 158 1 1 1 6 1 1
si4_m4Dr4_m1296.05 2 2 2 3 3 20 228 94 3 217 7 3 2 6 3 2
si2_m4Dr6_m625.06 0 0 0 0 0 2 21 10 0 18 0 0 0 6 0 0
si2_m4Dr6_m625.08 0 0 0 0 0 2 17 12 0 15 1 0 0 6 0 0
si2_m4Dr6_m625.07 0 0 0 0 0 4 32 12 0 23 1 0 0 6 0 0
si2_m4Dr6_m625.03 0 0 0 0 0 3 32 9 0 24 0 0 0 6 0 0
si2_m4Dr6_m625.04 0 0 0 0 0 4 30 7 0 17 1 0 0 6 0 0
si2_m4Dr6_m625.05 0 0 0 0 0 3 30 6 0 20 0 0 0 6 0 0
si2_m4Dr6_m625.09 0 0 0 0 0 4 18 6 58 64 5 0 0 6 5 0
si2_m4Dr6_m625.01 1 0 1 1 0 7 29 6 0 21 2 0 0 6 0 0
si2_m4Dr6_m625.02 2 1 1 1 1 6 19 6 19 38 5 1 1 6 5 1
si2_m4Dr6_m625.00 0 0 0 0 0 3 27 5 0 8 0 0 0 6 0 0
si4_m4D_m1296.09 1 1 2 1 5 25 145 71 4 79 60 5 1 5 4 1
si4_m4D_m1296.06 2 1 1 1 2 14 128 72 1 68 38 2 1 5 1 1
si4_m4D_m1296.05 1 1 2 1 2 21 188 105 1 49 31 2 1 5 1 1
si4_m4D_m1296.00 38 79 44 44 16 307 2635 25510 192383 122570 116511 16 79 5 2635 16
si4_m4D_m1296.03 32 20 20 34 33 160 250 158 48 170 177693 33 20 5 48 20
si4_m4D_m1296.04 3 4 3 3 5 41 128 73 10 53 133 5 4 5 10 4
si4_m4D_m1296.08 1000000 1000000 1000000 1000000 82373 1000000 20386 212848 411770 265551 1000000 1000000 82473 5 20386 82373
si4_m4D_m1296.02 6 8 8 12 12 47 222 406 16 176 3654 12 8 5 16 8
si4_m4D_m1296.01 6 3 3 5 6 30 129 108 12 54 101 6 3 5 12 3
si4_m4D_m1296.07 1 1 1 1 2 14 128 123 0 77 20 2 1 5 0 1
si4_m4D_m256.07 0 0 0 0 0 1 5 3 0 3 3 0 0 5 0 0
si4_m4D_m256.06 0 0 0 0 0 0 8 3 0 3 1 0 0 5 0 0
si4_m4D_m256.05 0 0 0 0 0 0 5 4 0 3 2 0 0 5 0 0
si4_m4D_m256.08 0 0 0 0 0 1 5 5 0 7 3 0 0 5 0 0
si4_m4D_m256.04 0 0 0 0 1 2 10 2 1 8 10 1 0 5 1 0
si4_m4D_m256.09 0 0 0 0 1 2 5 4 0 9 34 1 0 5 0 0
si4_m4D_m256.02 0 0 0 0 0 1 5 4 0 6 2 0 0 5 0 0
si4_m4D_m256.00 0 0 0 0 1 2 5 4 0 8 22 1 0 5 0 0
si4_m4D_m256.03 0 0 0 0 0 0 9 3 0 6 4 0 0 5 0 0
si4_m4D_m256.01 0 0 0 0 0 0 5 4 1 7 7 0 0 5 1 0
si2_m4Dr6_m1296.00 0 0 1 0 1 15 78 50 0 103 0 1 0 6 0 0
si2_m4Dr6_m1296.01 0 1 0 0 0 16 75 28 0 97 0 0 1 6 0 0
si2_m4Dr6_m1296.09 0 0 0 0 0 9 72 29 1 69 1 0 0 6 1 0
si2_m4Dr6_m1296.06 0 0 0 0 1 14 74 51 0 114 0 1 0 6 0 0
si2_m4Dr6_m1296.03 0 0 0 0 1 10 122 27 0 32 0 1 0 6 0 0
si2_m4Dr6_m1296.02 0 0 0 0 0 8 79 28 0 110 0 0 0 6 0 0
si2_m4Dr6_m1296.05 1 0 1 0 1 16 76 47 0 85 0 1 0 6 0 0
si2_m4Dr6_m1296.08 0 0 0 0 1 13 74 29 0 62 0 1 0 6 0 0
si2_m4Dr6_m1296.04 1 1 1 1 1 12 82 32 13 128 4 1 1 6 4 1
si2_m4Dr6_m1296.07 1 1 2 1 1 14 79 108 3 63 5 1 1 6 3 1
si6_m4Dr4_m625.05 0 0 0 0 0 4 48 37 0 46 0 0 0 6 0 0
si6_m4Dr4_m625.09 0 1 0 0 0 6 81 22 0 61 1 0 1 6 0 0
si6_m4Dr4_m625.04 0 0 0 1 1 4 79 36 0 35 1 1 0 6 0 0
si6_m4Dr4_m625.00 1 0 0 0 0 6 64 23 0 70 1 0 0 6 0 0
si6_m4Dr4_m625.08 0 1 0 1 0 4 48 22 0 39 1 0 1 6 0 0
si6_m4Dr4_m625.06 0 1 0 1 0 4 44 21 0 53 1 0 1 6 0 0
si6_m4Dr4_m625.01 1 1 1 1 1 5 51 23 4 96 2 1 1 6 2 1
si6_m4Dr4_m625.03 0 1 0 0 1 4 94 31 0 82 1 1 1 6 0 1
si6_m4Dr4_m625.07 0 1 0 0 0 6 95 24 0 79 1 0 1 6 0 0
si6_m4Dr4_m625.02 0 0 0 1 1 4 46 22 0 78 1 1 0 6 0 0
si4_m4Dr4_m256.05 0 0 0 0 0 0 9 3 0 6 0 0 0 6 0 0
si4_m4Dr4_m256.09 0 0 0 0 0 0 5 2 0 8 0 0 0 6 0 0
si4_m4Dr4_m256.01 0 0 0 0 0 0 10 2 0 5 0 0 0 6 0 0
si4_m4Dr4_m256.03 0 0 0 0 0 1 11 6 0 9 0 0 0 6 0 0
si4_m4Dr4_m256.06 0 0 0 0 0 0 5 3 0 7 0 0 0 6 0 0
si4_m4Dr4_m256.07 0 0 0 0 0 0 9 2 0 6 0 0 0 6 0 0
si4_m4Dr4_m256.00 0 0 0 0 0 0 11 4 0 10 0 0 0 6 0 0
si4_m4Dr4_m256.02 0 0 0 0 0 1 5 2 0 5 0 0 0 6 0 0
si4_m4Dr4_m256.08 0 0 0 0 0 0 10 4 0 4 0 0 0 6 0 0
si4_m4Dr4_m256.04 0 0 0 0 0 0 10 4 0 9 0 0 0 6 0 0
si2_m4D_m625.01 7 8 5 7 7 21 36 86 23 26 1381 7 8 5 23 7
si2_m4D_m625.00 1 0 1 0 1 8 26 5 3 10 137 1 0 5 3 0
si2_m4D_m625.08 0 0 0 0 1 3 141 54 1 15 103 1 0 5 1 0
si2_m4D_m625.04 0 0 0 0 0 3 15 14 0 8 37 0 0 5 0 0
si2_m4D_m625.09 0 0 0 0 0 2 87 96 0 15 57 0 0 5 0 0
si2_m4D_m625.02 3 5 3 3 4 24 18 20 7 25 413 4 5 5 7 4
si2_m4D_m625.05 0 0 0 0 0 2 24 25 0 14 49 0 0 5 0 0
si2_m4D_m625.06 2 1 2 1 2 7 78 311 18 33 1010 2 1 5 18 1
si2_m4D_m625.07 0 0 1 0 1 6 65 6 2 10 44 1 0 5 2 0
si2_m4D_m625.03 3 3 3 5 12 16 17 17 22 41 1231 12 3 5 17 3
si2_m4Dr4_m256.05 0 0 0 0 0 1 6 3 0 3 0 0 0 6 0 0
si2_m4Dr4_m256.02 0 0 0 0 0 0 5 2 0 2 0 0 0 6 0 0
si2_m4Dr4_m256.00 0 0 0 0 0 0 3 1 0 3 0 0 0 6 0 0
si2_m4Dr4_m256.07 0 1 0 1 0 1 6 2 0 3 3 0 1 6 0 0
si2_m4Dr4_m256.03 2 3 2 3 0 5 5 23 2 4 25 0 3 6 2 0
si2_m4Dr4_m256.06 0 0 0 0 0 0 3 2 0 2 0 0 0 6 0 0
si2_m4Dr4_m256.04 3 3 2 3 2 5 6 14 6 7 5 2 3 6 5 2
si2_m4Dr4_m256.09 0 0 0 0 0 0 5 2 0 2 0 0 0 6 0 0
si2_m4Dr4_m256.01 0 0 0 0 0 0 5 1 0 2 0 0 0 6 0 0
si2_m4Dr4_m256.08 2 2 1 2 0 3 6 21 0 3 6 0 2 6 0 0
si6_m4Dr2_m256.04 0 0 0 0 0 0 13 3 0 7 0 0 0 6 0 0
si6_m4Dr2_m256.08 0 0 0 0 0 1 7 4 0 11 0 0 0 6 0 0
si6_m4Dr2_m256.00 0 0 0 0 0 0 13 6 0 7 0 0 0 6 0 0
si6_m4Dr2_m256.07 0 0 0 0 0 1 7 6 0 11 0 0 0 6 0 0
si6_m4Dr2_m256.01 0 0 0 0 0 0 14 6 0 13 0 0 0 6 0 0
si6_m4Dr2_m256.09 0 0 0 0 0 1 14 6 0 10 0 0 0 6 0 0
si6_m4Dr2_m256.03 0 0 0 0 0 1 8 6 0 10 0 0 0 6 0 0
si6_m4Dr2_m256.05 0 0 0 0 0 1 8 6 0 11 0 0 0 6 0 0
si6_m4Dr2_m256.02 0 0 0 0 0 1 9 6 0 5 0 0 0 6 0 0
si6_m4Dr2_m256.06 0 1 1 0 0 3 14 3 0 13 1 0 1 6 0 0
si6_m4D_m256.03 0 0 0 0 0 1 8 5 0 9 2 0 0 5 0 0
si6_m4D_m256.08 0 0 0 0 0 1 13 5 0 5 2 0 0 5 0 0
si6_m4D_m256.07 0 0 0 0 0 1 8 3 0 9 6 0 0 5 0 0
si6_m4D_m256.00 0 0 0 0 0 1 13 5 0 5 1 0 0 5 0 0
si6_m4D_m256.01 0 0 0 0 0 1 8 6 0 4 6 0 0 5 0 0
si6_m4D_m256.05 0 0 0 0 0 1 14 3 0 7 2 0 0 5 0 0
si6_m4D_m256.09 0 0 0 0 0 1 16 7 0 11 11 0 0 5 0 0
si6_m4D_m256.04 0 0 0 0 0 0 8 6 0 4 4 0 0 5 0 0
si6_m4D_m256.02 0 0 0 0 0 1 14 3 0 6 2 0 0 5 0 0
si6_m4D_m256.06 0 0 0 0 0 1 13 3 0 9 4 0 0 5 0 0
si6_m4D_m625.00 0 0 1 1 2 4 71 21 1 31 17 2 0 5 1 0
si6_m4D_m625.07 4 2 4 4 8 20 112 221 26 103 1081 8 2 5 26 2
si6_m4D_m625.05 4 4 7 4 8 35 70 79 8 86 982 8 4 5 8 4
si6_m4D_m625.08 1 1 0 1 1 4 72 28 1 54 5 1 1 5 1 1
si6_m4D_m625.02 0 0 0 0 1 4 42 21 1 42 17 1 0 5 1 0
si6_m4D_m625.03 50 32 44 31 15 140 158 1113 39 108 3573 15 32 5 39 15
si6_m4D_m625.04 0 0 0 0 1 4 41 21 1 37 7 1 0 5 1 0
si6_m4D_m625.09 28 18 18 30 6 84 59 293 19 83 765 6 18 5 19 6
si6_m4D_m625.01 0 1 0 0 0 6 41 35 0 41 7 0 1 5 0 0
si6_m4D_m625.06 7 7 12 7 15 60 51 43 18 78 1505 15 7 5 18 7
si4_m4Dr6_m1296.01 1 1 1 1 2 19 168 78 0 211 2 2 1 6 0 1
si4_m4Dr6_m1296.07 46 48 28 46 1 194 178 84 1 206 2 1 48 6 1 1
si4_m4Dr6_m1296.06 2 1 1 1 1 12 165 121 0 213 2 1 1 6 0 1
si4_m4Dr6_m1296.02 1 1 1 1 1 13 213 78 0 179 2 1 1 6 0 1
si4_m4Dr6_m1296.08 16 8 16 8 1 104 161 129 0 127 2 1 8 6 0 1
si4_m4Dr6_m1296.03 1 1 1 1 2 14 163 77 1 195 1 2 1 6 1 1
si4_m4Dr6_m1296.00 2 1 2 1 1 21 183 137 1 206 3 1 1 6 1 1
si4_m4Dr6_m1296.09 1 1 1 1 1 19 170 78 0 183 2 1 1 6 0 1
si4_m4Dr6_m1296.05 2 1 2 1 2 22 164 77 0 229 1 2 1 6 0 1
si4_m4Dr6_m1296.04 1 1 1 1 1 13 181 79 0 139 1 1 1 6 0 1
si4_m4D_m625.09 1 0 0 0 1 4 46 20 1 26 22 1 0 5 1 0
si4_m4D_m625.03 0 0 0 0 1 5 49 20 0 36 12 1 0 5 0 0
si4_m4D_m625.07 28 29 19 19 186 78 121 156 106 116 1000000 129 29 5 106 29
si4_m4D_m625.02 0 0 0 0 1000000 4 91 117 4 25 251 100 0 5 4 0
si4_m4D_m625.00 0 0 0 0 1 4 45 20 0 35 10 1 0 5 0 0
si4_m4D_m625.01 423 336 380 381 115 1326 232 424 28 59 5032 436 215 5 28 115
si4_m4D_m625.04 0 0 0 0 0 4 44 19 0 18 5 0 0 5 0 0
si4_m4D_m625.06 0 0 0 0 1 5 46 20 1 27 9 1 0 5 1 0
si4_m4D_m625.08 1 1 1 1 1 5 64 37 0 49 164 1 1 5 0 1
si4_m4D_m625.05 0 0 0 0 0 4 46 19 0 27 6 0 0 5 0 0
si6_m4Dr6_m256.05 0 0 0 0 0 1 16 6 0 18 0 0 0 6 0 0
si6_m4Dr6_m256.04 0 0 0 0 0 1 16 6 0 13 0 0 0 6 0 0
si6_m4Dr6_m256.03 0 0 0 0 0 1 15 6 0 8 0 0 0 6 0 0
si6_m4Dr6_m256.02 0 0 0 0 0 1 15 6 0 10 0 0 0 6 0 0
si6_m4Dr6_m256.08 0 0 0 0 0 1 14 6 0 9 0 0 0 6 0 0
si6_m4Dr6_m256.00 0 0 0 0 0 1 16 6 0 10 0 0 0 6 0 0
si6_m4Dr6_m256.09 0 0 0 0 0 1 14 6 0 6 0 0 0 6 0 0
si6_m4Dr6_m256.07 0 0 0 0 0 1 15 6 0 14 0 0 0 6 0 0
si6_m4Dr6_m256.06 0 0 0 0 0 1 14 6 0 11 0 0 0 6 0 0
si6_m4Dr6_m256.01 0 0 0 0 0 1 14 6 0 8 0 0 0 6 0 0
si6_m4Dr4_m1296.03 4 2 3 2 2 19 258 190 0 132 3 2 2 6 0 2
si6_m4Dr4_m1296.06 4 2 3 2 2 19 268 155 0 206 3 2 2 6 0 2
si6_m4Dr4_m1296.04 4 2 3 2 2 28 331 190 0 120 2 2 2 6 0 2
si6_m4Dr4_m1296.01 4 2 3 2 2 19 299 211 0 184 2 2 2 6 0 2
si6_m4Dr4_m1296.09 3 2 3 2 4 19 255 151 1 217 3 4 2 6 1 2
si6_m4Dr4_m1296.02 3 3 2 3 2 19 287 163 0 222 2 2 3 6 0 2
si6_m4Dr4_m1296.08 3 2 2 2 4 28 262 155 1 301 2 4 2 6 1 2
si6_m4Dr4_m1296.05 3 2 2 2 2 20 275 156 1 423 2 2 2 6 1 2
si6_m4Dr4_m1296.07 3 2 2 3 4 20 291 152 0 241 2 4 2 6 0 2
si6_m4Dr4_m1296.00 3 2 3 2 4 18 253 149 0 159 3 4 2 6 0 2
si4_m4Dr6_m625.02 0 0 0 0 0 4 34 21 0 58 0 0 0 6 0 0
si4_m4Dr6_m625.06 1 0 1 0 1 4 36 20 1 61 5 1 0 6 1 0
si4_m4Dr6_m625.03 0 0 0 0 0 3 57 13 0 27 0 0 0 6 0 0
si4_m4Dr6_m625.07 0 0 0 0 1 5 38 18 1 68 1 1 0 6 1 0
si4_m4Dr6_m625.08 0 0 0 0 0 4 32 13 0 49 0 0 0 6 0 0
si4_m4Dr6_m625.09 0 0 0 0 0 2 58 13 0 24 0 0 0 6 0 0
si4_m4Dr6_m625.00 0 0 0 0 0 4 32 13 0 43 0 0 0 6 0 0
si4_m4Dr6_m625.01 0 0 0 0 0 5 34 13 0 48 1 0 0 6 0 0
si4_m4Dr6_m625.05 0 0 0 0 0 4 32 13 0 50 0 0 0 6 0 0
si4_m4Dr6_m625.04 2 4 2 2 0 12 55 13 0 25 0 0 4 6 0 0
si6_m4Dr4_m256.05 0 0 0 0 0 1 8 6 0 9 0 0 0 6 0 0
si6_m4Dr4_m256.03 0 0 0 0 0 0 15 7 0 9 0 0 0 6 0 0
si6_m4Dr4_m256.02 0 0 0 0 0 1 8 6 0 8 0 0 0 6 0 0
si6_m4Dr4_m256.01 0 0 0 0 0 0 8 6 0 9 0 0 0 6 0 0
si6_m4Dr4_m256.08 0 0 0 0 0 0 17 6 0 16 0 0 0 6 0 0
si6_m4Dr4_m256.09 0 0 0 0 0 1 16 6 0 12 0 0 0 6 0 0
si6_m4Dr4_m256.07 0 0 0 0 0 0 9 3 0 13 0 0 0 6 0 0
si6_m4Dr4_m256.06 0 0 0 0 0 1 15 6 0 12 0 0 0 6 0 0
si6_m4Dr4_m256.04 0 0 0 0 0 1 13 3 0 6 0 0 0 6 0 0
si6_m4Dr4_m256.00 0 0 0 0 0 1 15 3 0 10 0 0 0 6 0 0
