instance mcsplit-mcis-sparse kdown2017 kdown2019 kdown2019-restarts
F.04 1 181 98 99
B.06 2 599 169 177
E.18 1000000 1000000 1000000 1000002
F.06 1 356 101 102
A.01 0 40 36 18
C.07 9 200271 702 784
B.08 10 11980 214 223
E.16 1000000 1000000 1000000 1000002
B.03 1 1594 173 177
F.01 1 196 97 99
si6_r005_m400.07 4 6270 557 775
si6_m4Dr6_m625.04 0 164 138 141
si4_m4Dr2_m625.09 0 62 106 108
si2_r001_m600.00 1000000 1000000 101 109
si2_m4Dr2_m256.09 5 21 26 15
si6_r001_m600.09 1 203 182 163
si2_m4Dr2_m1296.05 1 240 572 368
si4_b06m_m800.08 0 97 169 173
si6_m4Dr2_m625.08 0 91 273 212
si2_m4D_m1296.01 6 211 360 1050
si4_b03_m800.05 0 69 281 301
si6_m4D_m1296.02 4 593 657 612
si6_r001_m200.05 7 633 13 13
si4_b06_m400.06 0 10 46 47
si2_m4Dr6_m256.06 1 17 20 27
si6_r01_m200.04 0 352 37 56
si2_b03m_m800.03 0 91 129 130
si2_r001_m200.06 3 615 36 24
si6_b03m_m800.01 0 175 200 263
si4_r005_m200.00 5 365 92 126
si6_b09m_m400.03 0 34 75 60
si2_b09_m200.08 0 3 8 14
si6_r01_m600.02 56 210659 11014 8763
si2_b06_m200.02 0 1 14 15
si6_m4Dr2_m1296.05 2 537 801 768
si2_b09m_m800.09 0 169 167 139
si4_b03_m400.01 0 21 59 43
si2_b03_m200.05 0 3 6 10
si4_r005_m600.00 34 29490 5231 5142
si4_b09_m400.05 0 21 46 48
si4_b06m_m400.06 0 23 59 44
si2_m4Dr2_m625.05 1 147 84 81
si2_r005_m200.02 0 117 33 17
si4_b03m_m400.03 0 24 35 71
si2_r01_m600.01 2783 414741 75831 76965
si4_m4Dr6_m256.01 0 18 33 35
si2_b03m_m400.02 0 23 53 54
si2_b03m_m200.05 0 6 13 13
si4_r001_m200.04 2 370 21 21
si2_m4D_m256.08 0 5 23 26
si6_r01_m400.04 14 29780 1869 1492
si2_m4Dr4_m625.07 3 391 92 80
si4_r01_m400.01 38 16196 4467 4774
si2_b09m_m400.09 0 12 56 35
si2_b09_m800.07 0 22 137 139
si6_b03_m400.04 0 32 65 120
si2_r005_m600.03 330 16460 11927 5487
si4_r01_m600.05 85 223193 15723 9159
si2_b09_m400.04 0 11 66 33
si4_b06_m200.06 0 5 10 11
si4_r005_m400.06 2 5577 492 480
si4_m4Dr2_m1296.07 1 463 643 711
si6_b09_m800.03 0 63 262 269
si6_b06m_m400.00 0 35 104 101
si2_m4Dr4_m1296.08 3 2885 380 380
si6_m4Dr6_m1296.02 4 877 1459 1063
si4_m4Dr2_m256.00 0 8 16 33
si4_b09m_m200.01 0 8 12 12
si4_m4Dr4_m625.07 0 69 222 110
si4_m4Dr4_m1296.03 1 307 658 826
si2_r005_m400.05 323 3805 5914 6346
si2_b06m_m400.03 0 24 61 41
si6_r005_m600.02 10 19452 1445 2519
si6_r005_m200.02 1 136 50 82
si2_m4Dr6_m625.06 0 33 163 164
si6_b03_m800.02 0 63 528 513
si4_m4D_m1296.09 1 885 841 486
si6_b03m_m400.03 0 37 46 47
si4_m4D_m256.07 0 9 30 15
si6_b06m_m800.07 1 169 222 223
si4_r001_m400.08 1501 8238 143 167
si2_m4Dr6_m1296.00 0 281 432 761
si2_b03_m800.07 0 22 125 263
si4_b03m_m200.05 0 11 8 18
si2_b06m_m200.04 0 6 16 10
si6_m4Dr4_m625.05 0 180 137 140
si4_b03_m200.06 0 5 21 22
si2_b03_m400.03 0 11 32 30
si4_b09_m200.02 0 5 12 12
si4_m4Dr4_m256.05 0 23 16 33
si2_m4D_m625.01 9 62 351 325
si4_b09_m800.03 0 91 190 354
si2_m4Dr4_m256.05 0 7 12 25
si6_m4Dr2_m256.04 0 28 41 41
si6_b06_m800.00 0 68 537 379
si4_b09m_m800.06 0 204 393 195
si2_b06_m800.04 0 47 258 270
si6_m4D_m256.03 0 29 37 19
si2_b06m_m800.07 0 63 177 141
si4_b06m_m200.00 0 12 10 21
si6_r001_m400.09 1 3038 124 70
si6_m4D_m625.00 0 170 122 185
si6_b09m_m800.02 1 168 269 498
si4_m4Dr6_m1296.01 1 563 1073 597
si2_b06_m400.09 0 5 63 34
si4_r01_m200.01 50 416 2476 2253
si2_r001_m400.06 1000000 1000000 434 480
si4_b03m_m800.03 0 103 317 322
si2_r01_m200.03 24 10039 281 86
si2_r01_m400.04 1226 23326 31616 22140
si4_m4D_m625.09 1 248 138 100
si6_m4Dr6_m256.05 0 14 45 46
si6_b09_m400.07 0 32 107 129
si6_b06_m400.03 0 32 122 66
si6_b03m_m200.04 0 8 23 11
si4_b06_m800.04 0 90 397 388
si6_b09m_m200.07 0 17 30 31
si4_b09m_m400.07 0 23 93 48
si6_m4Dr4_m1296.03 3 505 980 708
si6_b06_m200.09 0 8 20 31
si4_m4Dr6_m625.02 0 136 220 223
si6_b06m_m200.09 0 17 12 26
si6_m4Dr4_m256.05 0 29 20 42
si4_r001_m600.01 39 72394 165 168
si2_b09m_m200.08 0 6 18 18
si6_b03_m200.01 0 8 28 29
si6_b09_m200.09 0 8 31 33
g10-g11 1000000 1000000 1000000 1000012
g10-g25 1000000 1000000 1000000 1000000
g10-g38 1000000 1000000 1000000 1000009
g10-g49 1000000 1000000 1000000 1000107
g11-g23 1000000 1000000 1000000 1000028
g11-g37 1000000 1000000 1000000 1000016
g11-g48 1000000 1000000 1000000 1000003
g12-g31 1000000 1000000 1000000 1000011
g12-g50 1000000 1000000 1000000 1000028
g13-g31 1000000 1000000 1000000 1000018
g13-g49 1000000 1000000 1000000 1000120
g14-g30 1000000 1000000 1000000 1000015
g14-g48 1000000 1000000 1000000 1000001
g15-g30 1000000 1000000 1000000 1000030
g15-g48 1000000 1000000 1000000 1000020
g16-g28 1000000 1000000 1000000 1000015
g16-g44 1000000 1000000 1000000 1000012
g17-g21 2704 37707 29212 63313
g17-g31 1000000 1000000 1000000 1000019
g17-g41 1000000 1000000 1000000 1000057
g18-g19 1000000 1000000 1000000 1000014
g18-g29 1000000 1000000 1000000 1000019
g18-g39 1000000 1000000 1000000 1000061
g18-g49 1000000 1000000 1000000 1000014
g19-g29 1000000 1000000 1000000 1000010
g19-g42 1000000 1000000 1000000 1000021
g2-g11 0 0 1 1
g2-g21 14 58 86 116
g2-g30 0 0 8 8
g2-g4 0 1 2 2
g2-g49 1 1 8 8
g20-g27 1000000 1000000 1000000 1000004
g20-g48 1000000 1000000 1000000 1000002
g22-g28 1000000 1000000 1000000 1000003
g22-g44 1000000 1000000 1000000 1000009
g23-g50 1000000 1000000 1000000 1000004
g24-g35 1000000 1000000 1000000 1000031
g24-g45 1000000 1000000 1000000 1000010
g25-g31 1000000 1000000 1000000 1000018
g25-g49 1000000 1000000 1000000 1000042
g28-g31 1000000 1000000 1000000 1000013
g28-g47 1000000 1000000 1000000 1000005
g29-g50 1000000 1000000 1000000 1000005
g3-g19 90 342 316 346
g3-g29 0 0 8 4
g3-g39 29 140 146 182
g3-g48 0 1 11 6
g30-g40 1000000 1000000 1000000 1000013
g33-g43 1000000 1000000 1000000 1000007
g34-g37 1000000 1000000 1000000 1000010
g34-g47 1000000 1000000 1000000 1000006
g35-g44 1000000 1000000 1000000 1000011
g36-g41 1000000 1000000 1000000 1000012
g37-g38 1000000 1000000 1000000 1000003
g38-g40 1000000 1000000 1000000 1000004
g39-g45 1000000 1000000 1000000 1000035
g4-g14 0 11 3 3
g4-g28 2 41 22 22
g4-g42 216 1014 770 1020
g4-g6 1 13 2 2
g41-g48 1000000 1000000 1000000 1000009
g42-g50 1000000 1000000 1000000 1000011
g47-g48 1000000 1000000 1000000 1000006
g5-g20 533 492 498 589
g5-g31 0 12 9 9
g5-g45 0 41 10 10
g6-g13 3 56 31 29
g6-g27 19 41 163 87
g6-g41 3 54 88 111
g6-g7 359 178 125 180
g7-g23 45 2495 343 417
g7-g37 836 12018 7957 8679
g7-g48 4620 82920 50847 57547
g8-g19 1000000 1000000 1000000 1000064
g8-g30 1000000 1000000 1000000 1000056
g8-g42 23892 378495 389296 418214
g9-g10 1000000 1000000 1000000 1000019
g9-g23 306 7 5 6
g9-g37 1000000 1000000 1000000 1000170
g9-g48 1000000 1000000 1000000 1000027
PR15-8 0 231 4197 4205
PR15-18 3 266 4245 4204
g10-g103 1000000 1000000 1000001 1000015
g10-g51 1000000 1000000 1000000 1000049
g10-g64 1000000 1000000 1000000 1000042
g10-g76 1000000 1000000 1000000 1000072
g10-g88 1000000 1000000 1000000 1000040
g10-g99 1000000 1000000 1000001 1000391
g11-g109 1000000 1000001 1000005 1000013
g11-g57 1000000 1000000 1000000 1000063
g11-g71 1000000 1000000 1000000 1000263
g11-g83 1000000 1000000 1000000 1000018
g11-g95 1000000 1000000 1000001 1000334
g12-g105 1000001 1000000 1000001 1000026
g12-g53 1000000 55385 1000000 1000214
g12-g67 1000000 799512 809195 771802
g12-g78 1000000 1000000 1000000 1000014
g12-g90 548689 1000000 1000000 1000056
g13-g101 1000000 1000000 1000001 1001084
g13-g111 1000001 1000001 1000007 1000011
g13-g62 1000000 1000000 1000000 1000008
g13-g74 1000000 1000000 1000000 1000019
g13-g85 1000000 1000000 1000000 1000222
g13-g97 2011 18562 7105 5484
g14-g107 1000000 1000002 1000012 1000021
g14-g55 1000000 1000000 1000000 1000022
g14-g69 15 358 301 458
g14-g80 6268 1000000 964552 679507
g14-g92 128985 10322 7620 8063
g15-g103 1000000 1000000 1000001 1000034
g15-g51 1000000 1000000 1000000 1000040
g15-g64 1000000 1000000 1000000 1000027
g15-g76 1000000 1000000 1000000 1000043
g15-g88 1000000 1000000 1000000 1000023
g15-g99 713456 175812 154911 116433
g16-g109 1000000 1000001 1000004 1000009
g16-g57 1000000 1000000 1000000 1000010
g16-g71 1000000 1000000 1000000 1000011
g16-g83 1000000 1000000 1000000 1000004
g16-g95 1000000 1000000 1000001 1000002
g17-g105 1000000 1000000 1000002 1000011
g17-g53 1000000 1000000 1000000 1000117
g17-g67 1000000 1000000 1000000 1000021
g17-g78 3 33 1389 179
g17-g90 0 58 327 286
g18-g101 1000000 1000000 1000000 1000002
g18-g111 1000001 1000000 1000005 1000019
g18-g62 1000000 1000000 1000000 1000032
g18-g74 1000000 1000000 1000000 1000024
g18-g85 1000000 1000000 1000000 1000346
g18-g97 1000000 1000000 1000001 1000163
g19-g107 1000000 1000000 1000004 1000014
g19-g55 1000000 1000000 1000000 1000004
g19-g69 1000000 1000000 1000000 1000023
g19-g80 1000000 1000000 1000000 1000009
g19-g92 1000000 1000000 1000001 1000085
g2-g103 0 68 654 693
g2-g51 0 1 10 10
g2-g64 0 3 68 124
g2-g76 5 4 184 188
g2-g88 0 11 164 205
g2-g99 0 63 540 891
g20-g109 1000000 1000000 1000002 1000002
g20-g57 1000000 1000000 1000000 1000002
g20-g71 1000000 1000000 1000000 1000001
g20-g83 1000000 1000000 1000000 1000005
g20-g95 1000000 1000000 1000001 1000004
g21-g105 1000001 1000000 1000002 1000025
g21-g53 38861 1000000 1000000 1000013
g21-g67 56422 670628 604500 1000009
g21-g78 947143 1000000 1000000 1000007
g21-g90 295212 1000000 1000001 1000004
g22-g101 1000000 1000000 1000001 1000018
g22-g111 1000001 1000002 1000006 1000014
g22-g62 1000000 1000000 1000000 1000030
g22-g74 1000000 1000000 1000000 1000017
g22-g85 1000000 1000000 1000000 1000002
g22-g97 1000000 1000000 1000000 1000002
g23-g107 1000001 1000002 1000005 1000015
g23-g55 1000000 1000000 1000000 1000006
g23-g69 1000000 1000000 1000000 1000004
g23-g80 1000000 1000000 1000000 1000000
g23-g92 1000000 1000000 1000001 1000012
g24-g103 1000000 1000000 1000000 1000002
g24-g51 1000000 1000000 1000000 1000013
g24-g64 1000000 1000000 1000000 1000013
g24-g76 1000001 1000000 1000000 1000005
g24-g88 1000000 1000000 1000000 1000001
g24-g99 925 97642 1000001 1000034
g25-g109 1000000 1000000 1000004 1000008
g25-g57 214504 1000000 1000000 1000031
g25-g71 817992 1000000 1000000 1000021
g25-g83 1000000 1000000 1000000 1000328
g25-g95 536629 1000000 1000000 1000011
g26-g105 1000000 1000001 1000003 1000019
g26-g53 1000000 1000000 1000000 1000009
g26-g67 1000000 1000000 1000000 1000012
g26-g78 1000000 1000000 1000000 1000015
g26-g90 1000000 1000000 1000000 1000017
g27-g101 1000000 1000000 1000001 1000008
g27-g111 1000001 1000002 1000005 1000013
g27-g62 1000000 1000000 1000000 1000008
g27-g74 1000000 1000000 1000000 1000010
g27-g85 1000000 1000000 1000000 1000001
g27-g97 1000000 1000000 1000001 1000003
g28-g107 1000000 1000001 1000004 1000013
g28-g55 1000000 1000000 1000000 1000010
g28-g69 1000000 1000000 1000000 1000071
g28-g80 110864 1000000 1000000 1000001
g28-g92 1000000 1000000 1000003 1000009
g29-g103 1000000 1000000 1000001 1000005
g29-g51 1000000 1000000 1000000 1000002
g29-g64 1000000 1000000 1000000 1000010
g29-g76 1000000 1000000 1000000 1000006
g29-g88 1000000 1000000 1000000 1000006
g29-g99 1000000 1000000 1000001 1000006
g3-g109 7516 127563 141984 163201
g3-g57 14 506 275 274
g3-g71 196 1090 1155 1291
g3-g83 15827 109700 113691 126628
g3-g95 49 515 2481 2656
g30-g105 1000001 1000000 1000002 1000005
g30-g53 1000000 1000000 1000000 1000003
g30-g67 1000000 1000000 1000000 1000003
g30-g78 1000000 1000000 1000000 1000000
g30-g90 1000000 1000000 1000000 1000007
g31-g101 1000000 1000000 1000001 1000002
g31-g111 1000001 1000001 1000006 1000004
g31-g62 1000000 1000000 1000000 1000005
g31-g74 1000000 1000000 1000000 1000003
g31-g85 1000000 1000000 1000000 1000000
g31-g97 1000000 1000000 1000001 1000005
g32-g107 25751 1000001 345174 346738
g32-g55 20734 1000000 3091 3090
g32-g69 23940 924504 3856 3956
g32-g80 1822 120702 9517 9465
g32-g92 97737 1000000 37148 37298
g33-g103 1000000 1000000 1000002 1000007
g33-g51 1000000 1000000 1000000 1000012
g33-g64 1000000 1000000 1000000 1000014
g33-g76 1000000 1000000 1000000 1000000
g33-g88 1000000 1000000 1000000 1000006
g33-g99 1000000 1000000 1000001 1000011
g34-g109 0 363 5273 5219
g34-g57 1000000 1000000 1000000 1000006
g34-g71 1000000 1000000 1000000 1000052
g34-g83 1 56 173 232
g34-g95 1000000 1000000 1000001 1000040
g35-g105 1000000 1000000 1000002 1000024
g35-g53 1000000 1000000 1000000 1000023
g35-g67 1000000 1000000 1000000 1000009
g35-g78 1000000 1000000 1000000 1000013
g35-g90 1000000 1000000 1000000 1000007
g36-g101 1000000 1000000 1000000 1000011
g36-g111 1000001 1000001 1000005 1000014
g36-g62 1000000 1000000 1000000 1000008
g36-g74 1000000 1000000 1000000 1000005
g36-g85 1000000 1000000 1000000 1000001
g36-g97 1000000 1000000 1000001 1000012
g37-g107 1000000 1000000 1000002 1000007
g37-g55 1000000 1000000 1000000 1000004
g37-g69 1000000 1000000 1000000 1000002
g37-g80 1000000 1000000 1000000 1000001
g37-g92 1000000 1000000 1000001 1000008
g38-g103 25443 1000000 1000000 1000006
g38-g51 1000000 1000000 1000000 1000016
g38-g64 1000000 1000000 1000000 1000006
g38-g76 1000002 1000000 1000001 1000015
g38-g88 12100 1000000 914516 898829
g38-g99 606 74800 72253 74898
g39-g109 1000000 1000001 1000005 1000016
g39-g57 1000000 1000000 1000000 1000005
g39-g71 1000000 1000000 1000000 1000016
g39-g83 1000000 1000000 1000000 1000011
g39-g95 1000000 1000000 1000001 1000027
g4-g105 0 159 1810 2118
g4-g53 1 28 40 40
g4-g67 55 446 344 442
g4-g78 184 1076 631 638
g4-g90 197 1983 2329 2326
g40-g101 1000001 1000000 1000000 1000013
g40-g111 1000002 1000001 1000006 1000011
g40-g62 1000000 1000000 1000000 1000004
g40-g74 1000000 1000000 1000000 1000001
g40-g85 1000000 1000000 1000001 1000001
g40-g97 1000000 1000000 1000001 1000001
g41-g107 1000000 1000000 1000004 1000012
g41-g55 1000000 1000000 1000000 1000005
g41-g69 1000000 1000000 1000000 1000004
g41-g80 1000000 1000000 1000000 1000001
g41-g92 1000000 1000000 1000001 1000018
g42-g103 1000000 1000000 1000001 1000010
g42-g51 1000000 1000000 1000000 1000015
g42-g64 1000000 1000000 1000000 1000015
g42-g76 1000000 1000000 1000000 1000006
g42-g88 1000000 1000000 1000000 1000009
g42-g99 1000000 1000000 1000000 1000005
g43-g109 1000001 1000001 1000002 1000020
g43-g57 1000000 1000000 1000000 1000000
g43-g71 1000000 1000000 1000000 1000015
g43-g83 1000000 1000000 1000000 1000003
g43-g95 1000000 1000000 1000001 1000005
g44-g105 1000001 1000000 1000002 1000005
g44-g53 1000000 1000000 1000000 1000002
g44-g67 1000000 1000000 1000000 1000003
g44-g78 1000000 1000000 1000000 1000002
g44-g90 1000000 1000000 1000000 1000005
g45-g101 1000000 1000000 1000001 1000006
g45-g111 1000001 1000000 1000002 1002467
g45-g62 1000000 1000000 1000000 1000005
g45-g74 1000000 1000000 1000000 1000006
g45-g85 1000000 1000000 1000000 1000001
g45-g97 1000000 1000000 1000001 1000005
g46-g107 1000001 1000000 1000004 1000007
g46-g55 1000000 1000000 1000000 1000002
g46-g69 1000000 1000000 1000000 1000001
g46-g80 1000000 1000000 1000000 1000001
g46-g92 1000000 1000000 1000000 1000008
g47-g103 1000000 1000000 1000002 1000005
g47-g51 1000000 1000000 1000000 1000014
g47-g64 1000000 1000000 1000000 1000007
g47-g76 1000000 1000000 1000000 1000002
g47-g88 1000000 1000000 1000000 1000004
g47-g99 1000000 1000000 1000001 1000006
g48-g109 1000002 1000001 1000005 1000006
g48-g57 1000000 1000000 1000000 1000000
g48-g71 1000000 1000000 1000000 1000002
g48-g83 1000000 1000000 1000000 1000005
g48-g95 1000000 1000000 1000001 1000004
g49-g105 1000000 1000001 1000001 1000007
g49-g53 1000000 1000000 1000000 1000008
g49-g67 1000000 1000000 1000000 1000004
g49-g78 1000000 1000000 1000000 1000002
g49-g90 1000000 1000000 1000000 1000006
g5-g101 1 92 1214 1311
g5-g111 49 716 14351 13940
g5-g62 0 9 42 72
g5-g74 1 20 93 92
g5-g85 3 68 290 303
g5-g97 1 131 1013 1041
g50-g107 1000001 1000003 1000006 1000012
g50-g55 1000000 1000000 1000000 1000003
g50-g69 1000000 1000000 1000000 1000007
g50-g80 1000000 1000000 1000000 1000002
g50-g92 1000000 1000000 1000001 1000014
g6-g103 1000000 1000000 1000001 1000075
g6-g51 51 424 5399 421
g6-g64 0 60635 118 73
g6-g76 1000001 1000000 1000000 1000115
g6-g88 98181 1000000 1000000 1000128
g6-g99 69 905 3061 2883
g7-g109 3623 360879 287537 305451
g7-g57 3 71 91 141
g7-g71 4083 48803 55621 71020
g7-g83 6255 201409 88547 93585
g7-g95 82 2702 6377 6768
g8-g105 595148 1000000 1000002 1000040
g8-g53 1000000 1000000 1000000 1000193
g8-g67 1000000 1000000 1000000 1000077
g8-g78 1000000 1000000 1000000 1000059
g8-g90 1000000 1000000 1000000 1000014
g9-g101 1000000 1000000 1000000 1000005
g9-g111 1000001 1000003 1000007 1000034
g9-g62 1000000 1000000 1000000 1000005
g9-g74 1000000 1000000 1000000 1000021
g9-g85 1000000 1000000 1000000 1000001
g9-g97 70074 908350 725401 1000072
g10-g93-normed 1000008 121494 1000000 1000074
g12-g59-normed 331776 1000000 1000000 1000032
g13-g66-normed 1000000 1000000 1000000 1000033
g14-g82-normed 1000000 1000000 1000000 1000037
g15-g93-normed 1000004 1000000 1000000 1000005
g17-g59-normed 1000000 1000000 1000000 1000046
g18-g66-normed 1000000 1000000 1000000 1000014
g19-g82-normed 1000000 1000000 1000000 1000010
g2-g93-normed 0 36 3095 3102
g21-g59-normed 9823 1000000 390430 500350
g22-g66-normed 1000000 1000000 1000000 1000015
g23-g82-normed 1000000 1000000 1000000 1000010
g24-g93-normed 1000008 1000000 1000000 1000034
g26-g59-normed 1000000 1000000 1000000 1000007
g27-g66-normed 1000000 1000000 1000000 1000017
g28-g82-normed 1000000 1000000 1000000 1000022
g29-g93-normed 1000003 1000000 1000000 1000010
g30-g59-normed 1000000 1000000 1000000 1000001
g31-g66-normed 1000000 1000000 1000000 1000003
g32-g82-normed 150034 1000000 19788 19718
g33-g93-normed 1000005 1000000 1000000 1000020
g35-g59-normed 1000000 1000000 1000000 1000003
g36-g66-normed 1000000 1000000 1000000 1000010
g37-g82-normed 1000000 1000000 1000000 1000009
g38-g93-normed 1000013 1000001 1000001 1000013
g4-g59-normed 0 7 37 19
g40-g66-normed 1000000 1000000 1000000 1000002
g41-g82-normed 1000000 1000000 1000000 1000006
g42-g93-normed 1000004 1000000 1000000 1000007
g44-g59-normed 1000000 1000000 1000000 1000001
g45-g66-normed 1000000 1000000 1000000 1000010
g46-g82-normed 1000000 1000000 1000000 1000008
g47-g93-normed 1000005 1000000 1000000 1000018
g49-g59-normed 1000000 1000000 1000000 1000003
g5-g66-normed 1 10 115 117
g50-g82-normed 1000000 1000000 1000000 1000003
g6-g93-normed 3 54 3386 3184
g8-g59-normed 7875 1000000 1000000 1000054
g9-g66-normed 1000000 1000000 1000000 1000005
phase-30-150-0.34-0.36-0.42-6 1000000 1000000 1000000 1000023
phase-30-150-0.38-0.38-0.44-8 1000000 1000000 1000000 1000040
phase-30-150-0.42-0.46-0.50-2 1000000 1000000 1000000 1000033
phase-30-150-0.44-0.46-0.50-4 1000000 1000000 1000000 1000029
phase-30-150-0.46-0.50-0.52-6 1000000 1000000 1000000 1000030
phase-30-150-0.48-0.50-0.54-8 1000000 1000000 1000000 1000028
phase-30-150-0.52-0.54-0.56-2 1000000 1000000 1000000 1000028
phase-30-150-0.54-0.56-0.58-4 1000000 1000000 1000000 1000025
phase-30-150-0.56-0.56-0.60-6 1000000 1000000 1000000 1000033
phase-30-150-0.60-0.58-0.62-8 1000000 1000000 1000000 1000028
phase-30-150-0.66-0.64-0.66-2 1000000 1000000 1000000 1000008
phase-30-150-0.68-0.64-0.68-4 1000000 1000000 1000000 1000019
phase-30-150-0.70-0.66-0.70-6 1000000 1000000 1000000 1000015
phase-30-150-0.72-0.66-0.70-8 1000000 1000000 1000000 1000040
phase-30-150-0.76-0.70-0.72-2 1000000 1000000 1000000 1000039
phase-30-150-0.78-0.72-0.74-4 1000000 1000000 1000000 1000020
phase-30-150-0.80-0.72-0.74-6 1000000 1000000 1000000 1000043
phase-30-150-0.82-0.74-0.76-8 1000000 1000000 1000000 1000021
phase-30-150-0.84-0.76-0.76-2 1000000 1000000 1000000 1000013
phase-30-150-0.86-0.76-0.78-4 1000000 1000000 1000000 1000038
all-meshes-CVIU11-pattern1-target104 1000000 1000000 1000000 1000148
all-meshes-CVIU11-pattern1-target114 1000000 1000000 1000000 1000003
all-meshes-CVIU11-pattern1-target123 1000000 1000000 1000000 1000465
all-meshes-CVIU11-pattern1-target132 1000000 1000000 1000003 1000007
all-meshes-CVIU11-pattern1-target141 1000000 1000000 1000000 1001501
all-meshes-CVIU11-pattern1-target151 1000000 1000000 1000000 1000050
all-meshes-CVIU11-pattern1-target160 1000000 1000000 1000000 1000235
all-meshes-CVIU11-pattern1-target17 1000000 1000000 1000001 1000067
all-meshes-CVIU11-pattern1-target179 1000000 1000000 1000000 1000080
all-meshes-CVIU11-pattern1-target189 1000000 1000000 1000000 1000249
all-meshes-CVIU11-pattern1-target198 1000000 1000000 1000000 1000057
all-meshes-CVIU11-pattern1-target206 1000000 1000000 1000005 1000672
all-meshes-CVIU11-pattern1-target215 1000000 1000000 1000001 1000826
all-meshes-CVIU11-pattern1-target224 1000000 1000000 1000000 1000336
all-meshes-CVIU11-pattern1-target233 1000000 1000000 1000000 1000316
all-meshes-CVIU11-pattern1-target244 1000000 1000000 1000001 1000356
all-meshes-CVIU11-pattern1-target253 1000000 1000000 1000001 1001294
all-meshes-CVIU11-pattern1-target263 1000000 1000000 1000000 1000320
all-meshes-CVIU11-pattern1-target272 1000000 1000000 1000000 1000092
all-meshes-CVIU11-pattern1-target284 1000000 1000000 1000001 1001280
all-meshes-CVIU11-pattern1-target293 1000000 1000000 1000000 1000068
all-meshes-CVIU11-pattern1-target303 1000000 1000000 1000001 1000348
all-meshes-CVIU11-pattern1-target312 1000000 1000000 1000000 1000344
all-meshes-CVIU11-pattern1-target321 1000000 1000000 1000001 1000231
all-meshes-CVIU11-pattern1-target330 1000000 1000000 1000000 1000488
all-meshes-CVIU11-pattern1-target34 1000000 1000000 1000002 1001129
all-meshes-CVIU11-pattern1-target349 1000000 1000000 1000000 1000034
all-meshes-CVIU11-pattern1-target359 1000000 1000000 1000000 1000017
all-meshes-CVIU11-pattern1-target368 1000000 1000000 1000001 1000149
all-meshes-CVIU11-pattern1-target383 1000000 1000000 1000000 1000355
all-meshes-CVIU11-pattern1-target392 1000000 1000000 1000000 1000296
all-meshes-CVIU11-pattern1-target400 1000000 1000000 1000000 1000208
all-meshes-CVIU11-pattern1-target41 1000000 1000000 1000001 1001660
all-meshes-CVIU11-pattern1-target419 1000000 1000000 1000000 1000001
all-meshes-CVIU11-pattern1-target429 1000000 1000000 1000000 1000101
all-meshes-CVIU11-pattern1-target438 1000000 1000000 1000002 1001420
all-meshes-CVIU11-pattern1-target448 1000000 1000000 1000001 1001028
all-meshes-CVIU11-pattern1-target457 1000000 1000000 1000000 1000405
all-meshes-CVIU11-pattern1-target466 1000000 1000000 1000000 1000033
all-meshes-CVIU11-pattern1-target475 1000000 1000000 1000000 1000271
all-meshes-CVIU11-pattern1-target485 1000000 1000000 1000000 1000080
all-meshes-CVIU11-pattern1-target494 1000000 1000000 1000000 1000060
all-meshes-CVIU11-pattern1-target502 1000000 1000000 1000000 1001904
all-meshes-CVIU11-pattern1-target511 1000000 1000000 1000001 1000011
all-meshes-CVIU11-pattern1-target521 1000000 1000000 1000000 1000376
all-meshes-CVIU11-pattern1-target530 1000000 1000000 1000000 1000260
all-meshes-CVIU11-pattern1-target62 1000000 1000000 1000000 1000060
all-meshes-CVIU11-pattern1-target72 1000000 1000000 1000000 1001474
all-meshes-CVIU11-pattern1-target82 1000000 1000000 1000000 1000241
all-meshes-CVIU11-pattern1-target91 1000000 1000000 1000000 1000489
all-meshes-CVIU11-pattern2-target100 1000000 1000001 1000006 1000014
all-meshes-CVIU11-pattern2-target111 1000000 1000000 1000001 1000127
all-meshes-CVIU11-pattern2-target120 1000000 1000000 1000000 1000014
all-meshes-CVIU11-pattern2-target13 1000000 1000000 1000000 1000197
all-meshes-CVIU11-pattern2-target139 1000001 1000000 1000005 1000017
all-meshes-CVIU11-pattern2-target149 1000000 1000000 1000000 1000265
all-meshes-CVIU11-pattern2-target158 1000001 1000000 1000003 1000165
all-meshes-CVIU11-pattern2-target167 1000000 1000000 1000001 1000206
all-meshes-CVIU11-pattern2-target176 1000000 1000000 1000000 1000053
all-meshes-CVIU11-pattern2-target186 1000001 1000001 1000005 1000016
all-meshes-CVIU11-pattern2-target195 1000000 1000000 1000002 1000007
all-meshes-CVIU11-pattern2-target203 1000000 1000000 1000001 1000007
all-meshes-CVIU11-pattern2-target212 1000000 1000000 1000001 1000250
all-meshes-CVIU11-pattern2-target221 1000000 1000000 1000001 1000238
all-meshes-CVIU11-pattern2-target230 1000000 1000000 1000001 1000305
all-meshes-CVIU11-pattern2-target241 1000000 1000000 1000002 1000218
all-meshes-CVIU11-pattern2-target250 1000000 1000000 1000000 1000093
all-meshes-CVIU11-pattern2-target260 1000000 1000000 1000000 1000004
all-meshes-CVIU11-pattern2-target27 1000000 1000000 1000000 1000008
all-meshes-CVIU11-pattern2-target281 1000000 1000000 1000003 1000013
all-meshes-CVIU11-pattern2-target290 1000000 1000000 1000000 1000025
all-meshes-CVIU11-pattern2-target3 1000000 1000000 1000000 1000068
all-meshes-CVIU11-pattern2-target31 1000000 1000000 1000001 1000005
all-meshes-CVIU11-pattern2-target319 1000000 1000000 1000000 1000036
all-meshes-CVIU11-pattern2-target328 1000000 1000000 1000001 1000099
all-meshes-CVIU11-pattern2-target337 1000000 1000000 1000000 1000081
all-meshes-CVIU11-pattern2-target346 1000000 1000000 1000000 1000065
all-meshes-CVIU11-pattern2-target356 1000000 1000000 1000000 1000001
all-meshes-CVIU11-pattern2-target365 1000000 1000000 1000000 1000114
all-meshes-CVIU11-pattern2-target380 1000000 1000000 1000003 1000036
all-meshes-CVIU11-pattern2-target39 1000000 1000000 1000000 1000030
all-meshes-CVIU11-pattern2-target399 1000000 1000000 1000000 1000312
all-meshes-CVIU11-pattern2-target407 1000000 1000000 1000000 1000010
all-meshes-CVIU11-pattern2-target416 1000000 1000000 1000000 1000001
all-meshes-CVIU11-pattern2-target425 1000000 1000000 1000000 1000061
all-meshes-CVIU11-pattern2-target435 1000000 1000000 1000001 1000142
all-meshes-CVIU11-pattern2-target444 1000000 1000000 1000002 1000012
all-meshes-CVIU11-pattern2-target454 1000000 1000000 1000003 1000176
all-meshes-CVIU11-pattern2-target463 1000000 1000000 1000000 1000083
all-meshes-CVIU11-pattern2-target472 1000000 1000000 1000000 1000064
all-meshes-CVIU11-pattern2-target482 1000000 1000000 1000000 1000004
all-meshes-CVIU11-pattern2-target491 1000000 1000000 1000001 1000029
all-meshes-CVIU11-pattern2-target50 1000000 1000000 1000000 1000211
all-meshes-CVIU11-pattern2-target509 1000000 1000000 1000000 1000373
all-meshes-CVIU11-pattern2-target519 1000000 1000000 1000000 1000039
all-meshes-CVIU11-pattern2-target528 1000000 1000000 1000004 1000077
all-meshes-CVIU11-pattern2-target6 1000000 1000000 1000001 1000275
all-meshes-CVIU11-pattern2-target69 1000000 1000000 1000000 1000001
all-meshes-CVIU11-pattern2-target8 1000000 1000000 1000000 1000077
all-meshes-CVIU11-pattern2-target89 1000000 1000000 1000001 1000181
all-meshes-CVIU11-pattern2-target99 1000000 1000000 1000003 1000113
all-meshes-CVIU11-pattern3-target109 1000000 1000000 1000000 1000144
all-meshes-CVIU11-pattern3-target118 1000000 1000000 1000000 1000026
all-meshes-CVIU11-pattern3-target127 1000000 1000000 1000000 940487
all-meshes-CVIU11-pattern3-target136 1000000 1000001 1000004 1000079
all-meshes-CVIU11-pattern3-target146 1000000 1000000 1000001 1000012
all-meshes-CVIU11-pattern3-target155 1000000 1000003 1000002 1000028
all-meshes-CVIU11-pattern3-target164 1000000 1000001 1000002 231130
all-meshes-CVIU11-pattern3-target173 1000000 1000001 1000001 1000029
all-meshes-CVIU11-pattern3-target182 1000000 1000000 1000000 1000188
all-meshes-CVIU11-pattern3-target192 1000000 1000000 1000001 1000529
all-meshes-CVIU11-pattern3-target200 1000000 1000000 1000000 1000002
all-meshes-CVIU11-pattern3-target21 1000000 1000000 1000001 1000737
all-meshes-CVIU11-pattern3-target219 687114 11555 33409 33147
all-meshes-CVIU11-pattern3-target228 1000000 1000003 24168 23924
all-meshes-CVIU11-pattern3-target238 1000001 1000004 1000003 615189
all-meshes-CVIU11-pattern3-target248 1000000 1000001 1000002 1000030
all-meshes-CVIU11-pattern3-target257 1000000 1000000 1000000 1000067
all-meshes-CVIU11-pattern3-target267 149555 1000000 1000002 1000011
all-meshes-CVIU11-pattern3-target279 1000000 1000000 1000000 1000057
all-meshes-CVIU11-pattern3-target288 1000000 1000001 1000001 1000023
all-meshes-CVIU11-pattern3-target297 1000000 1000001 1000002 1000042
all-meshes-CVIU11-pattern3-target307 1000000 1000000 1000000 1000047
all-meshes-CVIU11-pattern3-target316 1000000 1000000 1000000 1000020
all-meshes-CVIU11-pattern3-target325 1000000 1000000 1000000 1000010
all-meshes-CVIU11-pattern3-target334 1000000 1000000 1000001 1000031
all-meshes-CVIU11-pattern3-target343 1000001 1000003 1000004 57667
all-meshes-CVIU11-pattern3-target352 44422 1000000 1000000 1000201
all-meshes-CVIU11-pattern3-target362 183454 1000000 1000000 181113
all-meshes-CVIU11-pattern3-target378 1000000 1000001 1000003 1000109
all-meshes-CVIU11-pattern3-target387 1000000 1000001 1000001 1000020
all-meshes-CVIU11-pattern3-target396 1000000 1000000 1000001 1000024
all-meshes-CVIU11-pattern3-target404 1000000 1000000 1000000 1000013
all-meshes-CVIU11-pattern3-target413 1000000 1000000 1000000 1000057
all-meshes-CVIU11-pattern3-target422 1000000 1000000 1000001 1000017
all-meshes-CVIU11-pattern3-target432 1000000 1000000 1000000 1000004
all-meshes-CVIU11-pattern3-target441 1000000 1000001 1000002 1000018
all-meshes-CVIU11-pattern3-target451 1000000 1000000 1000001 1000033
all-meshes-CVIU11-pattern3-target460 60931 1000000 1000000 1000142
all-meshes-CVIU11-pattern3-target47 1000000 1000000 1000000 1000052
all-meshes-CVIU11-pattern3-target479 1000001 1000003 1000006 1000026
all-meshes-CVIU11-pattern3-target489 1000000 1000004 1000004 1000020
all-meshes-CVIU11-pattern3-target498 1000000 1000000 1000000 1000013
all-meshes-CVIU11-pattern3-target506 1000000 1000000 1000000 1000005
all-meshes-CVIU11-pattern3-target515 1000000 1000000 1000000 1000032
all-meshes-CVIU11-pattern3-target525 1000001 1000004 1000003 482310
all-meshes-CVIU11-pattern3-target57 1000000 1000002 1000004 1000026
all-meshes-CVIU11-pattern3-target66 1000000 1000002 1000004 50461
all-meshes-CVIU11-pattern3-target77 553553 783247 835835 865770
all-meshes-CVIU11-pattern3-target86 1000001 1000001 1000006 1001228
all-meshes-CVIU11-pattern3-target96 1000000 1000000 1000001 1000016
all-meshes-CVIU11-pattern4-target106 1000000 1000000 1000000 1001200
all-meshes-CVIU11-pattern4-target115 1000000 1000000 1000000 1000731
all-meshes-CVIU11-pattern4-target124 1000000 1000000 1000002 1001223
all-meshes-CVIU11-pattern4-target133 1000000 1000000 1000001 1003751
all-meshes-CVIU11-pattern4-target143 1000000 1000000 1000000 1000557
all-meshes-CVIU11-pattern4-target152 1000001 1000000 1000003 1002090
all-meshes-CVIU11-pattern4-target161 1000000 1000000 1000001 1000285
all-meshes-CVIU11-pattern4-target170 1000000 1000000 1000000 1001060
all-meshes-CVIU11-pattern4-target18 1000000 1000000 1000002 1002415
all-meshes-CVIU11-pattern4-target19 1000000 1000000 1000001 1002781
all-meshes-CVIU11-pattern4-target199 1000000 1000000 1000000 1000631
all-meshes-CVIU11-pattern4-target207 1000000 1000000 1000000 1000402
all-meshes-CVIU11-pattern4-target216 1000000 1000000 1000000 1000382
all-meshes-CVIU11-pattern4-target225 1000000 1000000 1000002 1003666
all-meshes-CVIU11-pattern4-target234 1000000 1000000 1000000 1000820
all-meshes-CVIU11-pattern4-target245 1000000 1000000 1000000 1001026
all-meshes-CVIU11-pattern4-target254 1000000 1000000 1000000 1000018
all-meshes-CVIU11-pattern4-target264 1000000 1000000 1000001 1002500
all-meshes-CVIU11-pattern4-target273 1000000 1000000 1002852 1000116
all-meshes-CVIU11-pattern4-target285 1000000 1000000 1000003 1000960
all-meshes-CVIU11-pattern4-target294 1000000 1000000 1000001 1003003
all-meshes-CVIU11-pattern4-target304 1000000 1000000 1000000 1001435
all-meshes-CVIU11-pattern4-target313 1000000 1000000 1000001 1002010
all-meshes-CVIU11-pattern4-target322 1000001 1000000 1000005 1002141
all-meshes-CVIU11-pattern4-target331 1000001 1000000 1000006 1001444
all-meshes-CVIU11-pattern4-target340 1000000 1000000 1000001 1002556
all-meshes-CVIU11-pattern4-target35 1000000 1000000 1000000 1000754
all-meshes-CVIU11-pattern4-target36 1000000 1000000 1000002 1003055
all-meshes-CVIU11-pattern4-target369 1000000 1000000 1000002 1001076
all-meshes-CVIU11-pattern4-target384 1000000 1000000 1000001 1002785
all-meshes-CVIU11-pattern4-target393 1000000 1000000 1000000 1002039
all-meshes-CVIU11-pattern4-target401 1000000 1000000 1000002 1001892
all-meshes-CVIU11-pattern4-target410 1000000 1000000 1000000 1000103
all-meshes-CVIU11-pattern4-target42 1000000 1000000 1000001 1002893
all-meshes-CVIU11-pattern4-target43 1000000 1000000 1000003 1000539
all-meshes-CVIU11-pattern4-target439 1000000 1000000 1000001 1001852
all-meshes-CVIU11-pattern4-target449 1000001 1000000 1000002 1001940
all-meshes-CVIU11-pattern4-target458 1000000 1000000 1000001 1002727
all-meshes-CVIU11-pattern4-target467 1000000 1000000 1000003 1001860
all-meshes-CVIU11-pattern4-target476 1000001 1000000 1000003 1000027
all-meshes-CVIU11-pattern4-target486 1000000 1000000 1000000 1001178
all-meshes-CVIU11-pattern4-target495 1000001 1000000 1000002 1000358
all-meshes-CVIU11-pattern4-target503 1000000 1000000 1000000 1001712
all-meshes-CVIU11-pattern4-target512 1000000 1000000 1000000 1000387
all-meshes-CVIU11-pattern4-target522 1000000 1000000 1000001 1002715
all-meshes-CVIU11-pattern4-target54 1000000 1000000 1000000 1001862
all-meshes-CVIU11-pattern4-target63 1000000 1000000 1000000 1001981
all-meshes-CVIU11-pattern4-target73 1000000 1000000 1000000 1002413
all-meshes-CVIU11-pattern4-target83 1000001 1000000 1000004 1002100
all-meshes-CVIU11-pattern4-target92 1000000 1000000 1000000 1000427
all-meshes-CVIU11-pattern5-target102 1000000 1000000 1000002 1000149
all-meshes-CVIU11-pattern5-target112 1000000 1000001 1000003 1000011
all-meshes-CVIU11-pattern5-target121 1000000 1000000 1000000 1000067
all-meshes-CVIU11-pattern5-target130 1000000 1000000 1000001 1000006
all-meshes-CVIU11-pattern5-target14 1000000 1000000 1000000 1000148
all-meshes-CVIU11-pattern5-target15 1000000 1000000 1000001 1000005
all-meshes-CVIU11-pattern5-target159 1000000 1000000 1000000 1000026
all-meshes-CVIU11-pattern5-target168 1000000 1000000 1000000 1000124
all-meshes-CVIU11-pattern5-target177 1000000 1000000 1000000 1000203
all-meshes-CVIU11-pattern5-target187 1000000 1000000 1000003 1000010
all-meshes-CVIU11-pattern5-target196 1000000 1000000 1000000 1000192
all-meshes-CVIU11-pattern5-target204 1000001 1000000 1000003 1000009
all-meshes-CVIU11-pattern5-target213 1000000 1000000 1000000 1000030
all-meshes-CVIU11-pattern5-target222 1000000 1000000 1000000 1000000
all-meshes-CVIU11-pattern5-target231 1000000 1000001 1000003 1000015
all-meshes-CVIU11-pattern5-target242 1000000 1000000 1000001 1000003
all-meshes-CVIU11-pattern5-target251 1000000 1000000 1000000 1000088
all-meshes-CVIU11-pattern5-target261 1000000 1000000 1000001 1000018
all-meshes-CVIU11-pattern5-target270 1000000 1000000 1000000 1000009
all-meshes-CVIU11-pattern5-target282 1000000 1000000 1000001 1000004
all-meshes-CVIU11-pattern5-target291 1000000 1000000 1000003 1000005
all-meshes-CVIU11-pattern5-target30 1000000 1000000 1000001 1000004
all-meshes-CVIU11-pattern5-target310 1000000 1000000 1000000 1000124
all-meshes-CVIU11-pattern5-target32 1000000 1000000 1000000 1000022
all-meshes-CVIU11-pattern5-target329 1000000 1000000 1000001 1000047
all-meshes-CVIU11-pattern5-target338 1000000 1000000 1000000 1000056
all-meshes-CVIU11-pattern5-target347 1000000 1000000 1000000 1000077
all-meshes-CVIU11-pattern5-target357 1000000 1000000 1000000 1000085
all-meshes-CVIU11-pattern5-target366 1000000 1000000 1000003 1000010
all-meshes-CVIU11-pattern5-target381 1000000 1000000 1000000 1000024
all-meshes-CVIU11-pattern5-target390 1000000 1000000 1000002 1000038
all-meshes-CVIU11-pattern5-target4 1000000 1000000 1000000 1000143
all-meshes-CVIU11-pattern5-target408 1000000 1000000 1000000 1000158
all-meshes-CVIU11-pattern5-target417 1000000 1000000 1000000 1000082
all-meshes-CVIU11-pattern5-target427 1000000 1000000 1000000 1000178
all-meshes-CVIU11-pattern5-target436 1000000 1000000 1000001 1000061
all-meshes-CVIU11-pattern5-target446 1000000 1000000 1000001 1000029
all-meshes-CVIU11-pattern5-target455 1000000 1000000 1000001 1000179
all-meshes-CVIU11-pattern5-target464 1000000 1000000 1000003 1000039
all-meshes-CVIU11-pattern5-target473 1000000 1000000 1000000 1000304
all-meshes-CVIU11-pattern5-target483 1000000 1000000 1000003 1000104
all-meshes-CVIU11-pattern5-target492 1000000 1000000 1000000 1000001
all-meshes-CVIU11-pattern5-target500 1000000 1000000 1000000 1000230
all-meshes-CVIU11-pattern5-target51 1000000 1000000 1000000 1000469
all-meshes-CVIU11-pattern5-target52 1000000 1000000 1000000 1000058
all-meshes-CVIU11-pattern5-target529 1000000 1000000 1000000 1000122
all-meshes-CVIU11-pattern5-target60 1000000 1000000 1000000 1000041
all-meshes-CVIU11-pattern5-target7 1000000 1000000 1000000 1000048
all-meshes-CVIU11-pattern5-target80 1000000 1000000 1000002 1000009
all-meshes-CVIU11-pattern5-target9 1000000 1000000 1000000 1000021
all-meshes-CVIU11-pattern6-target1 1000000 1000000 1000000 1000003
all-meshes-CVIU11-pattern6-target11 1000000 1000000 1000000 1000003
all-meshes-CVIU11-pattern6-target119 1000000 1000000 1000000 1000005
all-meshes-CVIU11-pattern6-target128 1000000 1000000 1000000 1000000
all-meshes-CVIU11-pattern6-target137 1000000 1000000 1000001 1000005
all-meshes-CVIU11-pattern6-target147 1000000 1000000 1000001 1000007
all-meshes-CVIU11-pattern6-target156 1000000 1000000 1000002 1000016
all-meshes-CVIU11-pattern6-target165 1000000 1000000 1000000 1000002
all-meshes-CVIU11-pattern6-target174 1000000 1000000 1000000 1000002
all-meshes-CVIU11-pattern6-target184 1000000 1000000 1000000 1000003
all-meshes-CVIU11-pattern6-target193 1000000 1000000 1000000 1000004
all-meshes-CVIU11-pattern6-target201 1000000 1000000 1000002 1000011
all-meshes-CVIU11-pattern6-target210 1000000 1000000 1000001 1000007
all-meshes-CVIU11-pattern6-target22 1000000 1000000 1000001 1000006
all-meshes-CVIU11-pattern6-target229 1000000 1000000 1000000 1000001
all-meshes-CVIU11-pattern6-target24 1000000 1000000 1000001 1000006
all-meshes-CVIU11-pattern6-target249 1000000 1000000 1000000 1000005
all-meshes-CVIU11-pattern6-target258 1000000 1000000 1000000 1000002
all-meshes-CVIU11-pattern6-target268 1000001 1000001 1000003 1000012
all-meshes-CVIU11-pattern6-target28 1000000 1000000 1000001 1000005
all-meshes-CVIU11-pattern6-target289 1000000 1000000 1000000 1000002
all-meshes-CVIU11-pattern6-target298 1000000 1000000 1000000 1000005
all-meshes-CVIU11-pattern6-target308 1000000 1000002 1000006 1000016
all-meshes-CVIU11-pattern6-target317 1000000 1000000 1000000 1000000
all-meshes-CVIU11-pattern6-target326 1000000 1000000 1000001 1000008
all-meshes-CVIU11-pattern6-target335 1000000 1000000 1000000 1000007
all-meshes-CVIU11-pattern6-target344 1000000 1000000 1000000 1000002
all-meshes-CVIU11-pattern6-target353 1000001 1000001 1000002 1000012
all-meshes-CVIU11-pattern6-target363 1000000 1000000 1000000 1000001
all-meshes-CVIU11-pattern6-target379 1000000 1000000 1000000 1000006
all-meshes-CVIU11-pattern6-target388 1000000 1000001 1000003 1000013
all-meshes-CVIU11-pattern6-target397 1000000 1000000 1000002 1000012
all-meshes-CVIU11-pattern6-target405 1000000 1000001 1000003 1000011
all-meshes-CVIU11-pattern6-target414 1000000 1000000 1000000 1000002
all-meshes-CVIU11-pattern6-target423 1000000 1000000 1000000 1000003
all-meshes-CVIU11-pattern6-target433 1000000 1000000 1000001 1000010
all-meshes-CVIU11-pattern6-target442 1000000 1000000 1000001 1000006
all-meshes-CVIU11-pattern6-target452 1000001 1000001 1000005 1000018
all-meshes-CVIU11-pattern6-target461 1000001 1000001 1000008 1000021
all-meshes-CVIU11-pattern6-target470 1000000 1000000 1000000 1000006
all-meshes-CVIU11-pattern6-target48 1000000 1000000 1000001 1000008
all-meshes-CVIU11-pattern6-target49 1000000 1000000 1000000 1000003
all-meshes-CVIU11-pattern6-target499 1000000 1000000 1000000 1000004
all-meshes-CVIU11-pattern6-target507 1000000 1000000 1000000 1000002
all-meshes-CVIU11-pattern6-target517 1000000 1000001 1000002 1000017
all-meshes-CVIU11-pattern6-target526 1000000 1000000 1000000 1000005
all-meshes-CVIU11-pattern6-target58 1000000 1000000 1000000 1000002
all-meshes-CVIU11-pattern6-target67 1000000 1000000 1000000 1000002
all-meshes-CVIU11-pattern6-target78 1000000 1000000 1000000 1000005
all-meshes-CVIU11-pattern6-target87 1000001 1000000 1000003 1000017
all-meshes-CVIU11-pattern6-target97 1000000 1000000 1000002 1000013
all-images-CVIU11-pattern1-target105 1000001 1000000 1000003 1000282
all-images-CVIU11-pattern1-target114 1000000 1000000 1000001 1000296
all-images-CVIU11-pattern1-target123 1000000 1000001 1000006 1000220
all-images-CVIU11-pattern1-target132 1000000 1000000 1000002 1000345
all-images-CVIU11-pattern1-target141 1000000 1000000 1000001 1000338
all-images-CVIU11-pattern1-target19 1000001 1000002 1000008 1000197
all-images-CVIU11-pattern1-target28 1000000 1000000 1000001 1000343
all-images-CVIU11-pattern1-target37 1000001 1000002 1000006 1000174
all-images-CVIU11-pattern1-target46 1000000 1000000 1000003 1000317
all-images-CVIU11-pattern1-target55 1000000 1000000 1000001 1000310
all-images-CVIU11-pattern1-target64 1000000 1000000 1000003 1000265
all-images-CVIU11-pattern1-target73 1000000 1000001 1000005 1000224
all-images-CVIU11-pattern1-target82 1000000 1000000 1000003 1000306
all-images-CVIU11-pattern1-target91 1000000 1000000 1000000 1000437
all-images-CVIU11-pattern10-target10 1000000 1000000 1000002 1000171
all-images-CVIU11-pattern10-target109 1000000 1000000 1000004 1000083
all-images-CVIU11-pattern10-target118 1000000 1000000 1000002 1000037
all-images-CVIU11-pattern10-target127 1000000 1000000 1000001 1000151
all-images-CVIU11-pattern10-target136 1000000 1000000 1000002 1000059
all-images-CVIU11-pattern10-target145 1000000 1000000 1000001 1000110
all-images-CVIU11-pattern10-target22 1000000 1000000 1000002 1000196
all-images-CVIU11-pattern10-target31 1000000 1000000 1000001 1000078
all-images-CVIU11-pattern10-target40 1000000 1000000 1000001 1000008
all-images-CVIU11-pattern10-target5 1000000 1000000 1000005 1000061
all-images-CVIU11-pattern10-target59 1000000 1000000 1000004 1000072
all-images-CVIU11-pattern10-target68 1000000 1000000 1000005 1000046
all-images-CVIU11-pattern10-target77 1000000 1000001 1000006 1000055
all-images-CVIU11-pattern10-target86 1000000 1000000 1000003 1000044
all-images-CVIU11-pattern10-target95 1000000 1000000 1000001 1000144
all-images-CVIU11-pattern11-target103 19 315 2600 2552
all-images-CVIU11-pattern11-target112 4 240 1834 1937
all-images-CVIU11-pattern11-target121 9 569 8360 8945
all-images-CVIU11-pattern11-target130 8 347 959 832
all-images-CVIU11-pattern11-target14 3 250 973 900
all-images-CVIU11-pattern11-target17 9 695 6730 7021
all-images-CVIU11-pattern11-target26 4 173 1239 1887
all-images-CVIU11-pattern11-target35 13 1101 13387 13859
all-images-CVIU11-pattern11-target44 9 847 15600 14668
all-images-CVIU11-pattern11-target53 4 410 2378 2170
all-images-CVIU11-pattern11-target62 11 837 9247 9189
all-images-CVIU11-pattern11-target71 8 886 7983 10032
all-images-CVIU11-pattern11-target80 14 379 2744 2154
all-images-CVIU11-pattern11-target9 7 510 3844 3839
all-images-CVIU11-pattern11-target99 6 671 7176 6800
all-images-CVIU11-pattern12-target107 1000000 1000000 1000002 1000498
all-images-CVIU11-pattern12-target116 1000001 1000003 1000006 1000037
all-images-CVIU11-pattern12-target125 1000001 1000000 1000004 1000114
all-images-CVIU11-pattern12-target134 1000000 1000000 1000002 1000311
all-images-CVIU11-pattern12-target143 1000000 1000000 1000001 1000392
all-images-CVIU11-pattern12-target20 1000001 1000000 1000004 1000098
all-images-CVIU11-pattern12-target3 1000001 1000000 1000004 1000277
all-images-CVIU11-pattern12-target39 1000000 1000000 1000002 1000479
all-images-CVIU11-pattern12-target48 44517 1000000 1000002 1000398
all-images-CVIU11-pattern12-target57 1000001 1000003 1000006 1000026
all-images-CVIU11-pattern12-target66 1000000 1000000 1000001 1000468
all-images-CVIU11-pattern12-target75 1000001 1000000 1000002 1000054
all-images-CVIU11-pattern12-target84 1000000 1000000 1000000 1000446
all-images-CVIU11-pattern12-target93 1000001 1000000 1000003 1000152
all-images-CVIU11-pattern13-target101 1000000 1000000 1000001 1000013
all-images-CVIU11-pattern13-target110 1000000 1000000 1000002 1000016
all-images-CVIU11-pattern13-target12 1000000 1000000 1000003 1000038
all-images-CVIU11-pattern13-target129 1000000 1000000 1000001 1000014
all-images-CVIU11-pattern13-target138 1000001 1000000 1000005 1000013
all-images-CVIU11-pattern13-target15 1000000 1000000 1000000 1000013
all-images-CVIU11-pattern13-target24 1000000 1000000 1000000 1000015
all-images-CVIU11-pattern13-target33 1000001 1000001 1000006 1000015
all-images-CVIU11-pattern13-target42 1000000 1000000 1000003 1000033
all-images-CVIU11-pattern13-target51 1000000 1000000 1000002 1000003
all-images-CVIU11-pattern13-target60 1000000 1000000 1000001 1000003
all-images-CVIU11-pattern13-target7 1000000 1000000 1000004 1000046
all-images-CVIU11-pattern13-target79 1000000 1000000 1000001 1000021
all-images-CVIU11-pattern13-target88 1000000 1000000 1000004 1000043
all-images-CVIU11-pattern13-target97 1000000 1000000 1000002 1000012
all-images-CVIU11-pattern14-target105 1000000 1000000 1000003 1000044
all-images-CVIU11-pattern14-target114 1000000 1000000 1000001 1000053
all-images-CVIU11-pattern14-target123 1000001 1000001 1000005 1000013
all-images-CVIU11-pattern14-target132 1000000 1000001 1000002 1000194
all-images-CVIU11-pattern14-target141 1000000 1000000 1000001 1000062
all-images-CVIU11-pattern14-target19 1000001 1000002 1000007 1000017
all-images-CVIU11-pattern14-target28 1000000 1000000 1000001 1000059
all-images-CVIU11-pattern14-target37 1000000 1000002 1000006 1000013
all-images-CVIU11-pattern14-target46 1000001 1000001 1000003 1000055
all-images-CVIU11-pattern14-target55 1000000 1000000 1000002 1000107
all-images-CVIU11-pattern14-target64 1000000 1000001 1000003 1000117
all-images-CVIU11-pattern14-target73 1000000 1000001 1000006 1000012
all-images-CVIU11-pattern14-target82 1000000 1000001 1000003 1000144
all-images-CVIU11-pattern14-target91 1000000 1000000 1000000 1000079
all-images-CVIU11-pattern15-target10 134 42730 49374 9611
all-images-CVIU11-pattern15-target109 92 546409 428190 12793
all-images-CVIU11-pattern15-target118 105 221987 120141 7845
all-images-CVIU11-pattern15-target127 45 159510 7376 1843
all-images-CVIU11-pattern15-target136 110 243291 320071 6607
all-images-CVIU11-pattern15-target145 68 51418 44581 2988
all-images-CVIU11-pattern15-target22 105 302821 91311 5406
all-images-CVIU11-pattern15-target31 218 388482 168164 11690
all-images-CVIU11-pattern15-target40 100 213530 128798 9512
all-images-CVIU11-pattern15-target5 176 469038 198675 20080
all-images-CVIU11-pattern15-target59 139 1000000 152891 17030
all-images-CVIU11-pattern15-target68 197 1000000 153392 23495
all-images-CVIU11-pattern15-target77 114 1000000 1000006 26164
all-images-CVIU11-pattern15-target86 66 306083 306895 9046
all-images-CVIU11-pattern15-target95 88 214956 207976 1762
all-images-CVIU11-pattern16-target103 1000000 1000000 1000002 1001345
all-images-CVIU11-pattern16-target112 1000000 1000000 1000001 1001731
all-images-CVIU11-pattern16-target121 1000000 1000000 1000004 1000872
all-images-CVIU11-pattern16-target130 1000000 1000000 1000001 1001743
all-images-CVIU11-pattern16-target14 1000000 1000000 1000001 1001854
all-images-CVIU11-pattern16-target17 1000000 1000000 1000003 1000986
all-images-CVIU11-pattern16-target26 1000000 1000000 1000001 1001655
all-images-CVIU11-pattern16-target35 1000000 1000000 1000005 1000742
all-images-CVIU11-pattern16-target44 1000001 1000000 1000006 1000741
all-images-CVIU11-pattern16-target53 1000000 1000000 1000001 1001396
all-images-CVIU11-pattern16-target62 1000000 1000000 1000004 1000930
all-images-CVIU11-pattern16-target71 1000000 1000000 1000004 1000995
all-images-CVIU11-pattern16-target80 1000000 1000000 1000001 1001334
all-images-CVIU11-pattern16-target9 1000000 1000000 1000002 1001127
all-images-CVIU11-pattern16-target99 1000000 1000000 1000003 1001068
all-images-CVIU11-pattern17-target107 635 277299 26058 115773
all-images-CVIU11-pattern17-target116 86 7855 24003 57610
all-images-CVIU11-pattern17-target125 94 5142 14455 15104
all-images-CVIU11-pattern17-target134 12849 284358 340421 489322
all-images-CVIU11-pattern17-target143 42 1413 3776 4282
all-images-CVIU11-pattern17-target20 595 3806 14410 13530
all-images-CVIU11-pattern17-target3 125 3709 13849 13624
all-images-CVIU11-pattern17-target39 364 45094 14434 31075
all-images-CVIU11-pattern17-target48 81 2102 6329 9547
all-images-CVIU11-pattern17-target57 549 7197 26422 50178
all-images-CVIU11-pattern17-target66 18056 2352 5054 54414
all-images-CVIU11-pattern17-target75 4576 10961 28180 25881
all-images-CVIU11-pattern17-target84 1304 976 1513 4139
all-images-CVIU11-pattern17-target93 3079 4170 11028 15973
all-images-CVIU11-pattern18-target101 1000000 1000000 1000001 1001059
all-images-CVIU11-pattern18-target110 1000000 1000000 1000002 1001169
all-images-CVIU11-pattern18-target12 1000000 1000000 1000003 1000692
all-images-CVIU11-pattern18-target129 1000000 1000000 1000001 1001083
all-images-CVIU11-pattern18-target138 1000001 1000000 1000005 1000524
all-images-CVIU11-pattern18-target15 1000000 1000000 1000000 1001077
all-images-CVIU11-pattern18-target24 1000000 1000000 1000000 1001122
all-images-CVIU11-pattern18-target33 1000001 1000001 1000006 1000551
all-images-CVIU11-pattern18-target42 1000000 1000000 1000003 1000797
all-images-CVIU11-pattern18-target51 1000000 1000000 1000002 1000873
all-images-CVIU11-pattern18-target60 1000000 1000000 1000002 1000886
all-images-CVIU11-pattern18-target7 1000000 1000000 1000004 1000738
all-images-CVIU11-pattern18-target79 1000000 1000000 1000001 1001158
all-images-CVIU11-pattern18-target88 1000000 1000000 1000004 1000752
all-images-CVIU11-pattern18-target97 1000000 1000000 1000002 1001078
all-images-CVIU11-pattern19-target105 1000000 1000000 1000003 1000345
all-images-CVIU11-pattern19-target114 1000000 1000000 1000001 1000458
all-images-CVIU11-pattern19-target123 1000000 1000000 1000004 1000306
all-images-CVIU11-pattern19-target132 1000000 1000000 1000002 1000372
all-images-CVIU11-pattern19-target141 1000000 1000000 1000001 1000501
all-images-CVIU11-pattern19-target19 1000000 1000000 1000006 1000246
all-images-CVIU11-pattern19-target28 1000000 1000000 1000001 1000436
all-images-CVIU11-pattern19-target37 1000000 1000000 1000005 1000259
all-images-CVIU11-pattern19-target46 1000000 1000000 1000003 1000364
all-images-CVIU11-pattern19-target55 1000000 1000000 1000001 1000415
all-images-CVIU11-pattern19-target64 1000000 1000000 1000003 1000395
all-images-CVIU11-pattern19-target73 1000000 1000000 1000005 1000308
all-images-CVIU11-pattern19-target82 1000000 1000000 1000003 1000371
all-images-CVIU11-pattern19-target91 1000000 1000000 1000000 1000447
all-images-CVIU11-pattern2-target10 1000000 1000000 1000001 1000050
all-images-CVIU11-pattern2-target109 1000000 1000000 1000004 1000057
all-images-CVIU11-pattern2-target118 1000000 1000000 1000001 1000005
all-images-CVIU11-pattern2-target127 1000000 1000000 1000001 1000166
all-images-CVIU11-pattern2-target136 1000000 1000000 1000002 1000062
all-images-CVIU11-pattern2-target145 1000000 1000000 1000001 1000191
all-images-CVIU11-pattern2-target22 1000000 1000000 1000002 1000038
all-images-CVIU11-pattern2-target31 1000000 1000000 1000003 1000077
all-images-CVIU11-pattern2-target40 1000000 1000000 1000003 1000103
all-images-CVIU11-pattern2-target5 1000000 1000000 1000005 1000049
all-images-CVIU11-pattern2-target59 1000000 1000000 1000004 1000062
all-images-CVIU11-pattern2-target68 1000000 1000002 1000005 1000044
all-images-CVIU11-pattern2-target77 1000001 1000003 1000006 1000056
all-images-CVIU11-pattern2-target86 1000000 1000000 1000001 1000054
all-images-CVIU11-pattern2-target95 1000000 1000000 1000001 1000112
all-images-CVIU11-pattern20-target103 150 4966 5524 8349
all-images-CVIU11-pattern20-target112 110 1927 4210 5144
all-images-CVIU11-pattern20-target121 109 6269 17460 18673
all-images-CVIU11-pattern20-target130 75 1163 2119 2178
all-images-CVIU11-pattern20-target14 55 1172 2378 2627
all-images-CVIU11-pattern20-target17 148 5255 14623 15997
all-images-CVIU11-pattern20-target26 48 2300 3561 4462
all-images-CVIU11-pattern20-target35 183 8016 25626 27163
all-images-CVIU11-pattern20-target44 261 7805 28321 29621
all-images-CVIU11-pattern20-target53 115 11966 5332 6245
all-images-CVIU11-pattern20-target62 40 3041 11368 9840
all-images-CVIU11-pattern20-target71 58 2654 9684 11428
all-images-CVIU11-pattern20-target80 16 903 2721 2758
all-images-CVIU11-pattern20-target9 136 5826 10878 9859
all-images-CVIU11-pattern20-target99 150 4366 13284 15002
all-images-CVIU11-pattern21-target107 1000000 1000000 1000002 1000058
all-images-CVIU11-pattern21-target116 1000000 1000002 1000008 1000013
all-images-CVIU11-pattern21-target125 1000000 1000002 1000001 1000012
all-images-CVIU11-pattern21-target134 1000000 1000001 1000002 1000063
all-images-CVIU11-pattern21-target143 1000000 1000000 1000001 1000207
all-images-CVIU11-pattern21-target20 1000000 1000000 1002480 1000012
all-images-CVIU11-pattern21-target3 1000000 1000000 1000001 1000033
all-images-CVIU11-pattern21-target39 1000000 1000000 1000002 1000076
all-images-CVIU11-pattern21-target48 1000000 1000000 1000002 1000236
all-images-CVIU11-pattern21-target57 1000000 1000002 1000008 1000014
all-images-CVIU11-pattern21-target66 1000000 1000000 1000001 1000061
all-images-CVIU11-pattern21-target75 1000001 1000002 1000007 1000013
all-images-CVIU11-pattern21-target84 1000000 1000000 1000000 1000047
all-images-CVIU11-pattern21-target93 1000000 1000000 1000003 1000042
all-images-CVIU11-pattern22-target101 1000000 1000000 1000001 1000030
all-images-CVIU11-pattern22-target110 1000000 1000000 1000001 1000045
all-images-CVIU11-pattern22-target12 1000000 1000000 1000003 1000333
all-images-CVIU11-pattern22-target129 1000000 1000000 1000000 1000004
all-images-CVIU11-pattern22-target138 1000000 1000000 1000002 1000014
all-images-CVIU11-pattern22-target15 1000000 1000000 1000000 1000004
all-images-CVIU11-pattern22-target24 1000000 1000000 1000001 1000038
all-images-CVIU11-pattern22-target33 1000001 1000001 1000007 1000014
all-images-CVIU11-pattern22-target42 1000000 1000000 1000003 1000215
all-images-CVIU11-pattern22-target51 1000000 1000000 1000002 1000205
all-images-CVIU11-pattern22-target60 1000000 1000000 1000003 1000346
all-images-CVIU11-pattern22-target7 1000001 1000001 1000004 1000219
all-images-CVIU11-pattern22-target79 1000000 1000000 1000001 1000137
all-images-CVIU11-pattern22-target88 1000000 1000000 1000004 1000208
all-images-CVIU11-pattern22-target97 1000000 1000000 1000002 1000096
all-images-CVIU11-pattern23-target105 1000000 1000000 1000003 1000794
all-images-CVIU11-pattern23-target114 1000000 1000000 1000001 1000750
all-images-CVIU11-pattern23-target123 1000000 1000000 1000004 1000963
all-images-CVIU11-pattern23-target132 1000000 1000000 1000002 1000902
all-images-CVIU11-pattern23-target141 1000000 1000000 1000001 1000824
all-images-CVIU11-pattern23-target19 1000000 1000001 1000006 1000791
all-images-CVIU11-pattern23-target28 1000000 1000000 1000001 1000794
all-images-CVIU11-pattern23-target37 1000000 1000000 1000005 1000708
all-images-CVIU11-pattern23-target46 1000000 1000000 1000003 1000803
all-images-CVIU11-pattern23-target55 1000000 1000000 1000001 1000766
all-images-CVIU11-pattern23-target64 1000000 1000000 1000002 1001146
all-images-CVIU11-pattern23-target73 1000000 1000000 1000005 1000946
all-images-CVIU11-pattern23-target82 1000000 1000000 1000003 1000925
all-images-CVIU11-pattern23-target91 1000000 1000000 1000000 1000752
all-images-CVIU11-pattern24-target10 360 3486 9014 53873
all-images-CVIU11-pattern24-target109 106 4240 13108 14301
all-images-CVIU11-pattern24-target118 191 2591 8110 8084
all-images-CVIU11-pattern24-target127 39 822 1754 2135
all-images-CVIU11-pattern24-target136 51 2589 6212 7411
all-images-CVIU11-pattern24-target145 514 2676 3054 3761
all-images-CVIU11-pattern24-target22 77 2302 5440 5226
all-images-CVIU11-pattern24-target31 123 3527 11950 12687
all-images-CVIU11-pattern24-target40 109 5141 11872 9684
all-images-CVIU11-pattern24-target5 998 5708 19815 48444
all-images-CVIU11-pattern24-target59 199 4443 20100 19307
all-images-CVIU11-pattern24-target68 150 7590 23992 32393
all-images-CVIU11-pattern24-target77 533 6311 23826 26008
all-images-CVIU11-pattern24-target86 102 4342 10559 9131
all-images-CVIU11-pattern24-target95 106 1442 1722 3332
all-images-CVIU11-pattern25-target103 1000000 1000000 1000002 1000577
all-images-CVIU11-pattern25-target112 1000000 1000000 1000001 1000532
all-images-CVIU11-pattern25-target121 1000000 1000000 1000004 1000297
all-images-CVIU11-pattern25-target130 1000000 1000000 1000001 1000487
all-images-CVIU11-pattern25-target14 1000000 1000000 1000001 1000508
all-images-CVIU11-pattern25-target17 1000000 1000000 1000004 1000389
all-images-CVIU11-pattern25-target26 1000000 1000000 1000001 1000489
all-images-CVIU11-pattern25-target35 1000000 1000001 1000006 1000151
all-images-CVIU11-pattern25-target44 1000001 1000001 1000006 1000187
all-images-CVIU11-pattern25-target53 1000000 1000000 1000001 1000532
all-images-CVIU11-pattern25-target62 1000000 1000000 1000004 1000353
all-images-CVIU11-pattern25-target71 1000000 1000000 1000004 1000427
all-images-CVIU11-pattern25-target80 1000000 1000000 1000002 1000528
all-images-CVIU11-pattern25-target9 1000000 1000000 1000002 1000452
all-images-CVIU11-pattern25-target99 1000001 1000000 1000004 1000417
all-images-CVIU11-pattern26-target107 1000001 1000000 1000002 1000467
all-images-CVIU11-pattern26-target116 1000000 1000000 1000006 1000632
all-images-CVIU11-pattern26-target125 1000000 1000000 1000004 1000363
all-images-CVIU11-pattern26-target134 1000000 1000000 1000002 1000361
all-images-CVIU11-pattern26-target143 1000000 1000000 1000001 1000455
all-images-CVIU11-pattern26-target20 1000000 1000000 1000004 1000334
all-images-CVIU11-pattern26-target3 1000001 1000000 1000004 1000278
all-images-CVIU11-pattern26-target39 1000000 1000000 1000002 1000446
all-images-CVIU11-pattern26-target48 1000000 1000000 1000002 1000541
all-images-CVIU11-pattern26-target57 1000001 1000000 1000006 1000526
all-images-CVIU11-pattern26-target66 1000000 1000000 1000001 1000514
all-images-CVIU11-pattern26-target75 1000000 1000000 1000005 1000334
all-images-CVIU11-pattern26-target84 1000000 1000000 1000000 1000269
all-images-CVIU11-pattern26-target93 1000000 1000000 1000003 1000319
all-images-CVIU11-pattern27-target101 1000000 1000000 1000001 1000079
all-images-CVIU11-pattern27-target110 1000000 1000000 1000002 1000129
all-images-CVIU11-pattern27-target12 1000000 1000000 1000003 1000176
all-images-CVIU11-pattern27-target129 1000000 1000000 1000001 1000097
all-images-CVIU11-pattern27-target138 1000001 1000000 1000005 1000315
all-images-CVIU11-pattern27-target15 1000000 1000000 1000000 1000091
all-images-CVIU11-pattern27-target24 1000000 1000000 1000000 1000104
all-images-CVIU11-pattern27-target33 1000001 1000000 1000006 1000236
all-images-CVIU11-pattern27-target42 1000000 1000000 1000003 1000149
all-images-CVIU11-pattern27-target51 1000000 1000000 1000002 1000151
all-images-CVIU11-pattern27-target60 1000000 1000000 1000002 1000163
all-images-CVIU11-pattern27-target7 1000000 1000000 1000004 1000307
all-images-CVIU11-pattern27-target79 1000000 1000000 1000001 1000252
all-images-CVIU11-pattern27-target88 1000000 1000000 1000004 1000335
all-images-CVIU11-pattern27-target97 1000000 1000000 1000002 1000109
all-images-CVIU11-pattern28-target105 1000000 1000000 1000003 1000222
all-images-CVIU11-pattern28-target114 1000000 1000000 1000001 1000411
all-images-CVIU11-pattern28-target123 1000001 1000000 1000004 1000155
all-images-CVIU11-pattern28-target132 1000000 1000000 1000002 1000361
all-images-CVIU11-pattern28-target141 1000000 1000000 1000001 1000479
all-images-CVIU11-pattern28-target19 1000000 1000000 1000006 1000115
all-images-CVIU11-pattern28-target28 1000000 1000000 1000001 1000476
all-images-CVIU11-pattern28-target37 1000001 1000000 1000005 1000119
all-images-CVIU11-pattern28-target46 1000001 1000000 1000003 1000221
all-images-CVIU11-pattern28-target55 1000000 1000000 1000001 1000463
all-images-CVIU11-pattern28-target64 1000000 1000000 1000003 1000322
all-images-CVIU11-pattern28-target73 1000001 1000000 1000005 1000154
all-images-CVIU11-pattern28-target82 1000000 1000000 1000003 1000265
all-images-CVIU11-pattern28-target91 1000000 1000000 1000000 1000624
all-images-CVIU11-pattern29-target10 273 6411 11875 8194
all-images-CVIU11-pattern29-target109 370 14901 24751 15993
all-images-CVIU11-pattern29-target118 48 12485 12430 14490
all-images-CVIU11-pattern29-target127 39 2512 3339 3483
all-images-CVIU11-pattern29-target136 98 7942 10959 6151
all-images-CVIU11-pattern29-target145 244 6935 8221 7657
all-images-CVIU11-pattern29-target22 78 9562 13042 5826
all-images-CVIU11-pattern29-target31 125 12522 17994 13679
all-images-CVIU11-pattern29-target40 96 7759 14456 12610
all-images-CVIU11-pattern29-target5 144 17296 29540 31572
all-images-CVIU11-pattern29-target59 268 14660 27128 30359
all-images-CVIU11-pattern29-target68 85 13256 31232 22883
all-images-CVIU11-pattern29-target77 266 19450 38716 35592
all-images-CVIU11-pattern29-target86 766 1000000 1000002 28375
all-images-CVIU11-pattern29-target95 165 4007 5241 4552
all-images-CVIU11-pattern3-target103 1000000 1000000 1000002 1000346
all-images-CVIU11-pattern3-target112 1000000 1000000 1000001 1000492
all-images-CVIU11-pattern3-target121 1000000 1000001 1000004 1000018
all-images-CVIU11-pattern3-target130 1000000 1000000 1000001 1000581
all-images-CVIU11-pattern3-target14 1000000 1000000 1000001 1000478
all-images-CVIU11-pattern3-target17 1000000 1000000 1000001 1000018
all-images-CVIU11-pattern3-target26 1000000 1000000 1000002 1000551
all-images-CVIU11-pattern3-target35 1000000 1000002 1000005 1000015
all-images-CVIU11-pattern3-target44 1000000 1000001 1000009 1000018
all-images-CVIU11-pattern3-target53 1000000 1000000 1000002 1000365
all-images-CVIU11-pattern3-target62 1000000 1000000 1000001 1004156
all-images-CVIU11-pattern3-target71 1000000 1000000 1000002 1000049
all-images-CVIU11-pattern3-target80 1000000 1000000 1000002 1000299
all-images-CVIU11-pattern3-target9 1000000 1000000 1000002 1000276
all-images-CVIU11-pattern3-target99 1000000 1000000 1000004 1000123
all-images-CVIU11-pattern30-target107 1000000 1000000 1000002 1000020
all-images-CVIU11-pattern30-target116 1000000 1000001 1000006 1000014
all-images-CVIU11-pattern30-target125 1000000 1000000 1000004 1000016
all-images-CVIU11-pattern30-target134 1000000 1000000 1000002 1000017
all-images-CVIU11-pattern30-target143 1000000 1000000 1000001 1000020
all-images-CVIU11-pattern30-target20 1000001 1000000 1000004 1000016
all-images-CVIU11-pattern30-target3 1000001 1000000 1000004 1000016
all-images-CVIU11-pattern30-target39 1000000 1000000 1000002 1000018
all-images-CVIU11-pattern30-target48 1000000 1000000 1000002 1000020
all-images-CVIU11-pattern30-target57 1000001 1000000 1000006 1000012
all-images-CVIU11-pattern30-target66 1000000 1000000 1000001 1000019
all-images-CVIU11-pattern30-target75 1000001 1000001 1000005 1000015
all-images-CVIU11-pattern30-target84 1000000 1000000 1000000 1000023
all-images-CVIU11-pattern30-target93 1000000 1000000 1000003 1000017
all-images-CVIU11-pattern31-target101 1000000 1000000 1000001 1000632
all-images-CVIU11-pattern31-target110 1000000 1000000 1000002 1000524
all-images-CVIU11-pattern31-target12 1000000 1000000 1000003 1000295
all-images-CVIU11-pattern31-target129 1000000 1000000 1000001 1000774
all-images-CVIU11-pattern31-target138 1000000 1000001 1000005 1000070
all-images-CVIU11-pattern31-target15 1000000 1000000 1000000 1000618
all-images-CVIU11-pattern31-target24 1000000 1000000 1000000 1000750
all-images-CVIU11-pattern31-target33 1000000 1000000 1000006 1000322
all-images-CVIU11-pattern31-target42 1000000 1000000 1000003 1000202
all-images-CVIU11-pattern31-target51 1000000 1000000 1000002 1000285
all-images-CVIU11-pattern31-target60 1000000 1000000 1000002 1000314
all-images-CVIU11-pattern31-target7 1000000 1000000 1000004 1000567
all-images-CVIU11-pattern31-target79 0 97 815 806
all-images-CVIU11-pattern31-target88 1000000 1000000 1000004 1000037
all-images-CVIU11-pattern31-target97 1000000 1000000 1000002 1000419
all-images-CVIU11-pattern33-target105 621 1000000 1000003 41205
all-images-CVIU11-pattern33-target114 22705 956781 1000001 1002019
all-images-CVIU11-pattern33-target123 1253 1000000 1000004 148640
all-images-CVIU11-pattern33-target132 19531 1000000 1000002 1001774
all-images-CVIU11-pattern33-target141 76883 1000000 1000001 1002304
all-images-CVIU11-pattern33-target19 3076 1000000 1000007 276422
all-images-CVIU11-pattern33-target28 535 1000000 1000001 14665
all-images-CVIU11-pattern33-target37 427 10846 26648 53798
all-images-CVIU11-pattern33-target46 71682 1000000 1000003 1001343
all-images-CVIU11-pattern33-target55 8084 1000000 1000001 1002046
all-images-CVIU11-pattern33-target64 346932 1000000 1000003 1001359
all-images-CVIU11-pattern33-target73 1812 428234 634442 98421
all-images-CVIU11-pattern33-target82 1068 1000000 1000003 94740
all-images-CVIU11-pattern33-target91 1109 41462 44358 508023
all-images-CVIU11-pattern34-target10 301 11088 17855 17216
all-images-CVIU11-pattern34-target109 181 12344 24429 29220
all-images-CVIU11-pattern34-target118 255 8814 16378 16920
all-images-CVIU11-pattern34-target127 96 3635 5044 7394
all-images-CVIU11-pattern34-target136 333 8287 14347 15041
all-images-CVIU11-pattern34-target145 155 1377 3106 5944
all-images-CVIU11-pattern34-target22 252 8155 13187 13876
all-images-CVIU11-pattern34-target31 56 6044 12104 10699
all-images-CVIU11-pattern34-target40 287 9353 18594 28242
all-images-CVIU11-pattern34-target5 219 4806 19822 23641
all-images-CVIU11-pattern34-target59 306 14203 30352 33026
all-images-CVIU11-pattern34-target68 284 18728 42746 53186
all-images-CVIU11-pattern34-target77 435 20136 44927 48963
all-images-CVIU11-pattern34-target86 212 9972 18813 19472
all-images-CVIU11-pattern34-target95 153 2785 3984 7772
all-images-CVIU11-pattern35-target103 143723 1000000 1000002 1000693
all-images-CVIU11-pattern35-target112 37361 1000000 1000001 1000749
all-images-CVIU11-pattern35-target121 149823 1000000 1000004 1000654
all-images-CVIU11-pattern35-target130 31775 1000000 1000001 1000330
all-images-CVIU11-pattern35-target14 103093 1000000 1000001 1000328
all-images-CVIU11-pattern35-target17 97306 1000000 1000003 1000789
all-images-CVIU11-pattern35-target26 124543 1000000 1000001 1000626
all-images-CVIU11-pattern35-target35 81275 1000000 1000005 1000543
all-images-CVIU11-pattern35-target44 65845 1000000 1000006 1000615
all-images-CVIU11-pattern35-target53 74075 1000000 1000001 1000626
all-images-CVIU11-pattern35-target62 171981 1000000 1000004 1000704
all-images-CVIU11-pattern35-target71 44955 1000000 1000004 1000739
all-images-CVIU11-pattern35-target80 65195 1000000 1000001 1000620
all-images-CVIU11-pattern35-target9 65063 1000000 1000003 1000619
all-images-CVIU11-pattern35-target99 127480 1000000 1000004 1000716
all-images-CVIU11-pattern36-target107 1000000 1000001 1000002 1000018
all-images-CVIU11-pattern36-target116 1000001 1000000 1000006 1000015
all-images-CVIU11-pattern36-target125 1000001 1000001 1000004 1000013
all-images-CVIU11-pattern36-target134 1000000 1000001 1000002 1000016
all-images-CVIU11-pattern36-target143 1000000 1000000 1000001 1000020
all-images-CVIU11-pattern36-target20 1000001 1000000 1000004 1000014
all-images-CVIU11-pattern36-target3 1000000 1000000 1000004 1000014
all-images-CVIU11-pattern36-target39 1000000 1000001 1000002 1000016
all-images-CVIU11-pattern36-target48 1000000 1000000 1000002 1000027
all-images-CVIU11-pattern36-target57 1000001 1000000 1000006 1000015
all-images-CVIU11-pattern36-target66 1000000 1000001 1000002 1000019
all-images-CVIU11-pattern36-target75 1000001 1000000 1000005 1000015
all-images-CVIU11-pattern36-target84 1000000 1000000 1000000 1000398
all-images-CVIU11-pattern36-target93 1000001 1000000 1000003 1000013
all-images-CVIU11-pattern37-target101 1000000 1000000 1000001 1000363
all-images-CVIU11-pattern37-target110 1000000 1000000 1000002 1000338
all-images-CVIU11-pattern37-target12 1000000 1000000 1000003 1000182
all-images-CVIU11-pattern37-target129 1000000 1000000 1000001 1000326
all-images-CVIU11-pattern37-target138 1000000 1000000 1000002 1000013
all-images-CVIU11-pattern37-target15 1000000 1000000 1000000 1000278
all-images-CVIU11-pattern37-target24 1000000 1000000 1000000 1000351
all-images-CVIU11-pattern37-target33 1000001 1000001 1000007 1000014
all-images-CVIU11-pattern37-target42 1000000 1000000 1000003 1000120
all-images-CVIU11-pattern37-target51 1000000 1000000 1000002 1000138
all-images-CVIU11-pattern37-target60 1000000 1000000 1000002 1000204
all-images-CVIU11-pattern37-target7 1000000 1000000 1000004 1000097
all-images-CVIU11-pattern37-target79 1000000 1000000 1000001 1000231
all-images-CVIU11-pattern37-target88 1000000 1000000 1000004 1000145
all-images-CVIU11-pattern37-target97 1000000 1000000 1000002 1000218
all-images-CVIU11-pattern38-target105 1000000 1000000 1000003 1000066
all-images-CVIU11-pattern38-target114 1000000 1000000 1000001 1000058
all-images-CVIU11-pattern38-target123 1000001 1000001 1000005 1000023
all-images-CVIU11-pattern38-target132 1000000 1000000 1000001 1000022
all-images-CVIU11-pattern38-target141 1000000 1000000 1000001 1000046
all-images-CVIU11-pattern38-target19 1000001 1000001 1000006 1000018
all-images-CVIU11-pattern38-target28 1000000 1000000 1000001 1000090
all-images-CVIU11-pattern38-target37 1000001 1000000 1000005 1000020
all-images-CVIU11-pattern38-target46 1000000 1000000 1000003 1000063
all-images-CVIU11-pattern38-target55 1000000 1000000 1000001 1000088
all-images-CVIU11-pattern38-target64 1000000 1000001 1000003 1000119
all-images-CVIU11-pattern38-target73 1000000 1000000 1000005 1000023
all-images-CVIU11-pattern38-target82 1000000 1000000 1000003 1000080
all-images-CVIU11-pattern38-target91 1000000 1000000 1000000 1000083
all-images-CVIU11-pattern39-target10 1000000 1000000 1000003 1000106
all-images-CVIU11-pattern39-target109 1000000 1000000 1000004 1000080
all-images-CVIU11-pattern39-target118 1000000 1000000 1000003 1000132
all-images-CVIU11-pattern39-target127 1000000 1000000 1000000 1000071
all-images-CVIU11-pattern39-target136 1000000 1000000 1000002 1000137
all-images-CVIU11-pattern39-target145 1000000 1000000 1000001 1000135
all-images-CVIU11-pattern39-target22 1000000 1000000 1000002 1000150
all-images-CVIU11-pattern39-target31 1000000 1000000 1000003 1000044
all-images-CVIU11-pattern39-target40 1000000 1000000 1000003 1000085
all-images-CVIU11-pattern39-target5 1000000 1000000 1000002 1000016
all-images-CVIU11-pattern39-target59 1000000 1000000 1000004 1000042
all-images-CVIU11-pattern39-target68 1000001 1000000 1000006 1000016
all-images-CVIU11-pattern39-target77 1000000 1000001 1000007 1000016
all-images-CVIU11-pattern39-target86 1000000 1000000 1000003 1000091
all-images-CVIU11-pattern39-target95 1000000 1000000 1000001 1000077
all-images-CVIU11-pattern4-target103 1000000 1000000 1000002 1000022
all-images-CVIU11-pattern4-target112 1000000 1000000 1000001 1000034
all-images-CVIU11-pattern4-target121 1000000 1000001 1000004 1000152
all-images-CVIU11-pattern4-target130 1000000 1000000 1000001 1000062
all-images-CVIU11-pattern4-target14 1000000 1000000 1000001 1000035
all-images-CVIU11-pattern4-target17 1000000 1000000 1000001 1000149
all-images-CVIU11-pattern4-target26 1000000 1000000 1000001 1000021
all-images-CVIU11-pattern4-target35 1000001 1000001 1000006 1000200
all-images-CVIU11-pattern4-target44 1000000 1000001 1000007 1000186
all-images-CVIU11-pattern4-target53 1000000 1000000 1000002 1000009
all-images-CVIU11-pattern4-target62 1000000 1000000 1000005 1000202
all-images-CVIU11-pattern4-target71 1000000 1000000 1000004 1000213
all-images-CVIU11-pattern4-target80 1000000 1000000 1000002 1000042
all-images-CVIU11-pattern4-target9 1000000 1000000 1000001 1000237
all-images-CVIU11-pattern4-target99 1000000 1000000 1000005 1000010
all-images-CVIU11-pattern40-target107 1000000 1000000 1000002 1000568
all-images-CVIU11-pattern40-target116 1000001 1000000 1000006 1000393
all-images-CVIU11-pattern40-target125 1000000 1000000 1000004 1000488
all-images-CVIU11-pattern40-target134 1000000 1000000 1000002 1000470
all-images-CVIU11-pattern40-target143 1000000 1000000 1000001 1000480
all-images-CVIU11-pattern40-target20 1000000 1000000 1000004 1000489
all-images-CVIU11-pattern40-target3 1000001 1000000 1000004 1000502
all-images-CVIU11-pattern40-target39 1000000 1000000 1000002 1000583
all-images-CVIU11-pattern40-target48 1000000 1000000 1000002 1000537
all-images-CVIU11-pattern40-target57 1000001 1000000 1000007 1000334
all-images-CVIU11-pattern40-target66 1000000 1000000 1000001 1000517
all-images-CVIU11-pattern40-target75 1000001 1000000 1000006 1000411
all-images-CVIU11-pattern40-target84 1000000 1000000 1000000 1000484
all-images-CVIU11-pattern40-target93 1000001 1000000 1000003 1000529
all-images-CVIU11-pattern41-target101 1000000 1000000 1000001 1000244
all-images-CVIU11-pattern41-target110 1000000 1000000 1000002 1000259
all-images-CVIU11-pattern41-target12 1000000 1000000 1000003 1000353
all-images-CVIU11-pattern41-target129 1000000 1000000 1000001 1000199
all-images-CVIU11-pattern41-target138 1000000 1000001 1000002 1000038
all-images-CVIU11-pattern41-target15 1000000 1000000 1000000 1000176
all-images-CVIU11-pattern41-target24 1000000 1000000 1000000 1000299
all-images-CVIU11-pattern41-target33 1000001 1000003 1000006 1000016
all-images-CVIU11-pattern41-target42 1000000 1000000 1000003 1000209
all-images-CVIU11-pattern41-target51 1000000 1000000 1000002 1000249
all-images-CVIU11-pattern41-target60 1000000 1000000 1000002 1000385
all-images-CVIU11-pattern41-target7 1000000 1000000 1000004 1000305
all-images-CVIU11-pattern41-target79 1000000 1000000 1000001 1000440
all-images-CVIU11-pattern41-target88 1000001 1000001 1000004 1000366
all-images-CVIU11-pattern41-target97 1000000 1000000 1000002 1000142
all-images-CVIU11-pattern42-target105 1000000 1000000 1000003 1000062
all-images-CVIU11-pattern42-target114 1000000 1000000 1000001 1000076
all-images-CVIU11-pattern42-target123 1000000 1000000 1000004 1000057
all-images-CVIU11-pattern42-target132 1000000 1000000 1000002 1000098
all-images-CVIU11-pattern42-target141 1000000 1000000 1000001 1000035
all-images-CVIU11-pattern42-target19 1000001 1000000 1000006 1000026
all-images-CVIU11-pattern42-target28 1000000 1000000 1000001 1000080
all-images-CVIU11-pattern42-target37 1000000 1000001 1000006 1000042
all-images-CVIU11-pattern42-target46 1000000 1000000 1000003 1000093
all-images-CVIU11-pattern42-target55 1000000 1000000 1000001 1000081
all-images-CVIU11-pattern42-target64 1000000 1000000 1000003 1000089
all-images-CVIU11-pattern42-target73 1000000 1000000 1000005 1000059
all-images-CVIU11-pattern42-target82 1000000 1000000 1000003 1000073
all-images-CVIU11-pattern42-target91 1000000 1000000 1000000 1000062
all-images-CVIU11-pattern43-target10 1000000 1000000 1000003 1000029
all-images-CVIU11-pattern43-target109 1000000 1000000 1000004 1000023
all-images-CVIU11-pattern43-target118 1000000 1000000 1000002 1000115
all-images-CVIU11-pattern43-target127 1000000 1000000 1000001 1000269
all-images-CVIU11-pattern43-target136 1000000 1000000 1000002 1000058
all-images-CVIU11-pattern43-target145 1000000 1000000 1000001 1000225
all-images-CVIU11-pattern43-target22 1000000 1000000 1000002 1000069
all-images-CVIU11-pattern43-target31 1000000 1000000 1000003 1000022
all-images-CVIU11-pattern43-target40 1000000 1000000 1000003 1000034
all-images-CVIU11-pattern43-target5 1000001 1000001 1000005 1000021
all-images-CVIU11-pattern43-target59 1000001 1000001 1000004 1000031
all-images-CVIU11-pattern43-target68 1000000 1000003 1000005 1000021
all-images-CVIU11-pattern43-target77 1000001 1000000 1000006 1000021
all-images-CVIU11-pattern43-target86 1000000 1000001 1000003 1000031
all-images-CVIU11-pattern43-target95 1000000 1000000 1000001 1000275
all-images-CVIU11-pattern44-target103 1000000 1000000 1000002 1000101
all-images-CVIU11-pattern44-target112 1000000 1000000 1000001 1000164
all-images-CVIU11-pattern44-target121 1000000 1000000 1000002 1000014
all-images-CVIU11-pattern44-target130 1000000 1000000 1000001 1000088
all-images-CVIU11-pattern44-target14 1000000 1000000 1000001 1000103
all-images-CVIU11-pattern44-target17 1000000 1000001 1000004 1000096
all-images-CVIU11-pattern44-target26 1000000 1000000 1000001 1000100
all-images-CVIU11-pattern44-target35 1000001 1000001 1000006 1000014
all-images-CVIU11-pattern44-target44 1000000 1000001 1000006 1000018
all-images-CVIU11-pattern44-target53 1000000 1000000 1000002 1000292
all-images-CVIU11-pattern44-target62 1000000 1000001 1000005 1000075
all-images-CVIU11-pattern44-target71 1000001 1000001 1000005 1000115
all-images-CVIU11-pattern44-target80 1000000 1000000 1000001 1000086
all-images-CVIU11-pattern44-target9 1000000 1000000 1000002 1000099
all-images-CVIU11-pattern44-target99 1000000 1000001 1000004 1000169
all-images-CVIU11-pattern5-target107 1000000 1000000 1000002 1000894
all-images-CVIU11-pattern5-target116 1000000 1000000 1000006 1000915
all-images-CVIU11-pattern5-target125 1000001 1000000 1000004 1000831
all-images-CVIU11-pattern5-target134 1000000 1000000 1000002 1000876
all-images-CVIU11-pattern5-target143 1000000 1000000 1000001 1000747
all-images-CVIU11-pattern5-target20 1000000 1000000 1000004 1000769
all-images-CVIU11-pattern5-target3 1000000 1000000 1000004 1000803
all-images-CVIU11-pattern5-target39 1000000 1000000 1000002 1000890
all-images-CVIU11-pattern5-target48 1000000 1000000 1000002 1000923
all-images-CVIU11-pattern5-target57 1000000 1000000 1000006 1001080
all-images-CVIU11-pattern5-target66 1000000 1000000 1000002 1000915
all-images-CVIU11-pattern5-target75 1000000 1000000 1000005 1000921
all-images-CVIU11-pattern5-target84 1000000 1000000 1000000 1001012
all-images-CVIU11-pattern5-target93 1000000 1000000 1000003 1000785
all-images-CVIU11-pattern6-target101 1000000 1000000 1000001 1000504
all-images-CVIU11-pattern6-target110 1000000 1000000 1000002 1000187
all-images-CVIU11-pattern6-target12 210173 1000001 1000003 1000119
all-images-CVIU11-pattern6-target129 639662 1000000 1000001 1000623
all-images-CVIU11-pattern6-target138 796820 1000003 1000007 1000036
all-images-CVIU11-pattern6-target15 1000000 1000000 1000000 1000155
all-images-CVIU11-pattern6-target24 1000000 1000000 1000000 1000088
all-images-CVIU11-pattern6-target33 1000001 1000003 1000006 1000046
all-images-CVIU11-pattern6-target42 1000001 1000000 1000004 1000070
all-images-CVIU11-pattern6-target51 1000000 1000001 1000003 1000088
all-images-CVIU11-pattern6-target60 19690 1000001 1000003 273585
all-images-CVIU11-pattern6-target7 371467 1000001 1000005 923212
all-images-CVIU11-pattern6-target79 1000000 1000000 1000001 1000093
all-images-CVIU11-pattern6-target88 89519 1000001 1000004 1000102
all-images-CVIU11-pattern6-target97 1000000 1000000 1000002 1000101
all-images-CVIU11-pattern7-target105 1000000 1000000 1000003 1000786
all-images-CVIU11-pattern7-target114 1000000 1000000 1000001 1000983
all-images-CVIU11-pattern7-target123 1000001 1000000 1000004 1000815
all-images-CVIU11-pattern7-target132 1000000 1000000 1000002 1001045
all-images-CVIU11-pattern7-target141 1000000 1000000 1000001 1001069
all-images-CVIU11-pattern7-target19 1000000 1000000 1000006 1000679
all-images-CVIU11-pattern7-target28 1000000 1000000 1000001 1001085
all-images-CVIU11-pattern7-target37 1000001 1000000 1000005 1000785
all-images-CVIU11-pattern7-target46 1000001 1000000 1000003 1000811
all-images-CVIU11-pattern7-target55 1000000 1000000 1000001 1001051
all-images-CVIU11-pattern7-target64 1000000 1000000 1000003 1000908
all-images-CVIU11-pattern7-target73 1000001 1000000 1000005 1000793
all-images-CVIU11-pattern7-target82 1000000 1000000 1000003 1001030
all-images-CVIU11-pattern7-target91 1000000 1000000 1000000 1001317
all-images-CVIU11-pattern8-target10 1000000 1000000 1000002 1000041
all-images-CVIU11-pattern8-target109 1000001 1000000 1000003 1000030
all-images-CVIU11-pattern8-target118 1000000 1000000 1000002 1000040
all-images-CVIU11-pattern8-target127 1000000 1000000 1000000 1000029
all-images-CVIU11-pattern8-target136 1000000 1000000 1000002 1000037
all-images-CVIU11-pattern8-target145 1000000 1000000 1000001 1000027
all-images-CVIU11-pattern8-target22 1000000 1000000 1000002 1000026
all-images-CVIU11-pattern8-target31 1000001 1000000 1000003 1000038
all-images-CVIU11-pattern8-target40 1000000 1000000 1000003 1000046
all-images-CVIU11-pattern8-target5 1000000 1000000 1000005 1000026
all-images-CVIU11-pattern8-target59 1000000 1000000 1000004 1000041
all-images-CVIU11-pattern8-target68 1000001 1000000 1000005 1000023
all-images-CVIU11-pattern8-target77 1000000 1000000 1000006 1000029
all-images-CVIU11-pattern8-target86 1000000 1000000 1000003 1000038
all-images-CVIU11-pattern8-target95 1000000 1000000 1000000 1000027
all-images-CVIU11-pattern9-target103 1000000 1000000 1000001 1000006
all-images-CVIU11-pattern9-target112 1000000 1000000 1000001 1000018
all-images-CVIU11-pattern9-target121 1000000 1000000 1000004 1000082
all-images-CVIU11-pattern9-target130 1000000 1000000 1000001 1000024
all-images-CVIU11-pattern9-target14 1000000 1000000 1000001 1000024
all-images-CVIU11-pattern9-target17 1000000 1000000 1000004 1000065
all-images-CVIU11-pattern9-target26 1000000 1000000 1000001 1000017
all-images-CVIU11-pattern9-target35 1000001 1000000 1000006 1000084
all-images-CVIU11-pattern9-target44 1000000 1000001 1000006 1000088
all-images-CVIU11-pattern9-target53 1000000 1000000 1000002 1000015
all-images-CVIU11-pattern9-target62 1000000 1000000 1000004 1000087
all-images-CVIU11-pattern9-target71 1000000 1000000 1000004 1000088
all-images-CVIU11-pattern9-target80 1000000 1000000 1000001 1000015
all-images-CVIU11-pattern9-target9 1000000 1000000 1000002 1000066
all-images-CVIU11-pattern9-target99 1000000 1000000 1000004 1000072
