1 50 1 0.05 1000 200
2 50 1 0.05 1000 200
3 50 1 0.05 1000 200
4 50 1 0.05 1000 200
5 50 1 0.05 1000 200
1 50 1 0.05 1250 250
2 50 1 0.05 1250 250
3 50 1 0.05 1250 250
4 50 1 0.05 1250 250
5 50 1 0.05 1250 250
1 50 1 0.05 1500 300
2 50 1 0.05 1500 300
3 50 1 0.05 1500 300
4 50 1 0.05 1500 300
5 50 1 0.05 1500 300
1 50 1 0.05 2000 400
2 50 1 0.05 2000 400
3 50 1 0.05 2000 400
4 50 1 0.05 2000 400
5 50 1 0.05 2000 400
1 50 1 0.05 2500 500
2 50 1 0.05 2500 500
3 50 1 0.05 2500 500
4 50 1 0.05 2500 500
5 50 1 0.05 2500 500
1 10 1 0.05 3000 600
1 10 1 0.05 3500 700
1 10 1 0.05 4000 800
1 10 1 0.05 4500 900
1 10 1 0.05 5000 1000
1 50 1 0.1 500 100
2 50 1 0.1 500 100
3 50 1 0.1 500 100
4 50 1 0.1 500 100
5 50 1 0.1 500 100
1 50 1 0.1 750 150
2 50 1 0.1 750 150
3 50 1 0.1 750 150
4 50 1 0.1 750 150
5 50 1 0.1 750 150
1 50 1 0.1 1000 200
2 50 1 0.1 1000 200
3 50 1 0.1 1000 200
4 50 1 0.1 1000 200
5 50 1 0.1 1000 200
1 50 1 0.1 1250 250
2 50 1 0.1 1250 250
3 50 1 0.1 1250 250
4 50 1 0.1 1250 250
5 50 1 0.1 1250 250
1 50 1 0.1 1500 300
2 50 1 0.1 1500 300
3 50 1 0.1 1500 300
4 50 1 0.1 1500 300
5 50 1 0.1 1500 300
1 50 1 0.1 2000 400
2 50 1 0.1 2000 400
3 50 1 0.1 2000 400
4 50 1 0.1 2000 400
5 50 1 0.1 2000 400
1 50 1 0.1 2500 500
2 50 1 0.1 2500 500
3 50 1 0.1 2500 500
4 50 1 0.1 2500 500
5 50 1 0.1 2500 500
1 10 1 0.1 3000 600
1 10 1 0.1 3500 700
1 10 1 0.1 4000 800
1 10 1 0.1 4500 900
1 10 1 0.1 5000 1000
1 50 1 0.2 300 60
2 50 1 0.2 300 60
3 50 1 0.2 300 60
4 50 1 0.2 300 60
5 50 1 0.2 300 60
1 50 1 0.2 500 100
2 50 1 0.2 500 100
3 50 1 0.2 500 100
4 50 1 0.2 500 100
5 50 1 0.2 500 100
1 50 1 0.2 750 150
2 50 1 0.2 750 150
3 50 1 0.2 750 150
4 50 1 0.2 750 150
5 50 1 0.2 750 150
1 50 1 0.2 1000 200
2 50 1 0.2 1000 200
3 50 1 0.2 1000 200
4 50 1 0.2 1000 200
5 50 1 0.2 1000 200
1 50 1 0.2 1250 250
2 50 1 0.2 1250 250
3 50 1 0.2 1250 250
4 50 1 0.2 1250 250
5 50 1 0.2 1250 250
1 50 1 0.2 1500 300
2 50 1 0.2 1500 300
3 50 1 0.2 1500 300
4 50 1 0.2 1500 300
5 50 1 0.2 1500 300
1 50 1 0.2 2000 400
2 50 1 0.2 2000 400
3 50 1 0.2 2000 400
4 50 1 0.2 2000 400
5 50 1 0.2 2000 400
1 50 1 0.2 2500 500
2 50 1 0.2 2500 500
3 50 1 0.2 2500 500
4 50 1 0.2 2500 500
5 50 1 0.2 2500 500
1 10 1 0.2 3000 600
1 10 1 0.2 3500 700
1 10 1 0.2 4000 800
1 10 1 0.2 4500 900
1 10 1 0.2 5000 1000
1 50 1 0.3 300 60
2 50 1 0.3 300 60
3 50 1 0.3 300 60
4 50 1 0.3 300 60
5 50 1 0.3 300 60
1 50 1 0.3 500 100
2 50 1 0.3 500 100
3 50 1 0.3 500 100
4 50 1 0.3 500 100
5 50 1 0.3 500 100
1 50 1 0.3 750 150
2 50 1 0.3 750 150
3 50 1 0.3 750 150
4 50 1 0.3 750 150
5 50 1 0.3 750 150
1 50 1 0.3 1000 200
2 50 1 0.3 1000 200
3 50 1 0.3 1000 200
4 50 1 0.3 1000 200
5 50 1 0.3 1000 200
1 50 1 0.3 1250 250
2 50 1 0.3 1250 250
3 50 1 0.3 1250 250
4 50 1 0.3 1250 250
5 50 1 0.3 1250 250
1 50 1 0.3 1500 300
2 50 1 0.3 1500 300
3 50 1 0.3 1500 300
4 50 1 0.3 1500 300
5 50 1 0.3 1500 300
1 10 1 0.3 2000 400
1 10 1 0.3 2500 500
1 10 1 0.3 3000 600
1 50 1 0.4 300 60
2 50 1 0.4 300 60
3 50 1 0.4 300 60
4 50 1 0.4 300 60
5 50 1 0.4 300 60
1 50 1 0.4 500 100
2 50 1 0.4 500 100
3 50 1 0.4 500 100
4 50 1 0.4 500 100
5 50 1 0.4 500 100
1 50 1 0.4 750 150
2 50 1 0.4 750 150
3 50 1 0.4 750 150
4 50 1 0.4 750 150
5 50 1 0.4 750 150
1 50 1 0.4 1000 200
2 50 1 0.4 1000 200
3 50 1 0.4 1000 200
4 50 1 0.4 1000 200
5 50 1 0.4 1000 200
1 10 1 0.4 1250 250
1 10 1 0.4 1500 300
1 50 8 0.05 1000 200
2 50 8 0.05 1000 200
3 50 8 0.05 1000 200
4 50 8 0.05 1000 200
5 50 8 0.05 1000 200
1 50 8 0.05 1250 250
2 50 8 0.05 1250 250
3 50 8 0.05 1250 250
4 50 8 0.05 1250 250
5 50 8 0.05 1250 250
1 50 8 0.05 1500 300
2 50 8 0.05 1500 300
3 50 8 0.05 1500 300
4 50 8 0.05 1500 300
5 50 8 0.05 1500 300
1 50 8 0.05 2000 400
2 50 8 0.05 2000 400
3 50 8 0.05 2000 400
4 50 8 0.05 2000 400
5 50 8 0.05 2000 400
1 50 8 0.05 2500 500
2 50 8 0.05 2500 500
3 50 8 0.05 2500 500
4 50 8 0.05 2500 500
5 50 8 0.05 2500 500
1 50 8 0.05 3000 600
2 50 8 0.05 3000 600
3 50 8 0.05 3000 600
4 50 8 0.05 3000 600
5 50 8 0.05 3000 600
1 50 8 0.05 3500 700
2 50 8 0.05 3500 700
3 50 8 0.05 3500 700
4 50 8 0.05 3500 700
5 50 8 0.05 3500 700
1 50 8 0.05 4000 800
2 50 8 0.05 4000 800
3 50 8 0.05 4000 800
4 50 8 0.05 4000 800
5 50 8 0.05 4000 800
1 50 8 0.05 4500 900
2 50 8 0.05 4500 900
3 50 8 0.05 4500 900
4 50 8 0.05 4500 900
5 50 8 0.05 4500 900
1 50 8 0.05 5000 1000
2 50 8 0.05 5000 1000
3 50 8 0.05 5000 1000
4 50 8 0.05 5000 1000
5 50 8 0.05 5000 1000
1 50 8 0.05 5500 1100
2 50 8 0.05 5500 1100
3 50 8 0.05 5500 1100
4 50 8 0.05 5500 1100
5 50 8 0.05 5500 1100
1 50 8 0.05 6000 1200
2 50 8 0.05 6000 1200
3 50 8 0.05 6000 1200
4 50 8 0.05 6000 1200
5 50 8 0.05 6000 1200
1 50 8 0.05 6500 1300
2 50 8 0.05 6500 1300
3 50 8 0.05 6500 1300
4 50 8 0.05 6500 1300
5 50 8 0.05 6500 1300
1 50 8 0.05 7000 1400
2 50 8 0.05 7000 1400
3 50 8 0.05 7000 1400
4 50 8 0.05 7000 1400
5 50 8 0.05 7000 1400
1 50 8 0.05 7500 1500
2 50 8 0.05 7500 1500
3 50 8 0.05 7500 1500
4 50 8 0.05 7500 1500
5 50 8 0.05 7500 1500
1 50 8 0.05 8000 1600
2 50 8 0.05 8000 1600
3 50 8 0.05 8000 1600
4 50 8 0.05 8000 1600
5 50 8 0.05 8000 1600
1 50 8 0.05 9000 1800
2 50 8 0.05 9000 1800
3 50 8 0.05 9000 1800
4 50 8 0.05 9000 1800
5 50 8 0.05 9000 1800
1 50 8 0.05 10000 2000
2 50 8 0.05 10000 2000
3 50 8 0.05 10000 2000
4 50 8 0.05 10000 2000
5 50 8 0.05 10000 2000
1 50 8 0.1 500 100
2 50 8 0.1 500 100
3 50 8 0.1 500 100
4 50 8 0.1 500 100
5 50 8 0.1 500 100
1 50 8 0.1 750 150
2 50 8 0.1 750 150
3 50 8 0.1 750 150
4 50 8 0.1 750 150
5 50 8 0.1 750 150
1 50 8 0.1 1000 200
2 50 8 0.1 1000 200
3 50 8 0.1 1000 200
4 50 8 0.1 1000 200
5 50 8 0.1 1000 200
1 50 8 0.1 1250 250
2 50 8 0.1 1250 250
3 50 8 0.1 1250 250
4 50 8 0.1 1250 250
5 50 8 0.1 1250 250
1 50 8 0.1 1500 300
2 50 8 0.1 1500 300
3 50 8 0.1 1500 300
4 50 8 0.1 1500 300
5 50 8 0.1 1500 300
1 50 8 0.1 2000 400
2 50 8 0.1 2000 400
3 50 8 0.1 2000 400
4 50 8 0.1 2000 400
5 50 8 0.1 2000 400
1 50 8 0.1 2500 500
2 50 8 0.1 2500 500
3 50 8 0.1 2500 500
4 50 8 0.1 2500 500
5 50 8 0.1 2500 500
1 50 8 0.1 3000 600
2 50 8 0.1 3000 600
3 50 8 0.1 3000 600
4 50 8 0.1 3000 600
5 50 8 0.1 3000 600
1 50 8 0.1 3500 700
2 50 8 0.1 3500 700
3 50 8 0.1 3500 700
4 50 8 0.1 3500 700
5 50 8 0.1 3500 700
1 50 8 0.1 4000 800
2 50 8 0.1 4000 800
3 50 8 0.1 4000 800
4 50 8 0.1 4000 800
5 50 8 0.1 4000 800
1 50 8 0.1 4500 900
2 50 8 0.1 4500 900
3 50 8 0.1 4500 900
4 50 8 0.1 4500 900
5 50 8 0.1 4500 900
1 50 8 0.1 5000 1000
2 50 8 0.1 5000 1000
3 50 8 0.1 5000 1000
4 50 8 0.1 5000 1000
5 50 8 0.1 5000 1000
1 50 8 0.1 5500 1100
2 50 8 0.1 5500 1100
3 50 8 0.1 5500 1100
4 50 8 0.1 5500 1100
5 50 8 0.1 5500 1100
1 50 8 0.1 6000 1200
2 50 8 0.1 6000 1200
3 50 8 0.1 6000 1200
4 50 8 0.1 6000 1200
5 50 8 0.1 6000 1200
1 50 8 0.1 6500 1300
2 50 8 0.1 6500 1300
3 50 8 0.1 6500 1300
4 50 8 0.1 6500 1300
5 50 8 0.1 6500 1300
1 50 8 0.1 7000 1400
2 50 8 0.1 7000 1400
3 50 8 0.1 7000 1400
4 50 8 0.1 7000 1400
5 50 8 0.1 7000 1400
1 50 8 0.1 7500 1500
2 50 8 0.1 7500 1500
3 50 8 0.1 7500 1500
4 50 8 0.1 7500 1500
5 50 8 0.1 7500 1500
1 50 8 0.1 8000 1600
2 50 8 0.1 8000 1600
3 50 8 0.1 8000 1600
4 50 8 0.1 8000 1600
5 50 8 0.1 8000 1600
1 50 8 0.1 9000 1800
2 50 8 0.1 9000 1800
3 50 8 0.1 9000 1800
4 50 8 0.1 9000 1800
5 50 8 0.1 9000 1800
1 50 8 0.1 10000 2000
2 50 8 0.1 10000 2000
3 50 8 0.1 10000 2000
4 50 8 0.1 10000 2000
5 50 8 0.1 10000 2000
1 50 8 0.2 300 60
2 50 8 0.2 300 60
3 50 8 0.2 300 60
4 50 8 0.2 300 60
5 50 8 0.2 300 60
1 50 8 0.2 500 100
2 50 8 0.2 500 100
3 50 8 0.2 500 100
4 50 8 0.2 500 100
5 50 8 0.2 500 100
1 50 8 0.2 750 150
2 50 8 0.2 750 150
3 50 8 0.2 750 150
4 50 8 0.2 750 150
5 50 8 0.2 750 150
1 50 8 0.2 1000 200
2 50 8 0.2 1000 200
3 50 8 0.2 1000 200
4 50 8 0.2 1000 200
5 50 8 0.2 1000 200
1 50 8 0.2 1250 250
2 50 8 0.2 1250 250
3 50 8 0.2 1250 250
4 50 8 0.2 1250 250
5 50 8 0.2 1250 250
1 50 8 0.2 1500 300
2 50 8 0.2 1500 300
3 50 8 0.2 1500 300
4 50 8 0.2 1500 300
5 50 8 0.2 1500 300
1 50 8 0.2 2000 400
2 50 8 0.2 2000 400
3 50 8 0.2 2000 400
4 50 8 0.2 2000 400
5 50 8 0.2 2000 400
1 50 8 0.2 2500 500
2 50 8 0.2 2500 500
3 50 8 0.2 2500 500
4 50 8 0.2 2500 500
5 50 8 0.2 2500 500
1 50 8 0.2 3000 600
2 50 8 0.2 3000 600
3 50 8 0.2 3000 600
4 50 8 0.2 3000 600
5 50 8 0.2 3000 600
1 50 8 0.2 3500 700
2 50 8 0.2 3500 700
3 50 8 0.2 3500 700
4 50 8 0.2 3500 700
5 50 8 0.2 3500 700
1 50 8 0.2 4000 800
2 50 8 0.2 4000 800
3 50 8 0.2 4000 800
4 50 8 0.2 4000 800
5 50 8 0.2 4000 800
1 50 8 0.2 4500 900
2 50 8 0.2 4500 900
3 50 8 0.2 4500 900
4 50 8 0.2 4500 900
5 50 8 0.2 4500 900
1 50 8 0.2 5000 1000
2 50 8 0.2 5000 1000
3 50 8 0.2 5000 1000
4 50 8 0.2 5000 1000
5 50 8 0.2 5000 1000
1 50 8 0.2 5500 1100
2 50 8 0.2 5500 1100
3 50 8 0.2 5500 1100
4 50 8 0.2 5500 1100
5 50 8 0.2 5500 1100
1 50 8 0.2 6000 1200
2 50 8 0.2 6000 1200
3 50 8 0.2 6000 1200
4 50 8 0.2 6000 1200
5 50 8 0.2 6000 1200
1 50 8 0.2 6500 1300
2 50 8 0.2 6500 1300
3 50 8 0.2 6500 1300
4 50 8 0.2 6500 1300
5 50 8 0.2 6500 1300
1 50 8 0.2 7000 1400
2 50 8 0.2 7000 1400
3 50 8 0.2 7000 1400
4 50 8 0.2 7000 1400
5 50 8 0.2 7000 1400
1 50 8 0.2 7500 1500
2 50 8 0.2 7500 1500
3 50 8 0.2 7500 1500
4 50 8 0.2 7500 1500
5 50 8 0.2 7500 1500
1 50 8 0.2 8000 1600
2 50 8 0.2 8000 1600
3 50 8 0.2 8000 1600
4 50 8 0.2 8000 1600
5 50 8 0.2 8000 1600
1 50 8 0.2 9000 1800
2 50 8 0.2 9000 1800
3 50 8 0.2 9000 1800
4 50 8 0.2 9000 1800
5 50 8 0.2 9000 1800
1 50 8 0.2 10000 2000
2 50 8 0.2 10000 2000
3 50 8 0.2 10000 2000
4 50 8 0.2 10000 2000
5 50 8 0.2 10000 2000
1 50 8 0.3 300 60
2 50 8 0.3 300 60
3 50 8 0.3 300 60
4 50 8 0.3 300 60
5 50 8 0.3 300 60
1 50 8 0.3 500 100
2 50 8 0.3 500 100
3 50 8 0.3 500 100
4 50 8 0.3 500 100
5 50 8 0.3 500 100
1 50 8 0.3 750 150
2 50 8 0.3 750 150
3 50 8 0.3 750 150
4 50 8 0.3 750 150
5 50 8 0.3 750 150
1 50 8 0.3 1000 200
2 50 8 0.3 1000 200
3 50 8 0.3 1000 200
4 50 8 0.3 1000 200
5 50 8 0.3 1000 200
1 50 8 0.3 1250 250
2 50 8 0.3 1250 250
3 50 8 0.3 1250 250
4 50 8 0.3 1250 250
5 50 8 0.3 1250 250
1 50 8 0.3 1500 300
2 50 8 0.3 1500 300
3 50 8 0.3 1500 300
4 50 8 0.3 1500 300
5 50 8 0.3 1500 300
1 50 8 0.3 2000 400
2 50 8 0.3 2000 400
3 50 8 0.3 2000 400
4 50 8 0.3 2000 400
5 50 8 0.3 2000 400
1 50 8 0.3 2500 500
2 50 8 0.3 2500 500
3 50 8 0.3 2500 500
4 50 8 0.3 2500 500
5 50 8 0.3 2500 500
1 50 8 0.3 3000 600
2 50 8 0.3 3000 600
3 50 8 0.3 3000 600
4 50 8 0.3 3000 600
5 50 8 0.3 3000 600
1 50 8 0.3 3500 700
2 50 8 0.3 3500 700
3 50 8 0.3 3500 700
4 50 8 0.3 3500 700
5 50 8 0.3 3500 700
1 50 8 0.3 4000 800
2 50 8 0.3 4000 800
3 50 8 0.3 4000 800
4 50 8 0.3 4000 800
5 50 8 0.3 4000 800
1 50 8 0.3 4500 900
2 50 8 0.3 4500 900
3 50 8 0.3 4500 900
4 50 8 0.3 4500 900
5 50 8 0.3 4500 900
1 50 8 0.3 5000 1000
2 50 8 0.3 5000 1000
3 50 8 0.3 5000 1000
4 50 8 0.3 5000 1000
5 50 8 0.3 5000 1000
1 50 8 0.3 5500 1100
2 50 8 0.3 5500 1100
3 50 8 0.3 5500 1100
4 50 8 0.3 5500 1100
5 50 8 0.3 5500 1100
1 50 8 0.3 6000 1200
2 50 8 0.3 6000 1200
3 50 8 0.3 6000 1200
4 50 8 0.3 6000 1200
5 50 8 0.3 6000 1200
1 50 8 0.3 6500 1300
2 50 8 0.3 6500 1300
3 50 8 0.3 6500 1300
4 50 8 0.3 6500 1300
5 50 8 0.3 6500 1300
1 50 8 0.3 7000 1400
2 50 8 0.3 7000 1400
3 50 8 0.3 7000 1400
4 50 8 0.3 7000 1400
5 50 8 0.3 7000 1400
1 50 8 0.3 7500 1500
2 50 8 0.3 7500 1500
3 50 8 0.3 7500 1500
4 50 8 0.3 7500 1500
5 50 8 0.3 7500 1500
1 50 8 0.3 8000 1600
2 50 8 0.3 8000 1600
3 50 8 0.3 8000 1600
4 50 8 0.3 8000 1600
5 50 8 0.3 8000 1600
1 50 8 0.3 9000 1800
2 50 8 0.3 9000 1800
3 50 8 0.3 9000 1800
4 50 8 0.3 9000 1800
5 50 8 0.3 9000 1800
1 50 8 0.4 300 60
2 50 8 0.4 300 60
3 50 8 0.4 300 60
4 50 8 0.4 300 60
5 50 8 0.4 300 60
1 50 8 0.4 500 100
2 50 8 0.4 500 100
3 50 8 0.4 500 100
4 50 8 0.4 500 100
5 50 8 0.4 500 100
1 50 8 0.4 750 150
2 50 8 0.4 750 150
3 50 8 0.4 750 150
4 50 8 0.4 750 150
5 50 8 0.4 750 150
1 50 8 0.4 1000 200
2 50 8 0.4 1000 200
3 50 8 0.4 1000 200
4 50 8 0.4 1000 200
5 50 8 0.4 1000 200
1 50 8 0.4 1250 250
2 50 8 0.4 1250 250
3 50 8 0.4 1250 250
4 50 8 0.4 1250 250
5 50 8 0.4 1250 250
1 50 8 0.4 1500 300
2 50 8 0.4 1500 300
3 50 8 0.4 1500 300
4 50 8 0.4 1500 300
5 50 8 0.4 1500 300
1 50 8 0.4 2000 400
2 50 8 0.4 2000 400
3 50 8 0.4 2000 400
4 50 8 0.4 2000 400
5 50 8 0.4 2000 400
1 50 8 0.4 2500 500
2 50 8 0.4 2500 500
3 50 8 0.4 2500 500
4 50 8 0.4 2500 500
5 50 8 0.4 2500 500
1 50 8 0.4 3000 600
2 50 8 0.4 3000 600
3 50 8 0.4 3000 600
4 50 8 0.4 3000 600
5 50 8 0.4 3000 600
1 50 8 0.4 3500 700
2 50 8 0.4 3500 700
3 50 8 0.4 3500 700
4 50 8 0.4 3500 700
5 50 8 0.4 3500 700
1 50 8 0.4 4000 800
2 50 8 0.4 4000 800
3 50 8 0.4 4000 800
4 50 8 0.4 4000 800
5 50 8 0.4 4000 800
1 50 8 0.4 4500 900
2 50 8 0.4 4500 900
3 50 8 0.4 4500 900
4 50 8 0.4 4500 900
5 50 8 0.4 4500 900
1 50 8 0.4 5000 1000
2 50 8 0.4 5000 1000
3 50 8 0.4 5000 1000
4 50 8 0.4 5000 1000
5 50 8 0.4 5000 1000
1 50 8 0.4 5500 1100
2 50 8 0.4 5500 1100
3 50 8 0.4 5500 1100
4 50 8 0.4 5500 1100
5 50 8 0.4 5500 1100
1 50 8 0.4 6000 1200
2 50 8 0.4 6000 1200
3 50 8 0.4 6000 1200
4 50 8 0.4 6000 1200
5 50 8 0.4 6000 1200
1 50 8 0.4 6500 1300
2 50 8 0.4 6500 1300
3 50 8 0.4 6500 1300
4 50 8 0.4 6500 1300
5 50 8 0.4 6500 1300
1 50 8 0.4 7000 1400
2 50 8 0.4 7000 1400
3 50 8 0.4 7000 1400
4 50 8 0.4 7000 1400
5 50 8 0.4 7000 1400
