instance nA densityA nB densityB
mcs50_m2Dr4_s50_AB01_mcs90_b03m_s35_AB01 50 0.0840816 35 0.0840336
mcs50_m3Dr2_s50_AB03_mcs10_r01_s50_AB07 50 0.0971429 50 0.192653
mcs70_b03m_s15_AB08_mcs50_b03m_s10_AB04 15 0.209524 10 0.311111
mcs30_m2Dr6_s30_AB02_mcs30_m2D_s30_AB07 30 0.147126 30 0.112644
mcs70_m3D_s35_AB03_mcs10_m2Dr4_s50_AB04 35 0.121008 50 0.0816327
mcs30_b06m_s30_AB01_mcs30_r02_s10_AB07 30 0.195402 10 0.4
mcs70_r02_s50_AB01_mcs90_b06_s25_AB02 50 0.359184 25 0.25
mcs30_b06m_s25_AB05_mcs50_b06_s15_AB05 25 0.226667 15 0.428571
mcs50_m2Dr4_s30_AB09_mcs50_b09_s20_AB08 30 0.14023 20 0.447368
mcs90_m3Dr6_s10_AB09_mcs70_r01_s10_AB00 10 0.466667 10 0.244444
mcs50_m3D_s50_AB09_mcs30_m2Dr2_s30_AB01 50 0.0889796 30 0.124138
mcs70_m2Dr4_s15_AB06_mcs50_b06_s20_AB09 15 0.266667 20 0.315789
mcs90_r02_s30_AB03_mcs70_m2Dr2_s50_AB00 30 0.36092 50 0.0759184
mcs70_b09_s30_AB05_mcs10_m2D_s40_AB01 30 0.296552 40 0.0858974
mcs90_m4Dr4_s20_AB01_mcs90_b06_s15_AB01 20 0.231579 15 0.428571
mcs50_r01_s20_AB05_mcs30_r02_s25_AB09 20 0.194737 25 0.36
mcs10_r01_s35_AB02_mcs50_b06m_s35_AB07 35 0.186555 35 0.173109
mcs70_b03_s35_AB01_mcs90_b03_s10_AB02 35 0.087395 10 0.333333
mcs90_b09_s15_AB06_mcs70_r02_s25_AB09 15 0.628571 25 0.366667
mcs70_b09m_s20_AB03_mcs70_r01_s50_AB00 20 0.442105 50 0.188571
mcs70_r005_s30_AB03_mcs90_m2D_s30_AB07 30 0.0965517 30 0.112644
mcs50_r01_s20_AB07_mcs50_r01_s15_AB09 20 0.194737 15 0.219048
mcs50_m2Dr6_s40_AB07_mcs30_b09_s50_AB02 40 0.112821 50 0.179592
mcs50_r005_s40_AB09_mcs70_b03_s25_AB07 40 0.1 25 0.123333
mcs70_r01_s10_AB01_mcs90_m3Dr6_s30_AB07 10 0.244444 30 0.172414
mcs30_b06m_s30_AB09_mcs30_b09m_s50_AB01 30 0.2 50 0.17551
mcs70_b06m_s15_AB04_mcs30_m3Dr2_s30_AB02 15 0.390476 30 0.149425
mcs70_r01_s20_AB08_mcs90_m2Dr4_s30_AB02 20 0.194737 30 0.135632
mcs70_r02_s50_AB08_mcs30_m3D_s40_AB08 50 0.354286 40 0.103846
mcs90_b06_s10_AB00_mcs90_r02_s50_AB01 10 0.666667 50 0.36
mcs50_m3Dr2_s50_AB00_mcs70_b06_s10_AB07 50 0.0963265 10 0.644444
mcs70_b03_s10_AB07_mcs70_m3Dr6_s35_AB04 10 0.333333 35 0.14958
mcs90_r01_s35_AB07_mcs50_b03_s25_AB09 35 0.188235 25 0.12
mcs90_b03m_s20_AB01_mcs30_b03_s20_AB05 20 0.152632 20 0.157895
mcs30_b09_s40_AB07_mcs50_b09m_s35_AB02 40 0.226923 35 0.248739
mcs90_b09m_s30_AB07_mcs30_b09m_s50_AB02 30 0.294253 50 0.173878
mcs90_r02_s50_AB03_mcs30_b06_s50_AB06 50 0.355102 50 0.120816
mcs90_r01_s30_AB03_mcs30_m2Dr4_s30_AB06 30 0.188506 30 0.14023
mcs70_m2Dr6_s15_AB00_mcs70_m2D_s35_AB04 15 0.295238 35 0.097479
mcs50_m4Dr2_s40_AB02_mcs90_r005_s50_AB00 40 0.0987179 50 0.0963265
mcs90_m2Dr6_s50_AB01_mcs90_b03_s10_AB05 50 0.0914286 10 0.333333
mcs90_m2Dr4_s50_AB03_mcs50_r01_s50_AB07 50 0.0840816 50 0.192653
mcs50_m2Dr4_s50_AB01_mcs70_b03_s15_AB09 50 0.0840816 15 0.209524
mcs30_m3Dr4_s25_AB04_mcs50_m2D_s20_AB04 25 0.18 20 0.163158
mcs30_r02_s15_AB06_mcs70_m3Dr2_s40_AB05 15 0.371429 40 0.115385
mcs90_m3Dr2_s30_AB03_mcs30_b03m_s40_AB04 30 0.151724 40 0.075641
mcs90_b06m_s20_AB09_mcs50_r02_s30_AB00 20 0.315789 30 0.365517
mcs50_m4Dr6_s35_AB02_mcs50_b06_s25_AB07 35 0.137815 25 0.246667
mcs90_b09m_s25_AB07_mcs90_r02_s25_AB01 25 0.366667 25 0.353333
mcs10_r005_s35_AB06_mcs30_r01_s30_AB05 35 0.10084 30 0.195402
mcs50_b03_s25_AB06_mcs10_r005_s40_AB08 25 0.123333 40 0.101282
mcs70_m3Dr4_s40_AB08_mcs30_r01_s40_AB01 40 0.126923 40 0.189744
mcs50_b06m_s25_AB03_mcs70_b06m_s35_AB07 25 0.233333 35 0.169748
mcs30_m2Dr4_s50_AB08_mcs30_b03_s35_AB07 50 0.084898 35 0.087395
mcs30_m2Dr4_s30_AB04_mcs10_r005_s30_AB05 30 0.14023 30 0.103448
mcs90_m2Dr2_s20_AB09_mcs50_b06_s20_AB08 20 0.184211 20 0.310526
mcs50_m3D_s50_AB01_mcs90_b03_s35_AB04 50 0.0889796 35 0.087395
mcs70_b09m_s15_AB06_mcs90_r01_s40_AB06 15 0.561905 40 0.189744
mcs30_b06m_s25_AB02_mcs70_b03m_s30_AB00 25 0.223333 30 0.0965517
mcs50_m2Dr6_s20_AB08_mcs90_m2Dr6_s50_AB05 20 0.210526 50 0.0914286
mcs10_b03m_s50_AB00_mcs50_b09m_s20_AB04 50 0.0595918 20 0.426316
mcs50_m2Dr4_s50_AB06_mcs70_r02_s35_AB01 50 0.0857143 35 0.361345
mcs50_b03_s40_AB09_mcs50_b06_s50_AB04 40 0.0769231 50 0.120816
mcs50_b09m_s30_AB05_mcs30_m3D_s25_AB07 30 0.285057 25 0.163333
mcs50_m3Dr6_s15_AB02_mcs90_r01_s40_AB02 15 0.304762 40 0.185897
mcs50_b03m_s30_AB04_mcs90_b06_s15_AB06 30 0.103448 15 0.419048
mcs90_r01_s50_AB03_mcs30_r01_s50_AB08 50 0.186122 50 0.186939
mcs90_m3Dr2_s30_AB03_mcs50_b06m_s50_AB07 30 0.151724 50 0.12
mcs90_b09m_s35_AB05_mcs10_r01_s50_AB01 35 0.252101 50 0.193469
mcs70_b09m_s30_AB04_mcs90_m3Dr6_s30_AB06 30 0.296552 30 0.172414
mcs50_b06_s15_AB08_mcs70_m2Dr6_s40_AB08 15 0.409524 40 0.114103
mcs50_b09m_s20_AB08_mcs50_b06_s25_AB05 20 0.421053 25 0.25
mcs70_b03_s15_AB02_mcs50_m3Dr4_s15_AB04 15 0.2 15 0.27619
mcs70_m3Dr2_s35_AB07_mcs50_r005_s35_AB06 35 0.132773 35 0.102521
mcs50_b06m_s35_AB02_mcs50_r02_s20_AB00 35 0.164706 20 0.347368
mcs90_b06_s10_AB02_mcs10_r02_s30_AB08 10 0.666667 30 0.356322
mcs30_r01_s40_AB08_mcs30_m3Dr4_s30_AB04 40 0.191026 30 0.16092
mcs10_r005_s25_AB04_mcs50_m3D_s20_AB02 25 0.103333 20 0.184211
mcs70_m2Dr6_s40_AB04_mcs70_b03_s50_AB01 40 0.114103 50 0.0612245
mcs90_b09m_s20_AB06_mcs90_b03_s15_AB06 20 0.447368 15 0.209524
mcs70_b09m_s40_AB05_mcs70_b09_s50_AB00 40 0.228205 50 0.180408
mcs90_r01_s15_AB08_mcs50_b06_s15_AB08 15 0.190476 15 0.409524
mcs50_m2Dr6_s50_AB00_mcs50_b03_s30_AB00 50 0.0922449 30 0.103448
mcs90_m2Dr4_s10_AB08_mcs90_m3D_s30_AB05 10 0.355556 30 0.14023
mcs70_m2Dr4_s35_AB04_mcs70_m4D_s25_AB02 35 0.119328 25 0.156667
mcs90_b06_s20_AB02_mcs70_m2Dr4_s25_AB08 20 0.315789 25 0.163333
mcs70_r01_s30_AB06_mcs90_m2D_s10_AB09 30 0.190805 10 0.288889
mcs30_b06m_s35_AB07_mcs90_m3D_s10_AB00 35 0.166387 10 0.333333
mcs90_m2Dr2_s10_AB02_mcs10_r02_s20_AB09 10 0.333333 20 0.357895
mcs30_r02_s40_AB06_mcs10_r005_s50_AB04 40 0.351282 50 0.101224
mcs70_m4D_s25_AB01_mcs50_m2Dr6_s10_AB07 25 0.156667 10 0.355556
mcs70_m2Dr2_s15_AB04_mcs10_b03_s40_AB05 15 0.238095 40 0.075641
mcs50_r02_s15_AB04_mcs30_r005_s35_AB02 15 0.371429 35 0.102521
mcs90_m2D_s30_AB01_mcs30_m4Dr2_s50_AB03 30 0.112644 50 0.0783673
mcs50_m2Dr6_s20_AB04_mcs90_b03m_s30_AB04 20 0.221053 30 0.101149
mcs50_r01_s40_AB07_mcs50_m2Dr2_s40_AB05 40 0.189744 40 0.0923077
mcs90_b06m_s10_AB00_mcs90_b06m_s25_AB04 10 0.6 25 0.236667
mcs50_r02_s25_AB08_mcs50_b06m_s30_AB03 25 0.36 30 0.193103
mcs70_m2D_s25_AB04_mcs90_r01_s15_AB03 25 0.133333 15 0.180952
mcs30_m4Dr4_s50_AB01_mcs90_m2D_s10_AB08 50 0.0873469 10 0.288889
mcs70_m4Dr2_s25_AB08_mcs90_r01_s30_AB07 25 0.17 30 0.186207
mcs70_m2Dr2_s15_AB00_mcs90_r01_s35_AB03 15 0.219048 35 0.191597
mcs50_r005_s35_AB08_mcs50_m2Dr2_s40_AB07 35 0.10084 40 0.0948718
mcs70_m3D_s40_AB00_mcs70_m2Dr6_s25_AB09 40 0.10641 25 0.173333
mcs50_b03m_s50_AB06_mcs50_m4Dr6_s30_AB01 50 0.0604082 30 0.156322
mcs70_m2D_s15_AB03_mcs30_r005_s25_AB06 15 0.209524 25 0.113333
mcs50_m4Dr4_s35_AB05_mcs90_b06_s35_AB04 35 0.129412 35 0.176471
mcs50_b09_s30_AB05_mcs50_r01_s40_AB07 30 0.298851 40 0.19359
mcs10_r02_s20_AB07_mcs70_b09_s20_AB00 20 0.368421 20 0.468421
mcs90_r02_s20_AB07_mcs90_b06_s50_AB08 20 0.368421 50 0.122449
mcs70_b09_s40_AB04_mcs30_m2Dr4_s50_AB03 40 0.230769 50 0.084898
mcs70_b03m_s25_AB01_mcs70_b09_s50_AB01 25 0.123333 50 0.182041
mcs90_b09m_s40_AB00_mcs50_b09_s50_AB05 40 0.224359 50 0.181224
mcs50_b03m_s40_AB09_mcs30_r02_s20_AB08 40 0.075641 20 0.363158
mcs90_b09m_s20_AB08_mcs70_b09m_s35_AB08 20 0.452632 35 0.258824
mcs90_m4D_s20_AB02_mcs90_r02_s15_AB02 20 0.194737 15 0.380952
mcs70_m2D_s15_AB02_mcs70_m2Dr6_s35_AB02 15 0.2 35 0.131092
mcs90_b09m_s30_AB09_mcs70_m2D_s15_AB03 30 0.301149 15 0.209524
mcs70_r02_s15_AB08_mcs70_m4Dr2_s25_AB03 15 0.371429 25 0.17
mcs30_b09_s40_AB05_mcs30_r005_s35_AB04 40 0.220513 35 0.104202
mcs90_b06m_s50_AB05_mcs30_m2Dr2_s50_AB09 50 0.122449 50 0.0767347
mcs70_m3Dr6_s40_AB09_mcs90_r005_s35_AB07 40 0.137179 35 0.0941176
mcs50_b06_s50_AB03_mcs50_r01_s40_AB05 50 0.120816 40 0.189744
mcs30_m3D_s40_AB07_mcs50_b06_s30_AB09 40 0.103846 30 0.204598
mcs30_r005_s30_AB03_mcs50_m3Dr4_s15_AB05 30 0.110345 15 0.295238
mcs10_r02_s50_AB09_mcs90_m2Dr2_s10_AB05 50 0.361633 10 0.333333
mcs30_b09m_s40_AB04_mcs10_r005_s30_AB09 40 0.219231 30 0.103448
mcs90_b06_s10_AB01_mcs50_r005_s40_AB07 10 0.666667 40 0.0974359
mcs90_m2Dr4_s30_AB05_mcs50_b06m_s40_AB02 30 0.137931 40 0.147436
mcs50_m2D_s10_AB00_mcs70_m3Dr2_s35_AB03 10 0.288889 35 0.129412
mcs90_r01_s10_AB07_mcs50_b09m_s20_AB04 10 0.222222 20 0.426316
mcs70_r02_s10_AB05_mcs90_b09_s35_AB07 10 0.333333 35 0.263866
mcs90_m2Dr4_s50_AB06_mcs70_r02_s50_AB00 50 0.084898 50 0.353469
mcs10_r01_s20_AB08_mcs50_b03_s20_AB09 20 0.2 20 0.157895
mcs30_m3Dr6_s40_AB04_mcs30_b06m_s35_AB04 40 0.134615 35 0.173109
mcs70_b06_s25_AB04_mcs70_b09_s35_AB03 25 0.246667 35 0.263866
mcs10_r01_s20_AB08_mcs50_b03_s35_AB03 20 0.2 35 0.0857143
mcs90_m2Dr4_s20_AB09_mcs90_b03m_s35_AB00 20 0.2 35 0.087395
mcs10_b03_s50_AB06_mcs50_m2Dr4_s40_AB05 50 0.0604082 40 0.102564
mcs50_b03_s25_AB07_mcs30_r02_s35_AB04 25 0.123333 35 0.368067
mcs70_m2D_s50_AB03_mcs30_m3D_s40_AB07 50 0.0693878 40 0.103846
mcs10_r01_s20_AB02_mcs70_b03m_s20_AB01 20 0.2 20 0.157895
mcs30_r005_s50_AB02_mcs50_m2Dr6_s10_AB07 50 0.102041 10 0.355556
mcs90_r005_s25_AB01_mcs30_b03m_s35_AB03 25 0.0966667 35 0.087395
mcs90_b06_s40_AB07_mcs70_m2D_s15_AB04 40 0.153846 15 0.2
mcs50_b09_s35_AB06_mcs30_b06m_s30_AB05 35 0.255462 30 0.2
mcs90_b03m_s25_AB01_mcs50_m2Dr2_s50_AB04 25 0.123333 50 0.077551
mcs90_r02_s50_AB03_mcs30_b06_s40_AB05 50 0.355102 40 0.153846
mcs90_b03m_s15_AB00_mcs10_b03m_s50_AB08 15 0.209524 50 0.0595918
mcs70_m3Dr4_s40_AB01_mcs50_b06m_s50_AB02 40 0.125641 50 0.120816
mcs70_b06m_s25_AB03_mcs90_b06m_s15_AB02 25 0.236667 15 0.419048
mcs70_r02_s15_AB08_mcs90_m2Dr4_s50_AB05 15 0.371429 50 0.084898
mcs30_m4Dr6_s50_AB06_mcs90_r01_s50_AB01 50 0.0922449 50 0.190204
mcs50_m2Dr6_s50_AB06_mcs50_r02_s25_AB06 50 0.0930612 25 0.353333
mcs50_r02_s40_AB02_mcs90_r01_s35_AB03 40 0.362821 35 0.191597
mcs50_m2D_s10_AB08_mcs90_m2Dr2_s10_AB02 10 0.288889 10 0.333333
mcs70_m2Dr4_s25_AB08_mcs10_r02_s50_AB09 25 0.163333 50 0.363265
mcs50_b03_s15_AB03_mcs90_m2D_s40_AB02 15 0.209524 40 0.0858974
mcs90_b03m_s35_AB03_mcs30_r005_s30_AB02 35 0.087395 30 0.108046
mcs10_m2Dr4_s40_AB05_mcs50_b03_s30_AB04 40 0.105128 30 0.103448
mcs90_b06_s25_AB00_mcs50_m2D_s40_AB07 25 0.25 40 0.0858974
mcs50_m3Dr2_s20_AB02_mcs90_b06_s25_AB02 20 0.210526 25 0.25
mcs50_m4Dr4_s30_AB00_mcs70_r005_s30_AB08 30 0.149425 30 0.0965517
mcs50_m3Dr6_s15_AB00_mcs50_m2Dr6_s40_AB08 15 0.314286 40 0.112821
mcs90_m2Dr2_s50_AB08_mcs70_r005_s25_AB09 50 0.077551 25 0.11
mcs50_m2Dr4_s50_AB09_mcs70_b09_s30_AB01 50 0.084898 30 0.305747
mcs70_r01_s20_AB00_mcs90_b06m_s30_AB04 20 0.189474 30 0.202299
mcs90_m3Dr6_s10_AB04_mcs50_m3Dr6_s15_AB00 10 0.466667 15 0.285714
mcs30_b03_s20_AB03_mcs50_b06m_s25_AB07 20 0.157895 25 0.236667
mcs50_b06_s15_AB00_mcs90_b03m_s20_AB06 15 0.419048 20 0.157895
mcs50_b09m_s20_AB01_mcs50_r01_s15_AB02 20 0.415789 15 0.219048
mcs70_r005_s30_AB04_mcs90_b06m_s25_AB08 30 0.0942529 25 0.233333
mcs70_b09_s25_AB03_mcs90_m2Dr2_s10_AB04 25 0.37 10 0.311111
mcs30_b06m_s50_AB00_mcs30_b06m_s40_AB06 50 0.121633 40 0.15
mcs30_b03m_s40_AB09_mcs30_m3Dr6_s40_AB09 40 0.075641 40 0.129487
mcs70_b06_s30_AB03_mcs50_r01_s40_AB00 30 0.202299 40 0.189744
mcs30_r01_s30_AB02_mcs90_m2D_s20_AB00 30 0.190805 20 0.163158
mcs30_b06m_s50_AB09_mcs70_m4D_s25_AB05 50 0.120816 25 0.153333
mcs50_m2Dr4_s20_AB06_mcs90_b06m_s10_AB02 20 0.2 10 0.622222
mcs30_m3Dr4_s40_AB00_mcs30_b06m_s35_AB08 40 0.126923 35 0.166387
mcs70_b03_s25_AB01_mcs70_b03m_s10_AB06 25 0.123333 10 0.333333
mcs70_b06m_s35_AB04_mcs30_m3Dr6_s40_AB09 35 0.168067 40 0.129487
mcs70_r02_s10_AB00_mcs90_m3Dr6_s10_AB08 10 0.333333 10 0.422222
mcs70_b06m_s50_AB03_mcs30_r01_s20_AB01 50 0.121633 20 0.205263
mcs50_b06m_s50_AB00_mcs30_m2Dr6_s30_AB04 50 0.119184 30 0.147126
mcs50_m2Dr4_s20_AB04_mcs30_r01_s30_AB00 20 0.205263 30 0.188506
mcs90_r005_s20_AB00_mcs10_r02_s20_AB07 20 0.110526 20 0.373684
mcs30_m3D_s30_AB07_mcs50_m3Dr2_s15_AB02 30 0.14023 15 0.266667
mcs90_m4Dr2_s20_AB07_mcs70_b06_s25_AB02 20 0.215789 25 0.243333
mcs90_r02_s30_AB00_mcs90_b06m_s35_AB09 30 0.365517 35 0.173109
mcs50_m4Dr2_s35_AB06_mcs70_b03m_s35_AB00 35 0.117647 35 0.0857143
mcs90_m2Dr4_s50_AB04_mcs90_r01_s30_AB04 50 0.0857143 30 0.181609
mcs50_m4D_s30_AB04_mcs30_m3Dr4_s30_AB05 30 0.126437 30 0.154023
mcs70_m4Dr2_s25_AB04_mcs70_r02_s40_AB00 25 0.17 40 0.369231
mcs50_m4Dr2_s30_AB00_mcs70_r005_s30_AB05 30 0.137931 30 0.091954
mcs90_m2Dr2_s50_AB08_mcs90_b06m_s40_AB05 50 0.077551 40 0.15
mcs90_m3Dr2_s30_AB09_mcs90_r01_s35_AB09 30 0.154023 35 0.193277
mcs50_m4D_s30_AB04_mcs90_r01_s50_AB08 30 0.126437 50 0.188571
mcs70_m2Dr6_s40_AB01_mcs90_m2Dr4_s10_AB08 40 0.111538 10 0.333333
mcs70_r005_s50_AB04_mcs30_b03_s15_AB06 50 0.0971429 15 0.209524
mcs70_b03_s50_AB06_mcs10_m2D_s40_AB02 50 0.0612245 40 0.0846154
mcs50_b09m_s25_AB04_mcs70_b09m_s25_AB07 25 0.343333 25 0.36
mcs90_b03m_s15_AB09_mcs90_b06m_s35_AB06 15 0.190476 35 0.17479
mcs90_b09_s30_AB08_mcs90_m2Dr2_s50_AB01 30 0.308046 50 0.0767347
mcs90_r02_s20_AB03_mcs90_r02_s15_AB04 20 0.373684 15 0.361905
mcs50_r01_s40_AB07_mcs10_r005_s20_AB01 40 0.189744 20 0.105263
mcs70_b03m_s15_AB05_mcs30_b03m_s35_AB02 15 0.2 35 0.0840336
mcs50_m2D_s30_AB07_mcs70_m2Dr4_s35_AB04 30 0.108046 35 0.119328
mcs50_b09m_s30_AB06_mcs30_r005_s30_AB05 30 0.289655 30 0.108046
mcs90_b03_s25_AB03_mcs70_m2Dr4_s40_AB02 25 0.123333 40 0.105128
mcs70_m3D_s40_AB07_mcs70_r02_s50_AB05 40 0.107692 50 0.361633
mcs30_r01_s35_AB09_mcs70_b09_s40_AB06 35 0.188235 40 0.229487
mcs70_r02_s15_AB09_mcs50_m3Dr2_s20_AB05 15 0.371429 20 0.210526
mcs50_b03_s15_AB06_mcs50_b06m_s15_AB09 15 0.209524 15 0.380952
mcs90_b06m_s15_AB01_mcs30_r005_s50_AB06 15 0.409524 50 0.100408
mcs50_m3Dr4_s15_AB08_mcs50_m4Dr2_s35_AB06 15 0.295238 35 0.114286
mcs30_b06m_s25_AB09_mcs50_b06_s40_AB01 25 0.226667 40 0.152564
mcs70_b09_s30_AB09_mcs50_b03_s25_AB01 30 0.303448 25 0.12
mcs90_b03m_s20_AB03_mcs70_r005_s25_AB08 20 0.157895 25 0.11
mcs50_m2Dr2_s20_AB05_mcs30_b03_s15_AB08 20 0.173684 15 0.209524
mcs90_b06_s15_AB03_mcs50_b09_s50_AB06 15 0.419048 50 0.179592
mcs90_r01_s40_AB06_mcs90_r02_s35_AB01 40 0.188462 35 0.356303
mcs30_b09m_s50_AB00_mcs90_m2Dr2_s40_AB03 50 0.176327 40 0.0948718
mcs30_r02_s20_AB06_mcs90_b03_s35_AB01 20 0.352632 35 0.087395
mcs30_m2Dr2_s30_AB06_mcs50_r02_s30_AB09 30 0.121839 30 0.354023
mcs70_m2D_s40_AB05_mcs30_m3D_s30_AB03 40 0.0858974 30 0.135632
mcs50_m2Dr2_s30_AB04_mcs30_m2Dr2_s30_AB03 30 0.126437 30 0.121839
mcs70_b06m_s25_AB08_mcs90_b03_s20_AB06 25 0.246667 20 0.157895
mcs30_b03m_s40_AB02_mcs50_m2Dr4_s30_AB03 40 0.074359 30 0.131034
mcs70_m2Dr4_s25_AB01_mcs70_r02_s35_AB03 25 0.153333 35 0.347899
mcs90_b06_s15_AB04_mcs90_m3Dr6_s30_AB05 15 0.428571 30 0.172414
mcs30_b09m_s35_AB03_mcs30_b06_s35_AB07 35 0.245378 35 0.17479
mcs90_m2Dr2_s20_AB05_mcs50_b06m_s35_AB04 20 0.184211 35 0.171429
mcs90_b06m_s25_AB07_mcs70_r005_s35_AB04 25 0.25 35 0.097479
mcs70_r005_s20_AB03_mcs90_m4Dr6_s20_AB07 20 0.121053 20 0.247368
mcs70_m4Dr2_s25_AB03_mcs90_b09m_s20_AB04 25 0.17 20 0.452632
mcs50_m2Dr2_s50_AB08_mcs50_b09_s50_AB05 50 0.077551 50 0.181224
mcs90_r01_s30_AB05_mcs70_b06m_s20_AB07 30 0.174713 20 0.315789
mcs90_m2Dr6_s50_AB07_mcs70_r005_s40_AB02 50 0.0914286 40 0.0961538
mcs70_b03_s40_AB08_mcs90_r01_s10_AB03 40 0.0769231 10 0.222222
mcs90_m4Dr4_s20_AB00_mcs50_r01_s25_AB02 20 0.231579 25 0.186667
mcs50_m2Dr6_s50_AB08_mcs50_b06_s35_AB00 50 0.0922449 35 0.169748
mcs90_m2Dr2_s40_AB02_mcs70_r005_s40_AB08 40 0.0961538 40 0.0961538
mcs90_m4Dr2_s20_AB00_mcs10_m2Dr6_s40_AB06 20 0.210526 40 0.115385
mcs50_b06_s30_AB06_mcs50_b09m_s50_AB08 30 0.202299 50 0.177143
mcs90_b06_s15_AB09_mcs90_r02_s20_AB07 15 0.428571 20 0.363158
mcs30_r02_s20_AB03_mcs50_b03m_s20_AB01 20 0.352632 20 0.157895
mcs90_m4Dr6_s20_AB00_mcs30_m3Dr4_s25_AB03 20 0.252632 25 0.183333
mcs50_r005_s20_AB04_mcs90_b06m_s20_AB09 20 0.126316 20 0.315789
mcs50_b09m_s40_AB05_mcs90_b03m_s25_AB02 40 0.221795 25 0.123333
mcs50_m2Dr6_s20_AB08_mcs70_b03m_s35_AB06 20 0.210526 35 0.087395
mcs90_b03m_s15_AB02_mcs10_m2D_s50_AB04 15 0.190476 50 0.0685714
mcs90_m2Dr4_s10_AB07_mcs90_m2Dr4_s30_AB05 10 0.333333 30 0.135632
mcs30_m3Dr2_s30_AB08_mcs10_r02_s25_AB07 30 0.149425 25 0.356667
mcs30_b06m_s40_AB02_mcs70_b03_s25_AB03 40 0.147436 25 0.123333
mcs70_r01_s40_AB01_mcs70_b06m_s30_AB00 40 0.187179 30 0.197701
mcs50_r005_s40_AB02_mcs30_r02_s20_AB02 40 0.1 20 0.363158
mcs90_m2D_s50_AB07_mcs30_m2Dr6_s50_AB06 50 0.0693878 50 0.0914286
mcs50_r005_s30_AB05_mcs70_m4Dr6_s25_AB02 30 0.108046 25 0.2
mcs90_b09m_s20_AB00_mcs50_m2Dr6_s40_AB05 20 0.452632 40 0.112821
mcs70_b09m_s35_AB02_mcs30_b03_s40_AB03 35 0.253782 40 0.0769231
mcs50_b03m_s20_AB06_mcs70_b03_s25_AB06 20 0.152632 25 0.123333
mcs50_r02_s15_AB03_mcs70_b09_s40_AB03 15 0.352381 40 0.229487
mcs50_m2Dr4_s40_AB07_mcs50_m4D_s30_AB04 40 0.103846 30 0.126437
mcs30_r02_s10_AB02_mcs70_b03_s20_AB00 10 0.4 20 0.157895
mcs50_m2D_s40_AB06_mcs90_b06m_s40_AB03 40 0.0846154 40 0.148718
mcs10_r005_s40_AB05_mcs30_m2D_s30_AB01 40 0.101282 30 0.110345
mcs10_r005_s25_AB09_mcs30_m3D_s30_AB00 25 0.103333 30 0.14023
mcs90_r01_s35_AB00_mcs70_b06m_s10_AB03 35 0.194958 10 0.577778
mcs90_m3Dr4_s10_AB04_mcs50_b03m_s15_AB09 10 0.422222 15 0.209524
mcs50_m3Dr2_s20_AB07_mcs10_r005_s30_AB00 20 0.215789 30 0.101149
mcs70_m2D_s35_AB06_mcs70_r02_s30_AB04 35 0.097479 30 0.365517
mcs50_r02_s35_AB05_mcs50_r005_s20_AB03 35 0.357983 20 0.126316
mcs30_r005_s35_AB06_mcs10_r02_s40_AB02 35 0.104202 40 0.360256
mcs50_m3D_s20_AB08_mcs70_r02_s10_AB00 20 0.194737 10 0.355556
mcs30_r02_s35_AB09_mcs50_b03_s10_AB08 35 0.356303 10 0.333333
mcs30_m3Dr4_s40_AB09_mcs30_r005_s25_AB05 40 0.123077 25 0.113333
mcs30_r02_s20_AB00_mcs30_b03_s25_AB02 20 0.363158 25 0.12
mcs10_m2D_s40_AB02_mcs50_b03_s50_AB01 40 0.0858974 50 0.0612245
mcs50_b03m_s15_AB05_mcs90_b06m_s35_AB01 15 0.2 35 0.169748
mcs10_r02_s20_AB04_mcs90_b09_s20_AB01 20 0.363158 20 0.463158
mcs30_r02_s10_AB07_mcs50_r005_s40_AB03 10 0.4 40 0.0974359
mcs50_r01_s50_AB07_mcs90_b09_s40_AB04 50 0.19102 40 0.230769
mcs30_b06_s50_AB07_mcs30_b06_s30_AB03 50 0.120816 30 0.202299
mcs90_m2D_s50_AB08_mcs90_m4Dr4_s20_AB03 50 0.0693878 20 0.236842
mcs30_b06m_s50_AB03_mcs90_b09_s20_AB07 50 0.118367 20 0.473684
mcs70_m2D_s50_AB08_mcs90_m2D_s30_AB02 50 0.0693878 30 0.112644
mcs70_m2Dr4_s40_AB06_mcs50_r005_s35_AB06 40 0.105128 35 0.102521
mcs30_b06m_s35_AB04_mcs70_m2D_s25_AB08 35 0.171429 25 0.133333
mcs50_m2D_s40_AB02_mcs50_b03m_s25_AB09 40 0.0846154 25 0.12
mcs50_r02_s40_AB00_mcs90_m2Dr6_s50_AB03 40 0.35641 50 0.0930612
mcs30_b06_s25_AB09_mcs70_b03m_s35_AB04 25 0.24 35 0.087395
mcs30_b06_s40_AB07_mcs50_m4Dr4_s40_AB01 40 0.148718 40 0.107692
mcs90_m2Dr6_s10_AB08_mcs50_b03m_s40_AB03 10 0.377778 40 0.074359
mcs50_b09m_s35_AB02_mcs70_b09m_s15_AB02 35 0.252101 15 0.533333
mcs30_b06_s30_AB03_mcs90_m2Dr2_s20_AB04 30 0.2 20 0.184211
mcs70_r01_s15_AB04_mcs70_m2Dr6_s25_AB01 15 0.190476 25 0.17
mcs70_b09_s50_AB09_mcs10_r01_s40_AB02 50 0.181224 40 0.188462
mcs90_b09_s15_AB02_mcs30_m2D_s50_AB09 15 0.628571 50 0.0685714
mcs30_m3Dr2_s40_AB01_mcs70_r005_s30_AB03 40 0.116667 30 0.0965517
mcs30_r02_s25_AB03_mcs50_b03m_s35_AB03 25 0.37 35 0.0857143
mcs90_b06_s25_AB03_mcs90_b06m_s10_AB04 25 0.246667 10 0.6
mcs30_b03_s35_AB00_mcs50_m2D_s20_AB06 35 0.087395 20 0.157895
mcs70_b03_s30_AB07_mcs50_r005_s35_AB02 30 0.103448 35 0.102521
mcs50_m3D_s50_AB08_mcs10_r01_s30_AB05 50 0.0889796 30 0.2
mcs70_b06m_s15_AB07_mcs90_m4Dr4_s20_AB03 15 0.4 20 0.236842
mcs30_r005_s50_AB09_mcs70_m2Dr4_s50_AB04 50 0.0995918 50 0.084898
mcs30_r01_s35_AB08_mcs50_r02_s40_AB06 35 0.179832 40 0.357692
mcs70_r01_s40_AB07_mcs90_m2D_s20_AB09 40 0.189744 20 0.163158
mcs10_r005_s35_AB08_mcs50_r01_s15_AB08 35 0.102521 15 0.219048
mcs50_m4D_s30_AB08_mcs10_b03m_s50_AB09 30 0.124138 50 0.0604082
mcs90_m2Dr2_s40_AB02_mcs50_m2Dr6_s30_AB04 40 0.0961538 30 0.147126
mcs30_r02_s15_AB03_mcs90_m3Dr2_s10_AB03 15 0.380952 10 0.355556
mcs90_r005_s20_AB00_mcs70_b09m_s40_AB00 20 0.110526 40 0.225641
mcs70_r02_s10_AB03_mcs50_b06_s20_AB03 10 0.377778 20 0.3
mcs70_m2Dr6_s50_AB08_mcs30_r01_s10_AB05 50 0.0922449 10 0.244444
mcs50_b03_s50_AB01_mcs30_m2Dr4_s50_AB09 50 0.0612245 50 0.0816327
mcs30_r02_s15_AB00_mcs90_m2Dr6_s10_AB02 15 0.390476 10 0.377778
mcs50_b03m_s40_AB04_mcs70_b06_s50_AB00 40 0.0769231 50 0.121633
mcs90_m2D_s20_AB06_mcs90_r02_s15_AB05 20 0.163158 15 0.352381
mcs30_b03_s15_AB01_mcs90_m2Dr2_s20_AB01 15 0.209524 20 0.184211
mcs70_r01_s25_AB05_mcs70_r02_s50_AB09 25 0.19 50 0.357551
mcs50_m2Dr2_s20_AB00_mcs50_b06m_s35_AB01 20 0.178947 35 0.169748
mcs50_b03_s10_AB07_mcs30_r005_s25_AB09 10 0.333333 25 0.113333
mcs70_m2D_s40_AB03_mcs90_m2Dr2_s10_AB01 40 0.0858974 10 0.311111
mcs70_b09m_s50_AB01_mcs30_b09m_s40_AB09 50 0.178776 40 0.217949
mcs70_b09_s15_AB00_mcs90_r01_s25_AB03 15 0.619048 25 0.19
mcs70_b09_s25_AB05_mcs90_b09m_s35_AB06 25 0.36 35 0.258824
mcs70_r005_s35_AB05_mcs90_m4Dr4_s20_AB02 35 0.097479 20 0.226316
mcs90_b03m_s15_AB01_mcs10_b03m_s40_AB07 15 0.2 40 0.075641
mcs70_b09m_s30_AB06_mcs50_b09m_s20_AB03 30 0.291954 20 0.4
mcs90_b06m_s40_AB07_mcs70_m2Dr2_s35_AB00 40 0.152564 35 0.102521
mcs30_r01_s10_AB07_mcs90_b03m_s15_AB02 10 0.222222 15 0.190476
mcs50_m2Dr2_s50_AB05_mcs70_b03m_s20_AB03 50 0.077551 20 0.152632
mcs50_m2Dr2_s30_AB07_mcs30_b03_s35_AB01 30 0.126437 35 0.0840336
mcs90_r02_s30_AB06_mcs70_b09m_s25_AB04 30 0.356322 25 0.336667
mcs70_m3Dr6_s40_AB09_mcs30_r01_s40_AB06 40 0.137179 40 0.192308
mcs30_r02_s15_AB09_mcs90_b06m_s50_AB01 15 0.352381 50 0.12
mcs90_r01_s15_AB00_mcs70_b09_s30_AB04 15 0.190476 30 0.308046
mcs90_m2Dr6_s30_AB09_mcs50_b03_s15_AB00 30 0.154023 15 0.209524
mcs70_r01_s40_AB00_mcs90_b09m_s40_AB09 40 0.185897 40 0.224359
mcs70_m2Dr4_s25_AB05_mcs90_b06_s10_AB08 25 0.166667 10 0.666667
mcs50_b06m_s30_AB09_mcs70_m3Dr4_s35_AB07 30 0.195402 35 0.141176
mcs90_b03_s50_AB07_mcs50_m3Dr6_s15_AB05 50 0.0612245 15 0.304762
mcs30_b06m_s30_AB05_mcs50_r01_s30_AB08 30 0.2 30 0.181609
mcs50_m4D_s40_AB09_mcs30_b09m_s40_AB07 40 0.0910256 40 0.220513
mcs90_r02_s40_AB00_mcs70_b09_s25_AB04 40 0.357692 25 0.36
mcs30_b03m_s20_AB09_mcs70_b06_s20_AB09 20 0.157895 20 0.315789
mcs30_b03_s20_AB03_mcs90_m2Dr2_s20_AB04 20 0.157895 20 0.184211
mcs30_m4Dr2_s50_AB07_mcs50_r005_s25_AB03 50 0.0783673 25 0.113333
mcs50_b06_s15_AB08_mcs50_b06_s50_AB06 15 0.409524 50 0.121633
mcs70_b03m_s25_AB05_mcs50_b09_s30_AB06 25 0.12 30 0.298851
mcs90_r01_s30_AB00_mcs90_r01_s40_AB01 30 0.193103 40 0.191026
mcs70_r01_s15_AB05_mcs70_r02_s50_AB02 15 0.190476 50 0.353469
mcs30_m2Dr4_s30_AB01_mcs50_b03m_s10_AB04 30 0.131034 10 0.311111
mcs90_b03m_s20_AB00_mcs30_b06_s30_AB04 20 0.157895 30 0.2
mcs10_r01_s25_AB01_mcs10_r02_s30_AB05 25 0.2 30 0.356322
mcs30_m4Dr2_s50_AB09_mcs30_b03m_s15_AB04 50 0.0783673 15 0.2
mcs70_b06_s35_AB03_mcs90_b03m_s25_AB00 35 0.176471 25 0.12
mcs90_m3Dr2_s30_AB09_mcs70_b06_s25_AB03 30 0.154023 25 0.246667
mcs50_b03m_s10_AB06_mcs90_m3D_s10_AB09 10 0.311111 10 0.355556
mcs50_m2Dr6_s40_AB05_mcs70_b06_s20_AB08 40 0.116667 20 0.315789
mcs90_m2D_s30_AB08_mcs10_b03m_s50_AB03 30 0.112644 50 0.0595918
mcs90_b03m_s25_AB02_mcs70_b09_s20_AB02 25 0.123333 20 0.468421
mcs50_m2Dr6_s10_AB02_mcs30_r01_s10_AB09 10 0.422222 10 0.244444
mcs30_m3Dr2_s40_AB02_mcs30_m4Dr6_s50_AB06 40 0.114103 50 0.0922449
mcs90_m2Dr4_s50_AB06_mcs50_r005_s25_AB04 50 0.084898 25 0.116667
mcs30_m2Dr6_s30_AB00_mcs90_b06_s50_AB06 30 0.149425 50 0.122449
mcs30_b03_s30_AB09_mcs30_m3Dr6_s30_AB05 30 0.103448 30 0.172414
mcs90_m3Dr6_s30_AB06_mcs50_m4Dr4_s35_AB04 30 0.17931 35 0.12605
mcs90_r005_s40_AB00_mcs30_r005_s25_AB02 40 0.0987179 25 0.106667
mcs50_m2Dr6_s50_AB03_mcs90_r02_s25_AB05 50 0.0914286 25 0.35
mcs70_b06m_s10_AB06_mcs30_m4Dr4_s50_AB07 10 0.577778 50 0.0857143
mcs70_r005_s30_AB03_mcs50_r01_s15_AB07 30 0.0965517 15 0.219048
mcs50_r01_s40_AB02_mcs70_b03m_s35_AB00 40 0.188462 35 0.0857143
mcs30_b06m_s30_AB05_mcs30_m3Dr6_s40_AB08 30 0.2 40 0.134615
mcs30_r02_s30_AB02_mcs90_b09m_s20_AB03 30 0.354023 20 0.426316
mcs70_b09m_s20_AB02_mcs30_m2D_s50_AB04 20 0.452632 50 0.0693878
mcs50_m3Dr2_s15_AB05_mcs90_r01_s20_AB06 15 0.257143 20 0.178947
mcs70_b06m_s30_AB05_mcs30_m3Dr4_s30_AB08 30 0.197701 30 0.163218
mcs70_b03_s40_AB09_mcs50_b03m_s30_AB03 40 0.0769231 30 0.101149
mcs70_r01_s50_AB08_mcs30_r005_s35_AB03 50 0.18449 35 0.104202
mcs50_m4Dr6_s30_AB07_mcs50_b09m_s30_AB04 30 0.158621 30 0.282759
mcs50_m3Dr4_s20_AB03_mcs50_m4D_s40_AB09 20 0.236842 40 0.0910256
mcs30_r01_s40_AB04_mcs90_r02_s50_AB01 40 0.192308 50 0.36
mcs90_b03_s10_AB04_mcs70_b03m_s10_AB00 10 0.333333 10 0.333333
mcs50_m2Dr2_s30_AB02_mcs70_r005_s20_AB06 30 0.124138 20 0.110526
mcs30_m3Dr6_s30_AB09_mcs70_b06m_s40_AB08 30 0.170115 40 0.147436
mcs50_m3Dr4_s50_AB03_mcs10_r01_s20_AB04 50 0.102857 20 0.189474
mcs90_m3Dr2_s10_AB06_mcs70_m2Dr2_s15_AB03 10 0.377778 15 0.238095
mcs50_m2Dr6_s20_AB07_mcs50_m2Dr2_s40_AB07 20 0.226316 40 0.0948718
mcs30_r01_s25_AB07_mcs70_b09m_s30_AB09 25 0.186667 30 0.298851
mcs30_b03m_s50_AB00_mcs30_r005_s40_AB01 50 0.0612245 40 0.103846
mcs30_b03_s40_AB05_mcs50_b06m_s25_AB00 40 0.0769231 25 0.233333
mcs50_b03_s30_AB08_mcs90_m2Dr2_s10_AB03 30 0.103448 10 0.333333
mcs90_b09m_s25_AB02_mcs50_b03m_s35_AB03 25 0.36 35 0.0857143
mcs70_m3D_s40_AB05_mcs90_m2Dr2_s20_AB08 40 0.107692 20 0.173684
mcs70_b09_s25_AB08_mcs90_m3Dr4_s10_AB01 25 0.37 10 0.4
mcs90_b06_s50_AB07_mcs50_b03m_s10_AB06 50 0.122449 10 0.311111
mcs70_b06m_s30_AB00_mcs70_b09_s35_AB07 30 0.195402 35 0.262185
mcs50_r005_s50_AB04_mcs50_m4Dr4_s30_AB01 50 0.0979592 30 0.149425
mcs90_b03_s35_AB09_mcs50_r01_s30_AB06 35 0.087395 30 0.183908
mcs70_m3D_s40_AB01_mcs50_b06_s30_AB07 40 0.10641 30 0.206897
mcs30_r005_s50_AB06_mcs70_m3Dr2_s40_AB04 50 0.100408 40 0.117949
mcs70_r01_s40_AB03_mcs50_b06_s35_AB00 40 0.184615 35 0.169748
mcs30_m2Dr2_s50_AB04_mcs90_b06m_s25_AB00 50 0.0759184 25 0.246667
mcs30_b03m_s50_AB06_mcs70_r01_s35_AB04 50 0.0612245 35 0.184874
mcs30_r01_s40_AB09_mcs70_b03m_s15_AB08 40 0.192308 15 0.209524
mcs30_b03m_s40_AB04_mcs30_b03_s15_AB08 40 0.075641 15 0.209524
mcs90_b06m_s15_AB00_mcs70_r01_s40_AB01 15 0.428571 40 0.188462
mcs30_b09_s50_AB00_mcs50_r01_s50_AB02 50 0.180408 50 0.192653
mcs70_b09_s35_AB06_mcs30_m2D_s50_AB00 35 0.257143 50 0.0677551
mcs10_b03_s50_AB04_mcs30_b06m_s30_AB06 50 0.0604082 30 0.195402
mcs90_b06m_s20_AB01_mcs90_m2D_s30_AB03 20 0.305263 30 0.112644
mcs70_b06m_s10_AB03_mcs50_m3Dr6_s50_AB09 10 0.555556 50 0.109388
mcs70_m2Dr2_s25_AB05_mcs70_m2Dr2_s15_AB07 25 0.15 15 0.238095
mcs70_m3D_s35_AB00_mcs50_m2Dr6_s50_AB04 35 0.121008 50 0.0914286
mcs30_b03_s20_AB03_mcs50_m4Dr4_s30_AB02 20 0.157895 30 0.144828
mcs30_m3Dr2_s30_AB06_mcs30_r02_s40_AB01 30 0.151724 40 0.360256
mcs90_b06_s15_AB04_mcs70_b03_s10_AB05 15 0.428571 10 0.333333
mcs90_b03m_s35_AB04_mcs50_m2Dr2_s30_AB02 35 0.0857143 30 0.121839
mcs70_b03_s25_AB09_mcs70_m2Dr6_s35_AB04 25 0.123333 35 0.129412
mcs10_b03_s40_AB07_mcs50_m2Dr6_s30_AB06 40 0.0769231 30 0.147126
mcs70_b03_s30_AB09_mcs10_r005_s35_AB09 30 0.103448 35 0.10084
mcs30_r01_s40_AB07_mcs90_r005_s30_AB03 40 0.192308 30 0.0965517
mcs90_b06_s25_AB09_mcs50_m2Dr6_s30_AB03 25 0.25 30 0.142529
mcs30_r01_s50_AB05_mcs50_m3Dr4_s20_AB09 50 0.190204 20 0.221053
mcs30_b06m_s50_AB05_mcs30_m3Dr6_s40_AB04 50 0.116735 40 0.132051
mcs30_m3Dr4_s40_AB03_mcs70_b03_s50_AB00 40 0.126923 50 0.0612245
mcs30_r01_s20_AB04_mcs50_b06_s30_AB07 20 0.210526 30 0.206897
mcs50_m3Dr2_s20_AB06_mcs90_r02_s40_AB07 20 0.210526 40 0.367949
mcs10_r005_s25_AB08_mcs50_m4Dr2_s30_AB09 25 0.103333 30 0.137931
mcs50_r005_s20_AB07_mcs10_b03_s40_AB07 20 0.126316 40 0.0769231
mcs90_r02_s10_AB04_mcs70_m4Dr2_s25_AB00 10 0.333333 25 0.17
mcs30_r02_s50_AB09_mcs50_m4Dr2_s30_AB08 50 0.359184 30 0.137931
mcs70_b03m_s30_AB06_mcs90_b09m_s40_AB00 30 0.101149 40 0.225641
mcs30_b03m_s20_AB00_mcs50_m2Dr4_s50_AB05 20 0.157895 50 0.0840816
mcs50_m3Dr2_s20_AB09_mcs70_m2Dr4_s35_AB06 20 0.210526 35 0.119328
mcs10_m2Dr6_s40_AB01_mcs70_b06m_s40_AB09 40 0.111538 40 0.152564
mcs50_m3Dr6_s15_AB01_mcs50_r01_s10_AB01 15 0.304762 10 0.244444
mcs70_m2Dr6_s40_AB06_mcs70_m2Dr4_s50_AB05 40 0.112821 50 0.0832653
mcs90_m4D_s20_AB09_mcs70_m2Dr6_s35_AB00 20 0.189474 35 0.129412
mcs50_b03m_s10_AB03_mcs70_m2D_s40_AB06 10 0.333333 40 0.0858974
mcs90_b09m_s30_AB05_mcs70_b03m_s35_AB09 30 0.303448 35 0.0857143
mcs50_r01_s50_AB09_mcs30_m3D_s25_AB08 50 0.191837 25 0.156667
mcs90_b03_s25_AB04_mcs90_m3D_s10_AB04 25 0.123333 10 0.355556
mcs90_b06_s20_AB00_mcs50_b03_s25_AB03 20 0.315789 25 0.123333
mcs70_m3Dr2_s40_AB06_mcs30_b06_s25_AB00 40 0.116667 25 0.236667
mcs30_r01_s15_AB05_mcs30_m2D_s50_AB05 15 0.209524 50 0.0677551
mcs70_m2Dr2_s35_AB04_mcs90_r005_s20_AB03 35 0.109244 20 0.110526
mcs30_b03m_s50_AB07_mcs50_m3Dr2_s20_AB00 50 0.0612245 20 0.215789
mcs90_m4D_s20_AB01_mcs30_m3Dr2_s30_AB07 20 0.194737 30 0.144828
mcs70_m2Dr6_s50_AB02_mcs90_b06_s30_AB02 50 0.0930612 30 0.206897
mcs30_m3D_s25_AB04_mcs70_r01_s20_AB06 25 0.156667 20 0.194737
mcs70_m4Dr6_s25_AB04_mcs70_r005_s35_AB05 25 0.2 35 0.097479
mcs50_r01_s10_AB02_mcs50_r005_s50_AB00 10 0.244444 50 0.0987755
mcs30_r01_s25_AB09_mcs70_m2Dr2_s40_AB08 25 0.196667 40 0.0935897
mcs50_r005_s40_AB07_mcs90_b03_s15_AB02 40 0.0987179 15 0.209524
mcs70_r02_s15_AB02_mcs90_r005_s35_AB02 15 0.371429 35 0.0941176
mcs50_m2Dr4_s40_AB04_mcs70_b09m_s15_AB07 40 0.105128 15 0.542857
mcs30_b06m_s25_AB05_mcs50_m4Dr6_s30_AB03 25 0.226667 30 0.165517
mcs50_b09_s35_AB02_mcs30_b06_s25_AB07 35 0.255462 25 0.24
mcs70_b03_s10_AB00_mcs70_m2Dr2_s15_AB07 10 0.333333 15 0.238095
mcs90_r005_s35_AB03_mcs50_b06m_s40_AB08 35 0.097479 40 0.148718
mcs50_m2Dr4_s30_AB07_mcs90_b06m_s15_AB08 30 0.14023 15 0.419048
mcs90_r01_s20_AB02_mcs70_b06_s20_AB05 20 0.194737 20 0.315789
mcs90_m2Dr4_s20_AB02_mcs10_m2D_s50_AB00 20 0.2 50 0.0685714
mcs50_m4Dr6_s35_AB06_mcs70_r01_s35_AB06 35 0.139496 35 0.184874
mcs50_m4Dr2_s40_AB02_mcs70_m2D_s15_AB00 40 0.0987179 15 0.2
mcs30_m4Dr4_s50_AB00_mcs30_m2Dr4_s30_AB05 50 0.0840816 30 0.133333
mcs50_b03_s10_AB05_mcs10_m2D_s40_AB04 10 0.333333 40 0.0846154
mcs70_m2D_s15_AB08_mcs30_b09m_s50_AB02 15 0.209524 50 0.173878
mcs90_r01_s30_AB05_mcs70_b03m_s40_AB02 30 0.174713 40 0.0769231
mcs30_r02_s50_AB06_mcs30_r01_s35_AB04 50 0.359184 35 0.189916
mcs30_b06m_s25_AB06_mcs50_b03_s10_AB09 25 0.233333 10 0.311111
mcs50_b06m_s30_AB06_mcs50_b06_s30_AB07 30 0.2 30 0.206897
mcs30_b06_s35_AB02_mcs90_r01_s30_AB04 35 0.17479 30 0.181609
mcs70_b03m_s35_AB09_mcs70_b09m_s25_AB01 35 0.0857143 25 0.35
mcs70_b03_s15_AB08_mcs70_m3Dr6_s40_AB04 15 0.209524 40 0.135897
mcs70_m3Dr4_s35_AB01_mcs90_b06_s20_AB05 35 0.144538 20 0.315789
mcs90_m3Dr2_s30_AB07_mcs30_b06_s40_AB06 30 0.154023 40 0.152564
mcs30_r02_s25_AB08_mcs70_b06m_s50_AB02 25 0.366667 50 0.120816
mcs50_b06m_s25_AB05_mcs50_b06m_s35_AB09 25 0.246667 35 0.164706
mcs50_r005_s25_AB02_mcs50_m3Dr2_s15_AB00 25 0.116667 15 0.266667
mcs50_b06_s15_AB03_mcs70_b06_s25_AB02 15 0.409524 25 0.243333
mcs70_m3Dr4_s35_AB04_mcs50_b09_s25_AB09 35 0.144538 25 0.366667
mcs70_r02_s35_AB04_mcs50_b09m_s50_AB06 35 0.354622 50 0.180408
mcs70_m4D_s25_AB07_mcs70_b06m_s40_AB05 25 0.153333 40 0.151282
mcs90_b03m_s40_AB08_mcs30_b09_s50_AB06 40 0.0769231 50 0.180408
mcs90_b03m_s30_AB08_mcs70_b09_s20_AB06 30 0.101149 20 0.468421
mcs70_m4D_s25_AB01_mcs30_b03m_s40_AB04 25 0.156667 40 0.075641
mcs50_b09_s30_AB08_mcs30_b03m_s15_AB03 30 0.305747 15 0.2
mcs70_r02_s15_AB09_mcs30_b03_s25_AB00 15 0.371429 25 0.123333
mcs30_b06m_s40_AB07_mcs50_m2D_s50_AB06 40 0.15 50 0.0693878
mcs30_r005_s40_AB01_mcs30_m3Dr2_s25_AB06 40 0.103846 25 0.17
mcs50_m3D_s15_AB08_mcs10_b03m_s50_AB06 15 0.238095 50 0.0595918
mcs70_r01_s15_AB07_mcs90_b09_s15_AB04 15 0.2 15 0.628571
mcs90_b03_s15_AB01_mcs50_r005_s40_AB09 15 0.209524 40 0.1
mcs70_b06m_s20_AB05_mcs70_b09m_s30_AB09 20 0.294737 30 0.298851
mcs30_m3Dr6_s40_AB02_mcs70_m4Dr4_s25_AB00 40 0.137179 25 0.19
mcs90_r005_s50_AB02_mcs50_b09m_s30_AB00 50 0.0971429 30 0.289655
mcs10_r01_s50_AB02_mcs90_m4Dr2_s20_AB01 50 0.192653 20 0.205263
mcs30_m3D_s40_AB07_mcs10_r02_s25_AB01 40 0.103846 25 0.35
mcs50_m4D_s40_AB08_mcs30_r005_s50_AB05 40 0.0910256 50 0.100408
mcs30_m3D_s25_AB04_mcs50_b03_s50_AB06 25 0.156667 50 0.0612245
mcs50_b03m_s30_AB04_mcs30_r01_s35_AB06 30 0.103448 35 0.194958
mcs30_m2D_s50_AB07_mcs90_b06m_s30_AB09 50 0.0677551 30 0.202299
mcs50_r02_s25_AB06_mcs90_b06_s25_AB06 25 0.356667 25 0.246667
mcs90_b09m_s20_AB08_mcs90_b06m_s15_AB07 20 0.452632 15 0.409524
mcs50_m3Dr4_s50_AB08_mcs50_m4Dr2_s30_AB06 50 0.105306 30 0.135632
mcs30_b09_s40_AB06_mcs50_b06_s30_AB00 40 0.225641 30 0.204598
mcs30_r005_s35_AB09_mcs50_m2D_s50_AB09 35 0.105882 50 0.0693878
mcs90_b09_s20_AB00_mcs50_b03m_s15_AB01 20 0.468421 15 0.2
mcs90_m2Dr6_s40_AB05_mcs50_m2Dr2_s40_AB04 40 0.114103 40 0.0948718
mcs50_m4Dr4_s30_AB05_mcs90_b03m_s20_AB05 30 0.151724 20 0.157895
mcs50_r005_s25_AB09_mcs70_m4Dr6_s25_AB06 25 0.116667 25 0.196667
mcs70_r01_s40_AB04_mcs90_b03m_s20_AB05 40 0.188462 20 0.157895
mcs70_m2D_s35_AB04_mcs70_m2Dr6_s50_AB01 35 0.097479 50 0.0897959
mcs10_r01_s40_AB07_mcs90_m2Dr6_s20_AB09 40 0.189744 20 0.221053
mcs10_r01_s50_AB02_mcs90_b06_s25_AB03 50 0.192653 25 0.25
mcs30_m3Dr6_s30_AB08_mcs50_r005_s25_AB09 30 0.17931 25 0.11
mcs10_r005_s25_AB06_mcs10_m2Dr4_s40_AB01 25 0.103333 40 0.105128
mcs50_m4D_s40_AB06_mcs70_b03m_s50_AB06 40 0.0897436 50 0.0612245
mcs70_b06m_s20_AB00_mcs10_r02_s35_AB03 20 0.294737 35 0.371429
mcs50_b03m_s35_AB04_mcs90_r01_s30_AB08 35 0.0857143 30 0.183908
mcs50_r005_s20_AB04_mcs90_b03_s20_AB02 20 0.126316 20 0.157895
mcs50_m3Dr4_s20_AB04_mcs50_m3Dr2_s15_AB03 20 0.226316 15 0.266667
mcs30_m3Dr4_s25_AB09_mcs70_b09_s40_AB07 25 0.186667 40 0.228205
mcs70_m3Dr2_s35_AB03_mcs10_r01_s30_AB08 35 0.132773 30 0.197701
mcs70_b03m_s20_AB03_mcs70_b09m_s35_AB01 20 0.152632 35 0.25042
mcs50_b06_s30_AB01_mcs30_b03m_s30_AB00 30 0.197701 30 0.103448
mcs70_r01_s10_AB09_mcs70_r02_s15_AB03 10 0.244444 15 0.361905
mcs50_r01_s40_AB04_mcs90_b06m_s10_AB09 40 0.194872 10 0.644444
mcs50_m3D_s50_AB06_mcs70_m2Dr4_s15_AB04 50 0.0889796 15 0.247619
mcs90_r02_s10_AB06_mcs50_b06_s30_AB09 10 0.377778 30 0.204598
mcs50_m2Dr6_s20_AB03_mcs90_b09m_s15_AB05 20 0.215789 15 0.580952
mcs50_m2Dr6_s40_AB09_mcs10_r005_s35_AB01 40 0.114103 35 0.10084
mcs90_b09_s15_AB04_mcs70_b09m_s35_AB07 15 0.638095 35 0.25042
mcs70_b06m_s10_AB05_mcs50_b09m_s35_AB07 10 0.577778 35 0.248739
mcs50_m4Dr2_s35_AB08_mcs30_m3Dr4_s30_AB01 35 0.115966 30 0.158621
mcs90_m4Dr6_s20_AB01_mcs70_b09m_s20_AB06 20 0.236842 20 0.447368
mcs90_b09_s30_AB03_mcs90_m2Dr6_s40_AB07 30 0.308046 40 0.112821
mcs30_b03m_s20_AB00_mcs10_r005_s50_AB08 20 0.157895 50 0.0971429
mcs50_b06m_s25_AB09_mcs50_m3D_s15_AB02 25 0.236667 15 0.247619
mcs10_r01_s30_AB04_mcs90_m3D_s30_AB02 30 0.2 30 0.14023
mcs90_b06m_s40_AB08_mcs90_m2D_s30_AB02 40 0.152564 30 0.112644
mcs50_b06_s15_AB05_mcs70_m2Dr6_s35_AB05 15 0.419048 35 0.127731
mcs30_r02_s20_AB09_mcs50_b06m_s20_AB04 20 0.352632 20 0.310526
mcs70_m2D_s35_AB07_mcs30_r005_s50_AB01 35 0.097479 50 0.102857
mcs90_m4Dr4_s20_AB08_mcs50_m2Dr6_s50_AB09 20 0.236842 50 0.0906122
mcs90_m2Dr2_s40_AB06_mcs90_r005_s40_AB08 40 0.0948718 40 0.0987179
mcs50_r02_s20_AB02_mcs70_r02_s50_AB07 20 0.347368 50 0.357551
mcs70_b03_s15_AB04_mcs90_r02_s35_AB04 15 0.209524 35 0.363025
mcs30_b09_s50_AB01_mcs90_r02_s15_AB06 50 0.178776 15 0.390476
mcs70_b03_s35_AB01_mcs70_r005_s40_AB05 35 0.087395 40 0.0987179
mcs50_b03m_s25_AB00_mcs50_b03m_s10_AB02 25 0.123333 10 0.311111
mcs50_m4Dr4_s30_AB05_mcs70_m3D_s35_AB05 30 0.151724 35 0.121008
mcs70_r01_s40_AB01_mcs70_b03m_s35_AB07 40 0.187179 35 0.087395
mcs70_r01_s35_AB00_mcs10_r02_s30_AB09 35 0.191597 30 0.358621
mcs30_r02_s20_AB03_mcs90_b03m_s30_AB03 20 0.352632 30 0.101149
mcs50_b03_s35_AB03_mcs70_r02_s25_AB02 35 0.087395 25 0.356667
mcs90_r01_s15_AB07_mcs70_b06_s10_AB05 15 0.180952 10 0.666667
mcs90_b06m_s10_AB09_mcs10_b03m_s50_AB05 10 0.644444 50 0.0604082
mcs70_b09_s20_AB05_mcs90_b03_s30_AB03 20 0.457895 30 0.103448
mcs50_b06m_s35_AB05_mcs70_m2Dr2_s35_AB03 35 0.164706 35 0.109244
mcs90_b03_s25_AB03_mcs30_b09_s40_AB05 25 0.123333 40 0.223077
mcs30_r005_s30_AB01_mcs50_b06_s25_AB09 30 0.110345 25 0.24
mcs50_r02_s20_AB07_mcs50_m3Dr2_s50_AB02 20 0.363158 50 0.0946939
mcs30_m2Dr4_s50_AB02_mcs30_b03_s40_AB09 50 0.084898 40 0.0769231
mcs90_b09m_s25_AB06_mcs90_m2Dr4_s20_AB08 25 0.366667 20 0.189474
mcs30_r02_s40_AB02_mcs50_b03m_s15_AB04 40 0.357692 15 0.2
mcs50_b09_s30_AB07_mcs70_b09m_s20_AB09 30 0.296552 20 0.431579
mcs10_b03m_s40_AB09_mcs70_m3Dr4_s35_AB04 40 0.0769231 35 0.142857
mcs30_r005_s40_AB04_mcs30_r005_s50_AB05 40 0.10641 50 0.100408
mcs50_b03m_s25_AB00_mcs50_m4Dr6_s35_AB08 25 0.123333 35 0.136134
mcs90_b09_s25_AB02_mcs50_r02_s25_AB01 25 0.37 25 0.356667
mcs70_r005_s30_AB03_mcs50_r02_s40_AB04 30 0.0965517 40 0.358974
mcs90_r01_s25_AB09_mcs50_b03m_s35_AB06 25 0.19 35 0.0857143
mcs70_m2Dr2_s25_AB07_mcs70_b06_s35_AB09 25 0.15 35 0.176471
mcs50_b03m_s50_AB03_mcs70_m2D_s40_AB00 50 0.0604082 40 0.0858974
mcs90_b09m_s20_AB03_mcs70_b09m_s50_AB06 20 0.426316 50 0.179592
mcs50_b09m_s20_AB09_mcs90_m2Dr4_s10_AB07 20 0.415789 10 0.333333
mcs50_m2Dr6_s40_AB01_mcs50_b09_s35_AB06 40 0.112821 35 0.258824
mcs10_m2Dr4_s40_AB09_mcs30_b09_s40_AB04 40 0.101282 40 0.225641
mcs10_m2Dr4_s50_AB04_mcs50_r02_s50_AB09 50 0.084898 50 0.354286
mcs70_m2Dr6_s25_AB08_mcs50_m4Dr4_s30_AB09 25 0.173333 30 0.149425
mcs70_r005_s25_AB02_mcs10_r02_s50_AB04 25 0.11 50 0.359184
mcs30_b03m_s50_AB00_mcs90_m4Dr2_s20_AB03 50 0.0612245 20 0.2
mcs50_m2Dr6_s10_AB04_mcs70_b03m_s10_AB06 10 0.377778 10 0.333333
mcs50_m2Dr6_s20_AB09_mcs50_r005_s25_AB05 20 0.205263 25 0.113333
mcs70_b03_s40_AB00_mcs50_r02_s30_AB08 40 0.0769231 30 0.354023
mcs70_b06m_s50_AB02_mcs70_b09_s30_AB03 50 0.120816 30 0.308046
mcs30_m2Dr6_s30_AB03_mcs10_m2Dr4_s40_AB00 30 0.149425 40 0.101282
mcs30_m3Dr6_s40_AB03_mcs90_r01_s30_AB01 40 0.134615 30 0.188506
mcs10_r005_s20_AB00_mcs10_m2D_s40_AB05 20 0.105263 40 0.0858974
mcs50_b06m_s35_AB05_mcs30_b06m_s50_AB03 35 0.164706 50 0.12
mcs90_m4Dr6_s20_AB07_mcs70_m2Dr6_s35_AB06 20 0.252632 35 0.131092
mcs50_b06m_s50_AB07_mcs30_r02_s35_AB05 50 0.119184 35 0.363025
mcs70_m3Dr6_s35_AB05_mcs30_b03m_s30_AB03 35 0.152941 30 0.101149
mcs70_b03m_s10_AB03_mcs50_m2D_s20_AB05 10 0.311111 20 0.163158
mcs90_b06_s50_AB09_mcs30_m3Dr4_s25_AB05 50 0.122449 25 0.196667
mcs50_m2Dr4_s20_AB00_mcs50_b03m_s15_AB09 20 0.194737 15 0.209524
mcs90_b03m_s40_AB04_mcs70_m2Dr4_s25_AB07 40 0.075641 25 0.166667
mcs50_m2Dr4_s20_AB08_mcs70_r01_s25_AB05 20 0.189474 25 0.19
mcs30_b06m_s30_AB03_mcs30_b03m_s35_AB07 30 0.195402 35 0.087395
mcs70_b09_s15_AB04_mcs90_r02_s50_AB01 15 0.628571 50 0.36
mcs50_m2Dr6_s40_AB05_mcs30_m2Dr4_s30_AB05 40 0.116667 30 0.133333
mcs30_b06_s25_AB05_mcs50_m2D_s50_AB05 25 0.236667 50 0.0693878
mcs10_r01_s25_AB07_mcs70_b09_s20_AB09 25 0.186667 20 0.463158
mcs50_b09_s25_AB01_mcs70_b03_s50_AB05 25 0.363333 50 0.0612245
mcs90_b06m_s10_AB00_mcs30_b03_s25_AB04 10 0.6 25 0.123333
mcs50_b06m_s50_AB05_mcs90_b09_s40_AB08 50 0.120816 40 0.229487
mcs50_b09_s35_AB02_mcs90_b06_s10_AB09 35 0.255462 10 0.666667
mcs50_m3Dr6_s50_AB05_mcs70_m3Dr4_s40_AB07 50 0.111837 40 0.123077
mcs70_r005_s30_AB06_mcs50_m3Dr4_s15_AB00 30 0.0942529 15 0.27619
mcs90_m2Dr6_s30_AB02_mcs10_r005_s20_AB08 30 0.149425 20 0.105263
mcs30_r01_s10_AB01_mcs30_r02_s25_AB06 10 0.244444 25 0.35
mcs70_b09_s30_AB08_mcs90_b09_s50_AB04 30 0.305747 50 0.183673
mcs30_b06_s25_AB01_mcs50_b06_s30_AB06 25 0.246667 30 0.204598
mcs90_m3Dr2_s30_AB06_mcs10_r01_s30_AB06 30 0.154023 30 0.190805
mcs30_m2Dr4_s30_AB02_mcs70_m4Dr6_s25_AB02 30 0.133333 25 0.2
mcs90_r02_s15_AB08_mcs50_b03_s40_AB06 15 0.342857 40 0.0769231
mcs90_b06_s35_AB00_mcs70_m2Dr2_s40_AB06 35 0.176471 40 0.0961538
mcs10_m2D_s50_AB07_mcs50_m2Dr4_s40_AB02 50 0.0693878 40 0.103846
mcs50_b06m_s50_AB03_mcs10_m2D_s50_AB04 50 0.12 50 0.0685714
mcs90_r01_s20_AB06_mcs90_m2Dr4_s50_AB00 20 0.184211 50 0.0857143
mcs70_b09m_s20_AB08_mcs90_b06m_s25_AB02 20 0.431579 25 0.246667
mcs30_r01_s20_AB05_mcs30_m3Dr4_s25_AB09 20 0.210526 25 0.183333
mcs90_b03_s40_AB09_mcs70_m2Dr4_s15_AB07 40 0.0769231 15 0.257143
mcs90_b03_s15_AB08_mcs10_r005_s25_AB08 15 0.209524 25 0.103333
mcs50_b03_s30_AB06_mcs50_b09_s35_AB01 30 0.103448 35 0.255462
mcs90_m4D_s20_AB03_mcs30_b03m_s30_AB09 20 0.194737 30 0.103448
mcs30_m4Dr2_s50_AB06_mcs70_b09_s35_AB02 50 0.0783673 35 0.258824
mcs50_b06_s15_AB07_mcs50_b06m_s25_AB02 15 0.419048 25 0.246667
mcs90_r005_s50_AB06_mcs50_b06_s25_AB00 50 0.0979592 25 0.243333
mcs30_b03m_s50_AB00_mcs90_r005_s25_AB00 50 0.0612245 25 0.0933333
mcs90_b09_s20_AB08_mcs50_r02_s30_AB03 20 0.473684 30 0.351724
mcs30_b06m_s35_AB01_mcs90_r02_s50_AB02 35 0.169748 50 0.36898
mcs70_r01_s40_AB06_mcs90_b06_s25_AB09 40 0.189744 25 0.25
mcs90_b09m_s15_AB07_mcs30_b03m_s25_AB06 15 0.561905 25 0.113333
mcs30_b09_s35_AB09_mcs50_m3D_s15_AB03 35 0.258824 15 0.238095
mcs50_r01_s40_AB08_mcs30_b03m_s50_AB09 40 0.191026 50 0.0612245
mcs10_r01_s25_AB04_mcs90_m2Dr4_s10_AB08 25 0.193333 10 0.333333
mcs30_m3Dr4_s40_AB04_mcs70_b09_s25_AB07 40 0.125641 25 0.366667
mcs70_m2D_s40_AB01_mcs10_m2Dr6_s40_AB00 40 0.0858974 40 0.111538
mcs90_b06m_s50_AB02_mcs90_m2Dr6_s50_AB08 50 0.121633 50 0.0914286
mcs50_m2Dr6_s50_AB04_mcs70_b09_s30_AB03 50 0.0914286 30 0.308046
mcs30_b06_s35_AB01_mcs70_b03m_s50_AB07 35 0.17479 50 0.0612245
mcs90_m2D_s50_AB07_mcs90_m2Dr4_s30_AB08 50 0.0693878 30 0.133333
mcs70_r02_s20_AB04_mcs70_r005_s50_AB04 20 0.352632 50 0.0979592
mcs10_r02_s40_AB08_mcs90_b09_s15_AB02 40 0.358974 15 0.609524
mcs70_m3Dr6_s35_AB03_mcs30_r005_s35_AB06 35 0.14958 35 0.105882
mcs90_m2Dr2_s20_AB04_mcs50_m3Dr6_s20_AB06 20 0.184211 20 0.242105
mcs50_b09_s50_AB04_mcs90_b03_s25_AB04 50 0.181224 25 0.123333
mcs70_b09_s20_AB07_mcs70_b06_s50_AB09 20 0.468421 50 0.121633
mcs30_b06_s40_AB09_mcs90_m3Dr4_s10_AB03 40 0.151282 10 0.4
mcs70_r02_s35_AB09_mcs50_r005_s35_AB01 35 0.359664 35 0.10084
mcs50_m2Dr4_s40_AB02_mcs70_m2D_s50_AB03 40 0.103846 50 0.0693878
mcs50_r005_s30_AB00_mcs70_b09_s20_AB06 30 0.108046 20 0.468421
mcs50_b06m_s20_AB03_mcs90_b09_s25_AB06 20 0.3 25 0.37
mcs50_m3Dr4_s20_AB02_mcs70_m2D_s15_AB03 20 0.236842 15 0.209524
mcs50_b09_s35_AB08_mcs70_b09_s50_AB07 35 0.262185 50 0.182041
mcs50_r02_s15_AB06_mcs50_m4D_s30_AB02 15 0.371429 30 0.126437
mcs90_r01_s50_AB04_mcs70_b03_s20_AB06 50 0.18449 20 0.157895
mcs30_b06_s25_AB09_mcs50_m2Dr4_s30_AB04 25 0.24 30 0.137931
mcs50_m2D_s30_AB09_mcs50_b06m_s35_AB06 30 0.110345 35 0.169748
mcs50_m3Dr6_s50_AB08_mcs90_b03_s10_AB07 50 0.110204 10 0.333333
mcs50_b09_s25_AB04_mcs70_b06_s15_AB04 25 0.353333 15 0.419048
mcs70_m3Dr4_s40_AB08_mcs90_r01_s35_AB09 40 0.126923 35 0.193277
mcs90_b09m_s20_AB04_mcs50_b06_s50_AB09 20 0.457895 50 0.120816
mcs50_m2D_s30_AB01_mcs30_m3D_s40_AB09 30 0.108046 40 0.107692
mcs50_m3Dr2_s15_AB06_mcs70_m4Dr6_s25_AB04 15 0.266667 25 0.19
mcs30_m3D_s25_AB08_mcs50_r02_s20_AB05 25 0.153333 20 0.357895
mcs10_r02_s30_AB02_mcs30_m4Dr6_s50_AB08 30 0.351724 50 0.0914286
mcs70_m2D_s15_AB05_mcs50_r005_s25_AB00 15 0.209524 25 0.113333
mcs90_b06_s10_AB01_mcs50_r005_s50_AB04 10 0.666667 50 0.0979592
mcs50_m2D_s10_AB01_mcs70_b09m_s35_AB07 10 0.266667 35 0.25042
mcs50_b06_s50_AB03_mcs30_r01_s20_AB01 50 0.120816 20 0.205263
mcs50_b03m_s50_AB06_mcs90_b06_s10_AB01 50 0.0604082 10 0.666667
mcs90_m2Dr6_s20_AB05_mcs50_b03_s35_AB01 20 0.221053 35 0.087395
mcs90_b09m_s25_AB07_mcs70_m3Dr2_s40_AB02 25 0.366667 40 0.115385
mcs30_r01_s15_AB01_mcs70_b03m_s35_AB05 15 0.209524 35 0.087395
mcs30_r01_s35_AB02_mcs10_r02_s40_AB05 35 0.189916 40 0.358974
mcs50_b09_s40_AB07_mcs90_r005_s40_AB09 40 0.226923 40 0.0948718
mcs50_m4Dr4_s40_AB00_mcs30_b03_s40_AB02 40 0.110256 40 0.0769231
mcs10_r02_s25_AB09_mcs90_r005_s40_AB05 25 0.37 40 0.0987179
mcs50_b03_s20_AB08_mcs90_b03m_s15_AB02 20 0.157895 15 0.190476
mcs30_r005_s25_AB01_mcs50_b03_s20_AB08 25 0.113333 20 0.157895
mcs50_b03m_s50_AB08_mcs70_b09m_s35_AB06 50 0.0604082 35 0.258824
mcs70_b09m_s50_AB03_mcs70_m3Dr2_s35_AB01 50 0.178776 35 0.131092
mcs70_r005_s20_AB07_mcs30_m4Dr4_s50_AB02 20 0.115789 50 0.0857143
mcs30_r005_s20_AB03_mcs50_m4Dr4_s30_AB03 20 0.115789 30 0.149425
mcs70_m2Dr4_s35_AB02_mcs50_b03m_s35_AB06 35 0.121008 35 0.0857143
mcs10_r005_s30_AB04_mcs90_m4D_s20_AB04 30 0.101149 20 0.194737
mcs10_r01_s40_AB00_mcs70_b03_s35_AB03 40 0.192308 35 0.087395
mcs50_r02_s25_AB07_mcs70_b09_s15_AB02 25 0.36 15 0.628571
mcs30_b09_s35_AB00_mcs70_m4Dr4_s25_AB08 35 0.255462 25 0.183333
mcs70_r01_s40_AB05_mcs90_m3Dr4_s30_AB09 40 0.184615 30 0.165517
mcs70_r01_s50_AB08_mcs70_b09_s50_AB00 50 0.18449 50 0.180408
mcs50_b06m_s35_AB03_mcs70_r01_s40_AB05 35 0.173109 40 0.185897
mcs70_b09_s40_AB06_mcs10_m2D_s40_AB04 40 0.228205 40 0.0846154
mcs50_m2D_s20_AB01_mcs50_b09m_s50_AB03 20 0.157895 50 0.174694
mcs70_b03m_s10_AB00_mcs50_b06m_s50_AB08 10 0.333333 50 0.12
mcs50_m3Dr6_s20_AB09_mcs70_b03_s15_AB00 20 0.252632 15 0.2
mcs30_b03m_s15_AB08_mcs70_m3Dr4_s35_AB08 15 0.2 35 0.144538
mcs90_b09m_s40_AB04_mcs30_b03_s15_AB06 40 0.225641 15 0.209524
mcs90_r01_s20_AB01_mcs70_r01_s20_AB07 20 0.189474 20 0.194737
mcs90_m2Dr6_s10_AB06_mcs70_m2Dr6_s25_AB05 10 0.4 25 0.176667
mcs50_m2Dr2_s50_AB01_mcs70_b09_s25_AB02 50 0.077551 25 0.37
mcs90_b06m_s15_AB09_mcs70_b06m_s35_AB06 15 0.409524 35 0.17479
mcs90_b09_s30_AB00_mcs30_m3Dr4_s40_AB00 30 0.308046 40 0.121795
mcs10_r02_s25_AB05_mcs10_r02_s20_AB02 25 0.366667 20 0.357895
mcs70_m2Dr4_s40_AB04_mcs50_m3Dr4_s20_AB09 40 0.105128 20 0.221053
mcs70_b09m_s25_AB07_mcs90_r01_s30_AB00 25 0.35 30 0.193103
mcs70_m4Dr2_s25_AB09_mcs10_b03m_s50_AB03 25 0.17 50 0.0595918
mcs70_b06_s20_AB01_mcs90_r005_s20_AB03 20 0.310526 20 0.110526
mcs90_b06_s15_AB00_mcs70_r02_s35_AB00 15 0.428571 35 0.351261
mcs30_r01_s20_AB08_mcs90_m2Dr6_s30_AB08 20 0.205263 30 0.151724
mcs90_b03_s40_AB03_mcs50_m2Dr6_s40_AB07 40 0.0769231 40 0.110256
mcs70_m4D_s25_AB00_mcs90_r02_s25_AB07 25 0.153333 25 0.36
mcs50_m3Dr6_s50_AB05_mcs50_r01_s40_AB07 50 0.111837 40 0.19359
mcs90_b03m_s20_AB04_mcs70_b06_s25_AB04 20 0.147368 25 0.246667
mcs90_b03m_s25_AB05_mcs30_r02_s10_AB03 25 0.123333 10 0.422222
mcs90_m3Dr6_s10_AB02_mcs50_m4Dr6_s30_AB09 10 0.488889 30 0.163218
mcs30_m2D_s50_AB03_mcs90_b03m_s15_AB05 50 0.0693878 15 0.209524
mcs70_b06_s35_AB06_mcs70_m2Dr2_s50_AB09 35 0.17479 50 0.0759184
mcs50_m2D_s50_AB01_mcs30_m2Dr6_s50_AB01 50 0.0693878 50 0.0897959
mcs50_b09m_s50_AB06_mcs70_m3D_s35_AB09 50 0.179592 35 0.121008
mcs90_m4Dr2_s20_AB07_mcs30_m4Dr2_s50_AB07 20 0.215789 50 0.077551
mcs90_b06m_s35_AB05_mcs90_b09_s30_AB01 35 0.171429 30 0.308046
mcs50_m3D_s20_AB03_mcs50_m3Dr2_s50_AB00 20 0.184211 50 0.0955102
mcs10_b03m_s50_AB00_mcs90_m2Dr2_s50_AB00 50 0.0595918 50 0.0767347
mcs70_b09_s15_AB02_mcs50_r005_s50_AB06 15 0.628571 50 0.0946939
mcs30_b06m_s35_AB01_mcs70_b06m_s50_AB00 35 0.169748 50 0.122449
mcs70_b03m_s25_AB07_mcs70_b09m_s25_AB07 25 0.123333 25 0.36
mcs50_m2Dr6_s20_AB02_mcs70_b03m_s50_AB01 20 0.210526 50 0.0612245
mcs50_m3Dr6_s15_AB07_mcs50_m3Dr6_s20_AB08 15 0.32381 20 0.247368
mcs90_m4Dr2_s20_AB01_mcs70_b09m_s25_AB02 20 0.205263 25 0.35
mcs50_b09m_s40_AB08_mcs70_b03m_s50_AB09 40 0.221795 50 0.0612245
mcs10_r01_s20_AB02_mcs70_m4Dr6_s25_AB05 20 0.2 25 0.196667
mcs90_b03_s15_AB06_mcs50_r02_s10_AB00 15 0.209524 10 0.4
mcs90_m3Dr4_s30_AB04_mcs50_b06_s25_AB06 30 0.167816 25 0.246667
mcs70_b03m_s50_AB04_mcs50_m2D_s30_AB07 50 0.0604082 30 0.110345
mcs30_m3Dr4_s25_AB07_mcs50_b06m_s35_AB09 25 0.19 35 0.164706
mcs10_r005_s40_AB00_mcs90_b09_s15_AB02 40 0.1 15 0.609524
mcs30_r005_s40_AB02_mcs10_r01_s50_AB02 40 0.105128 50 0.193469
mcs90_r01_s10_AB09_mcs90_m2Dr6_s20_AB02 10 0.222222 20 0.194737
mcs90_m4Dr2_s20_AB08_mcs50_b03_s50_AB08 20 0.215789 50 0.0612245
mcs70_b06m_s25_AB07_mcs90_r01_s40_AB09 25 0.24 40 0.180769
mcs90_r01_s30_AB01_mcs30_b06m_s25_AB01 30 0.188506 25 0.236667
